.01469033600118676
1.8235923123465319
7.724562221307293
.043727971702148656
.20857811720432354
.15358953717818424
.34267309580635896
1.4867720801504762
.04247109509832765
.5318907876169653
.37422891560434
.0756089920189955
.2579310697875677
5.926015478597751
.002411341408949394
.11778002403734052
.06009409906618301
.10999183839042016
.034158488683400344
.09743022242122894
.11886429359265321
.20969108313164544
1.567613655845189
1.6486157948286628
.641676320427066
8.747750297216108
.08904189432040156
.0948805820605456
.9663929205762954
.8045995234613867
10
3.007447178916754
.5055919372944675
.42665513502764485
.6551078617429859
.04476648575081611
.6244498703314256
.44413854638144673
.7449999998158395
.41747147701335985
5.229935423752233
.6878019179742192
.3815676164824325
.06063866557840459
.7616541903568889
.12887234991820026
.1405890179977692
.19869854415552124
.22965890194333421
1.7570872200598298
.04824439083497904
.06619070008373723
.39332184771752315
.16856989208667233
.700247229445538
1.07815266087886
.08401801479543759
.4491020838962746
.7243448369027905
.188216473818358
.5983921189547637
2.4373803877359776
.29392233345400687
.03404644389970361
.23050057896200082
.05534345029242613
.11088450817802471
2.3076227663435813
.20540946059827178
.13945976694270057
.11577747837106972
.5828235323952567
.18104971210106893
1.0337359253902514
.523873613113744
4.222208993932029
.03039164381928768
.817434950737028
1.176752909649763
10
.4115207879920575
1.232005030270365
3.1614257823956695
.2347850477367599
.6843655843145647
8.887269254278108
.4627863512225455
.022589773774357953
.12962942219876805
5.885636145291563
.06785268278791075
.7357606566916471
2.3087894051002538
.0804077931897925
.31337646983485673
.0617042859116024
9.253088965273236
5.826851921103543
.13536795799620596
.017340693251799058
.12787708789258956
.2395857276120697
.4887953745174754
1.575583306539476
6.157215684076706
1.3332454293435014
.37852610984395335
.3828125465372549
.1621692538439459
.6652681634997266
.6232770397801538
.34875665054963245
.4076848099184213
.3295188165624399
2.6265259585503764
.19468181002317134
.1479475976264971
.8452131300775042
.3969414621245449
.17507846989503933
.8189320368726619
.5881771803247726
.3918212959879969
.8747361674454179
.5719169869360533
1.073991925236037
.4643823614083383
.232338540635838
1.348960543015101
.14815896660836417
.1950120844292226
.002185013124241586
3.229099047218725
.27351307546137016
.04047776188682978
1.7735512215528313
.013238179662842678
.3292397020978033
.09954992426443075
10
.6133633188824408
1.9825721183101923
1.5112321356698721
.06479837708093274
.194137148062698
.07885843700955095
.038015506833089324
8.892212728652492
.002467679366511809
1.2056593721858708
.7907021287744451
.44384713734634
.6721335248946295
.0010523124553890235
.0020536056084777396
.003777655640686327
.0034794602780377276
.003
5e-6
1e-6
.0040743446612483405
.004693558871650775
.0028757756958402514
.005201642093425053
.001
.018236879448413405
.00883356563535806
.009541440481005078
.010469056345569534
.02032302684862151
.0054117002994839136
.00688303823407112
.0225954216594295
.06677263705955838
.001
.00976283204633536
.0075914307131565075
.007022931866554691
.009589033794746911
.0010536052602323515
.696170458357555
1.6869205809948264
3.9348257474198425
1.1779416488635033
9.776811141361534
1.2425664192408783
1.0046164923669454
1.1101311180898654
1.052287109080754
.3201425426447124
.5851138181827611
1.3152715523198695
7.3336040851439295
2.4721592043384364
.48509216652913667
.20372079032203144
.9954443357445767
1.0558531156123234
.6033988228618994
.10405718366890934
.17165717547433318
.2630548911683407
1.5966101758562539
.14716110989312017
2.540597305127387
.14741272242077647
.08745257797152742
.22235063800895333
.046833515550797816
.07965042357510817
1.0032372328452113
.5677823840870795
.016845025756203245
.20968926537792074
.015348137369532427
.025442573291206708
1.5915276566917134
.0011032811958054931
.34722810567524404
.02052444447499535
2.8562395201849617
1.8760018856641507
.4636843809442379
.08405717601686652
.0717853527071211
.4487757506152509
.03176940902686351
.7594025902931202
.08847877963119569
2.0744870668075737
.05141792914865527
.40322923723925247
.2825330125610657
1.4084050511907673
9.696838021182069
.06888946029135146
.20573119349273944
.40486672228490217
.2798650739767043
.7753869885962478
.20421948678045304
.2343209072530627
3.496028946942762
.24216759231956667
.04951974503250136
4.845295507428887
1.5271856264581003
1.9841096889851757
.40075385964985805
.5710724544850502
1
.43535972442240783
1.0588420413327377
.010940567021878676
.6633129552144782
.27411999339761534
.25323297764907576
3.006076489309521
.644651525192486
.2671713107753896
.7913842319752832
4.081448655435498
.09641883637412188
1.2722285442545986
.37497180093994675
1.2624538635493192
6.3416612094794536
5.160623543028684
.636702277649557
1.4523440753687276
2.6833262047846222
8.254296479125335
10
3.261467069679504
3.942894427607311
1.7796172611708747
5.424098756308962
5.313862283924219
10
2.9646766040427286
3.016637315631275
9.512272377443704
.804106695613422
2.1201250046717086
10
2.196115100776329
.29580297580927867
.15891638817009762
.32359544483362424
2.1741606437122027
.13061271924420118
1.7580058157635465
.16075917854306973
.23223874897156246
2.442049227473972
.3283727556855647
.5625154334890042
.4139357705144977
.6531693540196434
.12026568840166384
.004001819621262076
2.6400633504950872
.9246749699719955
3.3763124009523855
.6063951033128626
.8043005478343556
1.9842383436192081
1.339429789960402
.22025046280212748
1.7111752516642498
.16164509825013837
.4526572992698802
3.0709361264719535
.5846320961847369
.3039898574703624
1.3925962119824076
.14606876490031317
.1598364711627934
.1176773573319305
2.920122982977412
.4866742436563831
.30861408472264734
6.971835097033538
.327165335545101
5.5531258797903496
.08002767417465693
.09324133524296496
1
7.905648033117547
.7713153334735622
10
4.121609408825917
2.5385141822225963
4.379631990913487
7.7940454961203605
.24160739046866228
1.502078565494739
1.5000193399596489
.3220011278339811
1.1577819243194698
.31568610594205876
2.8558186644481083
1.476656832430063
.8782046944236801
5.335268703996229
1.6271216418908014
.02398009944025202
2.5141673701617755
.9074991228483149
.9252130989262066
1.2869874535721666
2.12323683249524
2.6307116215043207
.14015922497631506
.59199161871741
.015497126511500215
.0660974533271548
.18061345010408802
.5352427965442992
1.2631522641986421
.2713432092015359
1.7170851863142094
3.502240862449567
1.5334535925706125
.41187402863352435
5.097422073775223
.7157426360239126
.7998554963077688
.06099920446447642
.8659670379415711
3.109584732483516
.09501092708029829
.2656830587263889
.05656450630083586
.11256051559534162
1.9407286412048967
.6528491028128149
1.1247011292732123
.062125130806638826
8.500068615722267
.03570498784032728
8.94914968116371
.2284476887988662
1.0146196580864186
2.9880221953981727
.1520410671623978
.36211592309950336
1.0554460230416227
.058561647380739996
.2979063848365437
1.2739753829775495
.37412562441049063
2.4983401380501222
.031521448322146914
8.38189005619609
.03414667844586874
4.948177829797464
4.474175876524151
1.1879885191710926
.2314746271022752
.014372312501030323
.05128075316121947
.5308311947004779
2.394918446326251
4.764606777322572
.33567593600351087
.11462066528710668
.07563819169704797
.7160364387828644
.245278909627932
10
3.9382695371884076
2.5438002405055027
.04739173912114335
.5195952966745713
.6013211860354761
.5937508074167674
3.6884991793124957
.4808329665806337
.03836584836896885
.19338592052286746
.029174824378922794
.04306548709428769
.5437461839428508
2.6859171874055834
.33668423935781006
3.2191987582762294
.4979854283866644
.049796208508339136
1.0840052993081948
.003166244307336084
.06970211432575263
.11090535986678299
.5754919557911587
.03264110517469199
1.0190433635019867
.0515158043188669
.08233831849328913
.2983246128076614
.05308755872778778
.9730468486803071
3.816687955042998
.17627561525960908
.0046094927715946
.160141624362338
.0705067363289148
.04295004931056962
.9109612785222263
.3256934871542015
1.136108377329188
.010533494537805223
3.426744126601534
2.5345148698626945
.030018493542169785
2.915243987239065
.5633937813036258
.36683444379846125
.10108036465387424
2.1101809976833805
.6049028932106132
.03606068784332489
.015953844479800514
.6172154343033346
.17073722068682795
.7604900977884872
.04273304333395613
.9012834957298593
.6854396079560174
.24781866370902952
6.433243956786665
2.27761187088117
.2841236115898313
.09724941406694099
.19766509746846175
10
.43454049739333656
.18101544602530517
.1188324732957198
.3443645142003779
.17030561033898772
.4506704965585285
.6476171443607184
1.0721654316746736
.7291736375607036
.35300407185706845
1.9854228625730657
.5044736633242869
.4195607845054814
.3176973375727119
.3475536569197359
.4506139255612135
4.189356210637887
.7151605106260867
10
.6316960949009236
.07061992911483905
.12282574018829932
1.7763605465252859
.14650928570303973
.0012987592905798007
.09912253527090054
1.070145674077777
1.8263218022868826
8.521182767799917
.06886350606351882
1.0345845867572478
.09022178012627675
1.1582884783163379
.23367754553506337
.23219389140719843
.06616082633125807
.06520176894281733
.32236524019934787
.22905485771008444
.24835192950122248
1.7009725107260174
4.557863386175957
.07100273571173385
.09989217716662807
.02253995638428958
.6266474793785374
.09171021299199156
2.0133594243257806
.4265672451924885
.06018565659202015
.22566399150595762
.24134269002311157
.19090280994121822
.11025745512694472
.4093002189113451
.5094147759965513
.1260050145186388
.2819213559129395
.03441897623615354
1.4426645449031505
.5368731780811946
.2212846738377593
1.6554757567109464
.051243825729569197
.3939504545932296
.1277115009527447
.0970002540192522
.05825676030846004
.027354231746753735
10
.029526249794775455
.4031816624594919
.20583536837338368
8.915466707194385
.1857846741218
1.7179018103457657
1.5502076102871052
5.497073710311473
.03677217624873618
.7058165957555933
.30091604359243734
.03980907973591716
1.8163919684012044
.6923367580448865
.06017239892989603
3.4854097784389246
1.1886247878848
.5815086129175482
.9255776309835418
1.306471931085885
.02003988500378083
5.791614437887183
.12151597771359897
.0967572436939349
.4822096578343429
.7153320101975945
3.7140828545424194
.06397262682018398
.10287703219010846
.0918646580029186
.9766906375680094
.11154021500036324
.17488364624725772
3.700261917445439
.33166921061762633
.32667506582285727
.5242726814767548
.7723147578270406
.022429796643820946
.3948969509478575
.3672652233977974
4.5001735022001785
.6390942764166504
.9081532216187314
.11221006389752133
2.699916199112789
1.7283166243698986
.09783539924273463
