1.0957225859195936
0.06213957630013949
2.9098982436670786
0
2.9215669923190966
1222137729627368e-20
3.004386736174858
0
3.23638800025434
0
6.426025233909976
0
8.450486872923163
0
10.777864205239581
0
24.35308945040005
13.434496278956605
8.386339487002482
4.07884484367262
3936827484093227e-43
17.17486515170885
2.214115165547571
0.019825326504287723
0
0.09427532406298676
0.0022644272200257813
0.01897037099865581
0.003817494980584771
0.1763891247190049
0.16494981767008862
0.002384808349935514
6665092918527922e-20
0.03372619721544847
0.003964026308266428
0.001229802470840959
5345123517887462e-25
0.11091638560953113
0.12311958548878121
0.07153017580899375
0.06562463339063772
0
0.08549918784173358
0
4.1640069303813405
3.659094850330079
4.4811801175024275
0
5.399054324336324
0
4.428942128308139
0.2567997152163755
28.351182772799326
34.71457601837238
13.787496368525156
41.65285215655182
44.79456488757432
1.6382521334482318
0.0023662344711411687
0.019734461248518718
0.7318431679784111
33.72348015859327
0.04907039628945161
0.49209001622019916
2.36320749967453
1.457145839608649
32.5089882848666
0
32.42557728147108
0
14.842249642972101
0.0007339854680751387
0.000737390792719647
0.30968292552891513
6.979195414678853
1.319268157428229
2.399443856333308
0
0.00036655815839084754
0.018988482983991268
0.062135518622306464
0.030193807604953382
0.011234224668524707
0.0001776876406346047
9620642652798502e-20
0.001341998542640258
1.9259146350122274
0.48563405452166636
0.0895712419336222
0.14942051406017792
0.005578120390660024
0.06988757433191133
0.007155654191058216
0.00044069280060646964
0.0616251274981492
1.3279989411084898
0.02541320493007411
12794848179260932e-22
0.0064026285169237465
0.0010262566665142862
0
0.8971493195290438
0.48270275035263976
0.048165554681668055
0
0.41139905469130555
0.004590205717031692
0.06600623538406063
0
0.00021054756814559923
0
0.19469306988737484
0.6621166032058664
0
0
0
0
0.0022164490115520554
0.43355480207626435
0.0007990450287148512
0.0017738656736713933
0.3913206022964454
0.3379756395784578
0.23693425703759022
0.5683566746224608
0.0018966216001675606
0.5623393877404427
0.0010072641209245292
0.46205099223808294
10430083254057275e-22
0.00026971240231752724
0.35204993016495206
0.02121919913577199
8701254256938857e-25
0.0722256236755193
0.07383053635741037
0.20837358465865927
0.017166087337874114
0.026126487294188358
0.15609387353582682
0.29215745586710606
0.26182112163409793
0.14658621482165501
0.23911724893405648
5830599507484026e-26
0.19452892502196514
0.19459622882540853
0.4767957308908204
0.5443244893054563
0.00024392810389014754
0.5448777234546697
0.5094696103547769
11.040009409382627
1.9865715858279234
2.859045223148201
0.1184264437040458
0.4508867743650971
3.2340791978447423
3.7224416164277105
0.7461705108055199
5.493782325605618
6.773427758606272
4.976399214063621
2.194943893971598
2.886808330843634
0.5880951451513169
30.326287095024256
619.1985834130762
5.6311330928741015
4919.072120856775
1.1152279570361587
23.218489660835125
1.1713851364192969
45.11491543822074
1.3047653678377242
1.7913869153005177
1.1152270131505848
0.9169668967862818
1.0627097510471006
62.68121333069026
0
0.0005880297033112637
50056837159786474e-25
0
0.007987022875472895
0.007414543488430537
0.007228603368332864
0.00603501228485289
0.006269861098448563
0.010505351231442804
0.008360001428745519
0.009070588487677767
0.005741484831947656
0.0068589415677652475
0.007584959665834275
0.01716962954599748
0.006503267832418066
0.008492787761997043
0.007264207470258796
0.008320514418979142
0.0071979832499744255
0.016550605426724093
0.022268607079709905
0.009276643456874947
0.00916695942241243
0.001981869250009003
0.00744235400529756
0.016722717510593326
0.07280559607705613
0.039676851762925125
0.11390778802453468
9119868463629666e-20
0.009938996027317971
0.22272940063552965
544737649198715e-20
0.073757490993881
0.011192595384949218
0.0020456446225218692
5556882031635391e-21
12044232436702654e-22
0.10203493227837952
0.08881075343337402
0.004061523884315373
0.030739557319306263
0.019632502787085677
0.005844293756178757
0.012104262992066888
0.0004828672253460976
0.31586405241317933
15699130002911065e-25
0.06665418433055892
0.0004030317744050672
0.009627363394088956
0.011242155291356574
0.00015705993320152482
0.00017087296174144486
0.3331247456764544
0.0005199765774430234
0.05861299536465973
0.23851032051614893
12609148291640203e-22
25861654707471536e-22
0.0001447248352587909
11840294525840714e-21
0.0005944597348521885
15325594061946638e-21
14120534615467903e-23
10044040076226583e-22
190769610556487e-19
0.07659026230126448
0.07719559298234989
4343793879186453e-20
0.0002937146376401667
0.017508246162420617
0.00815992993527262
0.08982641135490689
0.010566732411681207
27828810598251233e-21
0.13304651358519923
0.03846868286054318
8240521229624223e-22
0.2498359317747211
45711195676570275e-23
0.003473638581164025
0.0010109550068075777
22994565953046696e-28
0.3040992416768964
0.33208736819874957
0.017812482154933258
0.25248999561987956
0.33429796084808505
0.008737975729911156
0.1922412076933056
20535640175166312e-26
5764789397339107e-21
0.0005096735316623593
9120614802308994e-20
0.13109357545183895
8473124454955964e-22
0.00012876848256664097
0.16644891286482127
0.0009384999618573432
0.011852345559361552
12228956457228047e-21
0.13801792964663698
0.09686509161802144
0.02284950992838026
27447859783607997e-21
0.00015344834820481056
12006679512526043e-23
0.013795915923394953
0.1567327996647952
8326801828021028e-24
10255031358652279e-21
9138845130008925e-21
9650186684851098e-20
12087127126266904e-21
0.30003505176272316
0.16218073700749772
0.0045466478913642645
0.001470473845358286
0.04185083396679906
0.005469049833359413
6637407139554209e-20
0.028356192529637357
832365739928722e-19
0.000743299380913995
0.08107798220338516
1100100183297431e-21
0.33557007554894874
0.33429796084808505
0.0018280505666951323
0.0004889575652082636
756307509885352e-23
0.001019162955951254
10739431032428285e-24
0.010106540406757299
0.029485478460779407
0.0009038877579216042
0.0003411860595467748
0.00015049880911496133
26725990426135146e-22
0.00612304007175984
0.015297254197857388
0.0226890424107774
1106941501168699e-23
0.3346141888710707
0.07080561151936478
0
0
8177900192802106e-20
6712844608811454e-20
1033638156553124e-21
7552912127084798e-22
0.0001770129818247319
0.010253768685555059
0.0053900801289975195
15204233661541817e-24
0.00018227463224401328
7328728793686117e-21
0.05186694987849914
0.013010634780371988
0.10057870523268098
3845635773647551e-22
0.059448789874178454
0.007688361225262744
0.00012246408535846723
0.14746167051841802
0.0003027196218235956
1652310701176756e-28
8602220780164346e-20
37936281756140313e-22
0.00012471550402652973
0.017931181747487108
0.0034912321418131688
0.0001549876406911505
0.00014114648738627794
3818611337390165e-24
0.0006049043384558585
0.022269275076008805
133473073138909e-22
0.0018058365788940788
0.0018510420692539327
441873299241321e-19
0.11061954253886626
45838107824358366e-21
0.305727865016327
0.004745262973161132
0.18054380644861523
0.003097198839521636
0.0006735861449026655
0.0005692833398794094
4737235460280733e-20
0.3259282097104773
11919739978450103e-21
2253021845895333e-20
0.008300790654629372
0.00639407368872349
21999713421550143e-24
8737495183200225e-20
0.003055503871183819
0.1325050742914003
0.030253804807612892
0.00010011259814133691
0.023380567453859465
0
0
0.11278402372589118
0
0.31448551603875746
0.2969823650090292
0.30727653419810863
0.0516280340493624
0.029713954580060774
0.33501732290664676
0.3076536056071442
0.3349264477595217
0.2984430966785316
0.2277155219308972
0.000795378140998797
0.016110028939041867
0.1425200393321764
0.272050525976367
0.13664740780119458
0.00030702033204572964
0.02701607912138792
0.2633805331274293
0.11438252910413238
0.1645800449102648
