1.0980119204511263
0.04266695162856043
2.497867593137234
0
2.5079703532237025
10497048069226843e-21
2.5794217501173553
0
2.779079242279672
0
5.534343566552064
0
8.428517552350822
0
10.59901901590145
0
24.338626289630245
13.669273931392775
7.955070770999935
4.101872983426411
871964392920988e-43
17.18856305499561
2.2131930737177736
0.01711734341823601
0
0.08952767248649547
0.002187574285428985
0.018514090486948295
0.0038173992381896706
0.17207301238504233
0.16098451734299404
0.002093365860451744
53423009075253807e-21
0.032887558831018585
0.0034795721379926874
0.0010648326421018603
4264531911574829e-25
0.10614337164732149
0.11849297898357174
0.07221741363490654
0.06714976469463121
0
0.08536967423605023
0
4.138601730278281
3.679473036917513
4.482145719314581
0
5.405421730549063
0
4.4299686615607055
0.23461200546952501
28.130492901183317
34.39897950423305
13.287186642634843
41.53317380079847
43.94134108560575
1.6355754608252102
0.0020785214904694596
0.019934464955485426
0.6447174279740613
33.72783579173943
0.04871865014854872
0.49185459691391903
2.3623717113548395
1.4702905167644404
32.547584540420516
0
32.4826607658701
0
14.845489792361013
0.0006400348702450507
0.0006423635442282577
0.267887469387208
6.979951843914738
1.3190685937172364
2.398283361819685
0
0.00036640345941475576
0.019103025798742776
0.06209979267357096
0.030172954822401524
0.011281210883509673
0.0001760767469917137
9543425255454913e-20
0.0013487912588117828
1.9260684541024187
0.48559993508714694
0.08744177194025538
0.1484910020341278
0.005565033997305912
0.06989801281446271
0.007195920109518171
0.0004131180542223202
0.061107436344759826
1.3075423320932849
0.02529958652695405
11732358457274623e-22
0.00601002644678353
0.001017345336325361
0
0.8962773428698125
0.4822609601724292
0.04831495560093721
0
0.41091610361325465
0.0055457578755609025
0.06596263410341563
0
0.00020979021217077298
0
0.1946559640491322
0.661455044351845
0
0
0
0
0.0019653051248549216
0.4336340509863766
0.0007506870031297605
0.0017259488145897047
0.3911802904882049
0.3372799824186366
0.23667356257993374
0.568271856672417
0.001654605622337131
0.5703465392245767
0.0010092025550801423
0.46297891873874536
1042923101712024e-21
0.00023498901318538086
0.35357832655373966
0.02069736270207699
8258116317342653e-25
0.08358373858487103
0.07334086720546806
0.2082789548338886
0.017179612921044234
0.026161589118442716
0.15515725128077631
0.2908661876287957
0.26171872936583085
0.14674119105848674
0.23891735522937324
55310265319089954e-27
0.19406317170600296
0.19413249070678523
0.47662189850980224
0.5442431357025158
0.00024350295132562146
0.544496519099989
0.5100358197305189
11.038892738190558
1.9867892460263454
2.8596386182417017
0.11845421103093319
0.4508468473913826
3.2346637133523557
3.7236596292844406
0.7463228420328649
5.490334957529319
6.7681014633477625
4.967978277659534
2.195066300976911
2.8838536713232634
0.5884933575412024
30.319180578746415
619.1977759206154
5.631132482139476
4911.10534188258
1.1152279266031173
23.2184884632143
1.1713626711951322
45.11425036706745
1.3047746207272524
1.7913865633438137
1.1152269827108703
0.9166544219212297
1.062633580832613
62.989815261468465
0
0.0005883465214535696
5015514720570054e-24
0
0.007977102245765555
0.007396832734493666
0.007207745572552267
0.006009736126645875
0.006250680836419053
0.010484745420901888
0.008327847694726142
0.009058169889731536
0.005717518363927865
0.006839290076917543
0.007567403294957104
0.01713848234437672
0.006485383135297092
0.008474994025706784
0.0072434590147132695
0.008303747422549544
0.007192285338888891
0.0165142296925747
0.02221234562929154
0.009257240177617506
0.009146075266440503
0.00198186023837739
0.007442226156401895
0.016722065248363876
0.07279235890284452
0.0396730801874996
0.11387348270479487
911986655935423e-19
0.009938767377270409
0.22256919720690482
5447376424053236e-21
0.07374388847175563
0.011192305010792797
0.0020456350209074954
5556881960942745e-21
12044232403492712e-22
0.10200787551049258
0.08879063033924389
0.004061485950488711
0.030737317382539403
0.01963160079904305
0.005844215057128036
0.012103923039891771
0.00048286669128077707
0.3154089668872817
1569913000285464e-24
0.06664317767096636
0.00040303140237374493
0.009627148932461752
0.011241862323706402
0.00015705987671891565
0.00017087289488593638
0.33251277280341146
0.0005199759581101348
0.05860457086200085
0.23831929206374172
12609148255241874e-22
2586165455435465e-21
0.000144724787300445
11840294204888858e-21
0.0005944589253147876
15325593524232844e-21
14120534610903218e-23
1004404005313112e-21
19076960222472764e-21
0.07657554006035291
0.07718062512719025
43437934472017905e-21
0.0002937144400796705
0.017507530543437608
0.008159776121135958
0.08980579669232534
0.010566473785214414
27828808825238815e-21
0.13299832588251886
0.038465142608005994
8240521214078207e-22
0.24961979072608484
45711195628734285e-23
0.003473610852043188
0.0010109526644455228
22994565953046583e-28
0.30370655147892966
0.3314917093479177
0.017811741192950346
0.2522675576690775
0.33353351635096107
0.008737799237903965
0.1921294954265619
20535640175156655e-26
5764789321257635e-21
0.0005096729366365025
912061289772185e-19
0.13104693520398356
8473124438519935e-22
0.0001287684446010962
0.1663691503531588
0.0009384979433777126
0.011852019702598627
1222895611485949e-20
0.137965662320414
0.09684088456959279
0.022848283597597985
27447858058805862e-21
0.00015344829429017777
12006679509225728e-23
0.013795473467550314
0.15666327107869854
8326801827862297e-24
1025503111789018e-20
9138844938805247e-21
9650184552657832e-20
12087126791793813e-21
0.299660673010191
0.16210558299761002
0.004546600328928424
0.0014704688871585874
0.04184662677057416
0.005468980944569032
6637406130910627e-20
0.028354291782965533
8323655813016807e-20
0.0007432981150401378
0.08106138538552533
11001001805268277e-22
0.3348918062693383
0.33353351635096107
0.0018280429009140352
0.0004889570175821378
7563075098722574e-24
0.0010191605753780595
1073943103216425e-23
0.010106303938563268
0.029483420589340694
0.0009038858856520529
0.00034118579295050705
0.0001504987572532385
2672599026261241e-21
0.006122953659792266
0.015296709277396674
0.02268783346765448
1106941501140647e-23
0.3338570098417488
0.07079312423007143
0
0
8177898661602708e-20
6712843577109247e-20
10336381541071783e-22
7552912114024939e-22
0.00017701291007774653
0.010253525237492534
0.005390013221120774
15204233661012587e-24
0.00018227455616788793
73287286707243655e-22
0.05186040832483268
0.01301024160963034
0.10055246957036348
3845635770261872e-22
0.0594401142640344
0.007688224747211507
0.0001224640510196787
0.14740108004860056
0.0003027194119613312
1652310701176756e-28
8602219085938415e-20
37936281426666744e-22
0.00012471546841345707
0.01793043077572932
0.003491204130548114
0.00015498758568932775
0.00014114644177034983
3818611337356784e-24
0.0006049035002119588
0.022268111015001264
13347307313483053e-24
0.0018058290984687283
0.0018510342092356545
4418732545394414e-20
0.11058734522033191
4583810301392266e-20
0.305327444462168
0.0047452111531619086
0.1804474965504196
0.003097176803927245
0.0006735851054230221
0.000569282597481062
4737234946495377e-20
0.32540034633616155
11919739653176745e-21
22530217296833863e-21
0.008300631459231544
0.006393979429121735
21999713420442124e-24
8737493435267563e-20
0.003055482425874466
0.13245731869469135
0.03025163634001411
0.00010011257519389285
0.023379282670341762
0
0
0.11275044763655005
0
0.3140386661541053
0.2966209227585314
0.3068685313241244
0.05162155453714015
0.02971186413381865
0.3342711820823643
0.3072437204777315
0.33417758467461345
0.29807554552521626
0.227546056483328
0.0007953766914428237
0.016109424017583605
0.1424638996149319
0.271775920146277
0.13659628549347705
0.0003070201161771022
0.02701435648149185
0.26313039980837677
0.11434791294788903
0.16450232243623847
