1.0982391114862857
0.04110352872773936
2.4601656310860314
0
2.4701248695010443
10339291187225848e-21
2.5405289238384303
0
2.737213676565758
0
5.452678187829272
0
8.426894173815066
0
10.581702857291706
0
24.33748333364631
13.692515252626166
7.913178429847117
4.103830385346541
7504443399822704e-44
17.18998149836409
2.213095499809164
0.016868410429770362
0
0.08906376026477542
0.0021798342536631316
0.01846930406271835
0.0038173897393997376
0.17164959714284092
0.16059529593517943
0.002066335608377443
5227348243161395e-20
0.032805324368636146
0.003434643590690243
0.0010496159292103905
4171114159320571e-25
0.10567137890598914
0.11803115409581368
0.07227927186868575
0.06728871635662265
0
0.08535558678905218
0
4.136123434693577
3.6814729403249826
4.48220793710894
0
5.406039727683255
0
4.430049517503876
0.23271687744614936
28.10781874436146
34.36659808204176
13.237110920402486
41.52449204536144
43.86375767841038
1.6353050528345419
0.0020554170126295865
0.01995272322894425
0.6376952178857561
33.72816474053741
0.048684059244307284
0.4917961924501524
2.3622766188024067
1.4715590788148085
32.550902974754656
0
32.48741559373328
0
14.845814793240988
0.0006324315786697024
0.000634675795109277
0.2645190404494663
6.9800125881912125
1.3190498592890136
2.3981682280495065
0
0.00036638259061268333
0.019112964817568186
0.06209601953831959
0.030170840979757335
0.01128568920021937
0.00017592049654146366
9535919238784164e-20
0.0013494467372481272
1.9260788925078265
0.4855958401231023
0.08723232865593265
0.14840025744326743
0.0055636832760842725
0.06989726142432998
0.007199590315511976
0.0004104459181351699
0.06105686661772865
1.305555211646503
0.025288353779825214
11630841655593714e-22
0.00597193354896002
0.0010164788473194684
0
0.8961902592172237
0.48221551839723054
0.04832903163579309
0
0.41086707557993657
0.005640745328475817
0.06595824921938985
0
0.00020973276224169678
0
0.1946522822040631
0.6613894205448652
0
0
0
0
0.0019417599653923083
0.4336416840935151
0.0007459932223914269
0.0017211937039648003
0.3911663644172149
0.3372106139997499
0.23664798868153142
0.5682610855687157
0.0016351054247242976
0.5711193420698789
0.0010094026398295246
0.4630744054490649
10429146592891564e-22
0.00023219123271081397
0.3537219056425916
0.020646130874495728
8215367887608071e-25
0.08466034765502164
0.07329274292281385
0.20826955349785267
0.017180878569982835
0.026164995591866327
0.15506441048122438
0.2907382448134028
0.26170857791287416
0.1467562420539899
0.23889686581754713
5502124935521753e-26
0.19401626402316446
0.19408575834524808
0.4766046359839656
0.5442350549052992
0.00024346503918688472
0.5444675690494511
0.5100910063157231
11.038749349320907
1.9868103930546308
2.859695892059423
0.11845687475376843
0.45084171666557654
3.2347204792632653
3.7237771853770028
0.7463375463194525
5.4899840692373525
6.767556397223016
4.967133561749642
2.195077993467259
2.883559096993281
0.5885316974682747
30.318450494067363
619.1976957860112
5.6311324215308485
4910.315431625108
1.1152279235829758
23.21848834436373
1.1713604417945516
45.11418436667413
1.3047755354761095
1.7913865284145434
1.115226979690067
0.9166234140071614
1.0626260220816885
63.01851436396061
0
0.0005883757436501879
5016490619890398e-24
0
0.007976100576709262
0.007395053957133331
0.0072056565486450265
0.006007215500349176
0.0062487562766562026
0.01048268308554835
0.008324637983721376
0.009056910502821985
0.005715128268195987
0.006837320986122653
0.00756563969424059
0.017135341364600574
0.006483590756653726
0.00847320454434263
0.007241381220806519
0.00830205965589872
0.007191678935778979
0.016510575236988196
0.022206698733402967
0.00925528864642765
0.009143977074268075
0.0019818593440752382
0.007442213468938221
0.016722000519966945
0.07279104539154684
0.03967270592006745
0.11387007884625833
9119866370376056e-20
0.009938744686578663
0.22255330508168283
5447376417311549e-21
0.07374253870929139
0.011192276194792518
0.0020456340680563277
5556881953927284e-21
12044232400196993e-22
0.10200519081803931
0.08878863359427845
0.004061482185996897
0.03073709510258677
0.019631511289004398
0.005844207247178803
0.012103889303933444
0.0004828666382807556
0.3153638404795211
15699130002849043e-25
0.06664208548134215
0.00040303136545378533
0.00962712764978687
0.011241833250336189
0.0001570598711136449
0.00017087288825127085
0.3324521026438838
0.000519975896648262
0.05860373488969176
0.2383003429578484
12609148251629744e-22
25861654539159504e-22
0.0001447247825411125
1184029417303795e-20
0.0005944588449772486
1532559347087072e-20
14120534610450222e-23
10044040050839152e-22
19076960139789304e-21
0.07657407919575762
0.07717913989205018
4343793404332112e-20
0.0002937144204739919
0.017507459527794034
0.008159760856948743
0.08980375117399725
0.010566448119754223
27828808649287023e-21
0.13299354474007768
0.03846479129501817
8240521212535437e-22
0.24959835132848313
4571119562398709e-22
0.003473608100247878
0.0010109524319923907
22994565953046575e-28
0.30366760900582523
0.3314326551272389
0.017811667662381184
0.25224549386340384
0.33345774913326304
0.008737781723226175
0.19211841276576183
20535640175155698e-26
5764789313707394e-21
0.0005096728775868303
9120612708712742e-20
0.1310423075823735
8473124436888842e-22
0.00012876844083343803
0.16636123689451346
0.000938497743066256
0.011851987365421346
12228956080883212e-21
0.13796047644831702
0.09683848261877655
0.02284816190147301
27447857887638407e-21
0.00015344828893975007
12006679508898207e-23
0.013795429559494048
0.15665637282101535
8326801827846544e-24
10255031093997214e-21
9138844919830406e-21
9650184341061347e-20
12087126758601072e-21
0.2996235455647606
0.1620981266963252
0.004546595608911862
0.001470468395113227
0.04184620927612831
0.005468974108168747
6637406030813958e-20
0.028354103161910692
8323655655597096e-20
0.0007432979894163292
0.08105973852093509
1100100180251876e-21
0.33482457039566743
0.33345774913326304
0.001828042140172123
0.0004889569632363583
7563075098709579e-24
0.0010191603391329033
10739431032138046e-24
0.010106280472022153
0.02948321637628166
0.0009038856998502982
0.00034118576649379864
0.00015049875210653926
26725990246384594e-22
0.00612294508443038
0.015296655201149641
0.022687713496985246
11069415011378632e-24
0.33378196174692215
0.07079188512537353
0
0
8177898509648183e-20
6712843474724267e-20
10336381538644456e-22
7552912112728893e-22
0.0001770129029576564
0.01025350107829045
0.005390006581302146
15204233660960065e-24
0.00018227454861817884
7328728658521777e-21
0.05185975919326017
0.013010202592447425
0.10054986634545549
3845635769925881e-22
0.05943925337510662
0.007688211203412297
0.0001224640476119357
0.14739506847525594
0.0003027193911348394
1652310701176756e-28
860221891780532e-19
37936281393970146e-22
0.00012471546487925558
0.017930356251835436
0.0034912013507533077
0.00015498758023100857
0.00014114643724347621
3818611337353471e-24
0.0006049034170256218
0.022267995498189048
13347307313442577e-24
0.001805828356121253
0.0018510334292179262
4418732501032764e-20
0.11058415050513316
4583810253654035e-20
0.30528773578403556
0.004745206010633177
0.1804379416649699
0.003097174617147701
0.0006735850022662956
0.0005692825238063212
4737234895507887e-20
0.3253480084094704
11919739620896977e-21
22530217181506414e-21
0.00830061566102229
0.0063939700749785595
21999713420332165e-24
8737493261804671e-20
0.0030554802976738163
0.13245258042079291
0.03025142115215784
0.00010011257291661409
0.02337915517369265
0
0
0.1127471161277077
0
0.3139943559100729
0.2965850776301838
0.3068280711293615
0.051620911561846915
0.02971165668825986
0.3341972265898607
0.30720307372686534
0.33410335971603533
0.2980390948529108
0.22752924579948297
0.0007953765475906309
0.01610936398708389
0.14245832957759338
0.2717486836896901
0.13659121321532358
0.0003070200947545458
0.02701418553459886
0.2631055898142057
0.11434447825015837
0.16449461134586243
