1.0993810666132144
0.0340696983316103
2.278786358324012
0
2.2880550247033313
9580374603953983e-21
2.353404496378694
0
2.535759634310318
0
5.059610976559546
0
8.420079440235517
0
10.495861689927526
0
24.332546496334736
13.809131892049539
7.705063862646434
4.112921975604244
35250849962376404e-45
17.19730159283648
2.212590680965122
0.01566801088588067
0
0.08675287843414414
0.002140674690242256
0.0182455464770409
0.003817342003085582
0.1695347589231853
0.15865069092383083
0.0019353696888982656
4688566268841325e-20
0.03239468536552285
0.003216963641164964
0.000976106689041548
37343964761442786e-26
0.10330557237760225
0.11570485520526877
0.07257621217880772
0.06795575857530199
0
0.08528143825690268
0
4.123790686665769
3.691430245275518
4.482450428444191
0
5.409107103644579
0
4.4304138564291735
0.2238525766682323
27.991827654165107
34.201077297402
12.984406171887874
41.488556274572375
43.48200851546437
1.6339379461911645
0.0019501833160354802
0.020036730826964406
0.605656359541195
33.729553919976304
0.04851094115920653
0.49140433084879137
2.3617738523662695
1.4778387425247121
32.56655480895868
0
32.509384558022674
0
14.847457530635602
0.0005976952495808527
0.0005996272819379677
0.24915465889975033
6.98028924368061
1.3189583447018622
2.397589607133945
0
0.0003662671978483162
0.01915971334388462
0.062076496682955
0.03016010185320041
0.011307822872658767
0.00017514495122027742
9498619147226564e-20
0.001352691799220656
1.9261197209654233
0.48557336937647566
0.08618500684670308
0.14794823122455364
0.005556826056468454
0.06988880929144851
0.007217169266350563
0.0003971925982626336
0.06080492038338692
1.2956902793319192
0.02523203948470803
11131148246267861e-22
0.00578288152781818
0.0010121719145931992
0
0.8957511053717622
0.48198302605269905
0.04839828779947877
0
0.41061771113856255
0.006117793527276461
0.06593614691726636
0
0.00020948669256572584
0
0.1946337771583721
0.6610596443986354
0
0
0
0
0.0018270397006717413
0.43367941878863014
0.0007226926936340095
0.0016973003392615471
0.39109636148401616
0.33686118669402165
0.23652027018975402
0.5682022329515484
0.0015461665040862945
0.5749448677906663
0.001010428700842759
0.4635633198004808
10428722670614574e-22
0.00021943030726769385
0.3544221512994229
0.02039015332924105
8003768945035668e-25
0.08993303403233263
0.0730520787441476
0.2082222705050364
0.017187051984757867
0.02618192837275374
0.15459805116325073
0.2900957050354713
0.2616575814287207
0.146831104116521
0.2387923204493606
53590632779629627e-27
0.19377883827297943
0.19384915199198652
0.4765178384542244
0.5441944173814374
0.00024328259373430593
0.5443393370888778
0.5103659946524802
11.03795034984452
1.9869154324211178
2.8599793046771156
0.11847001263221432
0.4508131197134994
3.2350023741410183
3.724358879019815
0.7464103278973173
5.488201186875331
6.764779320405765
4.962867132183462
2.195135504034884
2.8820778875156994
0.588721604776014
30.31472785111902
619.1972929968503
5.631132116887091
4906.346943218569
1.115227908402509
23.21848774697215
1.1713492359790543
45.113852623147224
1.3047801237714185
1.7913863528416953
1.1152269645062707
0.9164675603577017
1.06258802951862
63.1578530451548
0
0.0005885169631703942
5021396605971576e-24
0
0.007971018558062384
0.00738606506195227
0.007195113646638341
0.005994520248115572
0.006239033708655085
0.010472278776123937
0.008308464331591358
0.009050518371320263
0.005703090338862704
0.006827381054820789
0.007556726832058603
0.017119439670635263
0.006474542284237379
0.00846415629702908
0.007230895733163485
0.008293521902924794
0.00718852944350084
0.01649210614320899
0.022178170988334446
0.009245420506421149
0.009133372713227068
0.0019818548489527166
0.007442149696880693
0.01672167517234685
0.07278444350514349
0.03967082475224895
0.11385297120108355
911986542049447e-19
0.00993863063465975
0.22247344194079638
5447376383425072e-21
0.07373575462488464
0.011192131354905021
0.0020456292786431005
555688191866471e-20
12044232383631362e-22
0.10199169752508988
0.08877859781692563
0.004061463264173158
0.03073597785691602
0.01963106138109685
0.005844167991335593
0.012103719734623626
0.0004828663718810442
0.31513711445149883
15699130002820898e-25
0.06663659596037438
0.0004030311798790092
0.009627020675064971
0.011241687116817198
0.000157059842939263
0.00017087285490273037
0.332147317209701
0.000519975587715844
0.058599533131326785
0.23820511981317383
12609148233473703e-22
25861654462782445e-22
0.0001447247586187618
11840294012942253e-21
0.0005944584411680612
15325593202650846e-21
14120534608173284e-23
1004404003931878e-21
19076959724188404e-21
0.0765667367144926
0.07717167492523246
4343793188851564e-20
0.0002937143219278469
0.01750710257846712
0.008159684133328982
0.08979347026732284
0.010566319115591178
27828807764881315e-21
0.13296951536440482
0.03846302550075303
8240521204780845e-22
0.24949061602723488
4571119560012577e-22
0.003473594268631419
0.0010109512635886207
2299456595304651e-27
0.3034719438121391
0.3311359837430944
0.017811298072243575
0.25213462136954784
0.33307717268899484
0.008737693687818963
0.1920627164582897
20535640175150877e-26
5764789275756792e-21
0.0005096725807791139
9120611758675673e-20
0.1310190497370624
8473124428690298e-22
0.00012876842189564757
0.1663214663131346
0.0009384967362195398
0.01185182482686972
1222895591010454e-20
0.13793441308483756
0.09682641033318957
0.022847550216758487
2744785702728073e-20
0.0001534482620463135
12006679507251956e-23
0.013795208861749248
0.15662170395475164
8326801827767367e-24
10255030973901394e-21
9138844824455086e-21
9650183277490888e-20
12087126591760769e-21
0.29943699748717756
0.16206065346844964
0.004546571884251039
0.0014704659218943564
0.041844110841256665
0.0054689397457523565
6637405527687157e-20
0.028353155094294626
832365486434125e-19
0.0007432973579799742
0.08105146121220941
11001001788698565e-22
0.3344868197699354
0.33307717268899484
0.0018280383163767136
0.0004889566900723191
7563075098644261e-24
0.0010191591516688873
10739431032006339e-24
0.010106162520407438
0.0294821899392897
0.0009038847659352126
0.0003411856335115854
0.00015049872623712515
26725990164816944e-22
0.006122901981333736
0.015296383394695183
0.022687110484908526
11069415011238709e-24
0.33340499473822105
0.07078565720649806
0
0
8177897745862592e-20
671284296009547e-19
10336381526443706e-22
7552912106214434e-22
0.00017701286716917356
0.010253379645115093
0.00538997320698007
15204233660696085e-24
0.00018227451067025577
7328728597186571e-21
0.05185649651535936
0.013010006477889418
0.10053678249233529
38456357682370513e-23
0.05943492638385238
0.007688143127095649
0.00012246403048322616
0.1473648555603376
0.0003027192864523893
1652310701176756e-28
8602218072699618e-20
3793628122962368e-21
0.0001247154471149138
0.017929981668935
0.003491187378400426
0.00015498755279526522
0.00014114641448955892
3818611337336819e-24
0.0006049029988972181
0.022267414872488303
13347307313239132e-24
0.0018058246247836377
0.0018510295085345566
4418732278052961e-20
0.11056809395676545
4583810013702156e-20
0.30508822191747603
0.00474518016226346
0.18038992256233777
0.003097163625522096
0.0006735844837586083
0.0005692821534870651
47372346392239057e-21
0.3250850640391051
1191973945864565e-20
22530216601823452e-21
0.008300536253212112
0.00639392305743378
21999713419779473e-24
873749238990924e-19
0.0030554696004887784
0.13242876648393415
0.03025033955310359
0.00010011256147007976
0.023378514333883188
0
0
0.11273037209160033
0
0.313771729162082
0.296404970940072
0.3066247824127698
0.051617679826160966
0.0297106140039147
0.3338257437580977
0.3069988479500017
0.3337305243157454
0.29785594635486146
0.22744476723033755
0.000795375824531029
0.01610906225261122
0.14243033558842355
0.27161182344664475
0.13656572072189616
0.0003070199870760325
0.02701332630193361
0.2629809200546478
0.11432721561611085
0.16445585772383087
