1.1008185530431376
0.026898145730956613
2.0687181398778165
0
2.0771875265416404
8701442701957055e-21
2.136650933140562
0
2.3023555611667548
0
4.603967992232306
0
8.414398845402944
0
10.390661099072592
0
24.32826073005165
13.955371657336473
7.448867650867721
4.122835497666977
13581407026868342e-45
17.206989288499948
2.2119247490890093
0.014271701828234064
0
0.08389537239495716
0.002090871727069221
0.01796710799128567
0.0038172819354647665
0.16690440196829198
0.15623083742062793
0.0017816457943876395
40940185374483936e-21
0.031884177343801993
0.002961469050534868
0.0008903174558145412
3254760071195696e-25
0.10034667604302819
0.11276888744662578
0.07292215572727762
0.06872574903098258
0
0.08518026995173482
0
4.108567353355054
3.703685521503515
4.48261693792704
0
5.4128750240861745
0
4.430786680942205
0.2141421261770504
27.841175791404872
33.986417697991634
12.664199504098102
41.45989080340536
43.041315700439846
1.6322029755100629
0.001840106046345735
0.020135275572335628
0.5720381025493676
33.730708221096734
0.04829461607091967
0.4906701162162851
2.3610899929244162
1.4855172883646122
32.58435029110351
0
32.5332843989607
0
14.849547315795572
0.0005611376656744105
0.0005627138751820642
0.23301877429991305
6.9805790392890605
1.3188490209952648
2.3968614522202776
0
0.0003661036514997264
0.019212076721476474
0.062050706973453267
0.03014632569740232
0.011334976988473126
0.0001741919750246027
94526822337495e-18
0.0013566613058605065
1.926146064820921
0.4855406998162586
0.08487982541456517
0.14738890273070085
0.0055481344706388115
0.06986747062671418
0.0072372796901062015
0.0003809339614368052
0.06049312437303525
1.2835704548101845
0.025161545001293185
1052688482333906e-21
0.0055506966316935845
0.0010068641810254111
0
0.8951950186491243
0.4816811942169948
0.04848271597670311
0
0.4102970145226777
0.006716047678837043
0.06590824872451173
0
0.00020926883128081394
0
0.19461048657590557
0.6606447004727519
0
0
0
0
0.001690982746197387
0.43372542406906184
0.0006940620869436792
0.001667255374489906
0.39100823045409255
0.3364197962484285
0.23636147885107145
0.5681185479446903
0.001452837802200298
0.5796223315673718
0.001011767227520454
0.4641994019966696
10428190083909721e-22
0.00020603663010069592
0.35525406210729427
0.020071595393459905
7745015811456675e-25
0.0962439664179657
0.07275194287213307
0.20816268507678315
0.01719441154259953
0.02620282827488808
0.15401170397750205
0.2892881955432947
0.26159345925977845
0.1469236429559728
0.23865739624776056
51841210044123164e-27
0.1934764363473713
0.193547645556719
0.4764085143036896
0.5441432153412052
0.00024306762701352738
0.5442096126316787
0.5107070098892788
11.036776629784956
1.9870446629040912
2.860325394802823
0.11848595691237811
0.45077109680925714
3.235349027594377
3.7250691639799447
0.7464992780238431
5.485919249521396
6.761207595357352
4.957454605496752
2.1952048865544134
2.880217035052342
0.5889546892533978
30.309939550060545
619.1967859685844
5.631131733403336
4901.355992684406
1.1152278892934262
23.21848699497914
1.1713351303164978
45.113435029805345
1.3047858766807647
1.7913861318220377
1.1152269453929977
0.9162713841929472
1.0625402066299343
63.32217305788976
0
0.0005886819730091939
50275738432726205e-25
0
0.00796450912837836
0.007374652023430042
0.007181756916217794
0.005978491781660648
0.0062266933890981185
0.01045910676880786
0.008288027358706042
0.009042344325428116
0.005687891702337663
0.00681478291928648
0.007545409142421511
0.017099189710169528
0.006463073099289384
0.008452657336993446
0.0072176134561385006
0.008282663293968902
0.007184341684793898
0.01646865444864779
0.022141966815391375
0.0092328783475691
0.00911990628899484
0.0019818491905332913
0.007442069421764826
0.01672126563566621
0.07277613394042776
0.039668456876022225
0.11383143985145205
9119864224789232e-20
0.00993848706863246
0.222372951428891
5447376340768974e-21
0.07372721574642395
0.011191949033967152
0.002045623249773704
5556881874276388e-21
12044232362778646e-22
0.10197471478442459
0.08876596645178947
0.004061439445617509
0.030734571532339293
0.01963049505431479
0.0058441185766847994
0.012103506285146223
0.0004828660365388557
0.314851944775399
15699130002785466e-25
0.06662968642637355
0.0004030309462786887
0.009626886017601085
0.011241503167499426
0.00015705980747352313
0.00017087281292379206
0.33176405230470896
0.0005199751988337853
0.05859424441077744
0.23808530756970833
12609148210618986e-22
2586165436663945e-21
0.00014472472850545235
11840293811414727e-21
0.0005944579328558096
1532559286501725e-20
14120534605307086e-23
10044040024817006e-22
19076959201032436e-21
0.07655749504297704
0.07716227909518202
4343792917605928e-20
0.00029371419787858335
0.01750665326309006
0.008159587555111099
0.08978053039544291
0.010566156728144928
27828806651596632e-21
0.1329392734992798
0.038460802844510755
8240521195019412e-22
0.24935506556943934
4571119557008928e-22
0.0034735768575518775
0.001010949792810713
22994565953046426e-28
0.30322582083957667
0.33076291304714195
0.01781083284524433
0.2519951250034157
0.33259872273818064
0.008737582870624634
0.19199262922727695
2053564017514481e-25
5764789227984796e-21
0.0005096722071595432
9120610562774713e-20
0.13098977876594572
8473124418370019e-22
0.00012876839805687172
0.16627141685456887
0.000938495468808322
0.011851620227461276
12228955695129345e-21
0.13790161167547843
0.09681121595032771
0.022846780254901174
27447855944267565e-21
0.0001534482281930197
12006679505179663e-23
0.01379493105373935
0.1565780738962922
83268018276677e-22
1025503082272548e-20
9138844704397193e-21
9650181938674787e-20
12087126381743188e-21
0.2992023369728902
0.16201349470416862
0.004546542019962855
0.001470462808626832
0.04184146949332332
0.005468896490850674
6637404894354136e-20
0.02835196171739599
8323653868313125e-20
0.0007432965631323488
0.08104104298606224
11001001771301783e-22
0.3340621455860001
0.33259872273818064
0.001828033503016804
0.0004889563462152425
756307509856204e-23
0.0010191576568981018
10739431031840547e-24
0.010106014045562325
0.029480897917214997
0.0009038835903297408
0.0003411854661144273
0.0001504986936728644
26725990062140055e-22
0.00612284772383934
0.01529604125318751
0.022686351439621444
11069415011062578e-24
0.33293107607956507
0.07077781831760327
0
0
8177896784413866e-20
671284231228381e-19
10336381511085476e-22
755291209801407e-21
0.00017701282211885112
0.010253226787789277
0.005389931195872573
1520423366036379e-23
0.0001822744629016436
7328728519978172e-21
0.051852389767335506
0.013009759614234435
0.1005203150350027
38456357661111627e-23
0.05942948004040105
0.007688057433883676
0.0001224640089217102
0.14732683252419795
0.00030271915467878526
1652310701176756e-28
8602217008885623e-20
3793628102274531e-21
0.00012471542475326797
0.017929510157297556
0.003491169790163897
0.00015498751825931902
0.00014114638584706616
38186113373158565e-25
0.000604902472560042
0.02226668400577805
13347307312983037e-24
0.0018058199278086484
0.0018510245732130848
4418731997367307e-20
0.11054788538207819
4583809711652153e-20
0.30483726038901277
0.004745147624687128
0.18032949456435135
0.0030971497893835754
0.0006735838310647338
0.0005692816873316954
47372343166151494e-21
0.32475437330467655
11919739254404627e-21
22530215872121952e-21
0.008300436296205414
0.006393863872515135
2199971341908375e-23
8737491292372496e-20
0.003055456134988106
0.13239879572650531
0.030248978097522423
0.00010011254706125122
0.02337770767345486
0
0
0.11270929833212404
0
0.3134917123068882
0.2961784091779067
0.306369075239376
0.05161361202383199
0.029709301530984875
0.3333587103387199
0.30674196274395565
0.3332617927391976
0.2976255600944817
0.22733847069255153
0.0007953749143487686
0.01610868243905782
0.14239510473922717
0.27143964256101333
0.13653363768426266
0.0003070198515310039
0.027012244743737156
0.2628240704709917
0.11430548921846483
0.1644070878709665
