1.1004265112895222
0.028689344321142646
2.1240777612476656
0
2.1327576598721962
8933070324269468e-21
2.193775481252533
0
2.363873390505946
0
4.724088413868249
0
8.415651682064267
0
10.419035394735829
0
24.32921547513136
13.915555569931737
7.518104173637406
4.120283279662238
1762117420997168e-44
17.20429303386712
2.2121094399137675
0.014640321527436037
0
0.08466886623997999
0.0021045025642626946
0.018042688607558345
0.0038172983148457296
0.16761826214363335
0.15688769729981872
0.0018223808021871706
4247633499371969e-20
0.03202270043289018
0.0030291709663072012
0.000912995573369642
3378446192711953e-25
0.10115124105259232
0.11357009706231234
0.07283048788293084
0.06852304421178201
0
0.08520871841230397
0
4.11268530722219
3.700378293387905
4.482584812602359
0
5.411857778355444
0
4.430693290385173
0.21664367238220464
27.88276215238579
34.04563637380961
12.751737601477513
41.46601560059609
43.15660363195161
1.6326773013407008
0.001867955865281346
0.020108791530586076
0.5805545899837345
33.73045637081021
0.04835345236474546
0.490897780784196
2.361281470155979
1.48344789026859
32.579666972475344
0
32.527117165591115
0
14.84897491341285
0.000570410705481068
0.0005720931860498374
0.23710920134204522
6.980505650630676
1.318878220250705
2.397060016765869
0
0.00036614976743781335
0.019198429124244958
0.062057865930443684
0.030150110261745182
0.011327635322992843
0.00017444930847268077
9465098075311775e-20
0.0013555912603744162
1.9261414407291102
0.48555008617354833
0.08523430156039562
0.14754037987474214
0.005550503692580715
0.06987443943281021
0.007232014251447789
0.0003853210181207339
0.0605775648349545
1.286842440715572
0.025180723451447406
1068897757324986e-21
0.005613375133181039
0.0010082992526169506
0
0.8953470309781891
0.4817644822814219
0.04845993296911071
0
0.4103852157103155
0.006553246430825228
0.06591585938814841
0
0.00020931885552727836
0
0.1946168381610608
0.6607578478267311
0
0
0
0
0.0017271873275390265
0.4337130418548283
0.0007017925527805967
0.001675444783701668
0.3910322675190081
0.3365403243351589
0.23640456516451952
0.568142298062185
0.0014764847095407796
0.5783617796935687
0.0010113971022248486
0.4640236954367033
10428335217030464e-22
0.00020943066842333153
0.35503254317462957
0.020158067739892576
7814757174499112e-25
0.09455855873903686
0.07283349608980888
0.20817894287893726
0.01719244701581337
0.026197171345052114
0.1541715391012098
0.289508279666573
0.26161093888507514
0.14689857819687469
0.23869453089408224
5231272396544828e-26
0.1935592690574356
0.193630248169395
0.4764383366296007
0.5441571848155122
0.0002431249609373609
0.5442421541446459
0.5106145282051262
11.037113856289906
1.9870097502305206
2.860232190630757
0.11848167387096861
0.45078317187372413
3.235255394992748
3.72487788643472
0.7464753126884529
5.486545123041054
6.76218906918149
4.958934839776678
2.1951862984498365
2.8807237300078095
0.5888917249545855
30.311254894485185
619.1969242489795
5.6311318379898125
4902.716657289066
1.1152278945049943
23.218487200068147
1.1713389772985308
45.113548918515235
1.304784310227527
1.791386192101186
1.1152269506057089
0.9163248855063085
1.0625532490229028
63.27853526379456
0
0.0005886383247798705
5025888971554075e-24
0
0.007966296839109417
0.007377774184478666
0.0071854078257256575
0.0059828674178784595
0.006230068981442168
0.01046270618855458
0.008293608204869778
0.009044586159542876
0.005692040797856054
0.006818227046310542
0.007548505319997314
0.017104735174229217
0.006466208651963916
0.008455804011539343
0.007221243828564039
0.008285635612051331
0.0071855070399798665
0.01647506995178184
0.022151869215388573
0.009236310630170413
0.009123590352054595
0.001981850733736987
0.007442091314892371
0.016721377326493467
0.07277840009126209
0.03966910264643075
0.11383731163385703
9119864550890645e-20
0.009938526222797868
0.22240035342966555
54473763524024545e-22
0.07372954443338764
0.011191998757564747
0.00204562489400905
5556881886382294e-21
1204423236846575e-21
0.10197934616050557
0.0887694111913101
0.004061445941573379
0.03073495506902409
0.01963064950545325
0.005844132053366306
0.01210356449826675
0.00048286612799579314
0.3149296927216684
1569913000279513e-24
0.06663157077368159
0.00040303100998785357
0.009626922742177168
0.011241553335196669
0.00015705981714599684
0.0001708728243725924
0.3318685352160395
0.0005199753048924997
0.05859568674177002
0.23811797765832876
12609148216852092e-22
25861654392860265e-22
0.0001447247367181725
1184029386637678e-20
0.0005944580714863806
1532559295709914e-20
14120534606088778e-23
10044040028772036e-22
19076959343711335e-21
0.07656001538821335
0.07716484148082983
43437929915820085e-21
0.0002937142317101955
0.0175067758025038
0.0081596138945117
0.08978405926646728
0.010566201015382767
27828806955219722e-21
0.13294752059849146
0.038461409010747724
824052119768162e-21
0.24939202657071494
4571119557828105e-22
0.0034735816060194606
0.0010109501939317485
2299456595304645e-27
0.3032929254836338
0.330864617896418
0.017810959724129903
0.2520331618110964
0.33272914088770283
0.00873761309335643
0.19201174138977614
20535640175146465e-26
57647892410135226e-22
0.0005096723090557626
9120610888929505e-20
0.13099776110946856
8473124421184641e-22
0.00012876840455835562
0.16628506521307287
0.0009384958144657571
0.011851676026949658
12228955753758942e-21
0.13791055674073113
0.09681535963644493
0.02284699024192526
27447856239634787e-21
0.00015344823742573544
12006679505744835e-23
0.013795006819005399
0.1565899717976458
8326801827694882e-24
10255030863955274e-21
9138844737140255e-21
9650182303806433e-20
1208712643902071e-20
0.2992663170511863
0.16202635482421512
0.00454655016474927
0.0014704636576991395
0.041842189844405735
0.005468908287608113
6637405067081318e-20
0.02835228717884142
8323654139957147e-20
0.0007432967799088895
0.08104388418765128
1100100177604636e-21
0.3341779123168939
0.33272914088770283
0.0018280348157500676
0.0004889564399944212
7563075098584463e-24
0.0010191580645626441
10739431031885762e-24
0.01010605453848557
0.02948125028125629
0.0009038839109492633
0.00034118551176818955
0.00015049870255402572
2672599009014284e-21
0.006122862521290129
0.015296134563748818
0.022686558449453872
11069415011110614e-24
0.3330602597740652
0.07077995611029735
0
0
8177897046627143e-20
6712842488959711e-20
10336381515274084e-22
7552912100250533e-22
0.00017701283440530155
0.010253268475924865
0.005389942653414871
15204233660454416e-24
0.00018227447592944566
7328728541035008e-21
0.05185350975726836
0.013009826940221242
0.10052480589221106
38456357666909504e-23
0.059430965357299616
0.007688080804664943
0.00012246401480212328
0.14733720147007737
0.0003027191906170352
1652310701176756e-28
86022172990167e-18
37936281079166684e-22
0.00012471543085189825
0.017929638750150773
0.0034911745869468905
0.00015498752767821266
0.0001411463936586545
3818611337321573e-24
0.0006049026161064992
0.02226688333068359
13347307313052883e-24
0.001805821208800616
0.0018510259192085446
4418732073917938e-20
0.11055339644520953
45838097940294245e-21
0.30490568396192885
0.0047451564985494556
0.18034597291963259
0.003097153562869769
0.0006735840090720914
0.0005692818144649402
4737234404599354e-20
0.32484452831109184
11919739310106723e-21
22530216071131452e-21
0.008300463557087863
0.006393880013802253
21999713419273493e-24
8737491591700685e-20
0.003055459807391495
0.13240696889669515
0.030249349397513132
0.00010011255099093152
0.023377927668993128
0
0
0.11271504533034513
0
0.313568055747933
0.29624018156935367
0.30643879240365635
0.05161472139267416
0.029709659472397485
0.33348601825142166
0.30681200102048206
0.33338956329452046
0.29768837503245343
0.227367455729702
0.0007953751625801909
0.016108786023684263
0.14240471228830323
0.271486590156725
0.1365423868560532
0.000307019888497824
0.02701253970985975
0.262866838350164
0.11431141419013836
0.16442038730541791
