1.1208702569788678
0.0009916597830796066
0.5257829470919799
0
0.5286643096684995
22352549649549506e-22
0.5439934295626265
0
0.5862069550962734
0
1.2348441387760505
0
8.498305630912865
0
9.244307822447416
0
24.491122799569556
15.887053710569724
4.512391361962004
4.1789327192433765
1902819931523388e-50
17.403023183624402
2.2012077206337803
0.003763001352990331
0
0.05077943810376543
0.0014072644700659862
0.014456811702119196
0.0038164482898825924
0.13381628366447268
0.12572027370264094
0.0005509731974142969
7040439085351515e-21
0.02548408281457056
0.0009161645531959785
0.00023656324209041227
5696074784237094e-26
0.06354168175120259
0.07404047011320054
0.07676304287831087
0.07497978746097964
0
0.08300502460230369
0
3.9332841831411174
3.818110301272344
4.478798256375478
0
5.454872911519614
0
4.432266130922181
0.15587500905063834
25.37204265591574
30.52111875904674
8.20566629955287
41.98367121326391
39.7187055736825
1.6084532307836847
0.00128287150519555
0.02102686131672035
0.39837818059841335
33.70294345882022
0.045373149075662735
0.44261193859060555
2.349106501864748
1.5692719006857478
32.8278666375176
0
32.78183422925602
0
14.881802985367303
0.00037124333592382494
0.0003714685248393131
0.14819008136410236
6.982087406971366
1.3177748092432433
2.3867284404685
0
0.00036445864340119513
0.019663690094929836
0.06161572543240882
0.02993307706577818
0.011708762183588958
0.00016349216515770788
8927242665610573e-20
0.0014007137455198527
1.9251072956313469
0.4846607670269492
0.06832496556279806
0.14065124466971976
0.0054598374249984795
0.06866621076191778
0.007329098202757783
0.00020285452394403633
0.05675953408106994
1.149962759033638
0.024248895443513784
4587220326985072e-22
0.002988772590806381
0.0009448907909791399
0
0.8871582836151451
0.47681100404549004
0.04966877975929037
0
0.40517381473036207
0.01397040089122625
0.06553735182591364
0
0.00021139631866432426
0
0.19428610452089165
0.6548740925922067
0
0
0
0
0.0005415018023840516
0.43420755607492245
0.00037673880399280993
0.0012632442330277039
0.3897772045648143
0.3302317710847675
0.23438298823645637
0.5665389668792703
0.0009685545688608495
0.6306071808716428
0.0010347489532871025
0.47495509626471166
10420904717331953e-22
0.00013619437394879426
0.36222816422059995
0.01605897840399029
4889536404299198e-25
0.15305983590541536
0.06881148013799561
0.20732432014149335
0.01727021413471466
0.026466935725940194
0.14591612229288342
0.2781778300702441
0.26071009270245005
0.14812167288743083
0.23660633274525514
3256224691967921e-26
0.18907525154287613
0.18915007786757781
0.47488037109125103
0.5434234302925595
0.00024038654968451152
0.5433043424269237
0.5151933413100158
11.011293293836752
1.9885050683182304
2.8639299008444152
0.11864493175842647
0.44985781786435747
3.2392462499979042
3.7324557607014395
0.7474552775490582
5.454120591613801
6.709874129392037
4.880908019572288
2.1958261857179755
2.8572277894647375
0.5919127533815534
30.243442449413433
619.1897134020303
5.631126384136278
4832.263541198615
1.1152276227381352
23.218476505323633
1.1711383861205065
45.107610363524095
1.3048635366828554
1.7913830476770525
1.115226678779252
0.9135362969335958
1.0618733422465365
64.70657928873602
0
0.000589936729015824
5113864658496337e-24
0
0.007861271184507461
0.0072131522059868695
0.006994358912480888
0.005756540151947239
0.006051221005138761
0.010275238128699392
0.008004001075127323
0.008924395296993523
0.005477496154272786
0.006637516286004045
0.007385335687724125
0.016810616111295272
0.006301825607922354
0.008289761901310084
0.0070314358435175995
0.008128223971410239
0.007110872489953932
0.016137689052730542
0.02163019761752994
0.009055060471884717
0.008929585038629482
0.001981770262115335
0.007440949742962084
0.01671555399556527
0.07266032149691058
0.039635441763896474
0.11353152018069204
9119847545742083e-20
0.009936484661785351
0.2209759183470297
54473757457530006e-22
0.07360820875691633
0.011189406122756753
0.0020455391540642456
5556881255097348e-21
12044232071901175e-22
0.1017381147313662
0.08858995699799942
0.004061107211739688
0.03071496121723084
0.01962259698420022
0.0058434293282108125
0.0121005292402772
0.0004828613588269577
0.3109008728380553
15699130002291259e-25
0.06653337901396746
0.0004030276877685037
0.009625007857736626
0.011238937545950987
0.00015705931275767723
0.00017087222735464875
0.3264637170663311
0.0005199697742926182
0.05852052103849901
0.23642029907959067
12609147891815266e-22
25861653025527238e-22
0.00014472430845124276
11840291000278761e-21
0.000594450842380783
15325588155318688e-21
14120534565326093e-23
10044039822529716e-22
19076951903456502e-21
0.0764286978878474
0.07703133452858998
434378913396349e-19
0.00029371246750311555
0.01750038690078451
0.008158240490906278
0.08960022457344914
0.010563891822604605
27828791122233914e-21
0.13251814182273836
0.03842981208283167
8240521058855813e-22
0.24747191344843222
4571119515110603e-22
0.0034733339970106428
0.0010109292769422895
22994565953045388e-28
0.2998133558672123
0.3256025078875467
0.01780434459408351
0.2500572979162594
0.3259959710610056
0.008736037212251758
0.1910176348813195
20535640175060265e-26
576478856160644e-20
0.0005096669955152386
9120593880997405e-20
0.13058215496983155
8473124274411024e-22
0.00012876806552683612
0.16557483806245352
0.0009384777896863182
0.01184876660926675
1222895269641001e-20
0.13744487257922466
0.0965995157638123
0.022836042651774587
27447840837166373e-21
0.00015344775596935796
12006679476273038e-23
0.01379105645330446
0.1559707376685625
8326801826277401e-24
10255028713951268e-21
9138843029692615e-21
965016326335675e-19
12087123452178208e-21
0.29594813297915884
0.16135709936361234
0.004546125459185258
0.001470419381899818
0.04180464233229107
0.005468293157705351
6637396059907507e-20
0.02833532036835814
8323639974586712e-20
0.0007432854757776893
0.08089585720525394
1100100152863168e-21
0.3281942145579302
0.3259959710610056
0.0018279663620919813
0.0004889515497288816
7563075097415073e-24
0.0010191368063550692
10739431029527896e-24
0.010103943176117472
0.02946288121883141
0.0009038671918001895
0.0003411831310760757
0.00015049823943006567
2672598862988569e-21
0.006122090928412885
0.015291269470169627
0.02267576605572897
11069415008605591e-24
0.32639012531463396
0.07066856300151633
0
0
8177883373039739e-20
671283327587277e-19
10336381296851278e-22
7552911983626067e-22
0.0001770121937066515
0.010251094796656252
0.005389345211061486
1520423365572848e-23
0.00018227379657174096
7328727442987294e-21
0.05179513804974871
0.013006316566135717
0.10029088914740325
3845635736456861e-22
0.059353560231363456
0.007686862186588762
0.00012246370815743456
0.1467974655138581
0.0003027173165559046
16523107011767494e-29
8602202169605708e-20
37936278136969505e-22
0.0001247151128278879
0.017922934266662326
0.0034909244585738255
0.00015498703651326503
0.00014114598630944177
3818611337023465e-24
0.0006048951306551953
0.022256491542238813
13347307309410803e-24
0.0018057544103060848
0.0018509557310795377
44187280820448034e-21
0.11026637787963729
4583805498315512e-20
0.3013580098623974
0.004744693776639836
0.17948868328498957
0.0030969567935517357
0.0006735747266104089
0.0005692751849035288
4737229816501731e-20
0.3201764410312726
119197364054178e-19
22530205693413792e-21
0.008299042107110247
0.006393038350732533
2199971340937899e-23
8737475982689747e-20
0.0030552683089793012
0.13198143585913846
0.030229993346207375
0.00010011234607065601
0.023366458353270215
0
0
0.11241574786338003
0
0.3096116718599164
0.2930360632983814
0.3028243331825459
0.05155690307935739
0.02969099970219269
0.3269117101878357
0.3031809652210505
0.326791615931754
0.2944303870748066
0.22586089423919412
0.000795362218194755
0.016103385299043517
0.1419045722224635
0.26904921600000287
0.13608689186066564
0.0003070179608002405
0.026997162447865465
0.26064588197123006
0.11400285472204612
0.16372829623669402
