1.1313540996006135
0.00017651585285906253
0.2551378549580981
0
0.25723468679538736
10937892703368072e-22
0.26469461978967695
0
0.28515859162691365
0
0.6323922724260441
0
8.570106768485875
0
8.850697958614468
0
24.72473434430612
16.793351618262818
3.407556180147784
4.183738513633724
1579594138945673e-53
17.547725324229635
2.195655842717222
0.0018507680646461665
0
0.03839761537394274
0.001103566203425222
0.012888856138311172
0.0038160165201183175
0.1190425808384633
0.11209005497487799
0.000299570584634838
29734547081803198e-22
0.022639470166467623
0.000498233736673882
0.00011792691118496678
2482732153237581e-26
0.04871328679566753
0.057437600229298676
0.07911403750948996
0.07724917164972181
0
0.08150060177693362
0
3.8670683862389534
3.8332421551146183
4.475380909092445
0
5.46984145981942
0
4.432186754927299
0.14777757567830707
24.022168270332937
28.6688189434461
6.138373714584468
42.40713715495571
39.14942650381928
1.5969581736250977
0.0012162060663267632
0.02133676165967202
0.37590990840919486
33.67435641212876
0.043904807267365814
0.39850704867358994
2.3420853216824327
1.598703827443254
33.01058596878115
0
32.95629095760794
0
14.901103964328788
0.0003479458493769627
0.0003480378112117374
0.13625975514523633
6.982295515589107
1.317405902351389
2.381448167437078
0
0.00036485971717425974
0.01993670767253733
0.06136972642334308
0.029811892277027716
0.011923413733757056
0.0001596011166320019
8729469833021867e-20
0.0014172136579976317
1.9243253935850044
0.4839662009724155
0.060890060058414866
0.13783126816456884
0.005446807458548752
0.06766056326109733
0.007283732874005178
0.0001420808701798359
0.055222090231198055
1.1035549514344094
0.023833472990010388
28863831694952965e-23
0.002105342967839231
0.0009201200141692087
0
0.8828296782161195
0.4740770231674737
0.05038677520020807
0
0.4021470161336318
0.01656413840569221
0.06535811975970587
0
0.00021340182423926018
0
0.19411696089844332
0.6518677394641144
0
0
0
0
0.00029384057486745753
0.4343623417615345
0.0002665169378986521
0.0010727104664190953
0.38913206419303487
0.32705004118871506
0.2335192715715984
0.565623546938264
0.0009044935280207202
0.6485964833584184
0.0010489478070183956
0.4815193292599024
1041722069269133e-21
0.00012668214925832567
0.36341662022659604
0.014269830003834942
3840621655618439e-25
0.1671692615999986
0.06687346206699382
0.20688099191436815
0.017301527065627414
0.026596323466756246
0.1417490656821419
0.27248194903359585
0.2602586682379652
0.1487347877736865
0.23552379303877474
25507069267934333e-27
0.1867639136589448
0.18683779946028686
0.4740829299368733
0.5430429738163679
0.00023894472656720326
0.5429197874230478
0.5175109563409396
10.99675916676391
1.9890376517342758
2.8649889988663677
0.11868934429853065
0.4493366546474631
3.2406498392561773
3.7346128778421313
0.747781477736418
5.439628363490787
6.685636557749386
4.841987556400186
2.1959159035055986
2.8482838041646916
0.5934538533916135
30.214517226791383
619.1860156100594
5.631123587324915
4796.527822420995
1.1152274833722629
23.218471020908936
1.1710355334456695
45.10456529156846
1.3049023288498642
1.791381434348789
1.1152265393828158
0.9121073914739103
1.0615248448798085
64.99829993509995
0
0.0005900959460449546
5159026209235043e-24
0
0.007799296511468336
0.007131412185277429
0.0068998351247503975
0.005645091735653292
0.005961386730310817
0.0101830404467768
0.007861071582162003
0.008865137226559905
0.005371927168318429
0.006547787712304144
0.007304486524208654
0.01666543272849043
0.006220396832880736
0.008207682226963435
0.00693764180701863
0.008050153857292268
0.00706776186428216
0.01597133085018469
0.0213710106433769
0.00896537198194798
0.008833672056153033
0.0019817289963943575
0.007440364396618402
0.016712568495611053
0.07259984345071323
0.03961819106699645
0.11337502475375225
9119838825273117e-20
0.009935437883034299
0.22024899040893225
5447375434654585e-21
0.07354606357784292
0.011188076815845022
0.0020454951867989977
5556880931365507e-21
1204423191981865e-21
0.10161462926539505
0.08849807111095821
0.004060933517237191
0.030704713132282204
0.01961846881850788
0.00584306899356594
0.012098973012213618
0.00048285891314783764
0.3088548706843174
1569913000203287e-24
0.06648308102974103
0.00040302598409794446
0.009624026025598018
0.011237596368249864
0.00015705905410082452
0.00017087192119619244
0.32372628433701983
0.0005199669381454093
0.05848201240956197
0.23555440587336285
12609147725131782e-22
25861652324339506e-22
0.00014472408883038125
11840289530503336e-21
0.000594447135227046
15325585692898176e-21
14120534544422408e-23
10044039716765724e-22
19076948087989466e-21
0.076361443805607
0.07696295989508965
4343787155723352e-20
0.00029371156279682417
0.01749711148586332
0.008157536279738049
0.08950609759142784
0.010562707831574265
2782878300285782e-20
0.13229848850021825
0.0384136188004447
8240520987663971e-22
0.24649299379090844
45711194932044614e-23
0.0034732070264471694
0.001010918550581428
22994565953044826e-28
0.29804449696822505
0.3229365703536596
0.017800953214696793
0.2490500631529064
0.3225961334263223
0.008735229188330886
0.1905098410800954
20535640175016052e-26
5764788213196889e-21
0.0005096642706778155
9120585159101005e-20
0.13036953797786038
8473124199143425e-22
0.0001287678916670127
0.16521180100417548
0.0009384685464581676
0.011847274895686521
12228951128558428e-21
0.13720667343362117
0.0964890146933318
0.022830430607308154
2744783293856556e-20
0.00015344750907228787
12006679461159493e-23
0.013789031088590541
0.15565413610315845
83268018255505e-22
10255027611398906e-21
9138842154089382e-21
9650153499158787e-20
12087121920483312e-21
0.29426081808983073
0.1610149686895269
0.00454590767954016
0.0014703966771593508
0.04178540050730794
0.005467977737208878
6637391440905821e-20
0.028326623486259164
832363271039328e-19
0.0007432796789256356
0.08082005177746897
11001001401753931e-22
0.3251673713325019
0.3225961334263223
0.001827931259079965
0.0004889490419503551
7563075096815393e-24
0.0010191259050168463
10739431028318738e-24
0.010102860610671758
0.02945346574324841
0.0009038586181034749
0.00034118191022985224
0.000150498001934086
26725987881045153e-22
0.00612169528236432
0.015288775181468577
0.02267023355488658
1106941500732099e-23
0.32302157135878706
0.07061150705554131
0
0
8177876361039138e-20
6712828551276078e-20
10336381184840956e-22
7552911923819388e-22
0.00017701186514820004
0.010249980281866316
0.005389038859840755
15204233653304948e-24
0.0001822734481884609
7328726879892925e-21
0.051765229703635826
0.013004516763963905
0.10017114454158314
38456357209523894e-23
0.05931390489958017
0.007686237336890862
0.0001224635509059887
0.1465214486684801
0.00030271635551528845
16523107011767459e-29
8602194411039584e-20
37936276628169173e-22
0.0001247149497409813
0.0179194970850053
0.0034907961961494764
0.0001549867846375204
0.00014114577741544646
3818611336870593e-24
0.0006048912920455759
0.02225116436714972
13347307307543104e-24
0.0018057201560495487
0.0018509197386442858
4418726034957064e-20
0.11011947985581008
4583803295414078e-20
0.2995547543777014
0.004744456503787529
0.1790506349830097
0.00309685589230506
0.0006735699664820796
0.0005692717852003968
47372274636619476e-21
0.31780866138548886
11919734915852414e-21
22530200371574902e-21
0.008298313261835069
0.006392606776955155
21999713404304942e-24
8737467978178465e-20
0.0030551701105342235
0.13176374724470272
0.03022007209351823
0.00010011224098479625
0.023360578908392837
0
0
0.1122625722882907
0
0.307602185331721
0.291406412499837
0.3009873561360254
0.051527278156245776
0.029681435253966146
0.3235907473271162
0.30133561956314125
0.32345890919473463
0.2927735003153223
0.22509218455427257
0.0007953555802121064
0.01610061643327489
0.141648775052028
0.26780779651692915
0.13585389729622271
0.00030701697225428545
0.02698928016575946
0.2595142328734224
0.1138449442694148
0.16337451291928623
