1.1476923008802067
11998256533222097e-21
0.08246186659080582
0
0.08411480942719511
3606880566979591e-22
0.08652644627607792
0
0.09314360620846998
0
0.23689415831394386
0
8.655433745230406
0
8.435991713459407
0
25.232574978363065
18.051780773655715
2.161880035530995
4.175170940826486
25858777631557095e-59
17.821559543809023
2.1878123927954403
0.0006077350562455345
0
0.024538176157385953
0.0007337800886486272
0.010775532885445194
0.0038153497354529767
0.09909496167689612
0.09371703466965046
0.00012112062846044687
8019434404432009e-22
0.018811310094516018
0.00020148531271458914
41669191309517704e-21
7150406214825595e-27
0.0315386449420075
0.03762378718645883
0.0848797631496033
0.0818668331201006
0
0.07907455254702857
0
3.7905212625669633
3.8155433991070655
4.469593241192357
0
5.485527669755954
0
4.431790005715124
0.1467786198366553
22.26942501731886
26.307829798187168
3.646228211441314
42.89931471226661
38.86948914699095
1.5804023295425977
0.0011811399668926158
0.02169763982107293
0.3622734110203969
33.62976558674957
0.04178294293526132
0.35879984995677705
2.3307058898835162
1.630199394956837
33.334201576422906
0
33.274510936127484
0
14.933868783911345
0.00033707241442019277
0.0003370815985262978
0.12811493212828412
6.982434082745131
1.316944657651125
2.3732430633029833
0
0.0003667898368136481
0.020827546277904667
0.06099029873306127
0.029616055280338935
0.012274656978574697
0.0001553124537733596
8502081532595381e-20
0.001436839791631893
1.923344768476121
0.4826906725823021
0.050826719647866524
0.13420363363423263
0.005460243970203037
0.0659715047711515
0.007158642143410074
7975308072858081e-20
0.05327580508518239
1.0543790497459022
0.023266199262326176
13687723437273332e-23
0.001192289413845843
0.0008894397731407217
0
0.8760129094466139
0.46987234377277415
0.05158646447447933
0
0.3971668484468287
0.019011630713937674
0.0650909107238526
0
0.00021569340799323217
0
0.19385408101979096
0.6471949772516916
0
0
0
0
0.00011665860884572302
0.43451507380943827
0.00015194030893169821
0.0008151645934151637
0.38812422941613584
0.3222141430933794
0.23237851077357774
0.564177832080623
0.0008647132750988118
0.6682025060346177
0.0010725069065110817
0.4923407670744043
10411674620052825e-22
0.00012039979542203042
0.3633161441319697
0.01185998010668838
2632872592829759e-25
0.17835156691298992
0.06395104723770323
0.206183725602994
0.017347960091280874
0.026795406927871464
0.13535482409830077
0.26375624970378125
0.25957229092208695
0.14971041255072862
0.23390194417730764
17413690255163915e-27
0.18324192373597425
0.1833135351426373
0.4728483042369798
0.5424444766627378
0.00023662848201837908
0.5423214088777433
0.5212012699242973
10.976319026620585
1.9896137844034703
2.8657400900250747
0.11872332311872877
0.4486035177934276
3.2421394316989858
3.7361135075117575
0.7481318744356498
5.420876333432864
6.653510416768998
4.783793201657182
2.1957956221065085
2.838147510871062
0.5959916968446473
30.179727711182625
619.1802529512563
5.631119228728586
4741.362776707713
1.1152272661821168
23.218462473905003
1.1708752640690805
45.099820208672135
1.30496053752524
1.7913789190357243
1.1152263221450371
0.9098822072304878
1.0609819682139403
65.11934221771746
0
0.0005899679871787757
5229409919778972e-24
0
0.007694668025615319
0.007009856492305658
0.006759255475983096
0.0054791133879623
0.005826655236381724
0.010046349489087125
0.007648054544230183
0.008778717098739005
0.00521482275777576
0.00641398201269618
0.007184565981013364
0.016452015285237973
0.006099227706971273
0.008086383512284532
0.006798282331409965
0.007934620539952843
0.006999932066682815
0.015725707993198987
0.02098534084627139
0.008832753394023708
0.008691739017726581
0.001981664688895559
0.007439452274568477
0.0167079169039339
0.07250569375556885
0.03959132224969736
0.11313156951223415
9119825235160399e-20
0.009933806784795968
0.21912089763904535
5447374949833482e-21
0.07344932003747366
0.011186005515829232
0.0020454266693379877
5556880426856256e-21
12044231682810625e-22
0.10142248611137543
0.08835506451536392
0.004060662843536559
0.030688749155892602
0.019612037145120303
0.0058425074861324375
0.012096548158526064
0.00048285510178398215
0.3056931547424355
15699130001630194e-25
0.06640477157543044
0.0004030233290826988
0.009622496121107665
0.011235506572826437
0.00015705865100637035
0.00017087144407466377
0.3195059095028361
0.0005199625182754899
0.05842205040790552
0.2342113008563859
1260914746536936e-21
25861651231596485e-22
0.00014472374657010465
1184028723998031e-20
0.0005944413579807697
1532558185542035e-20
14120534511845746e-23
10044039551941295e-22
19076942141901314e-21
0.07625675184313908
0.07685652465570462
4343784072801576e-20
0.000293710152892481
0.017492008244787565
0.008156438946078716
0.08935960556575921
0.010560862944056932
27828770349486697e-21
0.13195690256149478
0.038388396511378146
8240520876717377e-22
0.2449751423888551
45711194590655513e-23
0.0034730091625826834
0.0010109018346624243
22994565953043946e-28
0.2953086585251138
0.31882537574473074
0.017795669318294245
0.24748845315641246
0.3173683157262052
0.008733970098895242
0.18972117620344056
2053564017494714e-25
5764787670229473e-21
0.0005096600242731896
9120571566763753e-20
0.13003888191892982
8473124081845098e-22
0.00012876762072133125
0.1646476239776371
0.0009384541418333793
0.011844950557878046
12228948685191867e-21
0.13683628246526927
0.09631705985423389
0.02282168744968331
27447820629254268e-21
0.00015344712430442471
12006679437606276e-23
0.01378587531822077
0.15516201944931102
8326801824417684e-24
10255025893162517e-21
9138840789534358e-21
965013828248386e-19
1208711953346394e-20
0.29165043501320365
0.16048323194714273
0.004545568308780295
0.0014703612943988535
0.041755431369685125
0.005467486216733493
6637384242580286e-20
0.02831307543617361
8323621389761502e-20
0.0007432706451014751
0.08070205687760329
11001001204025453e-22
0.32050584211595334
0.3173683157262052
0.001827876555284035
0.0004889451338106597
7563075095880841e-24
0.0010191089164156778
10739431026434366e-24
0.010101173753221965
0.029438798501630233
0.0009038452568686708
0.000341180007650736
0.0001504976318169996
2672598671403918e-21
0.006121078751706136
0.015284888849985136
0.02266161430092078
11069415005319046e-24
0.3178411321278804
0.07052268190422359
0
0
817786543342837e-19
671282118838968e-19
1033638101028214e-21
7552911830615629e-22
0.00017701135311825456
0.010248243644338528
0.00538856147152666
15204233649528068e-24
0.00018227290526327198
7328726002357028e-21
0.05171865444589678
0.013001712417685513
0.09998481743803068
3845635696789952e-22
0.059252158157507846
0.007685263661593501
0.00012246330584302407
0.1460923335033271
0.0003027148578190883
16523107011767406e-29
8602182319970183e-20
37936274276828806e-22
0.00012471469558395656
0.017914141835820196
0.0034905963191683735
0.0001549863921108289
0.00014114545187205528
38186113366323555e-25
0.000604885309938657
0.022242864947360174
13347307304632449e-24
0.0018056667749203489
0.0018508636488072498
4418722844742093e-20
0.10989094147755954
45837998623765754e-21
0.2967660167509879
0.004744086757333705
0.17837010321914357
0.00309669865261442
0.0006735625482829992
0.000569266487084836
4737223796958152e-20
0.3141535320956188
11919732594488385e-21
22530192077931833e-21
0.008297177544382243
0.006391934263011517
21999713396397456e-24
8737455503824554e-20
0.0030550170826745423
0.13142521311798072
0.030204617132829542
0.00010011207721739866
0.023351419229090495
0
0
0.11202427680307527
0
0.3044965356900103
0.2888847851517314
0.2981467690721709
0.05148114409653435
0.02966653599455752
0.31848242888135236
0.29848216692229756
0.3183327888346029
0.2902099477180116
0.22389942646310537
0.0007953452355758246
0.016096302334143074
0.14125105523997716
0.2658845562209017
0.13549158953634227
0.0003070154316935534
0.026977000868906365
0.2577604383197386
0.1135992898271053
0.16282469424732507
