1.1894070274039623
12593189079366398e-24
0.004597278919705889
0
0.005446032516240904
237593720693613e-22
0.005589064759031513
0
0.005976949582920164
0
0.035244105791803544
0
8.687402062278222
0
7.9605738850795325
0
26.842727592593874
20.50699898520753
0.663507650048731
3.9948927785898842
460494960342906e-69
18.735104755995028
2.1723181692226277
3469904644526914e-20
0
0.007595433903745534
0.0002389158272056923
0.006861340497519899
0.003813676873311835
0.061965312971551785
0.05968155514416477
20497491264854795e-21
4090364930873629e-23
0.011724031455932505
3408965281529987e-20
5176922190744774e-21
4450138886738704e-28
0.009874203379479576
0.011909304520983491
0.14491089471093888
0.12590625109961942
0
0.07635468072729137
0
3.6907387296058247
3.6936383797205776
4.4540692184518775
0
5.495780096788852
0
4.430332150107223
0.22532608486893965
20.478959632801473
23.952063117322684
0.9376571652008737
43.01926202255588
39.23792820414363
1.5440647737064792
0.0011877494879648882
0.022250658603556194
0.36039131050359147
33.54649384865215
0.038802947372179104
0.3528673254006915
2.3012531089761254
1.6605818736247537
34.24115727863459
0
34.17148779504684
0
15.022408987483553
0.00035319691421320325
0.00035314869463586116
0.124341802247728
6.982485005774438
1.3157476449908112
2.3524226135792574
0
0.00037650534518862466
0.03317063311890961
0.06008305063671698
0.029097035278341163
0.01323113114478423
0.00015085148011102553
8217025152602487e-20
0.0014666531309814454
1.922510204500803
0.47895011310317803
0.03201551990141555
0.12787193517067938
0.005619492843012862
0.06225148043345366
0.006822518154117409
17284196015142803e-21
0.04998432954535585
0.9975746871042723
0.02215341509129362
1924246382351881e-23
0.00026428263460272715
0.0008400563743775575
0
0.858607717749138
0.45987318439814917
0.0549000732642067
0
0.38395734805939435
0.020284228114751092
0.06441888031290885
0
0.00021563480163225572
0
0.19318690967282806
0.6353326351572834
0
0
0
0
18221727612155047e-21
0.43468274320074
342500841620047e-19
0.0003755999496855942
0.38553636872974745
0.31053351703544424
0.23031308421968538
0.5605157659186899
0.0008568761813546945
0.6904556028677941
0.001133390905195206
0.5200660991213754
10398661455982974e-22
0.00011766391013454344
0.3582157488357985
0.007395050852903729
9969494505167701e-26
0.1828467705553884
0.05684699656538064
0.2043704204449151
0.017466510928878944
0.027304864370732713
0.11966526770779483
0.2422832929494149
0.2579221280101684
0.15232803290622993
0.23015689864318364
6530138006031855e-27
0.17478849411427916
0.17485376466870017
0.46976857952196466
0.5408864005938349
0.00023060481280051323
0.5407706859663034
0.5310838310518552
10.93852479376655
1.9901166774078105
2.8643543425319056
0.11872154189915042
0.44724769227562255
3.243278990622746
3.733105491222163
0.748629675359896
5.389876681475827
6.598373089536554
4.64652627591177
2.1944870340100486
2.825361431587313
0.6032629207901616
30.133354297784237
619.1655399631355
5.631108100367472
4603.376070440336
1.1152267116520156
23.218440651692617
1.1704661634815698
45.08770731823247
1.3050981837377056
1.7913724913412663
1.1152257674933086
0.9042109189280704
1.059597152387692
64.51194675736994
0
0.0005886552121241671
5408905340104312e-24
0
0.007401589478151463
0.006725540249235028
0.0064309638191001476
0.005091200887354471
0.005509684606397622
0.0097271170458301
0.007149375190094159
0.008583443525972652
0.004848275962475908
0.006100025379171187
0.006905756781328299
0.015964235259842276
0.00581576251548234
0.007806181122601112
0.006473424471260689
0.00766739528235127
0.006834382524693799
0.015159223402900456
0.02008497863401239
0.008526302171619487
0.008363209501024304
0.0019815005083331128
0.0074371239499956
0.01669604632304908
0.07226586403433088
0.039522803361935414
0.11251234784322074
9119790536950667e-20
0.009929643476216062
0.21626678860435286
5447373711987516e-21
0.07320289109767937
0.01118071880795468
0.0020452517408369613
5556879138742483e-21
12044231077681305e-22
0.10093355227617162
0.08799098714950067
0.004059971840762844
0.03064802753982319
0.019595625347197637
0.005841074089037667
0.012090359221695515
0.0004828453707390134
0.29776669219067736
15699130000602083e-25
0.06620524987351563
0.00040301655037206955
0.009618591069149031
0.011230172665839176
0.0001570576218295374
0.0001708702258931142
0.3089783328571235
0.0005199512336256393
0.05826923403547573
0.23081671802561046
12609146802143476e-22
25861648441603165e-22
0.00014472287271418826
11840281391814577e-21
0.0005944266077592931
15325572057569036e-21
1412053442867096e-22
10044039131111263e-22
19076926960346153e-21
0.07599010273363664
0.07658544119603453
434377620148977e-19
0.0002937065531527349
0.017478985390474534
0.008153637901215953
0.08898666847928877
0.010556154035250273
27828738042901633e-21
0.13108875990241198
0.038324074010077806
8240520593448316e-22
0.241142022659033
45711193719020313e-23
0.003472504027316926
0.0010108591568000545
2299456595304172e-27
0.2884368833461978
0.30856451105189786
0.017782185577309303
0.24354561888436724
0.30440171261070265
0.008730756212512639
0.18772233339635172
20535640174771173e-26
57647862839242685e-22
0.0005096491825053208
912053686287436e-19
0.12919844934774324
8473123782358808e-22
0.00012876692894488897
0.16321588974026768
0.0009384173649209191
0.011839018122460646
12228942446785938e-21
0.13589512865736242
0.09587941318617449
0.02279937958792039
27447789201122344e-21
0.00015344614191876237
12006679377470174e-23
0.013777821274995343
0.15391259222116221
8326801821525356e-24
10255021506159412e-21
9138837305550806e-21
9650099431349383e-20
12087113438923683e-21
0.28509015728031245
0.1591335523744461
0.004544701941629526
0.001470270958929637
0.041679011573145214
0.0054662314661289135
6637365863837275e-20
0.028278513914014834
8323592485972796e-20
0.000743247580422518
0.0804015729009023
11001000699184738e-22
0.30890489869098897
0.30440171261070265
0.0018277368928742185
0.0004889351556826632
7563075093494758e-24
0.001019065542371496
1073943102162318e-23
0.01009686814304645
0.02940138319502054
0.0009038111438345141
0.00034117515003025004
0.0001504966868374808
267259837344375e-20
0.006119504906096445
0.015274970741547196
0.02263962246718387
11069415000207668e-24
0.3049881597965568
0.07029639986991215
0
0
8177837533098041e-20
6712802389490783e-20
10336380564598262e-22
7552911592647604e-22
0.00017701004580914404
0.01024381099264784
0.005387342794593959
15204233639884935e-24
0.0001822715190729845
7328723761831185e-21
0.05159992840570318
0.012994555098253046
0.09951065732551256
384563563509838e-21
0.0590947976738469
0.007682778231425575
0.000122462680150022
0.14500240782195087
0.0003027110339319181
16523107011767274e-29
8602151449105921e-20
3793626827338277e-21
0.00012471404667210796
0.01790047606184271
0.00349008604479223
0.00015498538991544437
0.00014114462069745668
3818611336024082e-24
0.0006048700366802665
0.02222168889192428
13347307297200942e-24
0.0018055304892779646
0.0018507204478387513
44187146994896184e-21
0.10930958598502281
45837910971503684e-21
0.2897630040995388
0.004743142850686923
0.17664427779890476
0.003096297224150979
0.0006735436084936087
0.0005692529601497923
4737214435135937e-20
0.3050107996792991
11919726667579383e-21
2253017090260047e-20
0.00829427853343526
0.006390217520038548
21999713376208035e-24
8737423654361252e-20
0.003054626406419868
0.13056480723302052
0.03016519334053011
0.00010011165908738342
0.023328049006358965
0
0
0.11141815221057082
0
0.29670867248798466
0.282545096310164
0.2910151860366654
0.051363541802719445
0.029628529093307626
0.3058026699626811
0.2913186909669485
0.30561024837382406
0.2837660380885272
0.2208826650954634
0.0007953188242411287
0.01608529281071993
0.14024065433429056
0.2610365524326442
0.13457092149289207
0.0003070114983660324
0.026945674680309104
0.2533362202994129
0.1129744861744862
0.16142927479426963
