1.261628221784217
8908438966640381e-29
3104655717503568e-20
0
0.00014960319247656685
6621735178556862e-25
0.0001518951492892388
0
0.0001579371856928098
0
0.0071364074919727395
0
8.270686121380574
0
7.570802463937412
0
29.15626034706505
22.957496853924216
0.1299760276592483
2.35792970832647
1525449277951894e-85
21.008541243823963
2.1566355337228242
23767016530591656e-23
0
0.0009738324220876771
31299639255521035e-21
0.003312551721045564
0.003810847302140466
0.028064211591026823
0.02881668973624725
4616506660662816e-21
16821360798356267e-25
0.005295320568589994
766018390541736e-20
8784127893894287e-22
22562779732144626e-30
0.0012686329947794403
0.0015338549056893706
0.7944767791298902
0.6851634498290197
0
0.1508515491451602
0
3.783048782831196
3.5992223179963125
4.426878614926654
0
5.462084739136612
0
4.427553561267545
0.9870637513435543
20.648715512747522
24.195423981547822
0.39118929758196025
40.44131314285079
40.605598549880476
1.494815352998388
0.0012284584439630453
0.022974838109236295
0.37515003790095924
33.47981228715607
0.0718283009935207
0.37215043729814934
2.2577693306665854
1.6308820300887907
35.92221313757214
0
35.84301570142012
0
15.160739199583086
0.0004142186724861299
0.00041414387912351157
0.12761743347760912
6.982396616731687
1.3121279192205062
2.316801224262027
0
0.00040523747835379226
0.16186229431506463
0.0588136174155719
0.028229937094906423
0.015072946081777696
0.00015963186181918644
8494113116036314e-20
0.0014840467384257484
1.9251006871024536
0.4721284542429838
0.014694548959525901
0.12274563425566773
0.006183177440264914
0.05984338239056746
0.006729770672325352
13233864210157073e-22
0.04749010371415955
0.9505749916162751
0.020983530234369045
7105468604232056e-25
2103862505169526e-20
0.0008093202821098026
0
0.8305903520092758
0.4442546886627557
0.06127966322199431
0
0.36147546170170314
0.018681312533755955
0.06315103528169774
0
0.00020083815990887412
0
0.19204436073492645
0.6150836370298355
0
0
0
0
3968579574489776e-21
0.43510098714137463
2804169358217316e-21
8725733788696158e-20
0.3810066059583129
0.29218173473924636
0.22860152620876484
0.5544680226597799
0.0008921987159390776
0.6907950131615918
0.0012231710143303714
0.5604662677894933
103798784293257e-20
0.00011994770170905972
0.3483868946996003
0.003342376264437022
18085024520615667e-27
0.1753917793060558
0.04562684358205325
0.20112984643792076
0.017681807724970248
0.02820642309325276
0.0950856170401038
0.2077451829053898
0.2553915945362861
0.15712715222358448
0.22471194240329176
11678724421617914e-28
0.16202006918450282
0.16207420123585428
0.46474332138342955
0.538094427401981
0.00022101549657061828
0.5379931265982726
0.549141586178419
10.909341683775164
1.9894181035867222
2.8574387630177105
0.118769436764182
0.4462022137401886
3.2409326687192235
3.7185728064247137
0.7497208051291314
5.367339707672302
6.555528910836463
4.432181104634154
2.1905495227061165
2.8188561727619748
0.6178230280312097
30.12201143960429
619.1400680211646
5.631088833757596
4373.90542193391
1.1152257515882116
23.21840287068932
1.1697582207769615
45.06674382067146
1.3053041678060122
1.7913613460395403
1.115224807218886
0.8944317512401107
1.0572038756783848
63.18207547368633
0
0.0005862679297842491
5718609207299928e-24
0
0.006871312943328584
0.006282654882274532
0.005926365099469946
0.004503269006174581
0.005035268766915999
0.0092268934957989
0.00638940899272868
0.00828285675184925
0.004294496571566798
0.005614710153478599
0.006476222766300951
0.015223481821834445
0.005377840545701077
0.0073764094676386045
0.005975377827850102
0.007257102354229916
0.0065733891708812265
0.0142935931867057
0.018700384749998574
0.008056778909702501
0.007859897377932502
0.0019812162927636814
0.0074330946171837905
0.016675514584539624
0.07185251816164293
0.03940445606472527
0.11144828497350692
9119730463846089e-20
0.009922439616424455
0.2114130538471234
5447371568890971e-21
0.07277819903443111
0.011171571775654244
0.0020449489204460536
5556876908616737e-21
12044230030013914e-22
0.10009262176783612
0.08736419927174524
0.004058775777581703
0.030577653445650572
0.019567243874482738
0.005838593263294253
0.012079651728617734
0.00048282852373061685
0.28452638562490473
15699129998822094e-25
0.06586123199348093
0.00040300481458057437
0.009611833953595402
0.011220943996611547
0.00015705584001958343
0.00017086811686167
0.2915653661117719
0.0005199316969582979
0.05800560576195216
0.22505555289268192
12609145653892822e-22
2586164361125575e-21
0.00014472135980968544
11840271266823605e-21
0.000594401071393542
15325555094449152e-21
1412053428466947e-22
10044038402523345e-22
19076900676370533e-21
0.07553065267179954
0.07611836997879809
4343762573829214e-20
0.00029370032098548373
0.017456461690122747
0.008148790693606717
0.08834467437893796
0.010548006410063274
27828682110221386e-21
0.1295992168167207
0.038212966431686875
8240520103021304e-22
0.23464696366192792
45711192209948183e-23
0.0034716296544220634
0.001010785272377297
22994565953037887e-28
0.2769156257733965
0.2915744022097689
0.01775886517011574
0.23686728419231057
0.28319255079294253
0.008725194769327824
0.1843113772947768
20535640174466626e-26
5764783883798628e-21
0.0005096304125709845
9120476779936593e-20
0.12775622084140026
8473123263854707e-22
0.00012876573127302296
0.16076648553983278
0.0009383536960294433
0.011828754251762842
12228931646168244e-21
0.1342809774894242
0.0951264069380416
0.02276080927005657
2744773478931471e-20
0.00015344444111783473
12006679273355825e-23
0.01376388833934517
0.15177318524742542
832680181651786e-23
10255013910894014e-21
9138831273692435e-21
9650032168295262e-20
12087102887382062e-21
0.274079253529959
0.15682361915835435
0.004543202380441011
0.0014701145731963094
0.0415470356228308
0.0054640597825176985
6637334044624667e-20
0.028218776866938605
8323542444742346e-20
0.0007432076499660605
0.0798839843704919
11000999825148169e-22
0.2898040804216334
0.28319255079294253
0.0018274951189392872
0.0004889178809143014
7563075089363695e-24
0.0010189904527456973
10739431013293531e-24
0.010089418128537754
0.0293367180351628
0.0009037520865832225
0.00034116674013855787
0.00015049505079740619
267259785758191e-20
0.0061167810454892035
0.015257814618292766
0.022601598196196206
11069414991358259e-24
0.28395240268066446
0.06990635046596684
0
0
817778922915458e-19
6712769842861523e-20
10336379792980588e-22
75529111806508e-20
0.0001770077824724047
0.010236141223494862
0.005385233536577245
15204233623189645e-24
0.00018226911917043704
7328719882784184e-21
0.051395020670271914
0.012982172861807114
0.09869504880559112
38456355282910334e-23
0.05882334509290053
0.007678477077398818
0.00012246159688796102
0.14313459747947646
0.0003027044137055012
16523107011767093e-29
8602098002279166e-20
3793625787954862e-21
0.00012471292321141074
0.017876840991202785
0.0034892027771546872
0.000154983654818165
0.00014114318168671633
3818611334970966e-24
0.0006048435948210225
0.022185074194973085
1334730728433471e-23
0.0018052945606702468
0.0018504725485209994
4418700597554153e-20
0.10831034077147618
45837759218512536e-21
0.2780270809927869
0.0047415090980775084
0.17369572386852822
0.0030956023493853434
0.0006735108190736851
0.0005692295415687637
4737198226947283e-20
0.28980651809706953
11919716406259413e-21
22530134241548426e-21
0.008289261836531978
0.0063872463929317705
21999713341253894e-24
8737368513287076e-20
0.0030539501421665326
0.12908847335898613
0.03009706009209195
0.0001001109351781221
0.023287643153146187
0
0
0.11037650541962046
0
0.2836934581315783
0.27189630481716826
0.2790691652102184
0.05116057040547346
0.0295628423905935
0.2850320237496663
0.2793205853722344
0.2847740376179479
0.2729460888991695
0.21575549976628272
0.0007952731000618379
0.016066249695366044
0.1385083944331032
0.2528512180710127
0.13299172505490736
0.00030700468866919306
0.026891525266739522
0.24585531274373235
0.11190087048578719
0.15904158486263187
