1.2596862164346856
12234102782176697e-29
3551100502473775e-20
0
0.0001605966613947468
7106430388881423e-25
0.00016310525555753212
0
0.0001697225282461812
0
0.0073570274098942534
0
8.286480737219467
0
7.582480230968636
0
29.109232450301743
22.91232954255839
0.13429680352810486
2.416386292213864
30818218743813006e-86
20.933397965415168
2.156937254162825
27184275014822383e-23
0
0.0010292155422599416
33083797677842326e-21
0.003373475100744913
0.0038109226686000937
0.028647946530140207
0.02934661358931225
4750670902785045e-21
17852264476784849e-25
0.005405686792712416
7883448355930874e-21
9085161025392142e-22
2384694166596271e-29
0.0013407661325469812
0.0016210540559452782
0.767657623991077
0.6597723888138592
0
0.1461280428298483
0
3.7761013615820893
3.5976949730361496
4.427608888057608
0
5.463403561326625
0
4.427629861547107
0.9602938030593994
20.63273472732262
24.17387949343621
0.39280531103967103
40.53578928945545
40.55567724472827
1.4959154433381223
0.0012270258849361789
0.022950139632217096
0.3745911626716985
33.481016159746574
0.06972428197249994
0.37157412242843135
2.258690733173631
1.632703650813667
35.87456148554747
0
35.79608278883998
0
15.157563039510636
0.00041223046665302896
0.00041215689243333676
0.12746587292606767
6.9824001726727305
1.312260436004249
2.317752191471792
0
0.0004042210434996393
0.15688360083297542
0.05884123266375348
0.028251245123773878
0.015019799744618692
0.00015910556243984005
8473392969084014e-20
0.0014840503745698417
1.9249970804792953
0.4723142533764676
0.014994815241093806
0.12279429672895811
0.006162553756170206
0.05983051984018884
0.0067216799829791785
14114136541249568e-22
0.0475106454040979
0.9519849284402082
0.021002862953890252
7722797354389932e-25
22414569366846577e-21
0.000809326682435849
0
0.8312748044591215
0.44466075278459644
0.06109570401519007
0
0.36206880294715926
0.018733913493799957
0.06318776933282727
0
0.00020136923176160547
0
0.19207489649043022
0.6156222244883861
0
0
0
0
408334674515267e-20
0.4350819496677769
29853708629164687e-22
9083225940218222e-20
0.38112918214315855
0.29264998685847415
0.22861577202051073
0.5546249386968359
0.0008908268862281701
0.691132386788927
0.0012211000667909444
0.5595443086709015
10380327131363097e-22
0.00011982663365630924
0.3485573697799032
0.0034119863407704194
1894283170808528e-26
0.17562242268446127
0.04590930697734811
0.20121850273900257
0.017676033995791512
0.028182058759448705
0.09569966876060389
0.208630740202424
0.25545493661538726
0.1569965940295617
0.2248465461076186
12236954696753279e-28
0.16233215867484044
0.16238657564752754
0.46487335678141806
0.5381709568132066
0.00022124583447304764
0.5380693073535839
0.5486506400689418
10.90976866640589
1.9894488935792718
2.8576458108315475
0.11876504529387512
0.44621746624446995
3.241028773847731
3.7190065672328165
0.7496775251304022
5.367702245103364
6.556260273353316
4.437716419072703
2.1906689492886557
2.8189781642626395
0.6174110428978701
30.12200490600236
619.1407529400147
5.631089351829853
4379.923539348361
1.1152257774040164
23.218403886607888
1.1697772515317575
45.06730739502739
1.3052991074543845
1.7913616459885102
1.1152248330403594
0.8946939844282673
1.057268159372063
63.19754458789479
0
0.000586315965661927
5710296670470891e-24
0
0.006885496018784209
0.006294146284557331
0.005939287750671542
0.00451807057100279
0.005046897203840712
0.009239948775995018
0.006408634496226501
0.008290835886943883
0.004308415480667061
0.005627161367647445
0.006487302366476451
0.015242627751594956
0.005389094183985391
0.007387512927285963
0.005988118329369142
0.007267710810898403
0.006580282322499435
0.014315898729105962
0.018735919276509982
0.008068896396977361
0.007872858412383981
0.001981223934698148
0.007433202936117361
0.016676066346097543
0.07186360190998782
0.039407633745344325
0.11147676520381028
9119732079187923e-20
0.009922633257568503
0.21154213296897043
5447371626518157e-21
0.07278958657134316
0.011171817638561324
0.0020449570626051125
5556876968584109e-21
12044230058185362e-22
0.10011514219913278
0.08738099484445322
0.004058807934736416
0.030579543667214014
0.01956800650533909
0.005838659958135947
0.012079939525656724
0.00048282897673371776
0.28487459077195926
15699129998869959e-25
0.06587045909737364
0.0004030051301478693
0.00961201558820091
0.01122119205339306
0.00015705588793163183
0.00017086817357252592
0.29202050122471146
0.0005199322222835737
0.05801267901467342
0.2252085711856971
12609145684768922e-22
2586164374114227e-21
0.00014472140049100784
11840271539081334e-21
0.0005944017580440845
15325555550581897e-21
14120534288541627e-23
10044038422114847e-22
19076901383137952e-21
0.07554297072055226
0.07613089203169109
4343762940272188e-20
0.00029370048856478356
0.017457066965484085
0.0081489209957963
0.08836187665195862
0.010548225414860678
27828683614232207e-21
0.12963904785731964
0.038215949861184616
8240520116208733e-22
0.23481930355666514
4571119225052666e-22
0.003471653163155234
0.0010107872590356828
2299456595303799e-27
0.2772193237844541
0.29201878407049287
0.01775949184826484
0.23704444379029022
0.2837430466014214
0.008725344268438075
0.184402280872783
20535640174474815e-26
5764783948337243e-21
0.0005096309172796093
9120478395542837e-20
0.1277947904717527
847312327779712e-21
0.00012876576347789945
0.16083186584014095
0.0009383554080095222
0.011829030127584966
12228931936593355e-21
0.13432412964068047
0.09514657745889117
0.022761845559664817
27447736252429804e-21
0.00015344448685159358
12006679276155425e-23
0.013764262807225999
0.15183032229562687
832680181665251e-23
10255014115128253e-21
9138831435887169e-21
9650033976971635e-20
12087103171109598e-21
0.2743696943313488
0.15688529165770898
0.004543242696698538
0.0014701187781421762
0.0415505789414444
0.005464118167121717
6637334900231356e-20
0.028220381525266635
8323543790331459e-20
0.0007432087236554901
0.07989785847438152
11000999848650737e-22
0.29030190531190575
0.2837430466014214
0.0018275016197463999
0.0004889183454194393
7563075089474779e-24
0.00101899247180988
10739431013517512e-24
0.010089618385162487
0.029338454998940864
0.0009037536745637669
0.0003411669662752054
0.00015049509478977987
26725978714532724e-22
0.006116854273384887
0.01525827568888754
0.022602619820934484
11069414991596217e-24
0.28449860071058863
0.06991681040314338
0
0
8177790528028793e-20
6712770718028149e-20
10336379813729147e-22
7552911191729265e-22
0.00017700784333244378
0.010236347386040213
0.005385290243060325
15204233623638575e-24
0.00018226918370265323
73287199870905194e-22
0.05140051991477384
0.012982505661858577
0.09871689255697912
38456355311630495e-23
0.05883062802841641
0.0076785927025762755
0.00012246162601641398
0.14318450613812284
0.00030270459171942665
16523107011767098e-29
8602099439443292e-20
37936258159035535e-22
0.00012471295342078543
0.017877476122393838
0.003489226525020609
0.00015498370147413453
0.00014114322038107354
38186113349992834e-25
0.0006048443058192319
0.02218605796296999
13347307284680679e-24
0.0018053009043134257
0.0018504792140217332
44187009767502015e-21
0.10833709027747099
4583776329909648e-20
0.27833634942785673
0.004741553021811318
0.17377436192510048
0.0030956210323102302
0.0006735117007500563
0.0005692301712744849
47371986627796854e-21
0.2902052669233783
11919716682182986e-21
2253013522735188e-20
0.008289396694237314
0.006387326267534791
219997133421938e-22
8737369996008777e-20
0.003053968324742029
0.12912795226119966
0.030098890158894772
0.00010011095464374745
0.0232887287377231
0
0
0.11040438715686726
0
0.28403584898593964
0.2721773275656221
0.27938388213677107
0.05116601773490451
0.029564606778759564
0.2855716377437699
0.2796366524949978
0.285315281366685
0.2732315644203993
0.21589179804087805
0.0007952743295363378
0.016066761463706624
0.13855469322621852
0.2530679244599496
0.13303394571456403
0.0003070048717778371
0.026892979902876927
0.24605355214318655
0.11192960575403069
0.15910532468921246
