0.0006472084939761176
30.592724628575663
133.23770442462657
0
122.51795015910473
0.00465208572850185
303.2467441434251
0
107.58231257869234
0
532.3402356362642
0
29.65384128335052
0
34.15614265743906
0
29.12427975114087
17.9386412144701
105.56916004400715
344.7816088411644
0.7558489377026512
45.69230543046846
1.315593532559103
1.0997927111563588
0
10.730351082079778
0.6424427890682017
6.605427134892129
0.0035837982821941227
3.0415981261865324
48.5922859888045
10.021039294910473
23.254249947062718
0.453737706946589
31.80907512496433
1.655960946405617
8362119357456089e-21
44.832981189709045
73.11832601195698
40.662698682992335
46.75095670190894
0
2.8535631276966202
0
185.47429607679646
37.45871907980066
4.788104656352617
0
16.652698641119436
0
3.0772173895847637
29.639674867631847
29.512239667145273
35.8959231903341
18.54106607664449
161.66017429648352
170.14841117971162
1.6169223945715199
0.1390528121465998
0.03255385415242168
18.091664605658035
51.00600696912551
1.0038076132379368
1.8648126384731234
0.014047965723975
0.029027192114608275
325.15911444931646
0
264.56446138907194
0
6.799127662426549
0.04471960936125615
254.24726809444488
13.020238079887047
5.683763407547417
0.9966852195151061
3.010179016303793
0
6342310043935604e-20
3.6508678087592394
0.06861063497222523
0.0019437933459534068
0.04482271314167149
0.007788595482569423
0.00042887072467832503
0.0016381950965527188
0.17695460945382502
0.6787106077996731
0.6949404063382182
0.10256515560270639
0.00957488320863306
0.08521805651259148
0.017400923292896647
2.2735899532663044
0.023933499669189208
2.894535486759071
0.015432700534362746
0.0253471570032623
9.682855630945081
0.00047657140801876945
0
1.2761300473332426
1.5346655807734644
0.2165683054702035
0
2.4124477551174444
0.0011435911425382967
0.04349844330423833
0
0.002620876537512562
0
0.21362010986626975
1.0255491592639339
0
0
0
0
1.384546428744366
0.5687374549775617
1.2068672486173162
5.869179763536338
0.2970425162875145
1.1092087913582434
0.13776417978489608
0.310081793283139
0.011381010994634518
6.585089511387409
0.0037097810043627373
1.6252315949380194
978579098325297e-21
0.06303304861219199
1.8619795436463547
0.24904992115433428
0.4505906637839411
0.012133079862349077
0.8567909588335957
0.1888899648806107
0.00040361196808626757
0.017057456194399946
0.986358349098721
2.3411674459944356
0.13338531372207071
0.07434324545121794
0.21636115107273338
0.0218235257341632
0.2829033976151745
376.90018529162217
0.3835231042613892
0.5896006513316896
0.15124032627354164
73.01588661076624
0.22684826580293496
6.4376123162819985
1.989934257402265
3.0881984738977306
0.18358835458347653
0.2769357630169506
3.2497599035285063
4.222944056491796
0.983404623895898
3.3578558280528887
2.812450051885389
4.154808990005353
2.1787345528832196
2.3039927683600476
0.39189280013039035
27.636487552589895
619.5849583767938
5.631425237961066
10680.816967643466
1.1152425144071627
23.219062535296647
1.1821806489903806
45.43417079751332
1.2257808501658207
1.7857365786926933
33.449182739796726
0.24701360908118553
1.0997777502558228
50.74302400806386
0
0.0005720713474683141
3013797625534019e-27
0
5655029254112428e-40
0.016911395010515584
0.02745105702671262
0.04518192144570945
0.022317816769023294
0.030100038930199774
0.04903221900777711
0.026305086560086385
0.04241753156044606
0.026007818704056083
0.021806483926824022
0.03989670823734347
0.0223557615019941
0.02260424441215578
0.02490008618335713
0.021026775777474423
0.03407386683710576
0.046636899899264735
0.05736133681888435
0.021030729854564622
0.027010533456573456
0.0019861845556241754
0.007503761451403994
0.017037654177850126
0.0794215616745695
0.04152267308876082
0.1315610156979535
9120779396250316e-20
0.010048973269486252
0.3142337959082499
5447408987446916e-21
0.08056036993554745
0.01133235957352099
0.002050242608665576
5556915846708762e-21
1204424832228456e-21
0.11583580002977821
0.09897860516594065
0.004079709747812568
0.03182993612705078
0.020068743819657307
0.005882060247559396
0.012267974496922197
0.00048312275673841027
0.629534572747843
1569913002990059e-24
0.07213307426711496
0.00040320977044699306
0.009730498162735931
0.01138317173158676
0.00015708695330064805
0.0001709049442611958
0.8027669409736005
0.0005202729123957905
0.06278482106738177
0.34991070049992806
12609165702347664e-22
25861727949181787e-22
0.00014474777737328456
11840448050264218e-21
0.0005948470936521587
15325851272975965e-21
1412053679893373e-22
10044051123665457e-22
19077359599409827e-21
0.08396711759762188
0.08469857509905257
434400051872982e-19
0.00029380915354075023
0.01785392913001502
0.008233838459037636
0.10025004607567306
0.010691171785210181
27829658710166986e-21
0.158218640197871
0.04020002767111248
8240528665873982e-22
0.37796776242999053
45711218558334247e-23
0.003486927878548561
0.001012076069677378
2299456595310469e-27
0.5642185685568544
0.7838001576278132
0.018170469547880166
0.3848917583633102
0.999353000900265
0.008822808545803975
0.25386332699955744
2053564017978423e-25
57648257901013534e-22
0.0005099582347104719
9121525884042082e-20
0.1554188747728908
8473132316933287e-22
0.0001287866442073569
0.20934077507452784
0.0009394659749452432
0.012009246781282054
12229120226168279e-21
0.16543266210673518
0.10916637056277334
0.023443721074405035
27448684834191948e-21
0.00015347413978661795
12006681091190885e-23
0.014009194496940826
0.19379212132163973
832680190394876e-23
1025514652492679e-20
9138936590424751e-21
9651206647623684e-20
1208728711847043e-20
0.5451898195194731
0.20243582207608787
0.004569455941236209
0.0014728474576450505
0.04391257246759908
0.005502101629837494
663788962953828e-19
0.029280156189910173
8324416207136927e-20
0.0007439051435232654
0.08941944208798755
11001015085823966e-22
0.8832843294338609
0.999353000900265
0.0018317210877704187
0.0004892195858434888
7563075161491947e-24
0.0010203023119530242
10739431158729128e-24
0.010220288771540539
0.03048648732562373
0.0009047837800763532
0.0003413136065192206
0.00015052361858937415
2672606864536551e-21
0.006164514310170591
0.015560148385824278
0.023274773940363237
11069415145868761e-24
0.9889143027331361
0.07703851098202164
0
0
8178632656311663e-20
6713338129215357e-20
10336393265422363e-22
7552918374112272e-22
0.00017704730445815807
0.010370884273556842
0.0054221801040923254
1520423391468909e-23
0.00018231102597528895
7328787611184002e-21
0.05509254597819537
0.013200071949909176
0.11394659469550597
3845637393146192e-22
0.06374725999723213
0.007753922375057279
0.0001224805120049261
0.17949596566349532
0.00030282002357082094
1652310701177045e-28
86030312308238e-18
3793643935615211e-21
0.00012473254027334292
0.01829402993070512
0.0035046567886687567
0.0001550139523831149
0.00014116830890181816
38186113533583114e-25
0.0006053054354454518
0.022833124043676673
13347307508979364e-24
0.0018094183042849537
0.0018548056424531987
44189468236113504e-21
0.12714698226303392
458404088957456e-19
0.5722630803827055
0.004770115429749483
0.23303943532304883
0.0031077572923109073
0.0006740835513163137
0.0005696385681303826
4737481229656574e-20
0.707690285277418
11919895570027631e-21
2253077435156117e-20
0.008377290933722813
0.006439321303021515
2199971395155277e-23
8738331325654332e-20
0.00306577924947361
0.1574405223954012
0.03130908977087765
0.00010012357537561674
0.02400329351491694
0
0
0.1300473074408428
0
0.6208488635705853
0.5317578291474688
0.5801628596697342
0.054822559897759374
0.030730945947986088
0.9733176554212496
0.5821255668916309
0.9771356694419109
0.5381003311233481
0.32512436346585816
0.0007960718214479306
0.016402005543839457
0.17207675426164187
0.4410077383417911
0.16343125021564758
0.00030712360758507624
0.027852805089648245
0.41492372077965456
0.13220212944191964
0.20630262458949797
