1.317825923577931
7877439138563807e-33
6363807586869873e-22
0
30861956932705915e-21
13776122073005863e-26
3114693735479769e-20
0
31880861399407756e-21
0
0.0033720185269981687
0
7.767333419783499
0
7.181738593711185
0
30.184064165704676
23.965589463957212
0.06240866156128753
0.9924959629530636
2503117421749327e-92
23.6990517631036
2.1494528971964204
4821970949461558e-24
0
0.00019642028649499168
6172863004243786e-21
0.002046416782921132
0.0038086768703081697
0.01592160487650193
0.017803143748342458
22664885030607184e-22
4477392616100533e-25
0.003001984232414761
3750817555337451e-21
38036607877207013e-23
67219273861173186e-31
0.0002560507304355337
0.0003095824029533669
1.503878308442695
1.4120606440516845
0
0.34906006002434664
0
4.018508841826377
3.7207450621706366
4.405764504770622
0
5.420359048561968
0
4.425269914285712
1.5910671065897894
21.348795316096744
25.135466736336806
0.38956536720365254
37.50738809256207
42.772473849601695
1.4692246798412743
0.001296636762893168
0.024030785540254437
0.39991110870138935
33.440747090877984
0.1560840430105265
0.39454177404968443
2.237219869153067
1.5494995243885914
37.76764743619491
0
37.63893708233822
0
15.23187854522187
0.0004920233482117163
0.000491886830560983
0.13490189780781184
6.98223955088321
1.3071039218464373
2.2894426016137115
0
0.00044730214156933325
0.27631923913762346
0.05815405535583106
0.02766868614224535
0.01688665023984384
0.00018015561584215886
9288430530854337e-20
0.0014701560913111386
1.928299156514964
0.4666432463817069
0.008421691280674189
0.1238841541577739
0.007043367581525849
0.061847824181991216
0.0071726494277069295
2586727190267708e-22
0.048199986294574886
0.9035353781104538
0.02074377355347165
8263064406899069e-26
423870505672207e-20
0.0008332258977999429
0
0.8125562252002491
0.43250402961291884
0.06767354448304076
0
0.344480824195808
0.01696493185365209
0.06199261243222576
0
0.00018440948677327099
0
0.19116499408812093
0.5996735373265843
0
0
0
0
19623308608941423e-22
0.435869848147685
5767919369132729e-22
27085985852899538e-21
0.3774423917873003
0.27912149514227336
0.22913886207765408
0.5500761029824844
0.0009557464337455755
0.6738494052435628
0.0012742012563716606
0.5828452209943679
10368028242121558e-22
0.0001266421528738165
0.3474436965876347
0.0018954323462987669
46808647831818376e-28
0.16802067494031742
0.03794381796337955
0.1985326808947738
0.017843517175626492
0.028906366529017753
0.07848497464560968
0.1831511986071742
0.253646068359203
0.16088396470086322
0.22099788435450976
2993877287430772e-28
0.15362723990841637
0.15367444066439548
0.4610861073630292
0.5358479025770442
0.00021504804361124216
0.5357555745660031
0.5632722670899902
10.900882407993539
1.988391042585826
2.851466999281646
0.11898343652717108
0.4459009849375389
3.23777856744103
3.706077456304484
0.7513635417361895
5.358876607551647
6.537791774419485
4.275309157219899
2.186925813371238
2.8149693145089802
0.6299894200562501
30.11255439712999
619.1202481849701
5.631073841816354
4203.289795202596
1.1152250045313603
23.21837347208267
1.1692076433671894
45.050438172648434
1.3054421974660895
1.7913526606176728
1.1152240599981202
0.8868622399072376
1.0553453277140883
63.59158467034457
0
0.0005853151259192661
5958921659315646e-24
0
0.006466154708935898
0.005954808950041603
0.00556226528987003
0.004093802235289671
0.00472056697801924
0.008852432522674128
0.00585500655118823
0.008047132702606348
0.003909696081407364
0.0052637886731560475
0.006161378486221701
0.014674838152546282
0.005060052228448162
0.007059592823398971
0.0056166176349490265
0.006954234604135998
0.006369934584920729
0.013658201911557043
0.01769597069182277
0.00771133305198581
0.007491522181967918
0.0019809951634248008
0.007429960770268724
0.016659555628122966
0.07153251636897336
0.03931261133416575
0.11062726913471638
9119683719248816e-20
0.009916837670512907
0.20771168978248614
54473699012772e-19
0.07244943735979927
0.011164459344385601
0.002044713316895033
5556875173282696e-21
12044229214789299e-22
0.09944311589730197
0.0868795653184614
0.004057845325003462
0.03052300484480211
0.019545187752202826
0.005836663579627042
0.012071326434589814
0.0004828154149224206
0.2746323168839659
15699129997437026e-25
0.0655947774515995
0.0004029956828091932
0.009606579302471859
0.011213768110568461
0.00015705445354826693
0.00017086647577250553
0.2786975396751007
0.0005199164953386368
0.057801293302820876
0.22067226598659515
12609144760401064e-22
25861639852603165e-22
0.00014472018257955768
11840263388238994e-21
0.0005943812014610674
15325541894897098e-21
14120534172617134e-23
10044037835585021e-22
1907688022396419e-20
0.07517506203037283
0.075756897939471
43437519697250516e-21
0.00029369547162135315
0.017438955334714228
0.008145020914533275
0.08784832347536212
0.010541670824029353
27828638587229342e-21
0.12845187315726003
0.038126732840710394
8240519721403838e-22
0.22971421314014343
4571119103568924e-22
0.003470949428248205
0.0010107277841984415
22994565953034903e-28
0.2682698797603991
0.27900371110293254
0.017740739949482606
0.23179760056774595
0.267716706461918
0.008720869677242603
0.18170013440151817
20535640174229644e-26
5764782016182113e-21
0.0005096158075420497
9120430027687859e-20
0.126645122120348
8473122860389532e-22
0.00012876479933260885
0.1588859814291646
0.0009383041561460822
0.011820773750590473
12228923241856723e-21
0.13303822867699558
0.09454456152173922
0.022730841575780553
27447692449760847e-21
0.00015344311768138006
1200667919234101e-22
0.013753056409171042
0.15012903625979732
8326801812621354e-24
10255008000770506e-21
9138826580106542e-21
9649979829010862e-20
12087094676884645e-21
0.26580636155018905
0.15504940532858402
0.004542035864558005
0.001469992895788701
0.041444629943549596
0.005462370520525434
6637309285147683e-20
0.02817238080799393
8323503506212748e-20
0.0007431765802403406
0.0794835378195729
1100099914503145e-21
0.27576199573203886
0.267716706461918
0.0018273070087637849
0.0004889044392675051
7563075086149179e-24
0.0010189320268502665
10739431006811956e-24
0.01008362482877543
0.029286498342241934
0.0009037061348509378
0.0003411601962668878
0.000150493777752777
2672597456172805e-21
0.006114662358188938
0.015244478202535527
0.022572054439399643
11069414984472245e-24
0.26859275565195323
0.06960433797994187
0
0
817775164245475e-19
6712744517361203e-20
10336379192559377e-22
7552910860062467e-22
0.00017700602131519484
0.01023017709522513
0.005383592824428235
15204233610198485e-24
0.00018226725174869094
7328716864370738e-21
0.05123613827640574
0.012972545996897402
0.09806502431485953
3845635445180706e-22
0.058612981782903764
0.007675131873021046
0.00012246075397252557
0.1416978531454559
0.0003026992623883663
16523107011766929e-29
860205641376397e-19
3793624979176422e-21
0.00012471204901645834
0.017858471351792252
0.0034885156320188467
0.00015498230469498036
0.0001411420619549792
3818611334151504e-24
0.0006048230203348178
0.02215662482952803
13347307274323067e-24
0.001805110998139522
0.0018502796728288315
4418689624402541e-20
0.10753911865515538
4583764113483484e-20
0.2692248044483132
0.004740238210415616
0.1714354478961458
0.0030950617522167464
0.000673485305645058
0.0005692113194622426
47371856148575846e-21
0.27850185648550474
11919708421592815e-21
22530105714411654e-21
0.00828536027787668
0.006384935416307103
21999713314054895e-24
8737325606432893e-20
0.0030534240221459677
0.1279512474468219
0.030044149837515573
0.00010011037188398659
0.023256250444622633
0
0
0.10957270734832453
0
0.2739621546485104
0.263888562799005
0.2701138634303444
0.051003186690359116
0.029511830156781493
0.2698506974057718
0.2703273744379951
0.26954853744554336
0.2648129586057989
0.21184835944395727
0.0007952375223831227
0.016051447215156507
0.13717528192105088
0.24665992020680003
0.13177573182991942
0.0003069993899231822
0.02684946510816066
0.2401873345451678
0.11107251794530835
0.15720810329590174
