1.4198091801644386
6497061959666082e-38
553480909345305e-24
0
5843056737019505e-21
26535526862472495e-27
5874383169981992e-21
0
5953251051848153e-21
0
0.001364530855424485
0
6.166990474829885
0
6.072460041855792
0
30.83366277058813
24.9777472865236
0.027201444583831304
0.1594415004083322
1941952872577976e-99
35.21438412372288
2.1465417306462946
3949590434232566e-27
0
10746092631680164e-21
3024952225608173e-22
0.0011269054137694947
0.0038047684752131085
0.007093357537245784
0.009804196355655487
9483636789023165e-22
11639097959852367e-26
0.0013373901259509029
15606738137581814e-22
13280720185721113e-23
21210565589051404e-31
14053245229571652e-21
16989228939709102e-21
2.0594558958491183
2.0379493201753514
0
0.7249489889358892
0
4.222250297653326
3.8016773371307018
4.3671393450061435
0
5.3403605337124604
0
4.420156176922184
1.9879188549052018
24.542641126684366
29.484842113165353
0.49665446910061073
28.75709021554955
53.66016789251796
1.437935598965477
0.0017466929955491598
0.02869648034106927
0.5513896414744026
33.30643690252795
0.3058639607916925
0.5080380135342186
2.2194068780004965
1.3149961151145162
47.29678253161229
0
46.7769717450238
0
15.20490311954538
0.0009470118533852897
0.0009461811577973744
0.18351070924533752
6.981283318585346
1.2873787758273905
2.240510902656748
0
0.0006364150725625075
0.2697922492488011
0.05729073580262399
0.026738714623549497
0.023702877643349406
0.00022345214911971854
0.00010684828565381221
0.0013936288775659418
1.938678561871877
0.4556950718656423
0.0038250587283660395
0.133038002918998
0.010866073254639516
0.069097046022438
0.008467070373678168
5204656388913258e-23
0.05352677590469215
0.768510928770875
0.021154001827015163
8050697873942482e-27
9009653459962766e-22
0.0009532943698755473
0
0.7835457899362834
0.410303270186088
0.09320607369697134
0
0.31385653029231864
0.01154190904367016
0.059018294884083625
0
0.0001377063844944949
0
0.18959788058046986
0.5726969509833897
0
0
0
0
8318840797398268e-22
0.4383545149664384
1269636050927583e-22
32590331140114223e-22
0.3708956984052245
0.2578078260849178
0.232336238075962
0.5427833226089018
0.001362422393303159
0.6256382568249323
0.0013216123913804597
0.6025007744878323
10350598658788478e-22
0.0001764370835388894
0.3616019143676393
0.0008463237774009833
3828635886116483e-28
0.14068321788768073
0.026415215911134802
0.1936930762409509
0.01817709856359332
0.030213550864883046
0.054043262594255244
0.14362762048350733
0.25074056190726335
0.1678426177468342
0.21551973746121994
24160198348036732e-30
0.1406618873486014
0.14070023818984145
0.4548036564500842
0.5316268644824818
0.00020608377764779175
0.5315441303631072
0.5892355080279719
10.926558666286232
1.986347195196531
2.8420695920204264
0.11980797926818984
0.44683022908556413
3.231567292318622
3.686431808547912
0.7562984160385284
5.3568937324469905
6.527115679524446
4.012495929592408
2.180044965223748
2.812305590491235
0.6539531706674373
30.02291275056849
619.084282294683
5.631046635699139
3910.4867857135123
1.1152236488314597
23.218320121852916
1.1682091596922892
45.02086300555581
1.3056724621308236
1.7913368748552112
1.115222704000679
0.8732275354715541
1.0519809182570654
67.38966952290025
0
0.0005871518558175588
63949854908418656e-25
0
0.005766222779709895
0.0053937759439715025
0.004957134293051197
0.0034433503764571215
0.00421873057260187
0.008198430693707522
0.004995383794764255
0.007610503457919336
0.0032980227128085716
0.004680888076310267
0.005628921528641381
0.013730853398558975
0.004530202879344963
0.006518060972787294
0.0050210851135215635
0.006436891243110266
0.005979946818720122
0.012572947666129144
0.016016144241154086
0.007122039076896498
0.006867487511061134
0.001980593937981203
0.007424277080549762
0.016630633541537463
0.07095543719409769
0.039146484989736496
0.10915276902685533
9119598891369437e-20
0.009906679767192384
0.20115945581370942
5447366875021595e-21
0.07185661431412323
0.011151563815253847
0.002044285831058771
5556872024133652e-21
12044227735382663e-22
0.09827518790105552
0.08600694473737625
0.004056157356130154
0.030424082098292962
0.0195052254782409
0.005833163367178715
0.012056232984246447
0.00048279162697690837
0.2575477173945414
15699129994923503e-25
0.06511398643199895
0.00040297911170297665
0.009597050902281844
0.0112007575840461
0.00015705193751827282
0.00017086349769066645
0.2567789892581833
0.0005198889097463944
0.057432359003818774
0.21293469545535101
12609143138961257e-22
25861633031691625e-22
0.0001447180462575389
11840249090804442e-21
0.0005943451447358965
1532551794139669e-20
14120533969273196e-23
10044036806749128e-22
19076843108569964e-21
0.07453403364498747
0.07510530474961188
4343732726280468e-20
0.0002936866715736898
0.017407230976896216
0.008138184263591877
0.08695469543715367
0.010530183208305234
27828559605232675e-21
0.12639564177512913
0.03797073946549748
8240519028873928e-22
0.22102596175530667
45711188904734614e-23
0.0034697153466123924
0.0010106234674339776
22994565953029543e-28
0.2532637959488542
0.2575593065715298
0.01770789492961928
0.22287304021351223
0.24176014526676778
0.008713026308435354
0.1770555723661869
20535640173799536e-26
5764778626977198e-21
0.0005095893045304919
9120345185923348e-20
0.12465340717092718
847312212821208e-21
0.00012876310813622063
0.1555293873499873
0.0009382142616647358
0.01180630510090488
12228907990374873e-21
0.130812284427908
0.09349774750902094
0.022676559249421437
27447615615369496e-21
0.0001534407160400862
1200667904532158e-22
0.013733421224147243
0.14719071621450186
8326801805550278e-24
10254997275542705e-21
9138818062554881e-21
9649884848437695e-20
12087079777121181e-21
0.2514258757128588
0.15188080572968424
0.004539919726367908
0.001469772110730471
0.041259436230354246
0.005459306311797338
6637264353793601e-20
0.028088379553068112
8323432844036475e-20
0.000743120200614692
0.07876195809894658
11000997910808142e-22
0.2519942845009749
0.24176014526676778
0.0018269656903705312
0.000488880047347003
7563075080315717e-24
0.0010188260085952406
10739430995049678e-24
0.01007312008943579
0.029195582972857348
0.0009036227511570068
0.00034114832127365383
0.00015049146755703388
26725967277266625e-22
0.006110819401889566
0.015220306067919251
0.022518539302086374
11069414971976059e-24
0.2428099408053106
0.06905959743252199
0
0
8177683433450896e-20
6712698558839744e-20
10336378102961345e-22
7552910278283508e-22
0.00017700282534762157
0.010219362728756553
0.005380616663070083
15204233586623133e-24
0.0001822638629445409
7328711386789903e-21
0.05094906413407315
0.012955094133151126
0.09693195816730493
38456352943584905e-23
0.05823315014874848
0.007669064975662591
0.0001224592243293967
0.1391272922711639
0.00030268991439906545
16523107011766674e-29
8601980942646425e-20
37936235114681033e-22
0.00012471046261050604
0.017825183741780527
0.003487268999594443
0.00015497985462555253
0.00014114002997483698
38186113326644115e-25
0.000604785685130889
0.022105090257188185
13347307256154703e-24
0.0018047779306784113
0.0018499297082350506
4418669711242584e-20
0.10615356215573721
45837426846457236e-21
0.25395671899027045
0.004737932771392982
0.16740852668967637
0.0030940809592534544
0.0006734390083101111
0.0005691782528779628
4737162727495293e-20
0.25910129509182567
11919693931649123e-21
22530053945655427e-21
0.008278284719463203
0.006380743769355985
2199971326469627e-23
873724774292e-16
0.003052469491569109
0.1259130234505119
0.029948369832324073
0.00010010934966931205
0.023199389418547607
0
0
0.10812895672897768
0
0.25714710887374176
0.24995423342804185
0.25459001318603147
0.05071881434192719
0.029419481793820628
0.24433595450740847
0.25474022025794607
0.2439672311683283
0.2506675136898306
0.20493779876778576
0.000795172962819592
0.016024619637931933
0.13478873619577242
0.2358090338236208
0.1295973663048937
0.0003069897744010037
0.026773305516470884
0.23023316106060326
0.10958491688657764
0.1539346563710574
