0.0008851343766368609
30.897328597227183
132.69506836540648
0
104.34212343888986
0.0044465946099144634
299.70996134328243
0
113.12118422972544
0
435.21983639806797
0
29.524637608855485
0
34.1414116847735
0
29.30768804635494
18.37213694058639
106.46600853272604
241.3380739891439
0.42401906162046077
37.09672025124049
1.3570136147198906
1.0923230072053478
0
10.715929824687656
0.6373160946142608
5.886763365921135
0.0036020679855264747
3.097405555809134
44.04430354190444
9.822585555228304
22.64965183821588
0.47972435037707434
31.044203295281065
1.5020397256687972
8847591739244139e-21
44.589362356019755
72.51193725784796
25.301670550804186
46.60052569363794
0
2.8599051555586676
0
147.14820884156984
38.68988709331345
4.611642009558603
0
17.516199240559622
0
2.3954137924060754
26.293375159731784
29.56408499321446
35.97040279177135
18.541059053310196
180.92510858866578
67.9549247592103
1.2797262732035282
0.15333669085078605
0.012429549214091524
19.198690641004482
50.847789930212834
1.008339043842546
1.6953919908328658
0.01483857235778319
0.039410351940884186
318.2552083169397
0
267.30108878778327
0
6.814618217695818
0.04524410202568031
227.39524207358505
14.119573479707949
5.014473413402776
0.9867042750142531
3.014087788258887
0
6570827496744024e-20
2.1823148770464997
0.07073776355920358
0.0020068339464968266
0.043730960622407486
0.007626022193284902
0.00041733686930253374
0.0016341882604019046
0.1859740494200638
0.6786256452212475
0.613897157139885
0.10706305012503124
0.008310813002040632
0.08873415301707022
0.01837743699764375
2.264064893478014
0.025125534004886253
2.3601954812986365
0.016113457639415633
0.026496396176118417
8.578447583374787
0.0004894943209267326
0
1.276255290406328
1.525847663048354
0.2110663709056033
0
2.4117432640115806
0.0003568273539496092
0.03618886156157909
0
0.0025793971674490435
0
0.21361567440187545
1.0254580863230571
0
0
0
0
1.3598532915960482
0.5688831307937139
1.2035237001173893
5.864543801435951
0.29741456293236757
1.129547478787742
0.13848497100576937
0.2450155342597436
0.013124764510012599
6.546527970526627
0.0037159376873045244
1.6267149794881723
978652686190655e-21
0.06763455642201432
1.8742431704895972
0.26052409350836647
0.4558584305763957
0.004507933367183609
0.8562919334249743
0.18892768584490563
0.00042867904557283414
0.017536745714716594
0.9853972064967246
2.341095679458403
0.13349348141308923
0.07633342098203431
0.22309278706021565
0.02245711294058833
0.2924438074843544
212.29913758709995
0.39096501847376514
0.5895793507239603
0.14759200969501954
60.934144594156045
0.2355053699252314
6.64377572577749
1.9895553486035238
3.086772343568319
0.18366728467699994
0.285121891085357
3.2487133581425596
4.219699775499418
0.9836704038030205
3.45951551582527
2.919064024127086
4.26437711689225
2.190019321769935
2.3852009850755946
0.4021792994189644
28.298285137744163
619.5848744033292
5.631425174485364
10679.017882053766
1.1152425112442776
23.219062410827263
1.182178292687819
45.434101188437424
1.238810946450161
1.7873063868752237
17.708935765931134
0.2622741003122486
1.0997695576913464
50.10487522416544
0
0.0005869069223683298
4017489489777826e-27
0
861751533870249e-37
0.01753104364876241
0.0284508955572703
0.0467894015925422
0.023124689472012787
0.030973431227646425
0.05080186826216671
0.02724678337866041
0.043936041922412766
0.026955866464325483
0.02259760574678568
0.04135339273478976
0.0231703809082903
0.023420934136610647
0.0258080198717716
0.021783984028009396
0.03529230456345148
0.04831961552212181
0.05947021835841634
0.02182618535569738
0.027995081605024164
0.0019861836170224547
0.007503748054592425
0.017037585111708373
0.07942006082641585
0.0415222628640443
0.13155689731896847
912077919832305e-19
0.010048949243159641
0.31421029852086085
5447408980386636e-21
0.080558825737228
0.011332329018331507
0.0020502416085442935
5556915839361778e-21
12044248318833114e-22
0.115832607360961
0.09897627414026958
0.004079705787758119
0.031829695069618726
0.020068647992926625
0.005882052015623581
0.012267938688083848
0.00048312270120468736
0.6294402480671139
15699130029894722e-25
0.07213183624865015
0.0004032097317654423
0.009730475635180268
0.011383140901774766
0.0001570869474295145
0.00017090493731173698
0.8026135481964528
0.0005202728479930663
0.06278388314820575
0.34988156406379495
12609165698564851e-22
2586172793326861e-21
0.00014474777238828042
11840448016907917e-21
0.0005948470094637087
15325851217091516e-21
14120536798459333e-23
1004405112126519e-21
19077359512817744e-21
0.08396544003228582
0.08469686817841374
43440004738323955e-21
0.0002938091330020763
0.01785385328738265
0.008233822328521549
0.1002476547768439
0.010691144589853605
27829658525895778e-21
0.15821268366852426
0.04019964316467443
824052866425831e-21
0.3779337656377733
4571121855336278e-22
0.003486924985681886
0.0010120758259702487
2299456595310469e-27
0.5641428040281504
0.7836539290389948
0.018170390992097836
0.3848565044579497
0.9991152572392428
0.008822790025102842
0.2538479914312985
20535640179783226e-26
5764825782194314e-21
0.0005099581728360685
9121525686082426e-20
0.15541312719495706
8473132315225122e-22
0.00012878664026111806
0.2093303471620608
0.0009394657649526313
0.012009212466915756
12229120190586129e-21
0.16542614999021707
0.10916353496596742
0.023443590306803316
27448684654931367e-21
0.00015347413418243712
1200668109084789e-22
0.014009147801849104
0.1937831850083313
8326801903932262e-24
1025514649990459e-20
9138936570553141e-21
9651206426005729e-20
1208728708370886e-20
0.5451190799710793
0.20242607076821972
0.004569450973349013
0.0014728469415168776
0.04391211366114072
0.005502094427057206
6637889524704373e-20
0.029279952206341865
832441604226403e-19
0.0007439050118562526
0.08941753958163254
1100101508294453e-21
0.8830986150700411
0.9991152572392428
0.0018317202894802148
0.0004892195288992918
7563075161478337e-24
0.0010203020642680478
10739431158701689e-24
0.010220263919024225
0.030486266187582527
0.0009047835853021171
0.00034131357880204513
0.0001505236131986014
26726068628370872e-22
0.006164505268663367
0.015560090779160096
0.02327464505073476
11069415145839605e-24
0.9886815010999427
0.07703709885057676
0
0
8178632497162951e-20
6713338021984759e-20
10336393262880332e-22
755291837275498e-21
0.00017704729700019262
0.010370858683241089
0.005422173109042516
15204233914634097e-24
0.00018231101806727177
7328787598404735e-21
0.05509182380724599
0.01320003049296237
0.11394350532117611
38456373927943247e-23
0.0637462931021321
0.007753908070106564
0.00012248050843568652
0.17948829924970094
0.00030282000175302197
1652310701177045e-28
860303105472974e-19
3793643932191045e-21
0.0001247325365716427
0.018293950302916175
0.0035046538663103303
0.000155013946665916
0.00014116830416031393
3818611353354843e-24
0.0006053053482706486
0.022832999999151934
1334730750893698e-23
0.0018094175253161543
0.0018548048239150378
4418946777151347e-20
0.12714313561035517
45840408395781685e-21
0.5721851396507756
0.004770110015970019
0.23302651260114712
0.0031077549943819894
0.0006740834432054581
0.0005696384909262421
4737481176257136e-20
0.7075710813440418
11919895536222194e-21
22530774230781462e-21
0.008377274236247598
0.006439311437424818
21999713951437606e-24
8738331143977843e-20
0.0030657770132040446
0.15743462431272287
0.03130885653800805
0.00010012357299047384
0.024003156430254344
0
0
0.1300432832899599
0
0.620757124157086
0.5316905327974573
0.5800827518921717
0.05482184478769859
0.030730721249266905
0.9730921409964408
0.5820449160998478
0.9769083818460327
0.538031419624058
0.3250992089870725
0.0007960716706670155
0.016401941535087304
0.17206970853836925
0.4409614538700035
0.16342489472048446
0.00030712358514273507
0.0278526205090883
0.41488275007516406
0.13219797082494467
0.206292497176278
