1.441912942613915
33295219587747223e-39
12029573826643857e-26
0
44751083618156155e-22
2039645893373088e-26
4497060639140701e-21
0
4552140645779616e-21
0
0.0011944916966696965
0
5.386285596802177
0
5.62492301070791
0
30.786931219548496
25.12099801495417
0.022864823775344996
0.1032591046603097
14226246897870382e-101
41.85362216238656
2.1504486736933224
8452049159409644e-28
0
572448827713918e-20
15678522011877592e-23
0.0010387631546147406
0.003803924081859784
0.006247110981173543
0.009037420530203245
8340016005984171e-22
9593279443376446e-26
0.001177951739419858
13707204661653237e-22
11289238814956133e-23
1818715305699765e-30
7492176969684098e-21
9057477393749194e-21
2.081681454659049
2.0759685611227736
0
0.7820540132182896
0
4.187841562306214
3.6343830180171532
4.358215770401497
0
5.322969421735707
0
4.418218502506571
2.084341424395223
25.915387552511937
31.400782400626472
0.5672666788342146
24.69930849318033
59.91175103691977
1.430433090263505
0.0021215221260109753
0.030766103328947584
0.6734094441801611
33.24005950263762
0.33024105277166227
0.5707940255537614
2.2177683945960536
1.2649040346603033
52.61193061393515
0
51.714664063482566
0
15.112272723216206
0.001318239877008277
0.0013162207554222186
0.2237428848972779
6.980508242927963
1.277119841723229
2.229940783663654
0
0.0007288675066054629
0.23810852536603214
0.05716677001854668
0.026527304180825037
0.02702899958830833
0.00023111910654498484
0.00010877301502096499
0.0013744592632641752
1.9440782068212579
0.4529507225432646
0.0033871745448492744
0.13480151138841423
0.012664802168503674
0.07108691203669729
0.008878510416635118
43038133920458466e-24
0.05478376686714909
0.7135850362113564
0.021256117987609353
59726429294058e-25
7538883368139194e-22
0.0009801838113463765
0
0.7770900678510411
0.40471289244651465
0.10614700673097549
0
0.3070021968587767
0.008988383630063263
0.05787778164390713
0
0.00011720013666402122
0
0.18926687665698783
0.5670281819751738
0
0
0
0
7332947271629291e-22
0.4391011042243567
10700567545078397e-23
2079231723658328e-21
0.36946430797382906
0.25370913013655433
0.2328813289816732
0.5412198263187673
0.0016818319113666902
0.6157700267733325
0.0013250586498350472
0.6037615975986939
1034723282174994e-21
0.00021687178672155622
0.3656538251805198
0.0007468659100196807
22068114204502347e-29
0.12321169980286646
0.024296744150576945
0.19262812694699602
0.018295040389150932
0.030548066870562537
0.04965897144285365
0.1359243293581584
0.2501252529784943
0.16956656924053157
0.2148297001481975
13906695395448106e-30
0.13826789668403608
0.13830231587939654
0.4534687849433848
0.530689204579174
0.00020423481484826625
0.5306015536179252
0.5955206604744393
10.954805980321227
1.9860353563382767
2.8407659064710162
0.12007052291351805
0.4478469335410582
3.2305822486703275
3.6836861098440634
0.7577417261109234
5.363488584767795
6.536062247044577
3.9635121503711965
2.1786702352573952
2.8157690069707533
0.6601203321673338
29.962984450457903
619.07648735436
5.631040739086258
3849.7648800258935
1.1152233549984583
23.21830855878662
1.1679928616662933
45.0144554700875
1.3057240994398247
1.7913334498673137
1.115222410103177
0.8702910063648407
1.0512531344280713
68.28100677642476
0
0.0005890056665532926
6489872198970881e-24
0
0.005624539000182952
0.00528644913099782
0.004842671161894048
0.003321933879262166
0.004121596583675333
0.008069551112045697
0.0048338939535178
0.0075271049249352046
0.0031834532962087955
0.004570623857795569
0.005528702184314782
0.01355676104830762
0.004430130227537168
0.006416306910199834
0.004908615885348551
0.006340163017218038
0.005896176463138722
0.012368185382762591
0.01570051421205091
0.0070114457460879265
0.0067503083090161365
0.0019805069874427816
0.007423045775987621
0.016624371617266147
0.07083097671655404
0.03911057157812966
0.1088357876127583
9119580505952584e-20
0.00990447952437161
0.19976681151020967
5447366219113807e-21
0.07172876735052011
0.01114877081408145
0.002044193189935206
55568713415900595e-22
12044227414737378e-22
0.09802386645898555
0.0858189724361219
0.004055791599817267
0.030402683977621865
0.019496574869161905
0.005832405010992647
0.012052964132180351
0.0004827864713528012
0.25398729790645286
15699129994378722e-25
0.0650102457700461
0.00040297552018565776
0.009594986971590252
0.011197939684843894
0.00015705139220143215
0.00017086285223063963
0.252260517941803
0.0005198829310620857
0.057352707525885636
0.21129376775921854
12609142787531832e-22
2586163155333341e-21
0.00014471758323711845
11840245991993173e-21
0.000594337330121018
15325512749740758e-21
14120533925200605e-23
10044036583760144e-22
1907683506422118e-20
0.07439582007176276
0.0749648196586331
4343728555484245e-20
0.00029368476429377107
0.017400362680499482
0.008136703250628697
0.08676221309963608
0.010527695043571851
27828542486772882e-21
0.125954334427435
0.03793701384338576
8240518878775607e-22
0.2191866422390303
45711188442873393e-23
0.0034694479306913995
0.001010600859328738
2299456595302838e-27
0.25012372799785854
0.253133313949383
0.017700784150534703
0.22098450962598648
0.23647496283732888
0.008711327273855561
0.17606467420428118
2053564017370632e-25
5764777892404131e-21
0.0005095835604725309
9120326797497068e-20
0.12422587187797017
8473121969520582e-22
0.0001287627415907133
0.15481128424183282
0.0009381947791485647
0.011803171514236873
12228904684784452e-21
0.1303347676717911
0.09327239468453148
0.02266481124834851
27447598962378613e-21
0.00015344019551539472
1200667901345672e-22
0.013729169208950317
0.1465614893227308
8326801804017698e-24
10254994950967626e-21
9138816216469178e-21
9649864262554036e-20
1208707654776181e-20
0.24841313241735793
0.1512026304424327
0.004539461206430175
0.001469724262341388
0.04121940674951843
0.00545864240454481
6637254615451053e-20
0.028070206245542403
8323417528856866e-20
0.0007431079815075831
0.07860642935902998
11000997643303677e-22
0.24711932790958657
0.23647496283732888
0.001826891721725309
0.0004888747608238047
756307507905138e-23
0.0010188030317452976
10739430992500332e-24
0.010070844744723046
0.029175915299352463
0.0009036046796621074
0.0003411457475524376
0.00015049096685189128
26725965698439046e-22
0.0061099868013976275
0.01521507207640115
0.022506957217731056
11069414969267648e-24
0.23755668533917615
0.06894209413653399
0
0
8177668649965665e-20
6712688597871213e-20
10336377866802824e-22
7552910152189247e-22
0.0001770021326639947
0.01021702034016151
0.005379971829416696
15204233581513433e-24
0.00018226312846638087
732871019958433e-20
0.05088705633308247
0.012951314728180511
0.09668810986923039
3845635261669416e-22
0.05815115087970922
0.007667750674071733
0.00012245889279839295
0.13857632940025427
0.00030268788836204977
16523107011766615e-29
8601964585189272e-20
37936231933583523e-22
0.00012471011877691874
0.017817977199449952
0.00348699886431204
0.00015497932360474009
0.0001411395895690833
3818611332342097e-24
0.0006047775934351118
0.02209393651349796
13347307252216907e-24
0.0018047057500299476
0.0018498538659414245
4418665395293424e-20
0.10585561970115569
4583738040191249e-20
0.2507634338579358
0.004737433240407305
0.16654828499936447
0.003093868424023622
0.0006734289742856077
0.0005691710863084969
4737157766922851e-20
0.25507797900197604
11919690791113636e-21
22530042725355852e-21
0.008276751965992991
0.006379835638341009
2199971325399833e-23
8737230866941344e-20
0.0030522626467899107
0.12547555967122667
0.029927650852684194
0.00010010912811676768
0.02318708375221249
0
0
0.10781855649606746
0
0.2536409580128092
0.24703250787718214
0.2513448397892035
0.050657389096662675
0.02939950442471349
0.23913221347988703
0.2514822136642571
0.23875116789479253
0.24770269785116872
0.20346999068300622
0.0007951589709269649
0.016018810966988616
0.13427697821401458
0.23352090102305204
0.12912999811938314
0.00030698769038079034
0.026756827258984647
0.22813069762642457
0.10926513183371135
0.15323420917987138
