1.4248552047308631
254366658183345e-37
3906744429476238e-25
0
5486256646402034e-21
2493565933200097e-26
5515027273282089e-21
0
5587512832626873e-21
0
0.0013213040877968648
0
6.0189234206350415
0
5.983551689444284
0
30.83034896863339
25.012305438582825
0.026196175689265105
0.14490927248684202
10469867088998108e-100
36.42463393407917
2.1471413840645814
27779346286094376e-28
0
9307023543970929e-21
2603422017034016e-22
0.0011046529760557013
0.0038045756519546775
0.006879703177062163
0.009610615632596948
9193209974659843e-22
11109799487183794e-26
0.0012971335273131396
1512440114051747e-21
12773074445129713e-23
2043083859665472e-30
12173527810021706e-21
14716807813725257e-21
2.068716438014293
2.0499196076027473
0
0.7388047989886167
0
4.218000519875922
3.7771025510989635
4.36515959194431
0
5.336398314613734
0
4.419790140901949
2.004766409900484
24.81908060945255
29.86826403335899
0.5090503641013768
27.977274666923304
54.80560733578984
1.4362896769152058
0.0018065962258094071
0.029114442805193864
0.5710943746910749
33.29422690467078
0.3116202743495961
0.5197399012363642
2.218966571077417
1.3033217485198372
48.287259276698386
0
47.70826536045465
0
15.190410048368785
0.001006965398893485
0.0010059834239593399
0.18997480246802018
6.981158562466935
1.2854792480490067
2.2381033648197683
0
0.0006540271180300916
0.26375649693851283
0.05725728051218555
0.026690818423665812
0.024336100741023742
0.00022527902297231502
0.00010732599603578784
0.001389220285656298
1.939693397476368
0.4550884036309049
0.0037141275956465106
0.1334725544346499
0.011212262753975437
0.06951635093404365
0.008550277817172429
496804928245192e-22
0.05381599491429134
0.7576228731621618
0.021177191823374283
7484324051093444e-27
8623376598695288e-22
0.0009595954165646849
0
0.7820869911949762
0.409092464996005
0.0956514253553749
0
0.3123085870649163
0.01105856842017299
0.0587945349818718
0
0.0001337230759621984
0
0.18952189623976445
0.5713970702878773
0
0
0
0
8068430838379133e-22
0.4385170588224727
1217210512747054e-22
29397110313878033e-22
0.37056930261510174
0.2568485629559453
0.2324706493031804
0.5424323169490904
0.0014144361805864076
0.6233273647781808
0.0013225810311996368
0.6028663903079814
10349821966337384e-22
0.000182987434913493
0.3625291055539164
0.0008211279500985593
33769929812161385e-29
0.13767165741734452
0.025920949355018732
0.19345036856422104
0.01820068958328225
0.03028604298708197
0.05301513228742071
0.14184230105838286
0.25060011642787855
0.16821955175052633
0.21533202194111487
21301482473166678e-30
0.14009407670693283
0.14013173848556548
0.4544986303064271
0.5314135048168945
0.00020565997019449827
0.5313304356405171
0.5906182442949314
10.931495256682558
1.9862655961625402
2.8417284806421295
0.1198647232938623
0.4470080225576687
3.231313824741782
3.685715688938775
0.7566137209275756
5.357914619041476
6.528385015698964
4.000844673528198
2.1797210036096146
2.8128041384566274
0.6552955549320053
30.012525669340025
619.0825027944034
5.631045289572408
3896.5408755550716
1.1152235817528935
23.21831748214269
1.1681597779121722
45.01940016151752
1.3056840176851616
1.791336093076144
1.1152226369073874
0.8725565545585489
1.0518147295501432
67.59743267786625
0
0.0005874875281629709
6416622145468349e-24
0
0.005733394200494308
0.005368393363506114
0.004930095085649826
0.0034147845414572156
0.00419593573765782
0.008168161737312588
0.004957385938827382
0.007590460908540262
0.0032710903638648496
0.004654848839154432
0.005605121337895295
0.01368902232573844
0.004506538350677271
0.006493823507915627
0.004994504789841929
0.006413812779079958
0.005960522817680282
0.012524247022965247
0.015941293476005876
0.007095692986021924
0.006839618924058517
0.001980574087877111
0.0074239959704569865
0.01662920381139419
0.07092700510561963
0.03913828348367156
0.109080324737209
9119594694195426e-20
0.00990617743502474
0.20084067901365854
5447366725285686e-21
0.07182740832400483
0.011150926144867365
0.0020442646818285993
5556871868317107e-21
1204422766218318e-21
0.09821775752246502
0.08596399667487382
0.0040560738554336635
0.03041919583706229
0.019503250309627775
0.005832990234847455
0.01205548666633805
0.00048279045000474563
0.25673054483650787
15699129994799136e-25
0.06509028910706655
0.0004029782917997142
0.009596579692489749
0.011200114228909059
0.00015705181302879428
0.0001708633503396484
0.25574039885082217
0.0005198875448782261
0.05741416578560883
0.21255897230788173
1260914305873412e-21
2586163269420012e-21
0.00014471794055538498
11840248383382825e-21
0.0005943433607437457
1532551675620359e-20
1412053395921195e-22
10044036755843409e-22
19076841272141063e-21
0.07450245853832314
0.0750732105110041
4343731774137228e-20
0.0002936862361634078
0.01740566278821701
0.008137846142304435
0.08691071644119013
0.010529615138264115
27828555697292145e-21
0.12629476058133055
0.03796303766936885
8240518994608276e-22
0.2206047121686116
4571118879929722e-22
0.0034696542969408534
0.0010106183062294344
22994565953029276e-28
0.252543501306154
0.256542136930284
0.017706271372230412
0.2224404945651206
0.2405432903564542
0.008712638409977005
0.17682887205661893
20535640173778256e-26
5764778459282946e-21
0.0005095879932250654
912034098806232e-19
0.12455567654939188
847312209198471e-21
0.00012876302445817393
0.15536516014297921
0.0009382098140037028
0.011805589667278588
12228907235748043e-21
0.13070311918709066
0.09344625424196232
0.022673876785023125
27447611813689988e-21
0.00015344059721037
12006679038047213e-23
0.01373245042395538
0.14704683369956767
8326801805200409e-24
10254996744869974e-21
9138817641115565e-21
9649880148922832e-20
1208707903989699e-20
0.25073489979697505
0.15172571897743964
0.004539815047671389
0.0014697611873783812
0.041250294555806144
0.005459154742600699
6637262130645227e-20
0.02808422976821213
8323429347761685e-20
0.0007431174111210032
0.07872642566357498
11000997849740071e-22
0.2508729867366123
0.2405432903564542
0.0018269488039498196
0.0004888788404919576
7563075080027084e-24
0.0010188207632095979
10739430994467693e-24
0.0100726006101761
0.02919109191072159
0.0009036186256190532
0.00034114773372217615
0.0001504913532518924
2672596691683917e-21
0.006110629319163166
0.015219111051686976
0.022515894725874265
11069414971357761e-24
0.2416005440570209
0.06903275520686424
0
0
8177680058555702e-20
6712696284868477e-20
10336378049049178e-22
7552910249497696e-22
0.0001770026672159965
0.010218827942159477
0.005380469448452653
1520423358545665e-23
0.00018226369527170195
7328711115765055e-21
0.05093490184245045
0.012954231243066742
0.09687623640158909
3845635286895966e-22
0.058214420517150166
0.007668764916488147
0.00012245914864475517
0.13900132139311502
0.00030268945187785526
1652310701176666e-28
8601977208431883e-20
379362343884745e-20
0.00012471038411732743
0.01782353831766607
0.0034872073290974355
0.00015497973339969275
0.0001411399294353504
3818611332590831e-24
0.0006047838378839979
0.022102543495030838
13347307255255752e-24
0.0018047614524454834
0.0018499123940727295
4418668725962646e-20
0.10608547167378016
4583741624371909e-20
0.2532241667855693
0.00473781872980474
0.16721175323760892
0.0030940324387167422
0.0006734367176491725
0.0005691766168279303
4737161595055484e-20
0.2581772660434506
11919693214702365e-21
22530051384194757e-21
0.008277934785179285
0.006380536442522163
21999713262254056e-24
873724389033307e-19
0.003052422270145548
0.12581302154526536
0.029943638673974596
0.00010010929909147315
0.02319657960697512
0
0
0.10805801744611994
0
0.2563424513136513
0.24928420915827976
0.25384550754201746
0.050704785135605675
0.029414920003988706
0.24313811574343094
0.253992757941312
0.2427665169959335
0.24998757102989697
0.20460178577358407
0.0007951697686161862
0.016023293402327794
0.1346717364324921
0.2352847134553773
0.129490522954515
0.0003069892986428714
0.026769542833706472
0.22975149341944268
0.10951183144186422
0.1537744711471261
