1.461782589292626
4963187499435154e-40
3051420435312816e-26
0
3590961089501286e-21
1641802263306503e-26
36071843616395237e-22
0
36478726512042644e-22
0
0.0010777078908038517
0
4.170677077438104
0
5.019004728435171
0
30.653994664811467
25.23250824157861
0.018481976115400565
0.063731862191378
1648910723625827e-101
53.81549645164884
2.158654138919467
21151151761440695e-29
0
32498822009946918e-22
8692162892213838e-23
0.0009772951818690467
0.0038031655448996556
0.005657043020505024
0.008502694461590694
7555298877379569e-22
823823385661145e-25
0.0010667994363960343
12403097281217315e-22
9924517009984101e-23
16182097147235391e-31
4256339548522651e-21
5145658049281731e-21
1.993653746510797
2.04356490821409
0
0.8248298329088564
0
4.103242092220324
3.211136092174909
4.3479622717976305
0
5.307065533707949
0
4.413827901099232
2.3402930249994944
27.644358914062167
33.85776494054943
0.7221556334570091
18.640345182687298
70.76838083326966
1.4224630484833212
0.0033472207618992973
0.03272386747588736
1.0609536900578111
33.12149679523208
0.35080339147102396
0.6744827473978303
2.2165007497237696
1.222366218291
61.37627126337887
0
59.425947891322664
0
14.893837662722412
0.002469252701639467
0.002458719354982711
0.3532129073691576
6.9780002951142635
1.2592350310531544
2.2201474142988302
0
0.000874830819947419
0.18951735007207354
0.05715543642258651
0.026337308402912037
0.03226597801926421
0.00023745044028271968
0.0001102369374808685
0.0013579123298048197
1.9525358629998693
0.4502228517347297
0.0030866903435475285
0.13574189995105757
0.01542842108311284
0.07355955908954363
0.009448165175780667
3727155260381493e-23
0.0559156466394944
0.6386157302133749
0.02136528108819371
4769062276999472e-27
6597194616097532e-22
0.0010018970396908566
0
0.7711319830444737
0.39836991547573947
0.126915675389525
0
0.3005927087851939
0.004915926316108622
0.05613865960883067
0
8740365493705152e-20
0
0.18897478901854736
0.5619907287205786
0
0
0
0
6657848182840069e-22
0.43986461427252765
9425646269032066e-23
13968123990093363e-22
0.3681740764008154
0.2503508673199305
0.23326743823696258
0.5395480872843054
0.002679842017709784
0.6074941707863956
0.001326518763758568
0.6041993136744301
10344275041913795e-22
0.00034458262137876573
0.3691313877762933
0.0006786739591389331
1341663818827708e-28
0.08422936232032299
0.02248182271087476
0.19166713331201973
0.018456952842040467
0.030914156551402908
0.0459768407658957
0.1292562169854118
0.24957067672795358
0.17140126455148696
0.21468717500396203
8456659276943484e-30
0.13644888815835787
0.1364752324577789
0.4522703979605452
0.5298395943994268
0.00020262770506334317
0.5297039476266467
0.6020710873399788
11.004948726445647
1.985915511105533
2.8402172051676096
0.12034390928518306
0.44964909239668627
3.230137264654126
3.682495980024481
0.7592051496280975
5.377653022107627
6.557176835920278
3.926807161723663
2.1775938076006733
2.8239324007764623
0.6667464829997283
29.83897686107593
619.0694803636331
5.631035438472918
3795.9855550737366
1.1152230908644007
23.21829816445065
1.167798459929157
45.008696348229016
1.305774628293205
1.7913303700629473
1.1152221459111318
0.8676572227849648
1.0505993402833846
69.03902462332368
0
0.0005920246400675365
6575511763964757e-24
0
0.0055035654406150325
0.005204058414522231
0.004753593187798161
0.0032242125013777836
0.004044386259055567
0.007967607301393264
0.004704430912282192
0.007470123543583283
0.0030909664950919116
0.004484626672043296
0.005453300033600611
0.01343507725301808
0.004352731659273388
0.006341297503818633
0.004821295327654103
0.0062694883141342275
0.0058281432701744644
0.012215978480251832
0.015460434589154732
0.006929936425206935
0.006662934574901995
0.00198042882860142
0.007421939098601034
0.016618744623152756
0.07071928229728794
0.0390783162001626
0.10855163051658645
9119563978855057e-20
0.009902502085981169
0.19852315816850163
5447365629501312e-21
0.07161403654351749
0.011146260709772225
0.002044109916004101
55568707280339514e-22
12044227126501004e-22
0.09779849567983628
0.08565034990954072
0.0040554628401089496
0.030383461496035134
0.01948880188632253
0.00583172338905111
0.012050026432538604
0.0004827818368752548
0.250828773326049
15699129993889014e-25
0.06491713166683068
0.00040297229170469385
0.00959313202947882
0.011195407207071432
0.00015705090200356399
0.0001708622720119231
0.24826664887005964
0.0005198775567260196
0.057281201029062395
0.20982949081131247
12609142471622792e-22
25861630224398865e-22
0.0001447171670172901
11840243206391856e-21
0.0005943303054482494
15325508082827777e-21
14120533885582614e-23
10044036383309554e-22
19076827832949832e-21
0.07427179506178923
0.07483875825309175
4343724806250514e-20
0.00029368304980084193
0.01739419090332176
0.008135372159610941
0.08658954940574201
0.010525458869406961
27828527098553344e-21
0.12555894701523015
0.03790672257229185
8240518743848323e-22
0.21754629768795897
4571118802769433e-22
0.0034692075611589593
0.0010105805367468736
2299456595302732e-27
0.24733428142610409
0.24921962704166692
0.017694394523473576
0.21930052246402224
0.23182266172784183
0.008709800250277917
0.17517866413260538
20535640173622527e-26
57647772320773865e-22
0.0005095783970447673
91203102676943e-18
0.12384280096508066
8473121826868672e-22
0.00012876241209431853
0.15416859297893531
0.000938177266153603
0.011800355361584011
1222890171330405e-20
0.12990700338176453
0.09307028279226233
0.022654255859479853
27447583992580816e-21
0.00015343972760372502
12006678984812563e-23
0.013725348085568388
0.14599815705420002
8326801802640027e-24
10254992861347107e-21
9138814556975067e-21
9649845757405541e-20
12087073644807459e-21
0.24573572337280092
0.15059558597459846
0.004539049070463376
0.001469681251510063
0.04118345635623739
0.005458045669966296
6637245861413969e-20
0.028053879822788057
8323403761667832e-20
0.0007430969976060367
0.07846688267301777
11000997402836957e-22
0.24281764745889203
0.23182266172784183
0.0018268252319432574
0.0004888700086794635
7563075077914834e-24
0.0010187823776998397
10739430990208656e-24
0.010068799816878268
0.02915824682474222
0.0009035884350340158
0.0003411434339841017
0.00015049051675644406
26725964279189976e-22
0.006109238451993857
0.015210368641568578
0.02249655086544988
11069414966832979e-24
0.23293147322221353
0.06883663801782146
0
0
8177655360729286e-20
6712679643710268e-20
10336377654513803e-22
755291003883984e-21
0.00017700150999498898
0.010214915164407095
0.005379392237640411
15204233576920185e-24
0.00018226246822739534
7328709132374544e-21
0.050831380322210885
0.012947918263852078
0.09646943190901948
3845635232284357e-22
0.058077538158654136
0.007666569406448632
0.0001224585947773212
0.13808291703569348
0.00030268606711628154
16523107011766565e-29
8601949881072354e-20
37936229074012503e-22
0.0001247098096967779
0.017811501537931644
0.003486756050544162
0.00015497884625788018
0.00014113919367807532
381861133205236e-23
0.0006047703196918265
0.022083914926847
13347307248677113e-24
0.0018046408674325092
0.0018497856919858884
4418661515578125e-20
0.10558850527802985
4583733865174401e-20
0.24792719168982613
0.00473698424396941
0.16577876484895163
0.00309367738304086
0.0006734199545677365
0.0005691646441699158
473715330773976e-19
0.2515146648910128
1191968796800535e-20
2253003263914165e-20
0.008275374376272333
0.006379019406077514
2199971324438167e-23
8737215696713238e-20
0.003052076720603739
0.12508360948530903
0.029909038257474114
0.00010010892895784454
0.023176027439975995
0
0
0.10754029023956092
0
0.250530008679577
0.24443525311847838
0.24846298929387145
0.0506022358425889
0.02938155782682002
0.23454909382578057
0.24858908603835383
0.23415756428883674
0.24506748927965838
0.20215951461096454
0.0007951463934610798
0.016013591198778127
0.13381860422831657
0.23148299495004118
0.1287113074297585
0.0003069858170129189
0.026742023181244298
0.22625713032523795
0.10897846528139243
0.15260727970566068
