1.461782589292626
5019014569452822e-40
30514203389528756e-27
0
3590961089313796e-21
16418022558562322e-27
36071843452687113e-22
0
36478727248475407e-22
0
0.0010777079434121754
0
4.170677033032158
0
5.019004729022126
0
30.653994664912336
25.232508241627404
0.018481975981352292
0.06373189574630037
16489106488043313e-102
53.81549917007802
2.1586541393298426
2115115108518109e-28
0
3249882200620737e-21
8692162885514177e-23
0.0009772951819070647
0.0038031655448996556
0.0056570430210938156
0.008502694461921452
7555298838190287e-22
823823389844059e-25
0.0010667994365071262
12403097216882528e-22
9924517060348457e-23
16182097063342203e-31
4256339548047155e-21
5145658048694841e-21
1.9936548113405501
2.043564952659156
0
0.8248298319266204
0
4.103242451363138
3.211136064792026
4.347962267931515
0
5.307065532774222
0
4.413828272614933
2.3402418662306084
27.644359974926555
33.85776645925539
0.7221562339236424
18.640344967716135
70.76577255956923
1.4224631540323032
0.003347095744076237
0.032722714428188096
1.0609149295377986
33.12149679166114
0.35080339131233834
0.6744827477827265
2.2165009331667163
1.2223662165634395
61.37627129868969
0
59.425948132063255
0
14.893837662984598
0.0024691648058940713
0.002458606442392292
0.35319985527297587
6.978000549088061
1.2592350310085754
2.220147414291049
0
0.0008748308207988498
0.18951745217605961
0.05715543643590836
0.02633730840415611
0.032265978037989064
0.00023745044963022202
0.00011023694182900341
0.0013579123293320013
1.9525358633072483
0.45022285174214016
0.0030866904831231886
0.13574189999900005
0.015428421621729499
0.07355955910190247
0.009448165174034006
3727155262028774e-23
0.055915646680846594
0.6386157678697589
0.021365281098251164
476906228051137e-26
6597194811154202e-22
0.0010018970403123625
0
0.7711319830695686
0.398369915393536
0.12691567546805982
0
0.300592708781322
0.00491592364494601
0.05613866213209106
0
8740365389618294e-20
0
0.18897478901859213
0.5619907287205483
0
0
0
0
6657848218864938e-22
0.4398646142725623
9425646273198065e-23
1396812398988811e-21
0.36817407640081506
0.25035086734249046
0.2332674382557594
0.5395481265571817
0.0026797437139980448
0.6074941697587487
0.001326518763759358
0.6041993136690563
10344275041913774e-22
0.00034456993713783676
0.3691313874171595
0.0006786739593073905
13416638188403122e-29
0.08422932770146274
0.022481822711548596
0.19166713331201893
0.01845695284636054
0.030914156556685248
0.04597684076590707
0.1292562169875323
0.24957067672795158
0.17140126457747193
0.2146871750442393
8456659278044877e-30
0.13644888819198864
0.13647523245980325
0.45227039796053614
0.5298395943994268
0.00020262770591095316
0.5297039734644605
0.6020710874214377
11.004948728601759
1.9859155111055853
2.840217205167808
0.12034390928519698
0.44964909247408785
3.23013726465427
3.6824959800248878
0.7592051496281595
5.3776530230080395
6.557176837312278
3.926807162370616
2.1775938080009802
2.8239324013980713
0.6667464830952546
29.838976858907724
619.0694803636331
5.631035438472918
3795.9855550737366
1.1152230908644007
23.21829816445065
1.167798459929157
45.008696348229016
1.3057746282932663
1.7913303700629473
1.1152221459111324
0.8676572227849648
1.0505993402833846
69.03902467771086
0
0.0005920246401539155
65755117639646835e-25
0
0.005503565440618751
0.005204058415859754
0.0047535931890227414
0.003224212502186313
0.004044386260237067
0.007967607302791937
0.00470443091347824
0.007470123545505853
0.0030909664959282612
0.004484626673198455
0.005453300034979122
0.013435077256479088
0.004352731660394408
0.006341297505423252
0.004821295328880942
0.006269488315706106
0.0058281432715489665
0.012215978483395893
0.015460434593137666
0.00692993642695017
0.006662934576618348
0.00198042882860142
0.007421939098601034
0.016618744623152756
0.07071928229728794
0.0390783162001626
0.10855163051658645
9119563978855057e-20
0.009902502085981169
0.19852315816850163
5447365629501312e-21
0.07161403654351749
0.011146260709772225
0.002044109916004101
55568707280339514e-22
12044227126501004e-22
0.09779849567983628
0.08565034990954072
0.0040554628401089496
0.030383461496035134
0.01948880188632253
0.00583172338905111
0.012050026432538604
0.0004827818368752548
0.250828773326049
15699129993889014e-25
0.06491713166683068
0.00040297229170469385
0.00959313202947882
0.011195407207071432
0.00015705090200356399
0.0001708622720119231
0.24826664887005964
0.0005198775567260196
0.057281201029062395
0.20982949081131247
12609142471622792e-22
25861630224398865e-22
0.0001447171670172901
11840243206391856e-21
0.0005943303054482494
15325508082827777e-21
14120533885582614e-23
10044036383309554e-22
19076827832949832e-21
0.07427179506178923
0.07483875825309175
4343724806250514e-20
0.00029368304980084193
0.01739419090332176
0.008135372159610941
0.08658954940574201
0.010525458869406961
27828527098553344e-21
0.12555894701523015
0.03790672257229185
8240518743848323e-22
0.21754629768795897
4571118802769433e-22
0.0034692075611589593
0.0010105805367468736
2299456595302732e-27
0.24733428142610409
0.24921962704166692
0.017694394523473576
0.21930052246402224
0.23182266172784183
0.008709800250277917
0.17517866413260538
20535640173622527e-26
57647772320773865e-22
0.0005095783970447673
91203102676943e-18
0.12384280096508066
8473121826868672e-22
0.00012876241209431853
0.15416859297893531
0.000938177266153603
0.011800355361584011
1222890171330405e-20
0.12990700338176453
0.09307028279226233
0.022654255859479853
27447583992580816e-21
0.00015343972760372502
12006678984812563e-23
0.013725348085568388
0.14599815705420002
8326801802640027e-24
10254992861347107e-21
9138814556975067e-21
9649845757405541e-20
12087073644807459e-21
0.24573572337280092
0.15059558597459846
0.004539049070463376
0.001469681251510063
0.04118345635623739
0.005458045669966296
6637245861413969e-20
0.028053879822788057
8323403761667832e-20
0.0007430969976060367
0.07846688267301777
11000997402836957e-22
0.24281764745889203
0.23182266172784183
0.0018268252319432574
0.0004888700086794635
7563075077914834e-24
0.0010187823776998397
10739430990208656e-24
0.010068799816878268
0.02915824682474222
0.0009035884350340158
0.0003411434339841017
0.00015049051675644406
26725964279189976e-22
0.006109238451993857
0.015210368641568578
0.02249655086544988
11069414966832979e-24
0.23293147322221353
0.06883663801782146
0
0
8177655360729286e-20
6712679643710268e-20
10336377654513803e-22
755291003883984e-21
0.00017700150999498898
0.010214915164407095
0.005379392237640411
15204233576920185e-24
0.00018226246822739534
7328709132374544e-21
0.050831380322210885
0.012947918263852078
0.09646943190901948
3845635232284357e-22
0.058077538158654136
0.007666569406448632
0.0001224585947773212
0.13808291703569348
0.00030268606711628154
16523107011766565e-29
8601949881072354e-20
37936229074012503e-22
0.0001247098096967779
0.017811501537931644
0.003486756050544162
0.00015497884625788018
0.00014113919367807532
381861133205236e-23
0.0006047703196918265
0.022083914926847
13347307248677113e-24
0.0018046408674325092
0.0018497856919858884
4418661515578125e-20
0.10558850527802985
4583733865174401e-20
0.24792719168982613
0.00473698424396941
0.16577876484895163
0.00309367738304086
0.0006734199545677365
0.0005691646441699158
473715330773976e-19
0.2515146648910128
1191968796800535e-20
2253003263914165e-20
0.008275374376272333
0.006379019406077514
2199971324438167e-23
8737215696713238e-20
0.003052076720603739
0.12508360948530903
0.029909038257474114
0.00010010892895784454
0.023176027439975995
0
0
0.10754029023956092
0
0.250530008679577
0.24443525311847838
0.24846298929387145
0.0506022358425889
0.02938155782682002
0.23454909382578057
0.24858908603835383
0.23415756428883674
0.24506748927965838
0.20215951461096454
0.0007951463934610798
0.016013591198778127
0.13381860422831657
0.23148299495004118
0.1287113074297585
0.0003069858170129189
0.026742023181244298
0.22625713032523795
0.10897846528139243
0.15260727970566068
