1.4629217601013396
4160364314348943e-40
28206572290107237e-27
0
3547885922420214e-21
16223930243692062e-27
35638358240259108e-22
0
36038348397865603e-22
0
0.0010718528013705286
0
4.072562405616441
0
4.974205087390319
0
30.642723790227407
25.23841991089344
0.018173201028386946
0.061495869224242494
14652407770473546e-102
54.90341311731091
2.159366136726897
1953688310793461e-28
0
3146091856104395e-21
8403491232756284e-23
0.0009741942134932198
0.0038031220692946225
0.005627277102138851
0.008475718420393762
7516302431479486e-22
8171189116679185e-26
0.0010611929387071587
12338255907840465e-22
9856001171901004e-23
16083747687140491e-31
4120562631431827e-21
4981516643491927e-21
1.9780098056016482
2.036327276638727
0
0.8269618378805159
0
4.095425318810117
3.168676926967878
4.347066840688758
0
5.306125020895581
0
4.413231022404785
2.3728723295341694
27.764089626168015
34.02977748151888
0.7394186707022129
18.164629951306985
71.69470382058391
1.4218935500522387
0.003532518166012082
0.032746158875263734
1.1186673271236973
33.1108541550439
0.35195869479048864
0.6833003080438919
2.2163396882941773
1.219986089422927
62.118971641395014
0
60.04587758170263
0
14.872119747474649
0.0026363501477547594
0.002623818268156272
0.3726305710541717
6.977620401048073
1.2576353069244457
2.219546511172547
0
0.0008870115585318776
0.18539852861241615
0.05716077684075549
0.0263266771172526
0.03270138660654883
0.00023781574258331943
0.00011032240047551366
0.0013569968429752099
1.953213534369504
0.4500556359955413
0.0030717207515493653
0.1357371076425267
0.015655658633217693
0.0737416469872716
0.00949249732470157
3699072725642818e-23
0.0559825521238057
0.6330276000653956
0.02137311310193133
4713498733432009e-27
6551225339685263e-22
0.0010029983570718076
0
0.7707865832584415
0.3979202186368117
0.1286599087055943
0
0.30021391861117486
0.004580337335212346
0.055991424114372496
0
850982552716997e-19
0
0.18895827557555345
0.5617037338007206
0
0
0
0
6624351606816665e-22
0.4399119133051444
936371871442161e-22
13656204721068725e-22
0.36810000825811523
0.2501735969664387
0.23328636516827017
0.539415991298534
0.0028279400026188137
0.6070332399646132
0.001326559468614742
0.6042063009739077
1034410701352886e-21
0.0003636094425586267
0.3693180105123299
0.0006752964125413234
13038468137764675e-29
0.08013494860295696
0.02237945975140337
0.19161193927728437
0.018469246808517532
0.030938670947530764
0.045773015185571
0.1288811650227025
0.24953880113919583
0.17152204354907916
0.21470384018775626
8219018689676692e-30
0.13636200488213546
0.1363875757505664
0.4522017050774201
0.5297906922092759
0.00020254188735334901
0.5296445753272554
0.6024961365050127
11.009139621026073
1.9859163719570505
2.8402143082163316
0.12036100997805668
0.4497995965710894
3.2301329684963367
3.68248627608325
0.7592953833918451
5.378918221691245
6.5591038915952415
3.9250808143091547
2.1775398967812745
2.8246825364595995
0.6671842994885938
29.82696302735422
619.0690786397545
5.631035134577179
3792.9251387303752
1.1152230757210126
23.218297568520512
1.1677873154281841
45.0083661873635
1.3057777528355665
1.7913301934629604
1.1152221307644192
0.8675063945989666
1.0505618691404888
69.08145681642117
0
0.0005922661217190075
6580436526260152e-24
0
0.005496904928131855
0.005200075125599199
0.004749186886959595
0.0032191339134045598
0.004040505508429043
0.007962506827682375
0.004697748322316369
0.007467871536073193
0.003086147916941481
0.004480359352662045
0.005449747837230334
0.013429983449636947
0.004348935078566118
0.00633787492333209
0.004816988971763339
0.00626630456620705
0.005824733081390799
0.01220894912410754
0.015448926820371224
0.006926217147832373
0.006658873031052807
0.0019804243476755964
0.007421875655338811
0.016618422072863976
0.07071288395024564
0.039076467734470995
0.10853536166667961
9119563031320895e-20
0.00990238872702976
0.19845209189998944
5447365595697524e-21
0.07160746433749422
0.011146116817068586
0.0020441051418281955
55568706928574244e-22
12044227109975775e-22
0.09778559039096225
0.08564069245537578
0.004055443992395184
0.03038235979707876
0.01948835633795768
0.0058316843125715565
0.012049858029421762
0.000482781571171751
0.2506488833235116
15699129993860942e-25
0.06491179727339173
0.00040297210660952067
0.009593025692413062
0.011195262031877823
0.00015705087389948194
0.00017086223874675997
0.2480395976705487
0.0005198772486051254
0.057277104106638284
0.20974584881310815
1260914245351103e-21
2586163014820811e-21
0.00014471714315452268
1184024304668719e-20
0.0005943299027107329
1532550781526337e-20
14120533883311229e-23
10044036371817278e-22
19076827418365125e-21
0.07426469070369135
0.07483153730238441
4343724591298746e-20
0.0002936829515054721
0.017393837128037777
0.00813529585181804
0.08657966063546137
0.010525330678991713
2782852621631293e-20
0.1255363162366726
0.03790498663996108
8240518736112644e-22
0.21745262606343355
457111880038912e-21
0.003469193780746574
0.0010105793716206754
2299456595302726e-27
0.24717530249499572
0.24899708970472598
0.017694028261933968
0.21920436564065002
0.23155872648101003
0.008709712710750992
0.17512800256939903
20535640173617724e-26
5764777194219394e-21
0.0005095781010156145
912030932000504e-19
0.12382087450036747
8473121818690123e-22
0.0001287623932035867
0.15413182704153774
0.0009381762621047603
0.011800193925688224
12228901542942526e-21
0.1298825213053565
0.09305870855359705
0.022653650844699075
27447583134329435e-21
0.00015343970077735694
1200667898317033e-22
0.01372512904434719
0.14596592567625707
8326801802561043e-24
10254992741544552e-21
9138814461832605e-21
9649844696465508e-20
12087073478374682e-21
0.2455830992174477
0.15056085673438396
0.0045390254429306335
0.0014696787856420862
0.041181396191260114
0.005458011459829845
6637245359526002e-20
0.028052944080716596
8323402972365112e-20
0.0007430963678795783
0.07845888966557031
11000997389050468e-22
0.24257330472298916
0.23155872648101003
0.0018268214200102806
0.0004888697362299137
7563075077849674e-24
0.0010187811935704046
10739430990077268e-24
0.010068682589226509
0.02915723417636546
0.0009035875037023954
0.00034114330134258546
0.00015049049095151694
26725964197821285e-22
0.006109195550244914
0.015210099027316171
0.022495954392103706
11069414966693395e-24
0.23266904589260648
0.06883059687676611
0
0
8177654598828614e-20
6712679130348771e-20
10336377642342803e-22
7552910032341268e-22
0.00017700147429606353
0.010214794483171105
0.005379359010254043
15204233576656844e-24
0.0001822624303745059
73287090711890495e-22
0.050828190140279936
0.012947723564036465
0.0964569096189022
38456352305996466e-23
0.05807332060400992
0.007666501687278136
0.00012245857769113572
0.13805468192172754
0.00030268596270056403
1652310701176656e-28
8601949038053558e-20
3793622891006697e-21
0.00012470979197655273
0.017811130345269488
0.0034867421300060755
0.0001549788188905731
0.00014113917098080154
3818611332035748e-24
0.0006047699026746812
0.022083340504907706
1334730724847417e-23
0.0018046371476403379
0.0018497817834983248
44186612931455645e-21
0.10557321146298947
45837336258115626e-21
0.24776555943052533
0.004736958503299992
0.1657347544784199
0.003093666430596164
0.0006734194374510149
0.0005691642748300667
4737153052085055e-20
0.25131188762016715
11919687806150326e-21
2253003206087681e-20
0.008275295402955485
0.006378972612841115
21999713243830325e-24
8737214826971293e-20
0.003052066061387375
0.12506117525968197
0.029907971507126038
0.0001001089175396348
0.023175393716947497
0
0
0.10752435840450349
0
0.2503528120574799
0.24428717717082712
0.2482987715618098
0.05059907560515547
0.029380529240767634
0.234289011965376
0.24842422910432355
0.23389689798704344
0.24491725952377302
0.20208463845954586
0.000795145672373161
0.016013291989475174
0.13379237211067277
0.231366697812313
0.12868734415523164
0.00030698570960894025
0.026741174679015205
0.22615018214942464
0.1089620528681548
0.15257141429496457
