1.4637345218456483
3635279910349867e-40
2666763136152134e-26
0
35175993759469714e-22
160874451580465e-25
35333572052125494e-22
0
3572872003163769e-21
0
0.0010677255262943736
0
3.9997671012282274
0
4.94131893810953
0
30.634382086959775
25.242605732052468
0.01794560806393117
0.05987970820946145
13473333153466309e-102
55.72618688875993
2.1598962868749974
18461071275747674e-29
0
3074073153328187e-21
8203439779452327e-23
0.0009720072725119032
0.003803091051662135
0.005606285044986609
0.008456693722552134
7488887462569665e-22
8123991274653263e-26
0.0010572390611691977
12292668034030255e-22
9807713656840341e-23
16014658362248619e-31
4026345405790703e-21
4867616940646203e-21
1.9652227927205173
2.030427764750239
0
0.8284537618396457
0
4.089519257849872
3.1363519859862095
4.346365833063212
0
5.305449326267236
0
4.41273709583403
2.3989065519079276
27.85113168913064
34.15498213742262
0.7530233277430776
17.81292966230387
72.38013921477146
1.4214669758619058
0.00368724694034799
0.03273926109261774
1.1667241449430272
33.102836055543655
0.3527813064087645
0.6899008741081261
2.2162000308391554
1.2182893505286085
62.674596801695174
0
60.50544215575265
0
14.855565214286413
0.002774776778659645
0.0027605813002125833
0.3888218661989504
6.97730276986033
1.2564282829642672
2.2191103934176177
0
0.0008961121122719023
0.18229206448445814
0.05716519209117845
0.026319128179939345
0.03302651195876914
0.0002380781471883255
0.00011038423695365396
0.0013563462104755448
1.9537156004014082
0.44993544445270256
0.003061168669878077
0.1357238014313257
0.01582510845706108
0.07387555704951997
0.009525298811863099
36793272912967327e-24
0.05603057945455261
0.6289186903569097
0.021378881291240874
4674622027203083e-27
6518874297304811e-22
0.0010037653955962396
0
0.7705399999166875
0.3975898778154279
0.12996390930690943
0
0.2999426867714821
0.004330823619251522
0.055880846960288236
0
8339674293816445e-20
0
0.18894651384462838
0.5614991005643661
0
0
0
0
6600797214113937e-22
0.4399459449221699
9320190734589176e-23
1343814994289877e-21
0.3680471568636276
0.25004851734837985
0.2332996553628071
0.539314585405735
0.0029512477220487946
0.6067043884897046
0.0013265857712658074
0.604210136227647
10343987220778053e-22
0.000379460752138105
0.36944964997218216
0.0006729204650229212
12775144463827054e-29
0.07697753025033606
0.02230647409840344
0.19157255376448623
0.01847830867832398
0.03095650084230346
0.04562807069984016
0.12861405270267845
0.2495160524080417
0.1716097295558868
0.2147181001727475
8053592280496333e-30
0.13630169233041223
0.13632667730607695
0.4521526953126458
0.5297557893516114
0.00020248174613904057
0.5296004071630376
0.6028042078076273
11.01225629961235
1.985917676266799
2.8402147455898885
0.12037332622547982
0.4499115123893706
3.2301317968352268
3.68248448373944
0.7593602746012503
5.379865270310284
6.560548842263288
3.9238851182137986
2.1775021347969292
2.8252455920967017
0.6675022521910705
29.817822197525224
619.0687920228431
5.63103491775735
3790.7431383797157
1.1152230649166923
23.218297143343527
1.1677793642500776
45.00813062968199
1.3057800045556305
1.791330067462698
1.1152221199577275
0.8673987950351948
1.0505351355013475
69.11168108778791
0
0.0005924448271460907
6583951434785404e-24
0
0.005492176476981323
0.0051973042889448765
0.00474610956880707
0.003215558184304943
0.004037790058133961
0.007958939750401461
0.004693048598170384
0.007466364693169437
0.003082754193237475
0.004477377534021538
0.005447287458798015
0.013426531949018574
0.004346287229856408
0.006335517822230774
0.004813982925494288
0.006264116919008094
0.005822351903619712
0.012204097843576237
0.015440931864260545
0.006923655664254325
0.006656066456429791
0.0019804211506852937
0.007421830390942595
0.016618191947430513
0.0707083192892089
0.039075148967078935
0.10852375585576647
9119562355285796e-20
0.009902307849855966
0.19840140395313685
54473655715796105e-22
0.0716027756484914
0.01114601415538657
0.0020441017356140063
55568706677601025e-22
12044227098185552e-22
0.09777638392324202
0.08563380283795691
0.004055430545210964
0.030381573794714293
0.0194880384597513
0.0058316564329198685
0.012049737880651131
0.00048278138160093363
0.25052061645615376
1569912999384091e-24
0.0649079916231277
0.0004029719745501179
0.009592949825056188
0.0111951584551957
0.0001570508538481261
0.00017086221501313962
0.24787773087686124
0.000519877028770886
0.05727418126332967
0.2096861933174307
12609142440588864e-22
25861630093848455e-22
0.00014471712612920776
11840242932743048e-21
0.000594329615370631
15325507624364777e-21
14120533881690667e-23
10044036363617908e-22
19076827122572275e-21
0.07425962238799895
0.07482638581210896
4343724437937578e-20
0.00029368288137490635
0.01739358472514575
0.00813524140909883
0.08657260600612939
0.010525239220206446
27828525586862777e-21
0.12552017239714483
0.03790374815665119
8240518730593484e-22
0.2173858190260199
4571118798690843e-22
0.003469183948898877
0.001010578540341416
2299456595302722e-27
0.24706193860502915
0.24883843794338506
0.01769376695073598
0.219135786611552
0.23137060086757227
0.008709650254650989
0.17509186612885158
20535640173614294e-26
5764777167208934e-21
0.0005095778898084373
9120308643859284e-20
0.1238052330457758
8473121812854994e-22
0.00012876237972565864
0.15410560108685495
0.0009381755457488508
0.0118000787477172
12228901421395058e-21
0.12986505695128978
0.09305045158628657
0.022653219195982517
27447582521994684e-21
0.0001534396816376087
1200667898199865e-22
0.013724972767615416
0.14594293397393449
8326801802504688e-24
10254992656069282e-21
9138814393951522e-21
9649843939518979e-20
12087073359630253e-21
0.24547426473604447
0.1505360834337649
0.0045390085855208945
0.0014696770263270984
0.04117992639278387
0.005457987052128511
6637245001445099e-20
0.02805227647791385
8323402409223047e-20
0.000743095918590324
0.07845318740944503
11000997379214252e-22
0.2423991243447939
0.23137060086757227
0.0018268187003235284
0.0004888695418460128
7563075077803184e-24
0.0010187803487329671
10739430989983527e-24
0.010068598951900458
0.029156511705805275
0.000903586839227816
0.00034114320670716
0.0001504904725405339
26725964139767345e-22
0.006109164941410616
0.01520990666913721
0.022495528837216498
11069414966593804e-24
0.23248199317190618
0.06882628704093627
0
0
8177654055237026e-20
6712678764081873e-20
10336377633659189e-22
7552910027704744e-22
0.00017700144882603247
0.010214708381860981
0.00537933530370768
15204233576468958e-24
0.00018226240336769117
7328709027535167e-21
0.05082591417042921
0.012947584653767781
0.0964479763611138
384563522939766e-21
0.05807031170159139
0.00766645337219299
0.00012245856550069324
0.1380345406048879
0.0003026858882033289
1652310701176656e-28
8601948436586803e-20
37936228793097117e-22
0.00012470977933374337
0.017810865515968437
0.0034867321981837084
0.00015497879936488232
0.0001411391547870287
3818611332023897e-24
0.0006047696051465322
0.022082930682456255
13347307248329375e-24
0.0018046344936929126
0.0018497789949231654
4418661134447093e-20
0.10556230117177039
45837334550338816e-21
0.2476503044243317
0.0047369401382454995
0.16570336163598876
0.003093658616402727
0.0006734190685051038
0.0005691640113181063
47371528696836505e-21
0.25116731249493923
11919687690671971e-21
22530031648303447e-21
0.008275239058493816
0.0063789392275812986
2199971324343696e-23
8737214206438433e-20
0.0030520584564019807
0.1250451716205393
0.029907210438308397
0.0001001089093931101
0.02317494158653482
0
0
0.10751299299518173
0
0.25022646457772096
0.24418158457735514
0.24818167383781692
0.05059682099799807
0.029379795399701758
0.23410362822055375
0.248306675813885
0.23371109835150355
0.24481013171856467
0.2020312336852962
0.0007951451579005156
0.016013078516675276
0.13377365948142247
0.23128375925962333
0.12867024985646344
0.00030698563297967775
0.02674056931641295
0.22607390896653093
0.1089503446499003
0.15254583062997526
