0.0011809573123856111
31.664042140555264
132.02326248505125
0
105.38515479748432
0.004163616698909753
294.5817547071268
0
118.52589206875058
0
350.645891852308
0
29.05720416846473
0
34.123913585908156
0
29.533299870655497
18.598273442594703
105.54045189298519
127.38999101024271
0.1736869021593043
27.05597270475906
1.4698308772809963
1.0828371422043062
0
10.697952604891372
0.6306806568697496
5.000287842085391
0.0036233853423010116
3.1609156593334524
38.215983613634805
11.038421970214468
22.45303589678813
0.5118023055660805
35.307136152336156
1.2991501130990577
11204220421148291e-21
44.28531204796719
71.76400429254777
11.149694672988929
46.21126741624499
0
2.87016760910188
0
105.37570968870891
39.55503007797812
4.5769098262587615
0
18.03439063051414
0
1.6305475167559786
19.106904280938867
29.567702540186474
35.97572781227318
18.544968128573814
191.4840591505075
61.479142219785615
0.8913511134577321
0.1576336257411793
0.01104507047508331
19.809393879580313
50.65710968245609
1.0143761690545565
1.5665498593914977
0.013115662778692866
0.05095460580628709
306.72773062461204
0
269.88435015500704
0
7.0800601274022075
0.044287887172073735
191.77120013919435
14.751639681357034
3.963751974603532
0.986131872416857
3.0165963555695035
0
7002519102594213e-20
0.9445154873650667
0.07655926739498911
0.0021043917703133415
0.04203769559508663
0.007488764407426776
0.0004090897811237393
0.0016288727461390962
0.20501961328209672
0.6785175030272949
0.506823481452839
0.1113421197036133
0.0064629269927452115
0.09580791877167145
0.020088065393516673
2.2535926500613055
0.027721650912807243
1.7025472761221148
0.0177187745499211
0.029155927166847787
6.932319456629143
0.00050484451371436
0
1.2763113047798464
1.5150561584725069
0.20257022701339922
0
2.410693096303536
0.00023924613314259158
0.027321082647825373
0
0.002430200446393017
0
0.21360998172073253
1.0253436413547177
0
0
0
0
1.3150880707120296
0.5690812053067906
1.1997684822241355
5.858768675703498
0.2978758001504479
1.1828919439056713
0.13939585347548977
0.17026000453785975
0.014465899763437772
6.496473085086973
0.003723561480793441
1.628538199010586
978743751147269e-21
0.0701643472555084
1.889790367201349
0.2843292138970986
0.4700868872135889
0.003948760907685613
0.8556745716755612
0.18897453450994733
0.00048481999245556217
0.018858910741252437
0.9842177370296723
2.342378518423757
0.133627778937482
0.08170016073774278
0.2413791648061216
0.02420554138699221
0.31852524942052757
96.35913331395786
0.395442340900431
0.5895536357109075
0.14397991290059362
45.45268745686042
0.25396008957811167
7.204855466496626
1.9891271527907526
3.0850713944845776
0.183774713163755
0.30720389593515685
3.2475308548614983
4.21583286933787
0.9840316201644376
3.727498534595883
3.194854996467315
4.570755142468646
2.1947752094663686
2.604730604284068
0.42957342841925444
30.24286932197185
619.5847699957179
5.631425095563443
10676.781428318898
1.1152425073117338
23.21906225606941
1.1821753630074698
45.43401464078832
1.2470723271470503
1.7883807779208654
7.481525572604019
0.28048754524981845
1.0997593716742509
48.87208648885621
0
0.0006269649120837822
5325156454150125e-27
0
11223920251872922e-36
0.019267274517567913
0.031260484777544645
0.05131381103220991
0.025373878383812297
0.03336419513012763
0.05577502375076531
0.02991514565240639
0.04821317705717369
0.029618433036061896
0.024818334249257237
0.04544180788415183
0.025458956199506638
0.025711133785783966
0.02834744756698399
0.02390638105733698
0.0387036189914359
0.05303872596911223
0.06537154882906687
0.023997113567692865
0.03076055702831074
0.001986182450021345
0.007503731397824582
0.017037499239353146
0.07941819480036162
0.041521752820606356
0.1315517769505152
912077895223204e-19
0.01004891937032978
0.3141810857129654
5447408971608304e-21
0.08055690581387388
0.011332291027935436
0.0020502403650534684
5556915830226973e-21
12044248314541797e-22
0.11582863790856986
0.09897337595771889
0.00407970086406657
0.03182939535564615
0.020068528848289444
0.005882041780538729
0.012267894165643138
0.0004831226321573577
0.6293229900614102
1569913002988742e-24
0.07213029699952668
0.0004032096836711009
0.009730447625825965
0.011383102569930897
0.00015708694012969547
0.0001709049286711924
0.8024228695881442
0.0005202727679185484
0.06278271701465234
0.3498453409301366
12609165693861531e-22
258617279134831e-20
0.00014474776619022195
1184044797543467e-20
0.0005948469047887982
15325851147608116e-21
14120536797869507e-23
10044051118280845e-22
1907735940515428e-20
0.0839633542937524
0.08469474594246956
4344000418009601e-20
0.0002938091074655088
0.01785375898959963
0.008233802272838304
0.10024468165721061
0.01069111077685614
27829658296783886e-21
0.15820527798584
0.04019916509729598
824052866224948e-21
0.37789150030656954
45711218547181554e-23
0.0034869213888663285
0.0010120755229593359
22994565953104688e-28
0.5640486170937351
0.7834721551275452
0.018170293320969335
0.3848126763455175
0.9988197397432768
0.008822766997615375
0.25382892538695107
20535640179781962e-26
57648257723631715e-22
0.0005099580959051144
912152543995113e-19
0.15540598129375982
8473132313101286e-22
0.00012878663535459872
0.2093173824384026
0.0009394655038603335
0.012009169802603956
12229120146345397e-21
0.16541805356814615
0.10916000945574289
0.02344342771913787
27448684432049382e-21
0.00015347412721453121
1200668109042142e-22
0.0140090897441577
0.19377207470089344
8326801903911746e-24
10255146468793473e-21
9138936545845954e-21
9651206150459109e-20
12087287040488388e-21
0.5450311394113132
0.20241394722525324
0.004569444796580155
0.0014728462997939612
0.043911543215078626
0.0055020854715604
663788939436011e-19
0.029279698587249187
8324415837270847e-20
0.000743904848149328
0.08941517417448272
11001015079364419e-22
0.8828677632962572
0.9988197397432768
0.0018317192969339914
0.0004892194580982628
7563075161461414e-24
0.0010203017563113175
1073943115866758e-23
0.010220233018963241
0.03048599123989053
0.0009047833431314388
0.0003413135443401556
0.00015052360649603447
26726068607240738e-22
0.006164494027007857
0.015560019154746814
0.023274484798008064
11069415145803354e-24
0.9883921257815688
0.07703534312616339
0
0
8178632299286885e-20
6713337888660591e-20
10336393259719722e-22
7552918371067406e-22
0.000177047287727401
0.01037082686584781
0.00542216441182491
15204233914565713e-24
0.00018231100823491264
7328787582515751e-21
0.0550909259159075
0.013199978948034296
0.11393966429311884
38456373923568343e-23
0.06374509094254523
0.007753890284215797
0.00012248050399790573
0.17947876774198493
0.0003028199746260665
1652310701177045e-28
8603030835784829e-20
37936439279336384e-22
0.00012473253196916816
0.018293851298927938
0.0035046502328265295
0.00015501393955749012
0.00014116829826500888
3818611353350528e-24
0.0006053052398826845
0.02283284577048435
13347307508884283e-24
0.0018094165567930024
0.001854803806193724
4418946719385734e-20
0.12713835307278293
45840407774156186e-21
0.5720882475700034
0.004770103284806188
0.2330104462543127
0.0031077521372757876
0.0006740833087868548
0.0005696383949352059
4737481109863443e-20
0.7074228982428397
11919895494190518e-21
22530774080611133e-21
0.00837725347564333
0.0064392991711478996
2199971395129442e-23
8738330918092073e-20
0.0030657742327613318
0.15742729129456903
0.03130856655250954
0.00010012357002492856
0.02400298598840455
0
0
0.13003828007300677
0
0.6206430797145988
0.5316068723832532
0.5799831660570639
0.054820955675257195
0.03073044187449327
0.9728118226002473
0.5819446552701744
0.9766258596552471
0.5379457514591733
0.32506793611372253
0.0007960714831950055
0.01640186195074836
0.1720609487061272
0.4409039132764962
0.16341699301930052
0.00030712355723926094
0.027852391014269853
0.41483181517234213
0.13219280042960194
0.20627990604447957
