1.4662453269720597
24054447911830347e-41
22424060202417797e-27
0
34263308733433823e-22
15676060290576796e-27
34415102870909003e-22
0
34795676232180268e-22
0
0.0010552324039086885
0
3.758672702880194
0
4.834464713000091
0
30.606945658303232
25.25536799384648
0.01719722453923386
0.05472122646171253
10417437427714e-99
58.55615142447594
2.1616578837567504
1549788506644865e-28
0
28618391960233634e-22
7615149280200625e-23
0.0009653829993183922
0.003802995235402937
0.00554270122851052
0.008399067701549932
740649739280783e-21
7981546073795117e-26
0.0010452631744572482
12155639472873219e-22
9661726314624392e-23
15807198033078058e-31
3748676757113326e-21
4531941707777963e-21
1.9145281079188103
2.0073520092943125
0
0.8328900161421829
0
4.069208226987258
3.024215269303957
4.343697442922363
0
5.303328190790631
0
4.410659825351574
2.4991334861925
28.128486787718195
34.5548139073689
0.8041961025980184
16.655672178931663
74.62649666980377
1.4199881226400628
0.004346836066845989
0.03254539437203679
1.3702906487748456
33.0754949614109
0.35531191037472754
0.7121579306496373
2.2155505825670696
1.2130477884782522
64.54592364416844
0
62.02483998762143
0
14.797902112644353
0.0033545817218562056
0.0033316140603404207
0.4576264482788583
6.9759440113531515
1.2522948884845515
2.2177061587875255
0
0.0009266962812271318
0.17160557362227333
0.0571823615940545
0.026296028765436547
0.03411802755724844
0.00023890131589451814
0.00011058124670737262
0.0013543490218174616
1.9553738366200466
0.44955923815673926
0.003029176756173741
0.13560832326243277
0.01639241503851424
0.07431236062055915
0.009633469318227008
3619829195888661e-23
0.05618082098405481
0.6155149587331669
0.02139778690549347
4558458285866662e-27
6421146432916566e-22
0.0010060038734830273
0
0.769777646502144
0.39651192677775116
0.13435118425204043
0
0.2990993073005016
0.0035025069735367775
0.0555045839479081
0
7781493326493401e-20
0
0.18891029260225034
0.5608676301067526
0
0
0
0
6529919723383592e-22
0.4400526570384216
918911265168197e-22
12787420062923988e-22
0.3678838548712409
0.24967010479370524
0.23333962567458924
0.5389433487134325
0.0034736698919411555
0.6056849717194357
0.0013266526927911213
0.6042159574355731
10343617614712422e-22
0.00044670197595149787
0.3698465997344303
0.000665758204362819
1199458876461192e-28
0.06573742368620483
0.02208112789161137
0.19145084968838472
0.018507980716644227
0.03101354254572885
0.045182818611425916
0.12779137760378953
0.2494457408810928
0.17188937079541236
0.21477581791522823
7563470314725113e-30
0.13612506034753535
0.13614803281862126
0.4520012951617841
0.52964789964552
0.0002023040340038716
0.5294480334147499
0.6037837535343372
11.022615659175122
1.985925606256679
2.840230204095065
0.12041201360059033
0.45028343755803857
3.230138879741625
3.682507852147833
0.7595635768696022
5.383048279784157
6.565418886208535
3.9203988466403183
2.177389455609711
2.8271469438417958
0.6685167460973156
29.786078158625422
619.0679065991203
5.6310342479518365
3784.010370472758
1.1152230315397
23.21829582987558
1.1677548016018358
45.007402946434595
1.3057870919910841
1.7913296782096024
1.1152220865734075
0.8670664561561578
1.0504525535291174
69.20480071453224
0
0.0005930337179719756
659481673853785e-23
0
0.005477701750337324
0.005189155308652962
0.004736985818006558
0.0032047843744323398
0.004029710746739495
0.007948336357569915
0.00467892002859512
0.007462289453732028
0.0030725229046278607
0.004468527615116566
0.005440114149901312
0.013416927479173278
0.004338458393689775
0.006328726607983431
0.004805079195812484
0.0062578436890694325
0.0058153017528376864
0.012190059523486086
0.015417476824182553
0.006916275251640453
0.006647923378487113
0.001980411274490697
0.007421690560713519
0.016617481057968758
0.07069421987838545
0.03907107527699866
0.10848791071508454
9119560266860565e-20
0.009902058006118916
0.19824489916335164
5447365497073907e-21
0.0715882931651644
0.011145697016169406
0.002044091213082688
5556870590228798e-21
12044227061762886e-22
0.09774794853359185
0.0856125227498198
0.004055389004094625
0.030379145783807245
0.019487056494718682
0.0058315703072026595
0.012049366721450655
0.00048278079597420905
0.2501247854965548
1569912999377903e-24
0.06489623651666139
0.00040297156658898343
0.009592715457395899
0.011194838489416215
0.00015705079190496226
0.00017086214169463127
0.2473783545827061
0.0005198763496537133
0.057265152880351
0.209502011126347
1260914240066937e-21
25861629925919154e-22
0.00014471707353416632
11840242580743787e-21
0.0005943287277128481
15325507034635777e-21
14120533876684392e-23
10044036338288196e-22
1907682620880118e-20
0.0742439673974704
0.07481047393164841
4343723964170225e-20
0.0002936826647258092
0.017392805018574563
0.008135073225508656
0.0865508162887022
0.010524956688322129
2782852364234878e-20
0.12547031353203142
0.03789992245676353
8240518713543561e-22
0.21717956656778595
45711187934444826e-23
0.003469153576270331
0.0010105759723358114
22994565953027095e-28
0.24671206016769828
0.2483489649266628
0.017692959725630994
0.2189240659445353
0.23079040306342777
0.00870945731643999
0.17498027956929355
2053564017360371e-25
5764777083767505e-21
0.0005095772373421795
9120306555092211e-20
0.12375692552870043
8473121794828945e-22
0.00012876233808929488
0.15402461135492757
0.0009381733327666404
0.011799722943976602
12228901045907414e-21
0.12981112043687817
0.09302494857118232
0.02265188578727362
2744758063035404e-20
0.00015343962251060617
12006678978379068e-23
0.013724490004631853
0.1458719302696169
8326801802330598e-24
10254992392016822e-21
9138814184251473e-21
9649841601140071e-20
12087072992801818e-21
0.2451383549229329
0.1504595788402199
0.004538956509559284
0.0014696715914179021
0.04117538618370043
0.005457911651899926
6637243895252202e-20
0.028050214201986456
8323400669549889e-20
0.0007430945306357652
0.07843557446618031
11000997348827946e-22
0.2418618312885958
0.23079040306342777
0.0018268102986206904
0.0004888689413506011
7563075077659566e-24
0.0010187777388431848
10739430989693946e-24
0.010068340581643834
0.02915427994366844
0.0009035847865184166
0.0003411429143570606
0.00015049041566485115
26725963960425593e-22
0.006109070384756934
0.015209312446516934
0.022494214252624295
11069414966286148e-24
0.23190509425659986
0.06881297468627993
0
0
8177652375959709e-20
6712677632600587e-20
10336377606833537e-22
7552910013381483e-22
0.00017700137014336044
0.010214442399995279
0.005379262069476093
15204233575888542e-24
0.0001822623199375484
7328708892678442e-21
0.0508188838277201
0.012947155537896438
0.096420384729735
38456352256844536e-23
0.0580610175051322
0.007666304117874358
0.00012245852784166275
0.13797233807340736
0.00030268565806461096
1652310701176656e-28
8601946578520024e-20
37936228431750706e-22
0.00012470974027724968
0.017810047423142353
0.003486701516713454
0.00015497873904561643
0.0001411391047608081
38186113319872855e-25
0.0006047686860156114
0.022081664696112717
13347307247882068e-24
0.0018046262950728242
0.0018497703804094125
4418660644191601e-20
0.10552860393203542
458373292746298e-19
0.247294594135194
0.0047368834048820375
0.16560641958852096
0.003093634476713881
0.0006734179287488911
0.0005691631972707432
47371523062044406e-21
0.25072121230848193
11919687333933185e-21
2253003037377094e-20
0.008275065000112299
0.006378836094055263
2199971324222177e-23
8737212289472152e-20
0.003052034962999184
0.12499574568838129
0.029904859446666085
0.0001001088842266542
0.02317354490899108
0
0
0.10747789025880128
0
0.24983655120793793
0.24385567334002553
0.24782028113556556
0.05058985664032088
0.029377528514197764
0.23353186184586627
0.24794387830426462
0.23313805291299863
0.24447948554147877
0.20186634336765824
0.000795143568580084
0.01601241906881747
0.13371586846047298
0.23102773102734514
0.1286174560368139
0.00030698539625464955
0.026738699300771725
0.22583844627273603
0.10891418325743733
0.15246682398722108
