1.466287614168214
23887763893316044e-41
22358700734218482e-27
0
34248228889996363e-22
1566926205829835e-26
3439992747697975e-21
0
34780260183145636e-22
0
0.0010550252634992123
0
3.754386184882095
0
4.832592687382163
0
30.60646108840438
25.255580747750564
0.017183955822400763
0.0546315134288416
10372663926509311e-102
58.60804692371375
2.1616892137332036
15452286991983192e-29
0
28583931421459585e-22
7605612824299791e-23
0.0009652731135861707
0.0038029936217115617
0.005541646502790367
0.008398111781744023
7405142111574409e-22
7979191113758656e-26
0.0010450645214972708
1215338503297506e-21
965930987068231e-22
15803786316084025e-31
37441680180764226e-22
4526491064926849e-21
1.9134960448697238
2.006888589049938
0
0.8329622689486922
0
4.068835266850224
3.0221501009430423
4.343643363363761
0
5.303291903700525
0
4.410614891185842
2.5011339542064133
28.133264296145228
34.56171281516207
0.8052084471780672
16.635201177092366
74.66535293200599
1.4199603386198412
0.0043612077757877515
0.03253895468850453
1.3747038355459646
33.074997408300376
0.35535436679033994
0.7125596451567032
2.215535523136962
1.2129594159462462
64.57966624054394
0
62.051813441857135
0
14.79683560391557
0.0033670477442113004
0.003343868682177981
0.4591219122323567
6.975914313719497
1.2522193480165746
2.217681512202699
0
0.0009272469154514044
0.1714089296018654
0.057182700137728526
0.02629564289921421
0.03413766311859483
0.00023891538063977157
0.00011058465940018179
0.0013543155374378208
1.9554032543897386
0.44955283621796777
0.003028644802490704
0.13560509677270505
0.016402596067654582
0.07432003844434025
0.009635386879993586
3618846306367771e-23
0.056183379625774535
0.6152792231088887
0.021398120910114685
4556551946188094e-27
641952741561911e-21
0.0010060394154506195
0
0.7697648011017544
0.396492943625302
0.13443023879701427
0
0.2990850284573223
0.003487772859626084
0.055497730448101794
0
7771642565200644e-20
0
0.1889096841126877
0.5608570038586671
0
0
0
0
6528751633546467e-22
0.4400544755909584
9186948447003803e-23
12776749663308694e-22
0.36788110411347924
0.249663841688541
0.23334028543745053
0.5389360507025002
0.0034849996678809956
0.6056677065211933
0.0013266536349769867
0.6042159775543677
10343611395610733e-22
0.0004481616026825554
0.3698531363873208
0.0006656398749556116
1198185680181941e-28
0.06552615256268987
0.022077332798032503
0.19144879950723237
0.018508503760282825
0.03101453048387792
0.04517535214418435
0.1277775542998883
0.24944455621647063
0.17189420236675693
0.21477697963483025
7555478999874787e-30
0.136122220139508
0.1361451558499681
0.45199874529612044
0.5296460816928191
0.0002023011787165412
0.5294451657563608
0.6038006384055778
11.022800291063943
1.9859257931274257
2.840230656809906
0.12041267379517269
0.45029006536722493
3.2301391453098427
3.6825086398628333
0.7595670391478881
5.383105474891877
6.565506568647222
3.9203430094505265
2.177387612276727
2.8271812271089924
0.6685342806507872
29.78549228301337
619.0678916867486
5.631034236670915
3783.897079071382
1.115223030977562
23.218295807754043
1.167754387920023
45.00739069083142
1.305787213204019
1.791329671653642
1.115222086011146
0.8670608596601348
1.0504511627319868
69.20636579820467
0
0.0005930441454859561
6594999826922622e-24
0
0.005477459768468481
0.005189023770182616
0.004736837464253539
0.0032046066772968953
0.004029578983525926
0.007948163561310334
0.004678687459481398
0.007462228900159981
0.0030723540759048933
0.004468383578368288
0.005439999273254909
0.013416780443093426
0.004338331409104184
0.006328619049488108
0.004804934546045528
0.006257744777705211
0.005815187323818636
0.012189836282086012
0.015417099052560217
0.006916158356091488
0.006647793557875601
0.0019804111081553988
0.007421688205703319
0.01661746908536763
0.07069398243896993
0.039071006671196236
0.10848730710953006
9119560231687132e-20
0.009902053798283161
0.19824226435361197
5447365495819076e-21
0.0715880492750175
0.011145691674960668
0.002044091035861773
555687058892301e-20
12044227061149452e-22
0.09774746969312893
0.0856121643940281
0.0040553883044592105
0.030379104892700046
0.019487039956802735
0.005831568856676805
0.012049360470453335
0.0004827807861110394
0.2501181242356655
15699129993777988e-25
0.06489603855437658
0.0004029715597180704
0.009592711510204611
0.01119483310060331
0.00015705079086171037
0.0001708621404597949
0.24736995266450187
0.0005198763382159709
0.057265000835734575
0.20949891049972627
12609142399997042e-22
25861629923090873e-22
0.0001447170726483563
11840242574815385e-21
0.0005943287127628506
15325507024703513e-21
14120533876600075e-23
10044036337861592e-22
19076826193411372e-21
0.07424370376303377
0.07481020597136342
43437239561909946e-21
0.0002936826610769878
0.01739279188698864
0.00813507039297592
0.08655044935137028
0.010524951929960745
27828523609599108e-21
0.12546947397433997
0.03789985802730312
8240518713256405e-22
0.21717609452230657
4571118793356123e-22
0.003469153064734182
0.0010105759290852958
2299456595302709e-27
0.24670617172965237
0.24834072942969196
0.017692946130591615
0.2189205018789748
0.2307806437907305
0.008709454066994625
0.17497840082791935
20535640173603532e-26
5764777082362178e-21
0.0005095772263532937
9120306519913021e-20
0.12375611209076089
8473121794525349e-22
0.00012876233738805178
0.15402324768342013
0.000938173295495448
0.011799716951591231
1222890103958342e-20
0.12981021222530342
0.09302451910706389
0.02265186333056141
27447580598494863e-21
0.00015343962151478428
12006678978318108e-23
0.013724481874041516
0.14587073471496168
8326801802327665e-24
10254992387569628e-21
9138814180719686e-21
9649841561756896e-20
12087072986623662e-21
0.24513270143873409
0.15045829067625344
0.004538955632496571
0.0014696714998828654
0.041175309721394555
0.0054579103820117025
6637243876621608e-20
0.02805017947025594
8323400640250167e-20
0.0007430945072597372
0.07843527786133452
11000997348316177e-22
0.24185279235799237
0.2307806437907305
0.0018268101571188187
0.000488868931237012
7563075077657147e-24
0.0010187776948872534
10739430989689069e-24
0.010068336230206495
0.029154242357601164
0.0009035847519465481
0.00034114290943327723
0.0001504904147069462
26725963957405103e-22
0.006109068792238162
0.015209302438767185
0.02249419211293521
11069414966280966e-24
0.23189539034364998
0.06881275050050611
0
0
8177652347677179e-20
6712677613544084e-20
10336377606381738e-22
7552910013140249e-22
0.0001770013688181804
0.0102144379203651
0.005379260836067395
15204233575878768e-24
0.00018226231853241107
7328708890407174e-21
0.05081876543041013
0.01294714831081176
0.09641992009669942
3845635225621915e-22
0.05806086098421338
0.007666301604145153
0.00012245852720740622
0.1379712906930713
0.0003026856541885963
1652310701176656e-28
8601946547226306e-20
3793622842566488e-21
0.00012470973961945696
0.0178100336450743
0.003486700999975802
0.00015497873802971436
0.00014113910391826235
3818611331986669e-24
0.0006047686705355413
0.022081643374883185
13347307247874536e-24
0.0018046261569912773
0.0018497702353233736
44186606359346766e-21
0.10552803649234004
4583732918577586e-20
0.24728860760888655
0.004736882449379662
0.16560478736794035
0.0030936340701527756
0.0006734179095530353
0.0005691631835604974
4737152296714275e-20
0.2507137058392295
1191968732792496e-20
22530030352305158e-21
0.008275062068637398
0.006378834357085815
21999713242201305e-24
8737212257186443e-20
0.00305203456732282
0.12499491341988431
0.02990481985264494
0.00010010888380279863
0.023173521386748393
0
0
0.10747729915364156
0
0.2498299894586696
0.2438501880413502
0.24781419903688437
0.05058973935421792
0.02937749033661465
0.23352224407465214
0.24793777257853455
0.2331284136735117
0.24447392059577722
0.20186356742340558
0.0007951435418126396
0.016012407962572407
0.13371489535293302
0.2310234214055798
0.12861656706426644
0.0003069853922677078
0.02673866780692708
0.22583448269045805
0.10891357432693613
0.15246549370098533
