1.4660761781874425
2473289196376082e-40
2268741460704806e-26
0
3432372359349622e-21
15703295894001594e-27
3447590053572626e-21
0
3485743807448584e-21
0
0.0010560620306642257
0
3.77573993607834
0
4.841927787886542
0
30.608876268204703
25.254516251218465
0.017250059321456068
0.055078945471521715
10598560957631758e-102
58.35010402267872
2.1615331241091393
15681627630520748e-29
0
28756650069601116e-22
7653415289775517e-23
0.0009658230940131705
0.0038030016901863277
0.00554692543770673
0.008402896180886231
7411929951910296e-22
7990980803781787e-26
0.0010460587865691563
1216467610570742e-21
9671406504954322e-23
15820873624646645e-31
37667660641044796e-22
4553809983391873e-21
1.9185877725571105
2.0091776605697156
0
0.8326001275265794
0
4.0706887242538015
3.0324129830226956
4.343909906329052
0
5.303473115593395
0
4.410835455032379
2.4912429804111023
28.1094106969552
34.527271259383
0.8002059928618103
16.737215677374532
74.47077990270016
1.4200980771604736
0.004290691745720636
0.03256965340523544
1.3530412958911278
33.07747191875
0.355142022510322
0.7105606680796817
2.2156090782008375
1.213401221233986
64.41174752708652
0
61.91742725961986
0
14.80213371679652
0.003305821483965861
0.003283646982025642
0.4517828228483246
6.976059988519909
1.2525949062134383
2.217804336070799
0
0.0009245064336271915
0.17238590826275196
0.05718102468234076
0.02629757335719064
0.03403993222356848
0.00023884513396336303
0.0001105676319386966
0.0013544830053004654
1.9552566840571668
0.4495848235536273
0.003031306562423735
0.13562070764462608
0.016351913461728672
0.07428176096992585
0.009625832578108838
3623767067460699e-23
0.05617059685792511
0.6164543868737612
0.021396456445011793
4566100074698105e-27
6427630973067627e-22
0.0010058608503353626
0
0.7698290266509475
0.3965875632796272
0.13403681043592497
0
0.29915639707676955
0.0035611758317663136
0.05553180874160446
0
7820740377278146e-20
0
0.18891272709553716
0.5609101381226995
0
0
0
0
6534600967371211e-22
0.4400453900897646
9197783782579566e-23
12830195913943754e-22
0.36789485776674674
0.2496951953785664
0.23333698238476389
0.5389721091993626
0.0034293886795779714
0.605753985483299
0.0013266488628774142
0.6042158511238165
10343642493022938e-22
0.0004409977022890295
0.36982039721539217
0.0006662322840732486
1204565121855481e-28
0.0665745383725881
0.02209630798474409
0.19145905027035143
0.01850589665323622
0.03100960027338119
0.04521269524442795
0.12784668150522543
0.2494504793805214
0.17187008695627484
0.21477123700754622
7595521175884548e-30
0.1361364680645036
0.13615958656990423
0.45201149463446333
0.5296551711698348
0.0002023155107677828
0.5294593779003516
0.6037163489788638
11.021880668327139
1.9859248771263323
2.84022845935172
0.12040937576062839
0.45025705296783247
3.230137867823644
3.682504836758279
0.759549740795279
5.382820750632235
6.5650701311559985
3.9206231967926772
2.177396847695499
2.8270106002928683
0.6684467640007952
29.788403162499474
619.0679662486109
5.6310342930755235
3784.46356999918
1.1152230337882527
23.218295918361736
1.167756456330553
45.00745196888066
1.3057866077876366
1.791329704433402
1.1152220888224538
0.8670888424001135
1.0504581167360416
69.19853927807226
0
0.0005929921847135059
6594084417109369e-24
0
0.005478670296455176
0.005189683449766385
0.004737581079513838
0.0032054964642714958
0.004030239302383713
0.007949029558776195
0.004679852172761511
0.007462534488197713
0.003073199428594943
0.004469105505809475
0.005440575723303443
0.013417520755241422
0.004338968025845494
0.006329159217852556
0.004805659640925428
0.0062582416835591445
0.005815760983570126
0.0121909570868232
0.015418993917450264
0.006916745413890414
0.006648445212282049
0.001980411939832029
0.007421699980761794
0.016617528948459536
0.07069516964402246
0.03907134970141299
0.10849032517088629
91195604075543e-18
0.00990207483747982
0.19825543875250384
5447365502093234e-21
0.07158926873406099
0.011145718381029948
0.0020440919219665006
5556870595451954e-21
12044227064216624e-22
0.09774986391890085
0.08561395618798677
0.004055391802637492
0.03037930934878645
0.019487122646522824
0.005831576109309684
0.012049391725472366
0.00048278083542688965
0.25015143231421677
15699129993783201e-25
0.06489702837183943
0.0004029715940726367
0.009592731246177285
0.011194860044693774
0.0001570507960779699
0.0001708621466339768
0.24741196510933056
0.0005198763954046851
0.05726576106285366
0.20951441409173582
12609142403358681e-22
2586162993723228e-21
0.0001447170770774066
11840242604457397e-21
0.0005943287875128417
1532550707436484e-20
1412053387702166e-22
10044036339994616e-22
19076826270360426e-21
0.07424502194457844
0.07481154578238637
4343723996087146e-20
0.00029368267932109517
0.01739285754501739
0.008135084555649463
0.08655228405358652
0.010524975721789176
27828523773347463e-21
0.12547367181897515
0.0379001801757005
8240518714692184e-22
0.2171934553047964
45711187937979214e-23
0.0034691556224156787
0.0010105761453378928
22994565953027103e-28
0.24673561532538088
0.24838190964569942
0.017693014105892975
0.2189383227870233
0.2308294442814014
0.008709470314233579
0.17498779473651288
20535640173604422e-26
5764777089388815e-21
0.0005095772812977249
9120306695808976e-20
0.12376017933392552
847312179604333e-21
0.00012876234089426736
0.15403006616169332
0.0009381734818514241
0.011799746913548521
12228901071203394e-21
0.12981475334672027
0.09302666644748316
0.022651975614345114
2744758075779073e-20
0.00015343962649389374
12006678978622913e-23
0.013724522527041365
0.14587671258622614
8326801802342328e-24
102549924098056e-19
913881419837862e-20
964984175867277e-19
12087073017514445e-21
0.24516097016361876
0.1504647316063741
0.004538960017811835
0.0014696719575581056
0.041175692034343826
0.005457916731455775
6637243969774579e-20
0.02805035312933858
8323400786748779e-20
0.0007430946241398845
0.07843676089677976
11000997350875022e-22
0.24189799038931745
0.2308294442814014
0.0018268108646282873
0.0004888689818049596
7563075077669242e-24
0.0010187779146669284
10739430989713458e-24
0.010068357987411994
0.029154430288422108
0.0009035849248059041
0.0003411429340521949
0.00015049041949647107
2672596397250755e-21
0.006109076754836173
0.015209352477581789
0.022494302811598536
11069414966306874e-24
0.23194391396927644
0.068813871436679
0
0
8177652489089831e-20
6712677708826602e-20
10336377608640735e-22
7552910014346418e-22
0.00017700137544408067
0.010214460318535647
0.005379267003113712
15204233575927645e-24
0.00018226232555809777
7328708901763517e-21
0.05081935741971839
0.01294718444627548
0.09642224328426742
38456352259346057e-23
0.05806164359302699
0.007666314172799423
0.00012245853037868895
0.13797652767426194
0.0003026856735686699
1652310701176656e-28
8601946703694895e-20
37936228456094014e-22
0.00012470974290842063
0.017810102535521167
0.003486703583664829
0.0001549787431092248
0.0001411391081309912
3818611331989751e-24
0.000604768747935896
0.02208174998123673
13347307247912204e-24
0.001804626847399116
0.001849770960753682
44186606772193e-18
0.10553087372132919
4583732963004557e-20
0.24731854168971676
0.004736887226893463
0.16561294863171858
0.003093636102958837
0.0006734180055323197
0.0005691632521117298
47371523441651003e-21
0.25075124043302643
11919687357966084e-21
22530030459634082e-21
0.008275076726022288
0.006378843041937787
2199971324230363e-23
8737212418614982e-20
0.0030520365457051553
0.12499907481778552
0.029905017823274895
0.00010010888592207647
0.023173638998200588
0
0
0.10748025471195007
0
0.24986279992849048
0.24387761576864747
0.24784461102305522
0.050590325787451866
0.029377681225026354
0.23357033689202983
0.24796830271082043
0.23317661385668023
0.24450174659105917
0.20187744752641046
0.0007951436756498705
0.016012463493874748
0.13371976096145105
0.231044970318359
0.1286210119884482
0.000306985412202417
0.026738825276521237
0.22585430129750156
0.10891661901348731
0.15247214524823466
