1.466591895460635
2272193655287975e-40
21893985312567276e-27
0
3414000136166346e-21
1562047028095433e-26
34291014174860413e-22
0
34669619792241358e-22
0
0.0010535378406183304
0
3.7233069670658385
0
4.819047843844905
0
30.60295155677387
25.25710949243264
0.01708775739611082
0.05398255301286647
10056364134331033e-102
58.98608195545919
2.1619163065810354
15128115906879386e-29
0
28337188034421065e-22
7537344927445924e-23
0.0009644840448358119
0.003802982010303985
0.005534072747965205
0.008391247502163995
7395424815317022e-22
796228995042823e-25
0.0010436380405226327
12137220357797873e-22
9641964993947014e-23
157793238445396e-29
37118844616451154e-22
4487463268783479e-21
1.9058625051697904
2.0034689024012002
0
0.8334795372965971
0
4.0661169124580745
3.0071011935481584
4.343242155700929
0
5.303030106969708
0
4.410278038510044
2.515935536794051
28.167738055687742
34.61150608314671
0.8126753068514532
16.48688549699466
74.94748146678404
1.419756532422492
0.004469041620488294
0.03248944514588511
1.4077873993122754
33.07137743811943
0.3556596760790203
0.7154790130612795
2.2154213374697385
1.212323332000619
64.8248470679765
0
62.24733730594603
0
14.789057854907549
0.00346035316964846
0.003435519902707478
0.4703377833320353
6.975691356859836
1.2516693344730316
2.2175028922454336
0
0.0009312471294513709
0.16997522000747703
0.057185187681691264
0.02629286973548522
0.03428029340378339
0.00023901682009771954
0.00011060932547041739
0.0013540747288621753
1.955616478693167
0.44950670421531097
0.003024822451497812
0.13558026015246252
0.016476520255496303
0.0743756176160262
0.009649284900966093
3611792434426318e-23
0.05620182216397877
0.6135723809053361
0.021400540939284025
4542883061696891e-27
6407901889947333e-22
0.0010062925203975022
0
0.7696723668760908
0.3963554599582838
0.1350046173941383
0
0.298982207677035
0.0033809650971956427
0.055447838922829604
0
7700295822328419e-20
0
0.18890530726401725
0.5607805506795275
0
0
0
0
6520373061497498e-22
0.44006758270019347
9171417893047074e-23
12700246763668303e-22
0.3678613103914795
0.24961888863985332
0.23334502050779982
0.5388821157299789
0.00356994029358084
0.6055433218777092
0.0013266602342214455
0.6042160460969453
1034356665110405e-21
0.00045910635792509286
0.36990000130636735
0.0006647906732617194
11890638050548623e-29
0.06398203887422321
0.02205002378862868
0.1914340468252224
0.01851229155233693
0.031021667549226865
0.045121658249721856
0.12767811899485212
0.24943603138569442
0.17192909496357203
0.2147855355828235
7498228141615305e-30
0.13610192297877963
0.13612459116314932
0.4519803975402676
0.5296329996072685
0.00020228080560671227
0.5294240905808885
0.6039225374214637
11.024139372677148
1.9859271923589628
2.8402341109428018
0.12041743300524442
0.45033813400698863
3.2301412060007397
3.6825147107316605
0.7595919909793148
5.3835207604279685
6.566143386616458
3.919944213520331
2.177374404190089
2.827430271439369
0.6686609176467874
29.781220912647452
619.067784383458
5.631034155498039
3783.081980693114
1.1152230269326466
23.218295648576532
1.1677514112399543
45.00730250464385
1.3057880873400964
1.7913296244795205
1.1152220819653424
0.8670205903400637
1.0504411551814248
69.2176241050929
0
0.0005931197044406628
6596317351068472e-24
0
0.005475720405146899
0.005188083199439319
0.004735775476585422
0.003203331917956842
0.004028635352298169
0.007946926203552767
0.004677019552451842
0.007461801595520917
0.003071142855996902
0.00446735234747285
0.005439178831217699
0.013415737738602891
0.004337422730193212
0.006327852188693426
0.004803899209474086
0.006257040057944558
0.005814368465466274
0.012188243642384768
0.015414398673833431
0.006915324918554459
0.006646867030784433
0.0019804099112753337
0.007421671260039359
0.016617382935702456
0.07069227394598769
0.03907051301557662
0.10848296391093752
9119559978593557e-20
0.00990202352047832
0.19822330637760172
54473654867898244e-22
0.0715862943662074
0.011145653241892178
0.0020440897606533236
5556870579527088e-21
12044227056735436e-22
0.09774402422302501
0.08560958585718823
0.0040553832701737255
0.030378810658713163
0.019486920957167003
0.0058315584192992565
0.01204931549094008
0.0004827807151397283
0.2500701977692449
15699129993770492e-25
0.06489461411690141
0.0004029715102778063
0.009592683107885467
0.011194794324995799
0.00015705078335489852
0.00017086213157441998
0.2473095043261069
0.0005198762559146832
0.05726390679703625
0.20947660101731655
1260914239515925e-21
25861629902739738e-22
0.0001447170662744312
1184024253215704e-20
0.0005943286051888212
15325506953235006e-21
1412053387599337e-22
1004403633479192e-21
19076826082672616e-21
0.07424180678552883
0.0748082778675281
4343723898775733e-20
0.00029368263482156936
0.017392697397782996
0.008135050011263006
0.08654780906693318
0.010524917690810343
27828523373945933e-21
0.12546343302771526
0.037899394422602435
8240518711190147e-22
0.21715111274595766
45711187927203224e-23
0.003469149383932415
0.0010105756178724063
2299456595302708e-27
0.24666380509223748
0.24828147822854507
0.017692848306580945
0.21889485803808142
0.2307104322407443
0.008709430685356352
0.17496488277153005
2053564017360225e-25
5764777072250017e-21
0.000509577147281793
9120306266778017e-20
0.12375025908314762
8473121792340795e-22
0.00012876233234219455
0.15401343561942388
0.000938173027307303
0.011799673832937431
12228900994078549e-21
0.12980367729525272
0.09302142891814766
0.022651701741941727
27447580369249336e-21
0.00015343961434925935
12006678977879456e-23
0.013724423369795435
0.14586213228370215
8326801802306569e-24
10254992355569446e-21
9138814155306403e-21
9649841278371758e-20
12087072942168188e-21
0.2450920251331243
0.15044902190269974
0.004538949321518567
0.0014696708412345117
0.04117475953423805
0.005457901244426415
6637243742563504e-20
0.028049929556258568
8323400429421406e-20
0.000743094339055464
0.07843314364777772
11000997344633702e-22
0.24178776188624215
0.2307104322407443
0.0018268091389297997
0.0004888688584637855
7563075077639742e-24
0.001018777378598485
10739430989653973e-24
0.01006830491910638
0.02915397190512977
0.0009035845031816229
0.0003411428740037566
0.00015049040781425576
26725963935670907e-22
0.00610905733313951
0.01520923042730522
0.022494032805469823
11069414966243685e-24
0.2318255769442053
0.06881113737330645
0
0
8177652144167712e-20
6712677476421315e-20
1033637760313077e-21
7552910011404432e-22
0.0001770013592827295
0.01021440568684443
0.005379251960973418
15204233575808428e-24
0.00018226230842162045
7328708874064059e-21
0.05081791350013732
0.012947096307798191
0.09641657685425954
38456352251719166e-23
0.05805973473642015
0.007666283516406704
0.00012245852264355684
0.13796375440886222
0.00030268562629838893
1652310701176656e-28
8601946322049577e-20
3793622838187377e-21
0.00012470973488625084
0.017809934504070733
0.003486697281746184
0.0001549787307197006
0.0001411390978556493
3818611331982232e-24
0.0006047685591473271
0.022081489956681005
1334730724782033e-23
0.0018046251634135017
0.0018497691913441725
44186605765212385e-21
0.10552395351935641
458373285464194e-19
0.24724553529774743
0.0047368755739827665
0.16559304305347855
0.0030936311447076472
0.0006734177714275588
0.0005691630849072103
4737152228426948e-20
0.2506596989963453
11919687284692239e-21
22530030197846186e-21
0.00827504097497885
0.006378821858581137
21999713242054037e-24
8737212024871758e-20
0.003052031720199753
0.12498892492106287
0.029904534951879284
0.00010010888075290817
0.023173352131056705
0
0
0.10747304589958809
0
0.24978277888774467
0.243810721723393
0.24777043915436645
0.05058889541961842
0.029377215627872388
0.2334530502222409
0.2478938427175274
0.23305906541623295
0.2444338812673967
0.2018435939944324
0.0007951433492051322
0.016012328046822406
0.13370789347962586
0.23099241350805902
0.1286101705641652
0.0003069853635793143
0.02673844119125213
0.2258059644316425
0.10890919281357489
0.15245592184993398
