1.4672080997198773
20532322423323374e-41
20982264668622862e-27
0
33922331640661955e-22
15522333269676933e-27
3407196508869921e-21
0
34447097468538814e-22
0
0.0010505424699976435
0
3.659074961824758
0
4.791209812980117
0
30.595720363309415
25.260193822914637
0.016888911191641955
0.0526482651355922
944631206449029e-101
59.77750818895533
2.162385110489307
14492324509435902e-29
0
27844009583442747e-22
7400972204240387e-23
0.0009628947946839927
0.0038029584961643496
0.005518818768448941
0.008377422274542173
7375942131424338e-22
7928304064137976e-26
0.0010407650389295106
12104808317184596e-22
9607074721850616e-23
1573027028861733e-30
36473565809237674e-22
4409455089145345e-21
1.8892067693590682
1.9960595865005906
0
0.834512408736726
0
4.0604168306447095
2.9755770830554678
4.342356374142713
0
5.302495887086252
0
4.4095164005133825
2.547999994827202
28.238058494099015
34.713140125620285
0.8288639562102122
16.18096155848476
75.51776174376324
1.4193210203939104
0.004713333294191828
0.032364481899501245
1.4825469699663896
33.06382530119748
0.356276874064395
0.7215512140428648
2.2151556412615743
1.2110339343458925
65.33461312130245
0
62.65116564654698
0
14.772728074534392
0.00367040429859581
0.0036417468542662796
0.4957153616366497
6.975185393103947
1.2505193622099233
2.2171335559347294
0
0.0009395597484310827
0.16696484703560197
0.057190508731424596
0.026287272377704025
0.03457659009415587
0.00023922360826078893
0.00011065990952732998
0.0013535877197050816
1.9560567749795728
0.4494129216028288
0.003017108351909573
0.13552031686286206
0.01662991712848218
0.07448999673961128
0.009677980738356264
35976074262567185e-24
0.056239349224382354
0.6100573746806544
0.021405534381017055
4515461230227984e-27
6384485995053402e-22
0.0010067895405713506
0
0.7694851582782226
0.3960720966014601
0.13619857801140425
0
0.29877356825462836
0.003160395175227734
0.05534356053044587
0
755326255811866e-19
0
0.18889645236303942
0.5606257725765855
0
0
0
0
6503552091575116e-22
0.4400942434564037
9140193433158985e-23
12546799123386296e-22
0.3678212237095629
0.24952847689651556
0.23335454548881485
0.5387645399534622
0.0037619352425889616
0.6052904711793289
0.0013266726286358596
0.6042157743566784
10343476068282387e-22
0.00048385624983128956
0.3699939340856852
0.0006630830479119267
11708018852096468e-29
0.06072147324965631
0.021994711602767992
0.1914041687016459
0.01852009509679837
0.031036276197865226
0.04501309268248998
0.12747692072544234
0.2494187650824762
0.17200045211471912
0.2148039425741045
7383630213033934e-30
0.1360615869543323
0.13608369677459076
0.451943241412128
0.5296065023515143
0.00020224056990927018
0.5293788554160858
0.6041716081619318
11.026909103579474
1.9859303243972906
2.840242180041365
0.12042711843940526
0.45043755303677896
3.2301461979649786
3.6825292057270507
0.7596427320212714
5.3843822867663
6.567465406489146
3.919153001978012
2.1773479614097444
2.8279475750251497
0.6689199296961277
29.772259951321193
619.067567082135
5.6310339911137275
3781.431851465633
1.1152230187412324
23.218295326223952
1.1677453831471654
45.007123918103396
1.3057898682577542
1.7913295289458881
1.1152220737721308
0.8669390445051853
1.0504208890440498
69.24040478667187
0
0.00059327561057753
6598986006991802e-24
0
0.005472208037162562
0.005186210994026082
0.004733655060950051
0.0032007716374674996
0.004026749031880447
0.007944453457283233
0.004673672374097561
0.007460982522143115
0.0030687097552824475
0.004465292532454907
0.005437551199605409
0.013413710273903149
0.004335610285707186
0.006326338147407882
0.004801832759169997
0.006255651417950114
0.005812735140230661
0.01218509373984345
0.01540902848058315
0.006913679397074656
0.006645032514053085
0.0019804074874591546
0.007421636943259113
0.016617208474190494
0.07068881417966272
0.03906951332584999
0.1084741689719125
9119559466050276e-20
0.009901962204760006
0.19818491987092576
54473654685045625e-22
0.07158274060784547
0.011145575410958869
0.002044087178213469
5556870560499278e-21
12044227047796551e-22
0.09773704712580542
0.08560436426440936
0.0040553730751916135
0.03037821481012063
0.019486679971582568
0.005831537282478659
0.012049224402819183
0.00048278057141477523
0.24997316934633795
15699129993755303e-25
0.06489172956461291
0.0004029714101556613
0.009592625590213216
0.011194715800387422
0.00015705076815275098
0.00017086211358052555
0.24718713480139087
0.0005198760892452454
0.057261691308139816
0.20943142905236287
12609142385362168e-22
25861629861526376e-22
0.00014471705336650806
11840242445769038e-21
0.0005943283873392242
15325506808503144e-21
14120533874764727e-23
10044036328575477e-22
19076825858414026e-21
0.07423796533857686
0.07480437338996401
4343723782503294e-20
0.00029368258165136506
0.01739250604795645
0.008135008736130335
0.08654246243706573
0.01052484835297387
27828522896721418e-21
0.12545120031393894
0.037898455587673366
8240518707005737e-22
0.2171005306066497
4571118791432756e-22
0.0034691419299017427
0.001010574987631168
2299456595302705e-27
0.2465780301126169
0.24816153109896671
0.017692650203478908
0.21884293554150513
0.23056831128201294
0.00870938333506915
0.17493751036717523
20535640173599655e-26
5764777051771741e-21
0.0005095769871530393
9120305754150841e-20
0.12373840692427429
8473121787916824e-22
0.00012876232212375978
0.15399356698737457
0.0009381724841960107
0.011799586513237112
12228900901926e-18
0.12979044432559492
0.09301517124821129
0.022651374510121027
27447579905001054e-21
0.0001534395998382566
12006678976991138e-23
0.013724304892800385
0.14584471293493725
8326801802263845e-24
10254992290765432e-21
913881410384161e-20
9649840704484616e-20
12087072852140795e-21
0.24500967165701612
0.15043025332997612
0.004538936541096489
0.0014696695073975132
0.041173645365126604
0.005457882739822761
6637243471080593e-20
0.028049423458781787
8323400002469179e-20
0.0007430939984227774
0.07842882180022508
11000997337176265e-22
0.24165612133278735
0.23056831128201294
0.0018268070769828545
0.0004888687110897496
7563075077604494e-24
0.0010187767380780205
10739430989582902e-24
0.010068241510862176
0.029153424215769407
0.0009035839994045375
0.0003411428022549549
0.00015049039385577387
2672596389165667e-21
0.006109034127225972
0.015209084596940689
0.02249371019317134
1106941496616818e-23
0.23168426123488448
0.06880787072290567
0
0
8177651732037889e-20
6712677198732101e-20
10336377596547192e-22
7552910007889203e-22
0.0001770013399723574
0.0102143404106069
0.0053792339879425435
15204233575665978e-24
0.00018226228794612003
7328708840967391e-21
0.05081618828808999
0.012946990996415027
0.09640980676277335
38456352242606177e-23
0.05805745402333474
0.0076662468868078
0.00012245851340124276
0.13794849383623603
0.00030268556981755145
1652310701176656e-28
8601945866041078e-20
3793622829319178e-21
0.00012470972530097008
0.01780973373394187
0.003486689751920038
0.00015497871591609152
0.0001411390855781684
3818611331973247e-24
0.0006047683335735749
0.02208117927062009
13347307247710551e-24
0.0018046231513070645
0.0018497670771692397
4418660456202264e-20
0.10551568551810585
4583732725164984e-20
0.24715833194276715
0.004736861650551866
0.16556926203074915
0.003093625220356678
0.0006734174917078302
0.0005691628851231245
473715209013734e-19
0.25055036462358354
11919687197141055e-21
2253002988504918e-20
0.0082749982580835
0.0063787965477612365
219997132417558e-22
8737211554408088e-20
0.0030520259544595365
0.12497679840798089
0.029903958003707123
0.00010010887457653303
0.023173009372798106
0
0
0.10746443309146389
0
0.24968719943218393
0.24373081750076653
0.24768184407822677
0.05058718639909691
0.029376659319262498
0.23331298758830518
0.2478049035879286
0.23291869048195557
0.24435281715427312
0.20180315158013132
0.0007951429591531446
0.016012166209552044
0.13369371501208113
0.2309296317330071
0.12859721789763562
0.00030698530548205953
0.026737982274593425
0.22574822274134446
0.10890032029009802
0.1524365396024643
