1.4718250758929627
9608427444368527e-41
15256320475149846e-27
0
3235379623509627e-21
1481491209819167e-26
3249346687257426e-21
0
32843545567122164e-22
0
0.0010287636020820333
0
3.1151752192176145
0
4.563239154519088
0
30.535842744891283
25.282806889720618
0.015182489079946834
0.04133380182528897
5944488915584443e-102
67.13074072098668
2.166212214461326
10505728038032589e-29
0
2441185692937139e-21
6454638619648593e-23
0.0009513526038063728
0.003802782325840502
0.005408055595259529
0.008277014409196903
7243865347599371e-22
7686264519539101e-26
0.0010199039910316725
11884833413662958e-22
9358632967414608e-23
15395071243783912e-31
31982484316299394e-22
3866524119203947e-21
1.6878714353723694
1.9108890513365346
0
0.8414504198214078
0
4.005267953333093
2.685146359535242
4.327330070025358
0
5.29814779127852
0
4.394766679470535
2.912244084661348
28.771157287392317
35.48651393306577
1.0373007095300326
13.622630438666938
78.03625382841801
1.4134921396901223
0.009416993314370008
0.029088943656506838
2.874816219240952
32.99556984080937
0.36082893214968004
0.7755000883740139
2.208946545752456
1.2012180908471934
69.85100706324461
0
66.05268820520733
0
14.618806302137063
0.007435783080195224
0.007301180295771336
0.9764731760091522
6.965185998309028
1.2398828952649803
2.2135959580151496
0
0.0010130086635040739
0.1380818108473799
0.05724413464712859
0.026246209309772763
0.0371889278649944
0.0002408890115306556
0.00011109145180535943
0.00134993503094447
1.9597654169030876
0.44869417922015997
0.002958470544768427
0.1341216900781816
0.01796419076357172
0.07543235584956268
0.009919936824647374
34956410540012294e-24
0.05653174016646809
0.5804726725922256
0.0214478702335589
4320986193232487e-27
6211858799687586e-22
0.001009068042034253
0
0.7680818184714362
0.3936881757322322
0.14676812755308347
0
0.29719073815442876
0.0013590926901068535
0.05435641490907858
0
6330370915507756e-20
0
0.18883052101945302
0.5594681960084341
0
0
0
0
6386051954317897e-22
0.4402993945525887
8916103699251173e-23
11457720676698924e-22
0.36752078018074363
0.24888083642836614
0.23342444077261784
0.5369327385992468
0.007356778610304292
0.6032813000869066
0.0013267240583595605
0.6041958161980376
10342798592661916e-22
0.0009497450304692863
0.3706286604541281
0.0006508118457191186
10425632760714906e-29
0.029864150917892174
0.021579226201647532
0.1911802069429213
0.018584961201620117
0.031153230871352033
0.0442069223983127
0.12597671631329757
0.2492892823263443
0.17256877045166882
0.21499396426730574
657967921612593e-29
0.13579635667484763
0.1358134960492827
0.45166485384074906
0.5294077753870235
0.00020203413010798035
0.5287030319116027
0.6061447659447926
11.050461125402592
1.9859678125990914
2.840352926813341
0.12050186944190379
0.4512826693667004
3.230222071595173
3.682740854810417
0.7600325965985238
5.391833951392276
6.578943261625783
3.9140152953272396
2.1771641958072063
2.83245446223479
0.6709842189834041
29.68818891758007
619.0659389312099
5.6310327594468825
3769.0909604519993
1.1152229573661905
23.218292910962965
1.167700218008663
45.0057858619357
1.3058037476869333
1.7913288131214724
1.1152220123836143
0.8663282295030393
1.0502690552781706
69.40956426207909
0
0.0005945824236590178
6619005128814639e-24
0
0.005446359875119597
0.005173756706203431
0.004719225061759042
0.0031826040570247798
0.004013805640666843
0.007927525433848047
0.004650055343432668
0.007457092904155221
0.0030514272838461
0.004451234909183673
0.005426990655851481
0.013402595561021026
0.004323367961291032
0.0063168786414879545
0.004787807008204142
0.006247109743913225
0.005801725290305935
0.012165148479839944
0.015373541806778626
0.0069033965192061625
0.0066333090641075895
0.0019803893268521477
0.007421379826169233
0.016615901360967213
0.0706628968979097
0.039062023857656496
0.10840829463418605
911955562576596e-19
0.00990150280227674
0.19789754128230974
5447365331500282e-21
0.07155611930639502
0.011144992271676639
0.0020440678291110677
5556870417931389e-21
12044226980821008e-22
0.09768478632325393
0.08556525105468848
0.004055296689015567
0.030373750722767427
0.019484874456187164
0.005831378915032075
0.012048541937260288
0.0004827794945415876
0.24924737031567032
1569912999364151e-24
0.06487012082772332
0.000402970659980596
0.009592194643888018
0.011194127463903088
0.00015705065424908516
0.00017086197875941156
0.2462721924310968
0.0005198748404583964
0.05724509424802695
0.20909328305736122
12609142311956508e-22
2586162955273081e-21
0.00014471695665255302
11840241798497728e-21
0.00059432675508041
15325505724084253e-21
14120533865558964e-23
10044036281998124e-22
190768241781327e-19
0.0742091892105273
0.0747751251580597
4343722911319734e-20
0.0002936821832682414
0.017391072405936948
0.008134699484456737
0.08650241274947065
0.010524328846367588
27828519321066092e-21
0.12535958333906105
0.03789142200666536
8240518675653589e-22
0.21672191320709075
4571118781785518e-22
0.0034690860802910157
0.001010570265493935
22994565953026817e-28
0.24593630019607457
0.24726465615732227
0.017691165965415222
0.21845429234340533
0.2295062365560467
0.008709028566179309
0.1747325559047644
20535640173580185e-26
5764776898336071e-21
0.000509575787372865
9120301913237925e-20
0.12364963946700847
8473121754769757e-22
0.00012876224556107265
0.1538447806681161
0.0009381684148866965
0.011798932281622302
1222890021146323e-20
0.12969133779993008
0.0929682983797094
0.022648922841180065
27447576426571504e-21
0.0001534394911130635
12006678970335283e-23
0.01372341722381064
0.1457142627740988
8326801801943726e-24
10254991805214454e-21
9138813718236189e-21
9649836404575044e-20
12087072177600957e-21
0.2443935092058538
0.1502897022690495
0.004538840783565078
0.0014696595135199706
0.041165298293313016
0.005457744094101161
6637241436966252e-20
0.028045631759938443
8323396803484755e-20
0.0007430914462009894
0.07839644747206458
11000997281300629e-22
0.24067206803715993
0.2295062365560467
0.0018267916276993666
0.0004888676068754727
7563075077340407e-24
0.0010187719389228962
10739430989050406e-24
0.01006776643053057
0.029149320922126604
0.000903580224809898
0.0003411422646698817
0.0001504902892703999
26725963561875326e-22
0.006108860257246831
0.015207991991857584
0.022491293133301914
11069414965602452e-24
0.23062817530163185
0.06878339992955942
0
0
8177648644111864e-20
6712675118116407e-20
10336377547219013e-22
7552909981550958e-22
0.00017700119528740065
0.010213851334702933
0.0053790993250012195
15204233574598676e-24
0.00018226213453132134
7328708592987057e-21
0.05080326381600125
0.012946201966890952
0.09635909625202763
384563521743261e-21
0.05804036838733351
0.007665972441197184
0.0001224584441522404
0.1378342060601149
0.00030268514662918467
1652310701176656e-28
8601942449349513e-20
3793622762873252e-21
0.00012470965348225464
0.017808229514331468
0.0034866333344114237
0.00015497860499851565
0.00014113899358786676
3818611331905921e-24
0.0006047666434408406
0.022078851561226596
13347307246888032e-24
0.001804608075456229
0.0018497512365648117
4418659554699615e-20
0.10545375724364674
45837317550451824e-21
0.2465059293001844
0.004736757329062037
0.1653911888046016
0.0030935808318857537
0.0006734153958816091
0.0005691613882217728
4737151053987819e-20
0.2497326810410942
11919686541154505e-21
2253002754138435e-20
0.00827467820420204
0.006378606906937292
21999713239521234e-24
8737208029409648e-20
0.0030519827543821977
0.12488597663883524
0.02989963551208555
0.00010010882829939528
0.0231704413812603
0
0
0.10739992266371584
0
0.24897222281648937
0.24313295915899072
0.24701904312705406
0.050574383217210785
0.029372491452790254
0.23226622344173878
0.24713953210888898
0.2318696028323375
0.24374629036403034
0.20150039017524374
0.0007951400366530888
0.016010953678572706
0.13358752915488284
0.23045977515617658
0.12850021015604077
0.00030698487018252803
0.02673454404314044
0.2253160564771992
0.10883386495416127
0.1522913944218072
