1.4756605478264657
51121335458814126e-42
11707932416657729e-27
0
31131359095087005e-22
14263220070362662e-27
31263095257261768e-22
0
31593446950030337e-22
0
0.001011339960656878
0
2.5618901060788795
0
4.342814675370423
0
30.47738598036991
25.300907883332957
0.013338504879751576
0.030722799498431416
407827281467695e-101
75.7194840660021
2.1525472434487902
8039101117570424e-29
0
21884683645460257e-22
5757679692953041e-23
0.0009422739645694516
0.003802635991001839
0.005321119987977112
0.008198037686667138
7215532392453666e-22
7532279825105552e-26
0.0010035315514420695
11835680341108608e-22
9206792828860999e-23
15292584150586313e-31
28675136394497598e-22
3466689090119453e-21
1.417067502824506
1.7758858833889022
0
0.8451812446964755
0
3.898061425961095
2.3438548926493747
4.251933680855595
0
5.29234119657071
0
4.309926676074606
3.0835561527409756
29.048386250536577
35.891385043673246
1.6581642912765817
11.077744374106516
65.05704126529368
1.3881306264179016
0.03288533670733076
0.018381898246923874
8.721458961208123
32.915789322994286
0.3644059230725252
0.8367479836249606
2.168088883512302
1.1918558455500783
74.94817110313952
0
69.45636520836285
0
14.425453458605343
0.02156657279567627
0.021166362388875103
3.1403887997416504
6.90635382336335
1.2169327420480454
2.150372299865045
0
0.0010958339445744046
0.10693951641402341
0.05731053434114343
0.02621264066067695
0.04011762570862114
0.00024210816346083446
0.00011135564976760697
0.001346464633959848
1.963508031835232
0.44807652877109955
0.002887353964445539
0.08528726208663027
0.01907557364989087
0.07575396588890952
0.0101654694938302
3418274711276833e-23
0.056821989039222996
0.545654355018075
0.021495559456610535
4176117094565426e-27
6045726471030546e-22
0.0009086404656385887
0
0.7669068665162796
0.39118729017821563
0.15870489796672385
0
0.295842223208422
0.0003181342421326124
0.05276527028091864
0
512533531239968e-19
0
0.18877643551207318
0.5585094591857712
0
0
0
0
6326812078282345e-22
0.44047807919608173
8747254816677608e-23
10629401768389047e-22
0.36727107510808993
0.24839082205243346
0.23349688243702907
0.527751723496929
0.022949427409537274
0.6007139770270973
0.0013267118447188083
0.6041505253036301
10342237321357e-19
0.0030218465743946077
0.37083954299839533
0.0006413918696114167
9467404381756181e-29
0.007695651503018452
0.021232038433274005
0.19099402348444688
0.018649000654021787
0.03126267234868438
0.04354696987545284
0.12474127206722432
0.2491815540942257
0.17309617959573007
0.21523699665920548
5980078887669351e-30
0.13563480414588722
0.13564681157289105
0.45143360075945516
0.5292424270587855
0.0002025621463070614
0.5252524702203132
0.6079588602167428
11.074614592278987
1.9860211597018846
2.8405241742269607
0.12056730867647339
0.45214886218784983
3.230346028858717
3.6830790745888735
0.7603712961835088
5.399666191534784
6.591069641235417
3.9110377941298116
2.1770344000516966
2.8372411155815236
0.67290168793011
29.581726263682313
619.0645863766573
5.631031736261473
3758.869613633755
1.115222906379954
23.21829090452748
1.1676626991908048
45.00467432550555
1.305816236304657
1.7913282184240533
1.1152219613861836
0.8658210421668738
1.0501429387179417
69.53914086677544
0
0.0005958932581955533
66356723764019976e-25
0
0.005425622187707543
0.005165976970934821
0.004709616994614525
0.0031691501735293098
0.004004942046563634
0.007916087113163706
0.004632801224903889
0.007457569390586046
0.0030386316103102086
0.004441801771923545
0.00542085043497452
0.013400063462949606
0.004315382165422558
0.0063121138024709676
0.004778535016063903
0.006243068105630664
0.00579458587438166
0.012154749283024142
0.015351833395845135
0.006898212812149761
0.006626885325471635
0.001980374240373211
0.007421166237432499
0.016614815577780738
0.07064137379683165
0.039055803205139586
0.10835360110538955
9119552435518388e-20
0.009901121177933464
0.19765912346848832
54473652176863864e-22
0.07153401165600712
0.011144507862151919
0.002044051755323078
5556870299495616e-21
12044226925182245e-22
0.09764139282880244
0.08553277203206457
0.004055233233634396
0.03037004275937977
0.01948337468316749
0.005831247357325416
0.012047975020367753
0.0004827785999499113
0.24864602826095777
15699129993546998e-25
0.06485217522060226
0.00040297003678688707
0.009591836657512915
0.01119363873720565
0.00015705055962567647
0.000170861866759218
0.24551469589130298
0.0005198738030529173
0.05723131018974477
0.20881278941078146
12609142250976041e-22
25861629296204334e-22
0.0001447168763091813
11840241260788464e-21
0.0005943253991134535
15325504823222348e-21
14120533857911442e-23
10044036243304804e-22
19076822782268585e-21
0.07418529242925216
0.07475083639904355
4343722187599413e-20
0.0002936818523188635
0.017389881522850176
0.008134442587995587
0.08646915626839395
0.010523897294870627
27828516350653527e-21
0.12528352502540765
0.037885579975314415
8240518649608341e-22
0.2164078856031534
4571118773771249e-22
0.0034690396848907107
0.0010105663426780752
22994565953026627e-28
0.24540446452352035
0.2465220583627279
0.017689933055373464
0.21813195871789573
0.2286276577863317
0.008708733859138902
0.17456247618846849
20535640173563998e-26
57647767708720844e-22
0.000509574790678688
9120298722468153e-20
0.1235759458854316
847312172723342e-21
0.0001287621819579985
0.15372128836530127
0.0009381650343928169
0.011798388817773033
12228899637873436e-21
0.1296090643417703
0.09292937752888678
0.022646886362015655
2744757353692753e-20
0.00015343940079157596
12006678964806045e-23
0.013722679852033473
0.14560598232345895
832680180167779e-23
10254991401851522e-21
9138813397901252e-21
9649832832502081e-20
12087071617238857e-21
0.2438828215498782
0.15017304180639057
0.00453876123621249
0.0014696512113332601
0.04115836539668172
0.005457628919279223
6637239747161933e-20
0.028042482262429263
8323394145985519e-20
0.0007430893259941934
0.07836956322937517
11000997234882918e-22
0.23985763089338977
0.2286276577863317
0.0018267787935775772
0.0004888666895707361
756307507712102e-23
0.001018767952126187
10739430988608037e-24
0.010067371782928767
0.02914591262211312
0.000903577089143631
0.00034114181808116015
0.0001504902023879911
26725963287915246e-22
0.0061087158215758575
0.01520708438904587
0.02248928540073425
11069414965132492e-24
0.22975451203696162
0.06876307786535849
0
0
8177646078872396e-20
6712673389681926e-20
10336377506240497e-22
7552909959670927e-22
0.00017700107509300197
0.010213445061285756
0.005378987458689379
1520423357371202e-23
0.00018226200708476776
73287083869817615e-22
0.05079252953731038
0.012945546531026144
0.09631698966867101
3845635211760365e-22
0.05802617861861463
0.007665744457793488
0.00012245838662487668
0.13773933550010167
0.0003026847950733253
1652310701176656e-28
8601939610993986e-20
37936227076744698e-22
0.00012470959382014855
0.01780698000689759
0.0034865864672503776
0.00015497851285574637
0.00014113891716858358
38186113318499926e-25
0.0006047652393963228
0.022076918044088786
13347307246204733e-24
0.0018045955515534808
0.0018497380773638194
441865880579225e-19
0.10540233905598144
4583730949135337e-20
0.24596526696918686
0.004736670667562156
0.1652434032434169
0.0030935439574268134
0.0006734136548157153
0.0005691601447002376
47371501932249633e-21
0.249055434359718
11919685996205215e-21
22530025594426104e-21
0.008274412334469732
0.006378449370438041
21999713237664918e-24
8737205101080131e-20
0.0030519468671410394
0.12481057823876011
0.029896045153140923
0.00010010878985549148
0.0231683082837585
0
0
0.10734636120662541
0
0.2483798256298305
0.24263741416058132
0.246469781811693
0.0505637496626348
0.029369029520519903
0.23140021460696153
0.24658814518166866
0.23100168574131166
0.2432435738611871
0.20124922188589017
0.0007951376088456219
0.016009946459562264
0.13349938125285946
0.23007017708803218
0.12841967832587295
0.0003069845085655505
0.026731688128900023
0.22495767112517268
0.10877868918913315
0.15217092270836438
