1.475739053050902
50465201314479095e-42
11644666240413853e-27
0
3110714371474187e-21
14252265434856869e-27
3123867046844452e-21
0
3156861287036912e-21
0
0.0010110046173392629
0
2.5494736029338556
0
4.337961403041768
0
30.47609584851426
25.30127009764998
0.013295145289495885
0.030548198929785813
4047281399068171e-102
75.18225413575982
2.1336871987657826
799497257044929e-28
0
2183578657998711e-21
5743971266404887e-23
0.0009420938561168819
0.0038026329959342147
0.005319400055328392
0.008196470893668154
7216535606919891e-22
753026319635727e-25
0.001003207653171803
1183727128256308e-21
9205048770934007e-23
15293864504045283e-31
2861114176551215e-21
34589523450415597e-22
1.412678484235746
1.7725526132669667
0
0.8452021968480512
0
3.8862927086692918
2.335615317652681
4.249668046183545
0
5.292165087522882
0
4.306873097108726
3.0790483197479697
29.05027134487199
35.894166611739536
1.6805277379467483
11.021284998285061
64.80356704235373
1.3872426255811097
0.03362408892840333
0.01820490978996418
8.880514415238837
32.91384334755222
0.36447600116818185
0.8381430329510311
2.1665979843241843
1.1915995542294278
75.06370555263621
0
69.53131855333808
0
14.420834857971846
0.02192901158167068
0.02153764122750622
3.1610903421532397
6.904210552806683
1.2057156564027014
2.0883575565009296
0
0.0010977312291001972
0.10642106153108097
0.05731216457968171
0.026211909057429098
0.040184009085297547
0.00024159894074275953
0.00011111261418828238
0.0013463613638615992
1.9635924807665963
0.4480637349639857
0.0028854672636006756
0.06133716140939845
0.018825070204129817
0.07510838246336668
0.010170952344943628
3416805062090995e-23
0.05683031142284601
0.5447886683643293
0.021496977274952027
4173373467461022e-27
6041879086635514e-22
0.0008182198696343663
0
0.7668825474292977
0.3911274522084425
0.1589764493397547
0
0.295814182227237
0.0003107025080267793
0.05272128617418831
0
5098733192510184e-20
0
0.18877533647732786
0.5584898362430755
0
0
0
0
6326614808636956e-22
0.4404818254869587
8744077549931895e-23
1061313004239633e-21
0.36726596302217396
0.24838140893153493
0.2334995590209842
0.5274242881547095
0.02338623137211513
0.6006250299097561
0.0013267114960752297
0.6041491915659052
10342225846362322e-22
0.0030811126952344932
0.3708384376874601
0.0006412084003303781
9448739171573772e-29
0.00752359949899005
0.021224938227157136
0.19099021139077066
0.018650414772142253
0.031265070523676504
0.043533554374872885
0.12471611074975959
0.24917934742611808
0.1731076949642704
0.21524307736102238
59684139705843775e-31
0.1356322328511159
0.1356440389144288
0.4514288674570538
0.5292390402183834
0.0002025926103264974
0.5251451796239465
0.6079982551957979
11.075168650849367
1.986022497308299
2.8405285528523896
0.12056868407524568
0.452168725930916
3.2303492402125515
3.6830877875552432
0.7603783883969264
5.399848370824417
6.591352281637076
3.9109937047853074
2.177032189423792
2.8373531853892455
0.6729435714539461
29.57865055031786
619.0645586923248
5.631031715318706
3758.660690758894
1.1152229053363572
23.218290863459345
1.167661931260553
45.00465157463712
1.3058165015722134
1.7913282062512879
1.1152219603423577
0.8658106631990167
1.0501403574963801
69.54157655271727
0
0.0005959229317443061
6636013920285044e-24
0
0.005425205789321414
0.005165848332828032
0.004709451519760083
0.0031688959640010696
0.0040047843882762965
0.007915887655011321
0.004632478786117073
0.007457628176675696
0.003038390545212819
0.0044416381037344094
0.005420751677577631
0.013400099863781049
0.004315247106711817
0.006312057032828433
0.004778376435186031
0.0062430255128072334
0.005794466634122336
0.0121546451751192
0.015351491039315863
0.006898150962371498
0.00662679744774599
0.001980373931581273
0.007421161865718724
0.016614793354489284
0.07064093332606587
0.039055675889897244
0.10835248191527352
911955237021976e-19
0.00990111336692192
0.19765424648482338
5447365215356821e-21
0.07153355922343455
0.011144497947378524
0.002044051426322816
5556870297071449e-21
12044226924043422e-22
0.0976405048432199
0.08553210737355198
0.004055231934827037
0.030369966868753925
0.019483343986712035
0.00583124466460635
0.012047963416875368
0.0004827785816392431
0.24863373503238703
15699129993545064e-25
0.06485180795809463
0.0004029700240312408
0.00959182933031406
0.011193628734070434
0.00015705055768890574
0.00017086186446677588
0.2454992156545576
0.0005198737818191112
0.05723102808948468
0.20880705214080675
12609142249727881e-22
25861629290953696e-22
0.0001447168746646972
1184024124978252e-20
0.0005943253713592766
1532550480478332e-20
14120533857754908e-23
10044036242512822e-22
1907682275369775e-20
0.07418480338541679
0.07475033933415758
434372217278616e-19
0.00029368184554492787
0.01738985714846312
0.008134437329870976
0.08646847570147873
0.010523888461971085
27828516289854515e-21
0.12528196873030578
0.03788546040882835
824051864907524e-21
0.216401462776204
4571118773607212e-22
0.003469038735266643
0.0010105662623852367
22994565953026627e-28
0.24539359082169332
0.24650688203331558
0.01768990782081578
0.21812536609674577
0.22860971002525063
0.008708727827119041
0.1745589966915216
2053564017356367e-25
5764776768263126e-21
0.000509574770278168
9120298657158838e-20
0.12357443796889855
84731217266698e-20
0.00012876218065615812
0.1537187617350993
0.0009381649652003036
0.011798377694305178
12228899626133085e-21
0.12960738089698187
0.09292858105913895
0.02264684468085575
27447573477781708e-21
0.00015343939894285779
1200667896469287e-22
0.013722664759770818
0.1456037668575654
832680180167235e-23
10254991393595407e-21
9138813391344572e-21
9649832759388173e-20
12087071605769248e-21
0.24387237984278776
0.15017065492213744
0.004538759608035558
0.0014696510414028933
0.041158223504929405
0.005457626561882782
6637239712574678e-20
0.028042417801563597
8323394091591289e-20
0.00074308928259743
0.07836901305348769
1100099723393283e-21
0.23984098964229308
0.22860971002525063
0.0018267785308870876
0.000488866670795173
7563075077116529e-24
0.001018767870523779
10739430988598982e-24
0.010067363705362455
0.029145842864493066
0.0009035770249622857
0.00034114180894029696
0.0001504902006096647
2672596328230777e-21
0.006108712865272651
0.015207065812611472
0.022489244307924986
1106941496512287e-23
0.2297366643253851
0.06876266197190058
0
0
8177646026366557e-20
6712673354303978e-20
1033637750540174e-21
7552909959223084e-22
0.0001770010726328393
0.010213436745767086
0.005378985169011112
15204233573693873e-24
0.00018226200447616655
73287083827652036e-22
0.050792309849585715
0.01294553311577729
0.09631612801469061
38456352116442647e-23
0.05802588821575767
0.007665739791453336
0.00012245838544739512
0.1377373943521722
0.00030268478787761233
1652310701176656e-28
8601939552897954e-20
37936227065446494e-22
0.00012470959259897266
0.01780695443263935
0.003486585507970314
0.0001549785109697499
0.00014113891560441847
3818611331848848e-24
0.0006047652106580864
0.022076878470232732
13347307246190745e-24
0.0018045952952125842
0.0018497378080195783
44186587904634616e-21
0.10540128687986643
45837309326398116e-21
0.2459542129752068
0.004736668893773399
0.16524037971782615
0.003093543202677432
0.0006734136191792693
0.0005691601192476126
4737150175606694e-20
0.2490415915338968
11919685985051082e-21
22530025554575362e-21
0.00827440689268286
0.006378446145989369
21999713237626924e-24
8737205041142494e-20
0.0030519461325980504
0.1248090354443721
0.029895971669442037
0.00010010878906861394
0.02316826462513323
0
0
0.10734526517877135
0
0.24836771505499325
0.24262728179920656
0.2464585521828514
0.05056353203621465
0.029368958665243233
0.23138252272361015
0.24657687213811336
0.23098395500650684
0.24323329499245974
0.20124408419293824
0.0007951375591528394
0.01600992584425918
0.13349757763113837
0.23006220959724907
0.12841803051108558
0.0003069845011639047
0.02673162967664917
0.2249503415768383
0.10877756013246548
0.15216845786421432
