1.4757913979059512
50032405290741595e-42
11602672437090926e-27
0
31091088056662034e-22
1424497206839147e-26
31222409566280955e-22
0
31552071562642933e-22
0
0.0010107986972706265
0
2.5411578208741044
0
4.334717233526748
0
30.475233410657296
25.30150965654202
0.013266053029824507
0.030433790358226177
4026765326938628e-102
72.28837484373048
2.0613536938988735
7965625898164559e-29
0
21803244252487923e-22
57347799092667605e-24
0.0009419739102977689
0.0038026309989189354
0.005318254711637386
0.008195427465380252
7217167670567465e-22
7528947034693247e-26
0.0010029919620482928
11838271621446066e-22
9203920271468446e-23
1529464042555e-27
28568551666751703e-22
3453803320337752e-21
1.40965670953961
1.7703244016352528
0
0.8452062370063811
0
3.870701788587406
2.33007592296852
4.248185257456662
0
5.292046172998941
0
4.304988605474295
3.075507910807253
29.051458276828793
35.89591935188279
1.6956497264865111
10.983487941900078
64.59037630989235
1.3866953395908652
0.03407616432549706
0.018081420830316594
8.977234546460847
32.91253903287303
0.36452271854301277
0.8389751849063144
2.165679476431251
1.191416276009484
75.13242374244366
0
69.58122304260179
0
14.418082238372854
0.022148783527473802
0.021777466250404984
3.036455957074411
6.9028870944858225
1.163872006113765
1.873050304555264
0
0.0010988748132531826
0.10608148867782585
0.05731331411500255
0.02621141115049119
0.04022371282575179
0.00024076869233231245
0.00011072319740453924
0.0013462838659322597
1.9636502936418136
0.448055201055385
0.0028842672914965667
0.028933872991329653
0.01780332455748238
0.07257404904665876
0.010174613990048457
34158284513617564e-24
0.05683648516507386
0.544224199377417
0.021498037598370778
4171554051371627e-27
6039394146913924e-22
0.0005856294723440328
0
0.7668663545551646
0.39108563282946623
0.15913880797910404
0
0.2957954743054193
0.00030602132450014086
0.05269442604475516
0
50809301021902135e-21
0
0.18877460385578076
0.5584767229491566
0
0
0
0
6326529353566646e-22
0.4404843255736183
874196723184486e-22
10602295365309436e-22
0.367262554417975
0.248375256263683
0.23350166917277787
0.5272220403430311
0.023652381601108493
0.600559535560435
0.0013267114555463692
0.6041482881779761
10342218195466264e-22
0.0031172571658280453
0.37083837535729525
0.0006410867440559713
9436316890874577e-29
0.007415024995479562
0.02122020476381403
0.19098766957680405
0.018651374534052367
0.031266699277144094
0.04352461139603476
0.12469933804020922
0.24917787604908026
0.17311551764727406
0.21524735442020415
5960654464566879e-30
0.13563068184264265
0.13564222425189432
0.4514257114367296
0.5292367819232224
0.00020261343854385236
0.5250847627029649
0.6080249812316294
11.075550053229753
1.986023395263538
2.840531493961149
0.12056960202850278
0.45218239948210204
3.2303513981298706
3.683093641315383
0.7603831211705686
5.399974755697045
6.591548364884567
3.910967838820891
2.177031186724305
2.8374312875352388
0.6729720289466177
29.57617338442757
619.0645402332689
5.631031701354716
3758.5213939017394
1.1152229046405193
23.21829083607638
1.1676614192286978
45.00463640506827
1.3058166757498582
1.7913281981348546
1.1152219596463668
0.8658037428744503
1.0501386364212173
69.54319658893876
0
0.0005959432067497011
6636241660711451e-24
0
0.005424928345074346
0.005165766713607816
0.0047093478399534636
0.0031687308311424693
0.004004684900419592
0.007915762226215055
0.004632270268366491
0.007457677896196319
0.003038234054031909
0.004441535250047853
0.005420690466145338
0.013400142932016138
0.004315162901384432
0.006312027934162698
0.004778277365261333
0.006243005718225607
0.005794394779133004
0.01215460306011862
0.015351284466062551
0.00689811923158407
0.006626748186834168
0.0019803737256883884
0.007421158950796652
0.016614778536702547
0.0706406396353116
0.039055591000262846
0.10835173568035066
9119552326680654e-20
0.009901108158784486
0.1976509947298543
544736521380354e-20
0.07153325755698149
0.011144491336519246
0.0020440512069556487
5556870295455088e-21
12044226923284087e-22
0.09763991276639129
0.0855316642026874
0.004055231068822702
0.030369916267337715
0.019483323519292026
0.00583124286918527
0.012047955680031816
0.0004827785694302564
0.24862553862560727
15699129993543778e-25
0.06485156307997172
0.0004029700155261707
0.009591824444767645
0.01119362206429429
0.00015705055639752695
0.00017086186293824643
0.24548889445396332
0.0005198737676610667
0.057230839994530866
0.2088032267942677
12609142248895648e-22
25861629287452726e-22
0.00014471687356820606
11840241242444099e-21
0.0005943253528536507
1532550479248875e-20
1412053385765054e-22
10044036241984754e-22
19076822734647606e-21
0.07418447730790766
0.07475000790850526
434372216290914e-19
0.0002936818410282772
0.01738984089639485
0.008134433823918038
0.08646802192348986
0.010523882572471041
27828516249315617e-21
0.1252809310516194
0.037885380685803986
8240518648719786e-22
0.2163971803398138
45711187734978366e-23
0.0034690381020868366
0.0010105662088484592
22994565953026627e-28
0.24538634084142827
0.24649676344551244
0.017689890995213363
0.2181209704516278
0.2285977437963045
0.008708723805157125
0.17455667670913705
2053564017356345e-25
5764776766523552e-21
0.0005095747566757329
9120298613612608e-20
0.1235734325470271
8473121726293996e-22
0.00012876217978813125
0.15371707707931992
0.000938164919064879
0.011798370277526752
12228899618304981e-21
0.1296062584402255
0.0929280500015436
0.022646816889190385
27447573438345104e-21
0.00015343939771018977
12006678964617413e-23
0.013722654696726193
0.14560228967217584
832680180166872e-23
10254991388090486e-21
913881338697278e-20
9649832710638082e-20
1208707159812167e-20
0.24386541788393906
0.15016906344263817
0.004538758522417874
0.0014696509280985926
0.041158128896170286
0.005457624990044328
6637239689512964e-20
0.028042374821134846
83233940553229e-18
0.0007430892536618121
0.07836864621537214
11000997233299337e-22
0.2398298944124366
0.2285977437963045
0.0018267783557332164
0.0004888666582762087
7563075077113537e-24
0.0010187678161138216
10739430988592947e-24
0.010067358319494724
0.02914579635236278
0.0009035769821681529
0.0003411418028454523
0.00015049019942393172
2672596327856888e-21
0.006108710894101922
0.015207053426432303
0.022489216908552725
11069414965116458e-24
0.22972476479385184
0.06876238466840649
0
0
8177645991357288e-20
6712673330715058e-20
10336377504842482e-22
7552909958924474e-22
0.00017700107099247897
0.010213431201240243
0.0053789836423250165
15204233573681773e-24
0.00018226200273683204
7328708379953731e-21
0.05079216336913507
0.012945524170912086
0.09631555349475561
3845635211566852e-22
0.05802569458492404
0.007665736680083656
0.00012245838466228682
0.13773610006998463
0.00030268478307973355
1652310701176656e-28
8601939514161317e-20
37936227057913203e-22
0.00012470959178473035
0.01780693738053552
0.0034865848683521905
0.0001549785097122258
0.0001411389145614816
3818611331848083e-24
0.00060476519149632
0.02207685208364918
13347307246181418e-24
0.0018045951242924244
0.0018497376284291923
44186587802427e-18
0.10540058532721908
4583730921641105e-20
0.24594684279003262
0.0047366677110662996
0.16523836375523826
0.003093542699433996
0.0006734135954179906
0.0005691601022765903
47371501638593766e-21
0.24903236199341536
11919685977613853e-21
2253002552800412e-20
0.008274403264269705
0.006378443996027652
21999713237601595e-24
8737205001177931e-20
0.0030519456428276075
0.12480800676739846
0.029895922672885246
0.00010010878854394833
0.02316823551495823
0
0
0.10734453438752294
0
0.24835964042646227
0.2426205260892107
0.24645106489804366
0.05056338693017058
0.02936891142123169
0.2313707270747385
0.24656935590778264
0.23097213345729523
0.24322644160213897
0.20124065861109805
0.0007951375260192309
0.016009912098627583
0.13349637504551126
0.2300568972741961
0.12841693181091063
0.00030698449622871627
0.026731590702567577
0.22494545459345433
0.1087768073189194
0.15216681440457194
