1.4757913979059512
50032405296303153e-42
11602672437090949e-27
0
3109108809602936e-21
14244972068640271e-27
31222409567156076e-22
0
31552071562653254e-22
0
0.0010107987100713253
0
2.5411578154791927
0
4.334717233523126
0
30.475233410657157
25.30150965558593
0.01326605301268574
0.030433790452297996
40267653274573e-100
72.28848458178317
2.0613563118122284
7965625895239124e-29
0
21803244252487923e-22
57347799057664915e-24
0.0009419739102977608
0.0038026309989189354
0.005318254711632776
0.00819542746538018
721716765977416e-21
7528947034613891e-26
0.001002991962047423
11838271603741883e-22
9203920271371545e-23
15294640402676622e-31
28568551666752143e-22
3453803320337752e-21
1.4096566188078175
1.7703244015262671
0
0.8452062365371156
0
3.8706993356789936
2.3300759189113505
4.248185260506396
0
5.292046172999258
0
4.304988699648736
3.0755076548777085
29.051458274358925
35.8959193482847
1.6956497243545452
10.983487917383775
64.59034330101622
1.386695366474
0.03407614162267301
0.018081414473340683
8.977229688394926
32.91253903302738
0.3645227185659657
0.8389751297077321
2.1656795234110464
1.1914162771468961
75.13241908749539
0
69.58122300841339
0
14.418082423577193
0.022148772274886427
0.021777465346782512
3.036459927894428
6.9028871607044495
1.163873520894788
1.8730575286562339
0
0.0010988747430203507
0.10608148878881131
0.05731331414584199
0.026211411153307475
0.04022371027011979
0.00024076853377331004
0.00011072312402603647
0.0013462838654958898
1.9636502944951701
0.44805520105536645
0.0028842673267923434
0.028934444906893633
0.017803360280268937
0.07257414121785724
0.010174613994754155
3415828451355743e-23
0.056836485219108626
0.5442242077631173
0.02149803761444969
41715540535670514e-28
6039394193365327e-22
0.0005856357025445843
0
0.7668663545716408
0.39108563188371986
0.1591387974815664
0
0.2957954743054541
0.00030602133727310773
0.05269442747076656
0
5080930090661452e-20
0
0.188774603855779
0.5584767229333013
0
0
0
0
6326529356663298e-22
0.44048432557362494
8741967231825278e-23
10602295365309436e-22
0.367262554417975
0.24837525632340354
0.2335016691893027
0.527222050341013
0.023652368334664383
0.6005595352693984
0.0013267114555577076
0.6041482881779645
10342218195466264e-22
0.003117255362367234
0.370838375404763
0.0006410867443015382
9436316892333973e-29
0.0074150252183231916
0.021220204763814168
0.19098766957680405
0.01865137454673395
0.03126669929138188
0.04352461139603485
0.1246993380408081
0.24917787604908026
0.17311551771719685
0.21524735452792604
5960654467413446e-30
0.1356306819228733
0.135642224254133
0.4514257114367297
0.5292367819232224
0.0002026134385416674
0.5250847688478137
0.6080249814537587
11.075550059019754
1.9860233952635569
2.8405314939612145
0.12056960202850552
0.45218239968963236
3.230351398129922
3.6830936413155184
0.7603831211705807
5.399974758108643
6.591548368621409
3.9109678405392723
2.1770311872180472
2.837431289205864
0.6729720292034692
29.576173161867334
619.0645402332689
5.631031701354716
3758.5213939017394
1.1152229046405193
23.21829083607638
1.1676614192286978
45.00463640506827
1.3058166757483125
1.7913281981348546
1.1152219596463668
0.8658037428744503
1.0501386364212173
69.54319658881747
0
0.0005959432069810322
6636241660711468e-24
0
0.005424928345074907
0.005165766716007292
0.0047093478431989065
0.003168730833263461
0.004004684903206735
0.007915762229915224
0.004632270271518986
0.007457677901330524
0.0030382340560879814
0.004441535253108736
0.005420690469843382
0.013400142941188721
0.004315162904225677
0.006312027938435091
0.004778277368513832
0.00624300572242515
0.005794394782988088
0.01215460306834761
0.01535128447664194
0.006898119236225366
0.0066267481913983494
0.0019803737256883884
0.007421158950796652
0.016614778536702547
0.0706406396353116
0.039055591000262846
0.10835173568035066
9119552326680654e-20
0.009901108158784486
0.1976509947298543
544736521380354e-20
0.07153325755698149
0.011144491336519246
0.0020440512069556487
5556870295455088e-21
12044226923284087e-22
0.09763991276639129
0.0855316642026874
0.004055231068822702
0.030369916267337715
0.019483323519292026
0.00583124286918527
0.012047955680031816
0.0004827785694302564
0.24862553862560727
15699129993543778e-25
0.06485156307997172
0.0004029700155261707
0.009591824444767645
0.01119362206429429
0.00015705055639752695
0.00017086186293824643
0.24548889445396332
0.0005198737676610667
0.057230839994530866
0.2088032267942677
12609142248895648e-22
25861629287452726e-22
0.00014471687356820606
11840241242444099e-21
0.0005943253528536507
1532550479248875e-20
1412053385765054e-22
10044036241984754e-22
19076822734647606e-21
0.07418447730790766
0.07475000790850526
434372216290914e-19
0.0002936818410282772
0.01738984089639485
0.008134433823918038
0.08646802192348986
0.010523882572471041
27828516249315617e-21
0.1252809310516194
0.037885380685803986
8240518648719786e-22
0.2163971803398138
45711187734978366e-23
0.0034690381020868366
0.0010105662088484592
22994565953026627e-28
0.24538634084142827
0.24649676344551244
0.017689890995213363
0.2181209704516278
0.2285977437963045
0.008708723805157125
0.17455667670913705
2053564017356345e-25
5764776766523552e-21
0.0005095747566757329
9120298613612608e-20
0.1235734325470271
8473121726293996e-22
0.00012876217978813125
0.15371707707931992
0.000938164919064879
0.011798370277526752
12228899618304981e-21
0.1296062584402255
0.0929280500015436
0.022646816889190385
27447573438345104e-21
0.00015343939771018977
12006678964617413e-23
0.013722654696726193
0.14560228967217584
832680180166872e-23
10254991388090486e-21
913881338697278e-20
9649832710638082e-20
1208707159812167e-20
0.24386541788393906
0.15016906344263817
0.004538758522417874
0.0014696509280985926
0.041158128896170286
0.005457624990044328
6637239689512964e-20
0.028042374821134846
83233940553229e-18
0.0007430892536618121
0.07836864621537214
11000997233299337e-22
0.2398298944124366
0.2285977437963045
0.0018267783557332164
0.0004888666582762087
7563075077113537e-24
0.0010187678161138216
10739430988592947e-24
0.010067358319494724
0.02914579635236278
0.0009035769821681529
0.0003411418028454523
0.00015049019942393172
2672596327856888e-21
0.006108710894101922
0.015207053426432303
0.022489216908552725
11069414965116458e-24
0.22972476479385184
0.06876238466840649
0
0
8177645991357288e-20
6712673330715058e-20
10336377504842482e-22
7552909958924474e-22
0.00017700107099247897
0.010213431201240243
0.0053789836423250165
15204233573681773e-24
0.00018226200273683204
7328708379953731e-21
0.05079216336913507
0.012945524170912086
0.09631555349475561
3845635211566852e-22
0.05802569458492404
0.007665736680083656
0.00012245838466228682
0.13773610006998463
0.00030268478307973355
1652310701176656e-28
8601939514161317e-20
37936227057913203e-22
0.00012470959178473035
0.01780693738053552
0.0034865848683521905
0.0001549785097122258
0.0001411389145614816
3818611331848083e-24
0.00060476519149632
0.02207685208364918
13347307246181418e-24
0.0018045951242924244
0.0018497376284291923
44186587802427e-18
0.10540058532721908
4583730921641105e-20
0.24594684279003262
0.0047366677110662996
0.16523836375523826
0.003093542699433996
0.0006734135954179906
0.0005691601022765903
47371501638593766e-21
0.24903236199341536
11919685977613853e-21
2253002552800412e-20
0.008274403264269705
0.006378443996027652
21999713237601595e-24
8737205001177931e-20
0.0030519456428276075
0.12480800676739846
0.029895922672885246
0.00010010878854394833
0.02316823551495823
0
0
0.10734453438752294
0
0.24835964042646227
0.2426205260892107
0.24645106489804366
0.05056338693017058
0.02936891142123169
0.2313707270747385
0.24656935590778264
0.23097213345729523
0.24322644160213897
0.20124065861109805
0.0007951375260192309
0.016009912098627583
0.13349637504551126
0.2300568972741961
0.12841693181091063
0.00030698449622871627
0.026731590702567577
0.22494545459345433
0.1087768073189194
0.15216681440457194
