1.475826779645144
4974205618168831e-41
11574373171922976e-27
0
31080883196697257e-22
14240051845560732e-27
31211444883867846e-22
0
31540898892525688e-22
0
0.0010108506558443866
0
2.535436196193067
0
4.332520611007336
0
30.474649448087334
25.301655946327642
0.013246038945862378
0.030358761475505595
4012974901108362e-102
12.650716693155376
0.41963431801309625
7945762794925021e-29
0
2178127521672325e-21
5728470432419539e-23
0.0009418929003804277
0.0038026296490670953
0.005317481112338459
0.008194722746905386
7217401440648741e-22
7528068017450294e-26
0.0010028462779667951
11838630444805156e-22
9203170283124628e-23
15294755059652273e-31
28539799529910195e-22
345032725496035e-20
1.406259700462154
1.768814067661049
0
0.845194516430869
0
3.8292678654217704
2.3262465548328324
4.247235404583517
0
5.291965138692086
0
4.3051511284079576
3.069215097447644
29.052199178934476
35.89701467706051
1.705932158993119
10.957489286866254
63.951512369550876
1.3867367215536268
0.034034333123870705
0.017904002065368806
8.968163425439084
32.91165707628379
0.36455455860319425
0.8386949604040933
2.1657751443210036
1.191297915223265
75.107868022302
0
69.61436033402704
0
14.41904923254352
0.022124898463465964
0.021923263888533627
0.4410160417939373
6.903002244396027
0.23347359866497705
0.14534996512955
0
0.00109857992200246
0.10585625417319507
0.05731459514501029
0.026211108135790393
0.04021156854888273
0.0002381946088783796
0.00010952829415486567
0.0013462183521693292
1.9637031190344303
0.448049430856612
0.002883996154033778
0.00046733825791555423
0.002418903614980585
0.014775734564633543
0.010177162492881656
3415169727793193e-23
0.056841938900255705
0.5439701477937758
0.021499080732391488
4170362597844939e-27
6038425501689569e-22
17335720117579078e-21
0
0.7668556735600417
0.391041912894857
0.15908843788137947
0
0.2957828245373793
0.0003031426220758463
0.05269805717352155
0
50686882477175484e-21
0
0.18877410870140907
0.5584676012690731
0
0
0
0
6326544486965881e-22
0.4404860165814052
8740544209742542e-23
10594978526157822e-22
0.36726025041119964
0.24837207379610746
0.23350359130322132
0.5272378208978267
0.02362906598621314
0.6005063113855453
0.0013267117527851736
0.6041476703345645
1034221302407923e-21
0.00311407316072627
0.3708396319532798
0.0006410086041504495
942795317151692e-28
0.007347109562490973
0.02121700559372985
0.1909859514622204
0.018652223239535182
0.03126803328993752
0.043518567456310706
0.12468801185553056
0.24917688147556502
0.1731219493004652
0.21525200782180118
5955461679487e-27
0.13563094499386869
0.13564105242711919
0.45142357817150464
0.5292352554368244
0.00020262770054840234
0.5251381678286551
0.6080466803335496
11.075902588375008
1.9860240053265759
2.8405334929660975
0.12057022295448523
0.45219503729137644
3.2303528652582285
3.6830976206352224
0.7603863222129608
5.40009960592368
6.591741997659023
3.910978458728047
2.1770382845872507
2.837511377240027
0.6729954666374867
29.570873338113337
619.06452775614
5.631031691915958
3758.427241152498
1.1152229041701773
23.218290817567276
1.1676610731283819
45.00462615142296
1.3058167699293317
1.7913281926486604
1.1152219591759218
0.8657990652049887
1.0501374730872797
69.54428836234861
0
0.000595960701372081
6636395603151627e-24
0
0.005424740910448122
0.005165755481934365
0.004709330830242192
0.003168653902811177
0.004004663193934999
0.007915737940214143
0.0046321808706644005
0.007457795461082238
0.0030381619099767196
0.004441515780589728
0.005420707192071044
0.013400322184311406
0.004315152454876341
0.00631207812806263
0.004778263586330983
0.006243061010217691
0.005794409136926075
0.012154717565293101
0.01535131784118596
0.0068981736783167436
0.006626789517582556
0.0019803735865181154
0.007421156980498358
0.016614768520843808
0.0706404411200333
0.03905553362046056
0.10835123127667973
911955229725103e-19
0.00990110463842171
0.19764879678394343
54473652127536215e-22
0.07153305365067518
0.011144486868007826
0.002044051058677634
5556870294362532e-21
1204422692277082e-21
0.09763951256275208
0.08553136464912375
0.004055230483459842
0.030369882064098262
0.019483309684651003
0.005831241655596962
0.012047950450428387
0.00048277856117777076
0.24861999853736813
15699129993542905e-25
0.06485139755870978
0.0004029700097772931
0.00959182114245541
0.011193617555958907
0.00015705055552463838
0.00017086186190505922
0.24548191823515497
0.0005198737580911437
0.057230712854847994
0.2088006411469173
12609142248333119e-22
2586162928508631e-21
0.00014471687282704892
11840241237483796e-21
0.0005943253403450439
1532550478417841e-20
14120533857579993e-23
10044036241627808e-22
1907682272177095e-20
0.0741842569013963
0.07474978388701524
4343722156232914e-20
0.00029368183797531333
0.017389829911055605
0.008134431454121282
0.0864677152002439
0.01052387859155149
27828516221913925e-21
0.12528022965275623
0.037885326798286684
8240518648479523e-22
0.21639428573757077
45711187734239054e-23
0.003469037674098273
0.001010566172661059
22994565953026627e-28
0.2453814404446272
0.24648992416933635
0.017689879622202555
0.2181179993297728
0.22858965575363888
0.008708721086571846
0.17455510856844014
20535640173563316e-26
5764776765347711e-21
0.0005095747474813659
9120298584178172e-20
0.12357275295145145
8473121726039975e-22
0.00012876217920140113
0.15371593837134262
0.000938164887880315
0.01179836526426649
12228899613013685e-21
0.12960549973750377
0.09292769104264803
0.022646798103839974
27447573411688513e-21
0.00015343939687698582
12006678964566406e-23
0.013722647894762538
0.14560129119880505
832680180166627e-23
10254991384369517e-21
9138813384017733e-21
9649832677686171e-20
12087071592952398e-21
0.24386071216225164
0.1501679877149003
0.004538757788610625
0.001469650851512213
0.04115806494688645
0.00545762392758337
6637239673924735e-20
0.028042345769179966
8323394030807818e-20
0.0007430892341032052
0.0783683982574858
11000997232871135e-22
0.23982239504481612
0.22858965575363888
0.0018267782373405283
0.0004888666498141982
7563075077111511e-24
0.0010187677793362076
1073943098858887e-23
0.010067354678997832
0.029145764913210633
0.0009035769532420859
0.00034114179872573143
0.0001504901986224528
2672596327604162e-21
0.00610870956171826
0.01520704505418136
0.022489198388366684
11069414965112119e-24
0.22971672182866207
0.06876219722979882
0
0
8177645967693288e-20
6712673314770476e-20
1033637750446446e-21
7552909958722636e-22
0.00017700106988370126
0.010213427453500125
0.005378982610384125
15204233573673597e-24
0.00018226200156115432
7328708378053355e-21
0.05079206435805611
0.012945518124764776
0.09631516515834937
38456352115145257e-23
0.05802556370336001
0.007665734576999543
0.00012245838413160444
0.13773522522575848
0.00030268477983667766
1652310701176656e-28
8601939487977857e-20
37936227052821205e-22
0.00012470959123435515
0.017806925854424588
0.003486584436011741
0.00015497850886222087
0.00014113891385652365
3818611331847569e-24
0.0006047651785442052
0.0220768342480418
13347307246175105e-24
0.001804595008761452
0.001849737507037707
4418658773334127e-20
0.10540011112561265
4583730914206691e-20
0.24594186114625202
0.004736666911632901
0.16523700110874281
0.003093542359274001
0.000673413579356902
0.000569160090805276
4737150155918946e-20
0.2490261236142565
1191968597258676e-20
22530025510043682e-21
0.008274400811697806
0.006378442542792884
21999713237584483e-24
8737204974164468e-20
0.0030519453117744838
0.1248073114530455
0.02989588955442477
0.00010010878818930828
0.023168215838381908
0
0
0.1073440404226848
0
0.24835418264809425
0.24261595977239142
0.2464460041062208
0.05056328884809822
0.02936887948737611
0.23136275431900544
0.2465642755515926
0.23096414319669395
0.24322180926256293
0.20123834317218225
0.0007951375036230541
0.016009902807475627
0.1334955621814813
0.23005330655660425
0.1284161891659209
0.0003069844928928478
0.02673156435863933
0.22494215136864634
0.10877629846856432
0.15216570354211703
