1.4758367995584802
4966021071414849e-41
11566371528204773e-27
0
3107851781933955e-21
14238666147212916e-27
3120836099731729e-21
0
31537736253122144e-22
0
0.0010109973647393642
0
2.5337376031307337
0
4.331897918088287
0
30.47448392192008
25.30168463622603
0.013240119257434076
0.03033897612826293
4009096478364978e-102
9.80111398976554
0.3276001154693507
7940106804334661e-29
0
2177505773002441e-21
57266370969816134e-24
0.0009418699683265627
0.0038026292667967102
0.005317262035206075
0.008194523257236663
7217245188901673e-22
752781916608498e-25
0.00100280502139023
11838367172168469e-22
9202957965788541e-23
15294316133827182e-31
2853166236706797e-21
34493434883025872e-22
1.4042750245441795
1.7683838745421612
0
0.8451847454713267
0
3.804862548974781
2.3251019259122945
4.247015786166493
0
5.291942102999711
0
4.306270804013912
3.0645125119073056
29.05236740854211
35.89726428040492
1.708818905334231
10.94977216561651
63.407446604458436
1.3870551137678622
0.03376309414007847
0.017784624714875002
8.909987262502927
32.91141005258272
0.3645637055420937
0.8379860619947227
2.1663378335854167
1.1912754573099735
75.04797387949998
0
69.62317534642254
0
14.421433131373048
0.021989399295260864
0.021944595892593767
0.3364318571342051
6.903789642091628
0.18213525223616675
0.10966555452206493
0
0.0010976988674632016
0.1057946649671315
0.05731536876887022
0.026211058805568555
0.04017906421547076
0.0002366093167886678
0.00010879363087536595
0.0013461938239200234
1.9637294201988356
0.4480477962132667
0.0028843239911808616
0.00034693686467829186
0.0018524991395174255
0.011535495993652986
0.01017794647446059
3414983257463413e-23
0.056844212985230715
0.5439936584954517
0.021499591942140076
4170054694619374e-27
6038680758000202e-22
12915117833561563e-21
0
0.766852867531515
0.39101696970668093
0.15895479281436153
0
0.2957792421611184
0.0003025238376676761
0.052715318702790885
0
5065055139263464e-20
0
0.18877396845193864
0.5584648069655065
0
0
0
0
6326591269053743e-22
0.440486495762784
8740141373530366e-23
10592907419345204e-22
0.3672595979276366
0.24837196667093933
0.23350436136250105
0.5273562678621388
0.02347064556891773
0.6004872533192168
0.001326711989196507
0.6041474940438656
1034221155958911e-21
0.0030925392477689903
0.3708406321293707
0.0006409897535887808
9425605353631028e-29
0.007331623017090216
0.021216099660224058
0.19098546489980164
0.018652631966513438
0.031268600818724346
0.04351685598479722
0.1246848124858366
0.24917659981523796
0.1731247024117229
0.21525476097078242
5954029800917239e-30
0.13563208835921753
0.13564077328007138
0.45142297404352083
0.5292348231406614
0.00020263169215223827
0.5252232614009515
0.6080557852253411
11.076079574882806
1.9860241789211739
2.840534062005847
0.12057039891715633
0.4522013814977617
3.23035328301316
3.6830987535665547
0.7603872292636632
5.400167089560035
6.591846616765027
3.91100435986572
2.177044860312238
2.837556311333682
0.6730055264835797
29.566415325095846
619.0645242226864
5.6310316892429535
3758.400578041909
1.1152229040369788
23.218290812325606
1.1676609751147005
45.0046232476476
1.3058167790538509
1.7913281910949947
1.1152219590426946
0.8657977405181336
1.0501371436378057
69.54459547027817
0
0.0005959687392022783
6636439199809731e-24
0
0.0054246878571612145
0.005165793559833642
0.004709369250833496
0.003168660374668039
0.00400469417332212
0.007915780354000848
0.004632197535981397
0.007457897158032424
0.0030381688715156127
0.004441551045698534
0.005420761003056935
0.013400495432711344
0.004315187350083423
0.006312149262613459
0.004778303015748159
0.006243132618064162
0.005794464550936893
0.012154860311332992
0.015351468239977534
0.0068982509319129234
0.006626862054631812
0.001980373547105864
0.007421156422520847
0.016614765684408967
0.07064038490170307
0.03905551737083244
0.10835108843276957
9119552288916724e-20
0.009901103641474623
0.19764817434222876
544736521245629e-20
0.07153299590563982
0.01114448560255037
0.00204405101668612
5556870294053124e-21
12044226922625465e-22
0.09763939922758744
0.0855312798173978
0.004055230317688325
0.03036987237793655
0.019483305766758774
0.005831241311915494
0.012047948969433961
0.00048277855884071237
0.24861842963737432
15699129993542661e-25
0.06485135068407835
0.00040297000814924284
0.009591820207259011
0.011193616279223528
0.00015705055527744116
0.00017086186161246623
0.24547994264449804
0.0005198737553809945
0.057230676849642566
0.20879990891167058
12609142248173817e-22
2586162928441616e-21
0.0001447168726171573
11840241236079061e-21
0.0005943253368026754
1532550478182496e-20
14120533857560014e-23
1004403624152672e-21
19076822718124352e-21
0.07418419448360723
0.0747497204454872
4343722154342244e-20
0.00029368183711073084
0.017389826800069397
0.008134430783008038
0.08646762833811056
0.01052387746417731
2782851621415391e-20
0.12528003102118138
0.03788531153765302
8240518648411482e-22
0.2163934660092205
4571118773402969e-22
0.0034690375528942828
0.0010105661624129868
22994565953026627e-28
0.24538005269707025
0.24648798735853547
0.017689876401429973
0.21811715793180883
0.2285873653165739
0.008708720316683648
0.17455466448220597
20535640173563282e-26
5764776765014718e-21
0.000509574744877572
9120298575842501e-20
0.1235725604944129
8473121725968035e-22
0.00012876217903524237
0.15371561589705846
0.0009381648790490186
0.011798363844539233
12228899611515219e-21
0.12960528487788578
0.09292758938772115
0.022646792783935204
27447573404139518e-21
0.00015343939664102708
12006678964551956e-23
0.01372264596848457
0.14560100843789922
8326801801665577e-24
10254991383315761e-21
913881338318088e-20
9649832668354373e-20
12087071591488486e-21
0.2438593795443303
0.15016768307613998
0.004538757580800482
0.0014696508298233735
0.04115804683682014
0.005457623626700328
6637239669510235e-20
0.028042337541832097
8323394023865281e-20
0.0007430892285643159
0.07836832803732295
1100099723274987e-21
0.23982027130788913
0.2285873653165739
0.0018267782038123733
0.0004888666474178034
7563075077110937e-24
0.0010187677689209905
1073943098858772e-23
0.010067353648029437
0.029145756009822367
0.0009035769450503837
0.00034114179755904923
0.00015049019839547835
26725963275325906e-22
0.006108709184394609
0.015207042683206924
0.022489193143554943
1106941496511089e-23
0.2297144441564593
0.06876214414831208
0
0
8177645960991775e-20
671267331025506e-19
10336377504357411e-22
7552909958665478e-22
0.0001770010695697015
0.010213426392161048
0.005378982318144194
15204233573671285e-24
0.00018226200122820887
7328708377515177e-21
0.050792036318699864
0.01294551641252973
0.09631505518390611
3845635211499708e-22
0.05802552663847679
0.007665733981417829
0.00012245838398131814
0.13773497747570984
0.00030268477891826203
1652310701176656e-28
8601939480562847e-20
37936227051379195e-22
0.00012470959107849195
0.017806922590294916
0.0034865843135753203
0.00015497850862150419
0.00014113891365688346
3818611331847424e-24
0.0006047651748762377
0.022076829197098816
13347307246173322e-24
0.0018045949760437192
0.0018497374726603095
4418658771377657e-20
0.10539997683472158
4583730912101306e-20
0.24594045039055135
0.0047366666852377975
0.16523661521681487
0.0030935422629425743
0.0006734135748084906
0.0005691600875566634
473715015367026e-19
0.24902435696809108
11919685971163113e-21
22530025504957395e-21
0.008274400117143107
0.006378442131244875
2199971323757964e-23
8737204966514404e-20
0.0030519452180220725
0.12480711454456068
0.029895880175466145
0.00010010878808887618
0.023168210266087088
0
0
0.10734390053498091
0
0.24835263705716362
0.24261466663227635
0.24644457093677968
0.05056326107183102
0.029368870443890693
0.2313604965284864
0.2465628368417678
0.23096188044919885
0.24322049742558216
0.20123768745749643
0.0007951374972805808
0.01600990017627363
0.13349533198377198
0.23005228969537542
0.1284159788537374
0.0003069844919481482
0.02673155689818891
0.22494121592241828
0.10877615436538365
0.15216538895347204
