1.477235968195554
39453103923899886e-42
10501669455035808e-27
0
30751589235956437e-22
14078518143961099e-27
30850916718679355e-22
0
31129111290974756e-22
0
0.0010054783200551833
0
2.3287468203734276
0
4.242206005670271
0
30.45068381564693
25.30563796460081
0.01251086948223346
0.03149543348050638
3583424420785402e-102
10.151692796394217
0.32957151318360967
7189965011605414e-29
0
20924054918184327e-22
54781017560808743e-24
0.0009386833196528349
0.0038025758879309977
0.0052865125528342586
0.008166802083439024
7080846480481387e-22
7452172079408486e-26
0.0009970141774589833
11613678219400465e-22
9123167149081082e-23
1499055644423542e-30
27418001101158533e-22
3314690994322394e-21
1.3143479984003774
1.7013273743196966
0
0.8439229230058027
0
2.070848847126931
2.1716264097668154
4.302480871681786
0
5.289316091671253
0
4.399568757854278
2.2486661051022425
28.952797077906766
35.752926314827114
1.9023832882809197
10.022270134941559
36.21338491823983
1.4134554289350947
0.007778612756221634
0.01323324850890849
2.4001736291996374
32.89777034296266
0.3658081663181902
0.745827913301079
2.213262265455135
1.1879102125409986
67.2166796470178
0
69.27671390724883
0
14.721992303145203
0.00609477917685332
0.006718031339900407
0.08453512827213366
6.968616291737896
0.18529549727808445
0.11015927318766346
0
0.0009824264627622252
0.11112579527160919
0.057399198692203966
0.026202347032025522
0.03593822631493189
0.00012505332463294606
57245319899258164e-21
0.0013430006257583017
1.9667047483083786
0.44781619716095694
0.0029057061690413014
0.00034956922329238424
0.0016773413840185554
0.011623955419671634
0.010220524730474145
3388660114480164e-23
0.05712539235178177
0.5411032363807736
0.021559314671636083
4124835675058965e-27
6041730124228743e-22
13032755887894627e-21
0
0.7664586823289677
0.3883734130510148
0.14158858872540714
0
0.29528027601762274
0.000682465006388935
0.05458759054356503
0
4629027283065045e-20
0
0.18875416276071244
0.558074302506074
0
0
0
0
6295599120793611e-22
0.4405550320861851
8683087681943887e-23
10307911181886517e-22
0.36716847932224767
0.2483079913640676
0.23360228104238878
0.5371604170027332
0.006168487694159937
0.5982838568806574
0.0013267253161426964
0.6041171161448832
10342007134323791e-22
0.000794336244170567
0.3711304429576265
0.000638131739773566
9102116489435857e-29
0.015869664732271246
0.021090216350165537
0.1909175139606574
0.01869946640244231
0.03133640973917275
0.043278472441533204
0.12423789366126643
0.24913725740680637
0.1734519313453042
0.2155509267172345
5755068601258379e-30
0.13572780263141526
0.13571693547725405
0.451338629972856
0.5291744420685367
0.00020254509986427233
0.5312524526584578
0.6091463673942634
11.096056415260737
1.9860529616048281
2.8406295996185333
0.12059562454466895
0.45291732156339465
3.2304240814923153
3.683289904698702
0.760516800665114
5.407562645196754
6.603327952690871
3.9131959186052736
2.176995556989566
2.8424025527193924
0.674199709179548
29.07014136602233
619.0640308156346
5.631031315988033
3754.679230127779
1.115222885437354
23.218290080384012
1.1676472886829803
45.00421776979178
1.3058179771186242
1.7913279741434238
1.1152219404389858
0.865612777274548
1.0500911407230247
69.58135348272036
0
0.0005969101288694486
664253225346557e-23
0
0.005417428269344635
0.005168143567097142
0.004712034044132363
0.0031678074030636887
0.004006776880544232
0.007918583907500406
0.004631902616528945
0.007467837937949508
0.00303742131249796
0.004443928721020952
0.0054251949959594975
0.013417010101050383
0.004317582216984409
0.0063185287609389944
0.004781102063015584
0.006249638590870261
0.005799010954575353
0.012167951085888059
0.015363682886711092
0.006905177632406042
0.00663319309448713
0.0019803680436342144
0.007421078507624748
0.01661436961281705
0.07063253508104696
0.03905324835870723
0.10833114373013521
9119551125124289e-20
0.009900964429968954
0.19756127657557684
5447365170937326e-21
0.07152493291611621
0.011144308897005477
0.0020440451530501415
5556870250848114e-21
12044226902328623e-22
0.09762357453332172
0.08551943484343828
0.0040552071696197565
0.03036851984430866
0.019482758684740194
0.005831193320847987
0.012047742166942571
0.0004827782324967974
0.24839944751793694
15699129993508174e-25
0.0648448054996467
0.0004029697808103064
0.009591689618454849
0.011193437998862165
0.00015705052075912112
0.00017086182075515166
0.24520422960412197
0.0005198733769391428
0.0572256493485144
0.20869768567364838
12609142225928341e-22
25861629190836087e-22
0.00014471684330814844
11840241039924335e-21
0.0005943248421508259
15325504453193264e-21
14120533854770218e-23
1004403622741152e-21
19076822208917363e-21
0.07417547905434567
0.07474086207556692
43437218903312785e-21
0.0002936817163814914
0.01738939239116508
0.008134337070106504
0.08645549987114554
0.010523720040189708
27828515130556394e-21
0.12525229743933322
0.03788318062149643
8240518638910252e-22
0.21627903061502554
4571118770479382e-22
0.003469020628156518
0.001010564731385594
2299456595302655e-27
0.24518634634410927
0.24621768281183704
0.017689426662381116
0.21799969799801813
0.22826775668951604
0.008708612811090557
0.17449266390759144
2053564017355736e-25
5764776718516238e-21
0.0005095743812870491
9120297411859576e-20
0.12354568896824301
8473121715922856e-22
0.0001287621558330404
0.15367059261836089
0.0009381636458582449
0.011798165597211061
12228899402271384e-21
0.1295752856367694
0.09291339550796476
0.022646049931108216
2744757235000617e-20
0.00015343936369203385
12006678962534906e-23
0.013722376988002875
0.14556152943694417
8326801801568561e-24
10254991236170182e-21
913881326632366e-20
9649831365273234e-20
12087071387070081e-21
0.24367336587118538
0.1501251497541735
0.004538728562535694
0.0014696478012230685
0.04115551804720445
0.005457581611917141
6637239053074814e-20
0.02804118870858026
8323393054417774e-20
0.0007430884551208545
0.07835852319610302
11000997215816844e-22
0.23952389983277106
0.22826775668951604
0.0018267735219872634
0.0004888663127882489
7563075077030907e-24
0.0010187663145536756
10739430988426351e-24
0.010067209685880452
0.02914451277810674
0.0009035758011716425
0.00034114163464498066
0.00015049016670105008
26725963175386093e-22
0.006108656495603185
0.015206711606820104
0.022488460776367614
1106941496493944e-23
0.22939661440395195
0.0687547323157469
0
0
8177645025200338e-20
6712672679727472e-20
10336377489408584e-22
7552909950683714e-22
0.00017700102572316753
0.010213278189132981
0.005378941510267888
15204233573347844e-24
0.00018226195473611278
7328708302365065e-21
0.05078812108873384
0.012945277320312473
0.09629969971797951
3845635209430486e-22
0.05802035117527453
0.007665650815558671
0.00012245836299551587
0.13770038633263537
0.0003026846506718493
1652310701176656e-28
8601938445139527e-20
3793622685001566e-21
0.0001247095693139425
0.017806466797031954
0.003486567216743179
0.0001549784750081134
0.00014113888577936957
38186113318270234e-25
0.0006047646626858822
0.0220761239008468
13347307245924072e-24
0.0018045904073847206
0.0018497326722482002
4418658498178534e-20
0.10538122629633105
4583730618107855e-20
0.24574353360228976
0.004736635071804305
0.16518273858077018
0.0030935288113675317
0.0006734129396740796
0.0005691596339244655
4737149839666593e-20
0.24877778764900763
11919685772367262e-21
22530024794712917e-21
0.008274303130933375
0.006378384663437076
2199971323690247e-23
8737203898268851e-20
0.0030519321265764492
0.12477962153103095
0.029894570537865355
0.00010010877406465955
0.02316743217070558
0
0
0.10732436857432356
0
0.2481369070222249
0.2424341617653717
0.24624452669706814
0.050559382577139066
0.029367607649817568
0.2310454376296997
0.2463620195437174
0.2306461306893071
0.24303738354793544
0.2011461452246442
0.0007951366116256813
0.016009532762640534
0.1334631913501954
0.2299103405426803
0.12838661449546168
0.00030698436003147447
0.026730515150317255
0.22481062952846922
0.10875603384511436
0.1521214665594649
