1.4775922388998721
372059662762129e-40
10246596777643736e-27
0
3066902626090972e-21
14041138269410162e-27
30767373850031007e-22
0
31035857256913364e-22
0
0.0010037781038144907
0
2.309714653244318
0
4.218946899584078
0
30.444401235758857
25.306635782987215
0.012432183408711963
0.033048058790644944
3490176174105024e-102
10.187407394945788
0.3291691976082661
7010850151035767e-29
0
207127288092501e-20
54169481577641965e-24
0.0009378733929758673
0.0038025622963456583
0.0052786851260403595
0.008159756397371775
7061208906731138e-22
7426311108625722e-26
0.0009955400764196725
11581226867530425e-22
9094721373450144e-23
14945266694937565e-31
27141473443933797e-22
32812529657726632e-22
1.3449922029143209
1.6859317100329165
0
0.8436093689523322
0
1.9231350286032791
2.155750860207045
4.313055416634616
0
5.288864574299957
0
4.4073803292893645
1.9848876367094057
28.897102425257252
35.67207474019395
1.9034531061221727
9.936516393033841
31.47366726950863
1.4156349072215206
0.005248466531952768
0.012025119764518612
1.647712688448156
32.89993926938394
0.36611114251517135
0.7246666524711342
2.21718441201612
1.1869525988958287
65.40550449236129
0
68.90287597135844
0
14.78749273908771
0.004140267691416082
0.004508138669930152
0.057458912443345556
6.973979362979925
0.18554085175100263
0.10997104680733398
0
0.000955718613174543
0.11703749067089651
0.05740902316294626
0.026199273455999757
0.03496012350040209
0.00011558772895875534
5287891223959335e-20
0.0013422383059395727
1.9671276458581677
0.4477563240537186
0.002904909420029545
0.00034917837485347965
0.0016299676947396503
0.01160961065482801
0.010219424458010874
33818570668716354e-24
0.0571836312131951
0.538881124196359
0.021569626200999885
4112362459021323e-27
6034474442237716e-22
13023275811074404e-21
0
0.7663580715714706
0.38793785489884264
0.1376031061127678
0
0.2951533035907877
0.0008897765542434367
0.054917197842789985
0
4588726788985519e-20
0
0.18874905468996728
0.5579748937157787
0
0
0
0
6280811486744422e-22
0.44057284618782977
8668279124889194e-23
1023666111216604e-21
0.36714527572477024
0.24826832002086702
0.2336250598121995
0.5379638848378695
0.004222648430945004
0.5978228288389984
0.0013267236679412842
0.604107811930039
10341955103566979e-22
0.0005423658710140556
0.37123697549624235
0.0006373067603527489
902094537239463e-28
0.0203299492430485
0.021058455953132302
0.19090020910597033
0.018706427548145905
0.03134813238809223
0.04321796201209899
0.12412403128907162
0.24912723575547333
0.17350780300290647
0.21558402244837457
5704381570175729e-30
0.13572173867411214
0.13572238251939064
0.45131715773853043
0.5291590622235046
0.00020242209884229918
0.5314844932902656
0.6093370259554269
11.09886945392708
1.986061314826745
2.8406575518942865
0.12060219407485691
0.4530181202990895
3.2304449196785185
3.683346008508737
0.7605504439633518
5.408486728116002
6.604767595131589
3.913075666872733
2.176979825382767
2.842966767534686
0.6744028829335893
28.977739839715323
619.0639051793208
5.631031220946033
3753.732250968121
1.115222880701326
23.21828989400952
1.1676438037286396
45.004114523434644
1.3058182746912332
1.7913279189010405
1.1152219357019182
0.8655656846121784
1.0500794273090783
69.58920670842235
0
0.0005970609235107031
6644085051271128e-24
0
0.005415610972241289
0.005167333524122104
0.004711428476679172
0.003166753843341405
0.004006246803488856
0.007917824700557465
0.0046305817835287375
0.007468338634548362
0.003036417417856875
0.004443323113301305
0.005424858851963802
0.013417560500188084
0.0043170152991068396
0.006318462271866232
0.00478052775413644
0.006249632868500157
0.005798641943126176
0.012168030878168272
0.015362609698161422
0.006905104439784287
0.006632997936622646
0.001980366642286121
0.0074210586682634675
0.01661426876250417
0.07063053641834084
0.039052670620567276
0.10832606579134223
9119550828787517e-20
0.009900928982816692
0.1975391558761099
5447365160365338e-21
0.07152287997999746
0.011144263902870336
0.002044043659993547
5556870239846808e-21
12044226897160426e-22
0.09761954549665507
0.08551641901641308
0.00405520127544164
0.030368175457911616
0.01948261938354546
0.005831181100932036
0.012047689509332932
0.0004827781493997896
0.24834371885506107
1569912999349939e-24
0.06484313900300975
0.0004029697229229495
0.009591656366874842
0.011193392603737076
0.0001570505119697128
0.0001708618103516437
0.24513407419336125
0.0005198732805764315
0.05722436926503283
0.2086716645367305
12609142220263967e-22
25861629167007754e-22
0.0001447168358451882
11840240989977404e-21
0.0005943247161975518
1532550436951368e-20
14120533854059854e-23
10044036223817358e-22
19076822079257845e-21
0.07417326000569605
0.0747386066340278
4343721823106095e-20
0.00029368168564017903
0.017389281779236772
0.008134313208136434
0.08645241186793444
0.010523679955651538
27828514854639667e-21
0.12524523661030312
0.037882638044860396
824051863649095e-21
0.21624990156619667
45711187697349483e-23
0.003469016318618961
0.0010105643670030094
22994565953026534e-28
0.24513704727121105
0.24614890245041
0.017689312147026775
0.21796979924714865
0.2281864460602248
0.00870858543712308
0.17447688020179286
20535640173555856e-26
5764776706676316e-21
0.0005095742887059331
9120297115474298e-20
0.1235388475973928
847312171336505e-21
0.00012876214992505787
0.15365913043482715
0.0009381633318507898
0.011798115117970125
12228899348991567e-21
0.12956764803077309
0.09290978166267669
0.022645860782175783
274475720815919e-19
0.00015343935530222358
12006678962021302e-23
0.0137223084982692
0.1455514785977943
8326801801543862e-24
10254991198702462e-21
9138813236568274e-21
9649831033469346e-20
12087071335018968e-21
0.24362602382597154
0.1501143214068744
0.004538721173636389
0.0014696470300507164
0.04115487416561041
0.005457570913732724
6637238896111697e-20
0.02804089618836359
83233928075671e-18
0.0007430882581788566
0.07835602678257246
11000997211505182e-22
0.2394484932021419
0.2281864460602248
0.001826772329854733
0.0004888662275814678
7563075077010527e-24
0.001018765944228048
10739430988385259e-24
0.010067173029086727
0.029144196222135568
0.0009035755099057075
0.00034114159316213794
0.00015049015863068991
26725963149938394e-22
0.006108643079513968
0.015206627305897792
0.022488274297313975
11069414964895786e-24
0.2293157555906326
0.06875284516634952
0
0
8177644786919518e-20
6712672519176063e-20
10336377485602158e-22
7552909948651313e-22
0.00017700101455851402
0.010213240452497694
0.0053789311193962975
15204233573265483e-24
0.00018226194289781917
7328708283229571e-21
0.0507871242008328
0.012945216440899179
0.09629579014242505
3845635208903601e-22
0.05801903341935787
0.007665629639156641
0.00012245835765189571
0.13769157976786842
0.0003026846180164378
1652310701176656e-28
8601938181489416e-20
37936226798742407e-22
0.00012470956377202977
0.017806350740128544
0.003486562863385384
0.00015497846644912738
0.00014113887868091122
3818611331821829e-24
0.000604764532266777
0.02207594431466261
133473072458606e-22
0.00180458924406764
0.0018497314499199026
44186584286137675e-21
0.10537645237430346
4583730543248224e-20
0.24569341781440354
0.00473662702210053
0.16516902276399814
0.003093525386198531
0.0006734127779497213
0.0005691595184160288
4737149759711755e-20
0.24871504264048627
11919685721747815e-21
2253002461386317e-20
0.008274278435489047
0.006378370030475688
21999713236730038e-24
8737203626261207e-20
0.0030519287931069315
0.12477262194469085
0.02989423707363817
0.00010010877049366962
0.02316723404823353
0
0
0.10731939571339186
0
0.24808200556196633
0.24238822121566292
0.24619361531870748
0.05055839504246484
0.029367286112880073
0.23096528264820512
0.24631091150966766
0.230565800213567
0.24299077923485
0.2011228424525018
0.0007951363861112823
0.016009439209350464
0.13345500860774245
0.22987420998262897
0.12837913851325117
0.00030698432644150366
0.026730249896248018
0.22477739038932873
0.10875091114588042
0.15211028461317308
