1.4791503785983775
2878289578876176e-41
9201900598341362e-27
0
30311292619716898e-22
13880198926577668e-27
3040768175154535e-21
0
30654325056697214e-22
0
0.0009969946917711729
0
2.400600333561925
0
4.120513005227834
0
30.415887895618965
25.31095702713607
0.012665327628296946
0.0420979202165767
31131309969586057e-103
10.230726726486909
0.3254832339360409
6278865977008128e-29
0
19813296095813697e-22
5157974917753308e-23
0.000934350452496824
0.003802502855317005
0.00524476879302737
0.008129109754599708
7006186234697749e-22
7320165057709779e-26
0.0009891528228239115
11489929697810067e-22
8978542706594672e-23
14812799891363763e-31
25964610600151007e-22
31389364259652843e-22
1.5435750534883113
1.6457939920661409
0
0.8421631582420218
0
1.695012946062543
2.220285818037581
4.331834506896629
0
5.2873304737705675
0
4.416167976149272
1.5441950620753517
28.59701361977571
35.23721799764472
1.8517297512133388
10.346215499615662
27.114951970505953
1.4179631389585903
0.002308693816921186
0.011409714199507507
0.7421567854886559
32.928575578106916
0.36735257948621575
0.6415982641646384
2.2214650192617365
1.1822618368826219
58.244913718327005
0
66.56236000724095
0
15.030167845804211
0.001690107306903729
0.0017401656866330337
0.025301846056729315
6.980028415377291
0.1853294525827321
0.10853980949757515
0
0.0008499854955087222
0.15179872885930035
0.0574012620312959
0.026182166917508305
0.031102753530451353
0.00010040648518201067
4583883792599717e-20
0.0013389791923920445
1.9674850781610067
0.4474920501523706
0.0028904783195817674
0.00034540277788665773
0.001432851348913956
0.011473913032716974
0.010192133297174992
3351878178421286e-23
0.05738859279447375
0.5273579523282059
0.02159467019722041
40541585119517256e-28
5990166185177462e-22
12904768516762949e-21
0
0.7659230271922989
0.3868713653149285
0.12195824901482097
0
0.2945966489473871
0.0019506625111726556
0.056020436688236155
0
47805657107859696e-21
0
0.18872644544584438
0.5575402173057479
0
0
0
0
6216426773807706e-22
0.4406510423600683
8602816725653289e-23
993119143025315e-21
0.36704378589786224
0.2479912397327537
0.2337208018817119
0.5387988201685313
0.0018958190277536566
0.595940571407393
0.0013266993772161578
0.6040607615241778
10341727642676235e-22
0.00024272154895960512
0.37174122898148376
0.0006333086794873087
8671914740694198e-29
0.041035503817865755
0.020921372815339796
0.1908245153680791
0.01871456851787939
0.03137452946589916
0.042954200809472494
0.12362636420218683
0.24908338655091516
0.1736298423511636
0.2155404780337845
5483253930811381e-30
0.13556114230596156
0.13560794316284328
0.45122324808857467
0.5290917750970316
0.0002019017765455128
0.530911901250413
0.6097823971289027
11.101044009393455
1.9860987410650743
2.840782958328382
0.12063104358376323
0.4530961081948829
3.2305385083252074
3.683597856296789
0.7606980986993751
5.408300855632982
6.6045077386402715
3.9095487991307882
2.1769169916578033
2.8425031710880746
0.6748423314342096
28.688674904401346
619.0633557128084
5.6310308052825935
3749.5934704631272
1.1152228599884448
23.218289078906043
1.1676285625030844
45.00366298123863
1.30581956440147
1.7913276772995936
1.1152219149844889
0.8653597480692526
1.0500282005622734
69.62043526404463
0
0.0005973177805415458
6650879028221993e-24
0
0.005407660579110703
0.005157568217459511
0.004703105725875943
0.0031584539833467945
0.003999284567529791
0.007908015703357028
0.004619308973377802
0.007461532130038389
0.0030284544432849685
0.004435323614805193
0.0054169108990977126
0.013403793344798126
0.0043093359361517465
0.006310692552335794
0.004772329374941489
0.006242253711692561
0.0057902455737125985
0.012153991757918979
0.015339410101716381
0.006896659961939598
0.006624151585276436
0.0019803605135421095
0.007420971902009613
0.01661382770374886
0.07062179598889312
0.0390501439998229
0.10830386036852038
9119549532767267e-20
0.009900773957204987
0.19744244073193282
5447365114129058e-21
0.07151390221516994
0.011144067124446419
0.0020440371301662036
55568701917329165e-22
1204422687455747e-21
0.0976019265742419
0.08550323063312006
0.004055175497523507
0.03036666933977941
0.019482010165472213
0.005831127657781297
0.012047459215493094
0.00048277778597757923
0.24810013802281072
15699129993460975e-25
0.06483585113104197
0.00040296946975435324
0.009591510943398674
0.01119319407162381
0.00015705047352949342
0.00017086176485220768
0.24482748729763804
0.0005198728591370895
0.05721877119312564
0.2085578999589348
12609142195490987e-22
25861629062795236e-22
0.0001447168032061504
11840240771535947e-21
0.0005943241653448368
15325504003543425e-21
1412053385095309e-22
100440362080984e-20
19076821512195667e-21
0.07416355584015262
0.07472874332492599
4343721529098693e-20
0.00029368155119396965
0.01738879802941084
0.008134208849317795
0.08643890787050759
0.010523504648868531
27828513647925807e-21
0.12521436095402896
0.0378802651928278
8240518625910207e-22
0.216122552599096
4571118766479194e-22
0.0034689974710430727
0.0010105627733877787
2299456595302646e-27
0.2449215556396249
0.2458483192103771
0.017688811326122617
0.21783908609488156
0.22783117655159682
0.00870846571887316
0.17440786739198957
2053564017354927e-25
5764776654894761e-21
0.0005095738838052779
9120295819241907e-20
0.12350893150962128
8473121702178562e-22
0.00012876212408666888
0.15360901094937027
0.0009381619585494333
0.011797894350996718
12228899115973838e-21
0.129534250469689
0.09289397826560038
0.022645033563312954
2744757090768984e-20
0.0001534393186096345
12006678959775074e-23
0.013722008964401696
0.14550752969537442
8326801801435829e-24
10254991034838463e-21
9138813106433946e-21
9649829582334699e-20
12087071107374916e-21
0.24341908280455551
0.15006697311749945
0.004538688858638724
0.0014696436573553252
0.04115205828630779
0.005457524125776689
6637238209638057e-20
0.0280396168954488
8323391727972845e-20
0.0007430873968592951
0.07834510972416343
11000997192648244e-22
0.23911898331575054
0.22783117655159682
0.001826767116106474
0.0004888658549322308
7563075076921405e-24
0.0010187643246211272
10739430988205544e-24
0.010067012713219975
0.029142811814083264
0.0009035742360636054
0.00034114141173817545
0.00015049012333520653
2672596303864362e-21
0.006108584404979117
0.015206258623725277
0.022487458754695478
11069414964704866e-24
0.22896245666185916
0.06874459238125336
0
0
8177643744805271e-20
6712671817009133e-20
10336377468954863e-22
7552909939762666e-22
0.0001770009657302306
0.010213075414044873
0.0053788856754535316
1520423357290529e-23
0.00018226189112339076
7328708199541035e-21
0.05078276457013103
0.01294495018989687
0.09627869359090624
3845635206599284e-22
0.05801327060334833
0.007665537025457633
0.00012245833428172907
0.13765307112721475
0.00030268447519897425
1652310701176656e-28
8601937028423314e-20
3793622657450031e-21
0.00012470953953463632
0.01780584317748108
0.0034865438241639055
0.0001549784290166533
0.00014113884763601166
38186113317991086e-25
0.0006047639618828948
0.02207515891680715
13347307245583013e-24
0.0018045841563425922
0.0018497261041116682
44186581243742685e-21
0.10535557630442142
4583730215851784e-20
0.24547435792028316
0.004736591817112883
0.16510905041408544
0.0030935104063647893
0.0006734120706533389
0.0005691590132434724
4737149410031583e-20
0.2484408150448676
1191968550036513e-20
22530023822921998e-21
0.008274170431538237
0.006378306034033561
21999713235975924e-24
8737202436643685e-20
0.0030519142143164654
0.12474201406819743
0.029892778721119822
0.00010010875487604919
0.02316636758519757
0
0
0.10729764975619453
0
0.24784203830004486
0.24218740381235912
0.24597107952235098
0.05055407631455872
0.029365879921679293
0.23061505375950628
0.24608751654290745
0.23021480580506623
0.24278706159664476
0.20102096016488682
0.0007951353998312829
0.016009030063145545
0.13341922751315508
0.22971626072144993
0.1283464476345814
0.0003069841795367739
0.026729089846119186
0.22463207770643037
0.10872851000295634
0.1520613903494329
