1.4793617781708448
2779718436546786e-41
9068623428173147e-27
0
3026319364585541e-21
13858580525352925e-27
30359370206749684e-22
0
3060450838505579e-21
0
0.0009961051791280507
0
2.4323521026421564
0
4.107952962594035
0
30.411896895199973
25.31153785478833
0.01275842256265281
0.04333006175348035
30653802877054306e-103
10.232770136017441
0.3249599183822216
6185657862808656e-29
0
1969431357916398e-21
51238501316437715e-24
0.0009338762639342545
0.0038024947908667692
0.005240214723815843
0.008124984710845228
6999772558185471e-22
730715693380507e-25
0.0009882951915256362
11479268650257896e-22
8964453103579936e-23
14797084545287201e-31
2580893575069488e-21
3120110040695668e-21
1.56740251777947
1.6435653376544552
0
0.8419613661340409
0
1.68742394747706
2.2437664335125547
4.332887736118997
0
5.28714991412163
0
4.416547833613913
1.5242764367183674
28.55388407914965
35.17484411856001
1.8422705708563365
10.489741231847306
27.04881743030008
1.4180472884589288
0.0021776636567588117
0.011481604073221663
0.7010626407547784
32.9343447775373
0.3675100166238291
0.6314334956675094
2.2216276806739637
1.1815756552466008
57.36287340028476
0
66.163571905001
0
15.058286715358479
0.0015730883271346187
0.0016156319283173388
0.023849156373958492
6.980293162392305
0.18526613829798325
0.10834907769927642
0
0.0008369512680969616
0.15663838717687537
0.05739473265827294
0.0261794596800206
0.030628664003393927
9980095820327337e-20
4555136758210641e-20
0.0013385428539011701
1.9673714949285481
0.4474559500519711
0.00288802921843021
0.0003448980616151941
0.0014086937500947018
0.011454352921753268
0.010186365104396211
3347798519465918e-23
0.057411115610954494
0.5258223328698415
0.021595918604767905
4045900940201544e-27
5983739476553649e-22
12888889671477647e-21
0
0.7658648789502047
0.3868118075311371
0.12004341425739173
0
0.2945209313302895
0.0020958487519927584
0.05614592218691924
0
48479048369674295e-21
0
0.1887233470335483
0.5574812545960568
0
0
0
0
6208272288733962e-22
0.4406615886632797
8593888525881128e-23
9890505450393259e-22
0.367030015128293
0.24794242851681192
0.23373344117956435
0.5388265385152639
0.0017906210315097994
0.5956939560557251
0.0013266941047198272
0.604053611783569
10341696793046426e-22
0.00022921581021940947
0.37181149149284365
0.0006327258692503159
8625351297098109e-29
0.043619483930349
0.020902995845786435
0.19081424427012367
0.01871324283677821
0.03137539631426339
0.04291852378998636
0.12355890902096721
0.2490774347650775
0.17363310706390608
0.21551413696348007
5453421643645103e-30
0.13552488769313117
0.1355769596175458
0.4512105050649429
0.5290826429740128
0.00020184078315458738
0.5308067151722141
0.6098005853157048
11.100239154163445
1.9861036539929149
2.8407993883691294
0.12063493275144078
0.4530672876703115
3.230550753708873
3.683630828889915
0.7607180192970564
5.407819601049014
6.603764477241476
3.9087457769903806
2.176908843613825
2.8421258357453163
0.6748531729743287
28.66105644799022
619.0632811643405
5.631030748887733
3749.032295831652
1.1152228571782383
23.21828896831742
1.1676264946752202
45.003601718899034
1.3058197386360761
1.7913276445203634
1.1152219121736655
0.8653318105083994
1.0500212505997137
69.62447081104744
0
0.0005973084086833836
6651800910389531e-24
0
0.005406571218300362
0.0051555718716106294
0.004701364142597241
0.003156929836793084
0.003997841070075913
0.007905985119876753
0.004617187064279999
0.007459635862023741
0.0030269895917764637
0.004433660842964868
0.0054151331463350855
0.013400177919574664
0.004307732849363173
0.006308830617211409
0.004770603354500509
0.006240458144173061
0.005788372954864911
0.012150532911838895
0.015334263727629274
0.006894636786146784
0.006622088180610013
0.0019803596820302826
0.007420960130133696
0.016613767864296174
0.0706206102202436
0.0390498012148193
0.1083008480131711
911954935693059e-19
0.009900752924394716
0.19742932261728507
5447365107855982e-21
0.07151268424968994
0.011144040426931663
0.002044036244237807
5556870185205097e-21
1204422687149083e-21
0.0975995363836031
0.08550144146464639
0.004055172000134148
0.03036646500395328
0.01948192751168094
0.005831120406954922
0.012047427970867918
0.0004827777366705324
0.24806710876558724
15699129993455764e-25
0.06483486241694196
0.00040296943540588375
0.009591491213334646
0.011193167136182007
0.00015705046831414283
0.00017086175867910274
0.2447859208750895
0.000519872801958612
0.057218011720616226
0.20854246980416521
12609142192129929e-22
25861629048656275e-22
0.00014471679877787113
11840240741899047e-21
0.0005943240906082986
15325503953890652e-21
14120533850531583e-23
1004403620596574e-21
19076821435259885e-21
0.07416223933172975
0.07472740522727636
4343721489209436e-20
0.0002936815329530739
0.01738873239801011
0.008134194690607286
0.08643707588710642
0.010523480864461745
27828513484205705e-21
0.12521017250623645
0.037879943269149216
8240518624474671e-22
0.2161052803909603
4571118766037472e-22
0.003468994913918576
0.0010105625571752807
22994565953026453e-28
0.2448923335527809
0.24580756606644694
0.01768874337867027
0.21782135771447586
0.22778301822878283
0.00870844947630562
0.17439850622794806
20535640173548378e-26
57647766478693336e-22
0.0005095738288706743
912029564337645e-19
0.12350487322236932
8473121700660843e-22
0.00012876212058106294
0.1536022122809035
0.0009381617722278354
0.011797864398901955
12228899084359313e-21
0.12952971994095483
0.09289183435726125
0.022644921333269143
27447570748421455e-21
0.00015343931363139243
1200667895947032e-22
0.013721968325846165
0.14550156797956476
8326801801421171e-24
10254991012606323e-21
9138813088778057e-21
9649829385452983e-20
12087071076489461e-21
0.2433910197639936
0.15006055032033327
0.004538684474340526
0.0014696431997677064
0.04115167625859038
0.005457517777882619
6637238116501206e-20
0.028039443332725685
8323391581499619e-20
0.0007430872800004106
0.07834362867667491
11000997190089843e-22
0.23907431222767211
0.22778301822878283
0.0018267664087357758
0.0004888658043733142
7563075076909313e-24
0.0010187641048822285
1073943098818116e-23
0.01006699096266753
0.029142623990503373
0.0009035740632360594
0.0003411413871236068
0.00015049011854651582
26725963023543774e-22
0.006108576444393849
0.015206208603704148
0.022487348108768988
11069414964678962e-24
0.22891456501670493
0.06874347276641836
0
0
8177643603417121e-20
6712671721743104e-20
10336377466696251e-22
7552909938556705e-22
0.0001770009591054866
0.010213053022767465
0.005378879509906249
1520423357285642e-23
0.00018226188409893056
7328708188186648e-21
0.050782173108952854
0.012944914066890216
0.09627637426145155
38456352062866474e-23
0.05801248878119931
0.0076655244602415115
0.00012245833111099752
0.13764784732266272
0.0003026844558223146
1652310701176656e-28
8601936871981846e-20
37936226544076416e-22
0.00012470953624624438
0.0178057743153694
0.0034865412410381405
0.00015497842393802786
0.000141138843424016
3818611331796026e-24
0.0006047638844964804
0.022075052360625572
13347307245545354e-24
0.0018045834660699682
0.001849725378823864
44186580830967775e-21
0.10535274427609526
458373017143249e-19
0.24544465216511496
0.004736587040719639
0.16510091538300004
0.0030935083739913483
0.0006734119746914277
0.0005691589447045547
47371493625889585e-21
0.24840363269858806
11919685470329182e-21
2253002371561158e-20
0.008274155778282295
0.006378297351408094
21999713235873612e-24
8737202275243128e-20
0.003051912236354082
0.12473786194330413
0.02989258086558805
0.00010010875275713906
0.02316625003089518
0
0
0.10729469972733158
0
0.24780949878815553
0.2421601708648982
0.2459409026263732
0.0505534904024298
0.029365689142806132
0.23056757761933191
0.24605722319205223
0.23016722605393453
0.24275943550204787
0.20100714132961947
0.000795135266018491
0.016008974553310528
0.133414373675967
0.22969483942277988
0.1283420129626268
0.00030698415960557734
0.026728932460964267
0.22461236974297938
0.10872547109822689
0.1520547578634865
