1.4803612565891326
23573807187883604e-42
8464179609271093e-27
0
3003724721604276e-21
1375701474053447e-26
30132413930102194e-22
0
3037236728635632e-21
0
0.0009919415174799236
0
2.637282383132328
0
4.052524887406884
0
30.392680998260673
25.314265801319447
0.013348273584210228
0.04886626120878162
2849738745314877e-102
10.23933897162974
0.322580378689928
576344293060364e-28
0
1914137776648854e-21
4965655958543691e-23
0.0009316498945273229
0.0038024566634137307
0.005218851022459502
0.00810561716639205
6970350630501275e-22
7249844679391171e-26
0.0009842719701337523
11430345731432435e-22
8902875229639304e-23
14724789431537326e-31
25085502114975555e-22
3032620686602432e-21
1.6615964704118842
1.6407008519687056
0
0.8410122715576731
0
1.675016419156953
2.39358488344447
4.336231639873741
0
5.286337918586823
0
4.4177454577614
1.4653097038806777
28.345951929405995
34.874582950546824
1.7949258952521516
11.420547513617173
26.91148536554083
1.418270581700025
0.0017588252693041928
0.011837843208454176
0.5694084366543113
32.96588686950325
0.36821603754178533
0.5866501230286779
2.2220779491804104
1.1782159856153636
53.461241973149626
0
64.0179360763112
0
15.178124422031555
0.0011918420509765208
0.0012149948296145238
0.019196684620272495
6.981135965286848
0.18496501396029297
0.1075152306354256
0
0.0007792803308055521
0.17880327112814437
0.05734888704294931
0.02616563247109371
0.028534395120019377
9842722284194224e-20
4487491994045208e-20
0.001336495297419297
1.9663887927953398
0.4472846003434161
0.002875704460084721
0.0003427272621147679
0.0013030270104120746
0.0113640472951935
0.010152933136481681
3328515603322987e-23
0.05750298167571842
0.5190011593734163
0.021595921950560742
4005986135262703e-27
5953058194145664e-22
12821564069149121e-21
0
0.7655931940189956
0.3867343843996394
0.1116055368565291
0
0.2941623636019979
0.002772038817468738
0.0566839557426107
0
5285411374357613e-20
0
0.1887086090694973
0.5572025306561049
0
0
0
0
6171643087849111e-22
0.4407108966806448
8551640892011403e-23
9700551406932087e-22
0.3669649041703164
0.24768089064317403
0.23379220778619425
0.5388951203160186
0.0014538468358767506
0.5945474660257941
0.0013266630731416638
0.6040174133808609
10341550970878242e-22
0.00018600174514158188
0.37214626102398823
0.0006298653648379462
8407880777827886e-29
0.05496432634147273
0.020816769905840325
0.19076567904387493
0.018700274001520103
0.03137197460538742
0.04275019119324981
0.12324024836760127
0.24904928655776948
0.173611940320387
0.21533347865317604
5313232689217998e-30
0.13531400414544079
0.13538854271282416
0.4511502449032879
0.529039457441289
0.0002015839009595629
0.5303519195762761
0.6097702146928115
11.093410297742045
1.9861253543200657
2.8408716603368958
0.12065309866275203
0.4528226925128611
3.2306044575855686
3.683775640124978
0.760811210602141
5.404302626909078
6.598320862029529
3.904062226885533
2.1768699292115175
2.839493437246204
0.6747702206954995
28.55797797279107
619.0629287059216
5.631030482257849
3746.3802489909854
1.1152228438918321
23.218288445464243
1.1676167182181705
45.00331207712327
1.3058205613808793
1.791327489542493
1.1152218988843423
0.8651997330812345
1.049988392416815
69.6429586021752
0
0.0005971404378549552
6656158954993395e-24
0
0.00540134940261617
0.005144306289824701
0.0046914632039188175
0.003148641797773605
0.0039896639319062675
0.007894480484968052
0.004605544858239672
0.007448015157540753
0.0030190204033037665
0.004424227851563881
0.005404823110883886
0.013378320081898595
0.004298626171892421
0.00629782628779309
0.004760772444773858
0.006229803687783264
0.005777519924937569
0.01212994441569359
0.015304485559473623
0.006882680239469827
0.006609980910174564
0.001980355750720885
0.007420904474001887
0.0166134849515926
0.07061500428087798
0.03904818059848515
0.10828660699886618
9119548525590438e-20
0.009900653483739284
0.19736731313592332
5447365078197434e-21
0.0715069260978574
0.011143914204317153
0.0020440320556521685
5556870154342145e-21
12044226856992025e-22
0.09758823656693111
0.08549298294180561
0.00405515546482847
0.030365498940918438
0.019481536736638945
0.005831086125813374
0.01204728025015006
0.000482777503551259
0.2479110088983584
15699129993431126e-25
0.06483018806857109
0.0004029692730094077
0.009591397931892377
0.01119303978868118
0.00015705044365643038
0.0001708617294932134
0.24458949405447947
0.0005198725316239297
0.057214421138484066
0.20846953285818462
12609142176239142e-22
25861628981808515e-22
0.00014471677784136153
11840240601778416e-21
0.0005943237372607054
1532550371913677e-20
14120533848538726e-23
10044036195882718e-22
19076821071514325e-21
0.07415601531317173
0.07472107914476109
4343721300616568e-20
0.00029368144671175294
0.01738842210192602
0.0081341277498142
0.08642841495788652
0.010523368414625046
27828512710151612e-21
0.125190371793781
0.03787842127961001
824051861768759e-21
0.21602363761277887
4571118763949049e-22
0.0034689828240864065
0.0010105615349424032
229945659530264e-26
0.24475422132213268
0.24561498027219136
0.01768842213267957
0.21773755903932276
0.22755546775284818
0.00870837268329792
0.17435425427809909
20535640173544154e-26
5764776614653733e-21
0.0005095735691448233
912029481190022e-19
0.1234856878059202
84731216934852e-20
0.0001287621040068705
0.15357007285393418
0.0009381608913163563
0.011797722789085606
12228898934888635e-21
0.12950830214866127
0.09288169881885056
0.022644390727113127
27447569995414695e-21
0.00015343929009470797
12006678958029464e-23
0.01372177619199166
0.14547338482355723
832680180135187e-23
1025499090749474e-20
9138813005302582e-21
964982845461376e-19
12087070930465767e-21
0.24325838400005145
0.15003018762730816
0.00453866374582507
0.001469641036335981
0.0411498701134657
0.005457487765702767
6637237676158456e-20
0.028038622758120368
8323390888987243e-20
0.0007430867275022236
0.0783366267946805
1100099717799394e-21
0.23886322426027928
0.22755546775284818
0.0018267630643535974
0.0004888655653353135
7563075076852145e-24
0.0010187630659768574
10739430988065883e-24
0.010066888128622107
0.029141735993676598
0.0009035732461232074
0.00034114127074813473
0.00015049009590601312
2672596295215305e-21
0.006108538807593621
0.015205972115711123
0.022486824992019275
11069414964556493e-24
0.2286882731741915
0.06873817957373964
0
0
8177642934946527e-20
6712671271333798e-20
10336377456017739e-22
7552909932855028e-22
0.00017700092778428816
0.010212947159459673
0.005378850359841544
15204233572625374e-24
0.0001822618508879099
7328708134504116e-21
0.0507793768262658
0.012944743281885341
0.0962654094341298
3845635204808527e-22
0.05800879253812522
0.007665465053293664
0.00012245831612006127
0.13762315232244646
0.00030268436421120406
1652310701176656e-28
8601936132340507e-20
37936226400234937e-22
0.00012470952069902023
0.017805448745022493
0.003486529028274674
0.00015497839992673968
0.00014113882351007593
381861133178145e-23
0.0006047635186205152
0.022074548579419696
133473072453673e-22
0.0018045802025258354
0.0018497219497313412
4418657887940469e-20
0.10533935572825606
4583729961422018e-20
0.24530425465908026
0.004736564458421479
0.1650624591049186
0.0030934987651281567
0.0006734115209922118
0.0005691586206587457
4737149138284449e-20
0.24822791320157522
11919685328321884e-21
22530023208257462e-21
0.008274086499339963
0.006378256300885455
21999713235389877e-24
8737201512155654e-20
0.0030519028847408223
0.12471823293659251
0.02989164543992443
0.0001001087427391206
0.023165694252662707
0
0
0.10728075335086759
0
0.24765571270142334
0.2420314573644619
0.24579827906289578
0.05055072035382724
0.02936478717400645
0.23034324695025898
0.24591404940392467
0.22994240633047583
0.24262886433706055
0.2009418199645564
0.0007951346333637905
0.016008712110342903
0.13339142755542427
0.2295935884685534
0.12832104830187754
0.0003069840653726663
0.026728188370466734
0.2245192156506592
0.10871110457638454
0.15202340397545164
