1.4828747832817648
15572331705558976e-42
7116257194279105e-27
0
29479977580403002e-22
1350640247952275e-26
29572517045998054e-22
0
29804514407735415e-22
0
0.0009817443771420057
0
3.4882102684090364
0
3.9527608324008274
0
30.342548570693374
25.320989520956026
0.01546422756881272
0.060626571008183604
23747971897158002e-103
10.245896129321572
0.3172733579064284
4825068444729541e-29
0
17818475428228488e-22
4589781097202303e-23
0.000926177931011229
0.003802360783015773
0.005166419316827402
0.008058015740832751
6900015969849467e-22
7129843748036889e-26
0.0009743982816886349
11313332617849934e-22
8776984769558056e-23
14551411784589299e-31
23354767013221508e-22
28233075787527128e-22
1.7934925039768344
1.6664562892901618
0
0.8388079229580259
0
1.6952546328509082
2.967410067423866
4.339549483425538
0
5.284453871216914
0
4.419014058595028
1.4227544075000194
27.797318606425186
34.08591459609751
1.6694397204946492
15.369611117485855
26.883438685510853
1.418302585875612
0.0012930667822930338
0.01262056899818321
0.42290645025336393
33.062937811041344
0.369667947658355
0.4951851087972098
2.2222530973124384
1.1692209874306854
45.4137379831459
0
56.98317557846823
0
15.40221708797325
0.0007512683710361121
0.0007598305206703124
0.014017996218045413
6.98206457518869
0.1842977988362753
0.1058648137505428
0
0.0006602739599399679
0.2288090478903725
0.057142397456735494
0.02612478100264248
0.02422990124424708
9849424478450023e-20
4478714613074048e-20
0.0013314512316334043
1.961187752745707
0.44685004669323886
0.0028410264703795656
0.0003386869522458987
0.0010915071178244874
0.011146516312359784
0.010017982833572152
32803414557286374e-24
0.057642733406441805
0.5066347032657529
0.02155969456405168
3901159489971115e-27
5875486135001567e-22
12703406358386354e-21
0
0.7649344994322531
0.3875125206277375
0.09436826039643623
0
0.29325776229067196
0.0043858896944310765
0.05772544879918747
0
7155843798181373e-20
0
0.18867099364184203
0.5565019987727995
0
0
0
0
6090136661752158e-22
0.440828165989008
8445849282632536e-23
9239943766368942e-22
0.3668011299440955
0.24683513994403533
0.23393315993491623
0.5388882490277416
0.0010796517050172298
0.5917843297822528
0.0013265422232852128
0.6039095327222486
10341184454649517e-22
0.00013802008954188002
0.3729982810353297
0.0006220731455425245
7881084866361189e-29
0.0781483799964621
0.020604210981201736
0.1906435145854556
0.018626552586217673
0.03131681671350415
0.042329330328862255
0.12244098266308452
0.24897843157065067
0.1733340049958076
0.21453613073480624
4968861706929538e-30
0.13454428657473022
0.13466173526893307
0.45099856197840904
0.5289307822185211
0.00020111487367760887
0.5295516353417069
0.6089787753723862
11.057735874814245
1.9861609592970664
2.8409863571848932
0.12069608247086662
0.4515441590354035
3.2306874671690142
3.684002398451079
0.7610335153973962
5.387962361164366
6.57297888186805
3.886897520311949
2.1767599739539216
2.8278247352649704
0.6737384506219092
28.428522438441018
619.0620423308469
5.631029811726836
3739.719068247153
1.1152228104786683
23.21828713057305
1.1675921323704779
45.00258368310602
1.305822626090716
1.7913270997921793
1.115221865463843
0.8648676445533203
1.0499057639520488
69.6843912147856
0
0.0005959419596823093
66671074246747445e-25
0
0.005387414223724883
0.005104973266555912
0.004656521885503094
0.0031212926793024788
0.003960982150427519
0.007854061498577166
0.004566588924844889
0.007402729933002532
0.0029927136398632988
0.004391039302351707
0.00536740755764366
0.01329458261455771
0.004266523328855693
0.006256867587151207
0.004725985311466406
0.006189939455202425
0.005738174642595435
0.012052604317892712
0.015196733302367468
0.006838180769225198
0.0065653469729078364
0.001980345864147594
0.007420764509669985
0.01661277349315777
0.07060090821604828
0.03904410530756582
0.10825080142516723
9119546434904649e-20
0.00990040341097595
0.1972114553757946
5447365003610978e-21
0.0714924473256369
0.011143596781159473
0.002044021522074153
5556870076726803e-21
12044226820529887e-22
0.0975598251358997
0.08547171482197999
0.00405511388150501
0.030363069584344614
0.019480554035204895
0.005830999915173401
0.012046908764423514
0.000482776917294459
0.24751887695374603
15699129993369173e-25
0.0648184343272289
0.00040296886460880536
0.009591163348150102
0.01119271953670109
0.00015705038164628572
0.00017086165609544066
0.24409620869111684
0.0005198718517765149
0.057205392400500855
0.20828622094883065
12609142136276388e-22
2586162881369722e-21
0.00014471672518943682
1184024024939767e-20
0.0005943228486495426
15325503128768695e-21
14120533843527015e-23
10044036170525556e-22
19076820156753057e-21
0.07414036522086391
0.07470517243638994
4343720826336022e-20
0.00029368122982888033
0.017387641781894426
0.00813395940697286
0.08640663795586145
0.010523085626769749
27828510763530766e-21
0.12514059004000386
0.037874593992158735
8240518600619174e-22
0.21581845551299392
45711187586970005e-23
0.0034689524202985993
0.0010105589641964932
22994565953026275e-28
0.24440723553531324
0.24513132472652377
0.01768761427671528
0.21752696136841237
0.22698421923554868
0.008708179564287216
0.17424301739538883
2053564017353355e-25
5764776531121871e-21
0.0005095729159768689
9120292720872214e-20
0.12343745275490295
8473121675439619e-22
0.00012876206232546465
0.1534892771071924
0.0009381586759700096
0.011797366670795756
12228898558994049e-21
0.12945445551298487
0.09285621446518616
0.02264305639333222
27447568101724476e-21
0.00015343923090376627
12006678954405965e-23
0.013721293018288819
0.14540253286527138
8326801801177595e-24
10254990643156096e-21
9138812795375265e-21
9649826113703938e-20
12087070563239775e-21
0.24292514585106836
0.14995385751045584
0.00453861161737711
0.0014696355956689076
0.04114532830071793
0.005457412290650248
6637236568767732e-20
0.02803655925173592
8323389147430791e-20
0.0007430853380603901
0.07831902095867942
11000997147574707e-22
0.23833319548954712
0.22698421923554868
0.0018267546537999774
0.0004888649641938901
7563075076708366e-24
0.0010187604533024328
10739430987775979e-24
0.010066629522259812
0.029139502944753638
0.0009035711912197072
0.0003411409780828059
0.000150490038968823
26725962772616874e-22
0.0061084441581485405
0.015205377402883071
0.022485509491718868
11069414964248503e-24
0.2281201739351774
0.06872486985084864
0
0
8177641253851257e-20
6712670138627317e-20
1033637742916301e-21
7552909918516236e-22
0.00017700084901656058
0.010212680935199277
0.005378777052838042
15204233572044323e-24
0.00018226176736758698
7328707999501226e-21
0.05077234530771923
0.012944313795157512
0.09623784018427738
3845635201091293e-22
0.05799949812496622
0.007665315656455576
0.00012245827842028735
0.1375610679671431
0.00030268413382418926
1652310701176656e-28
8601934272262353e-20
3793622603849688e-21
0.00012470948160027266
0.01780463001452599
0.003486498315337375
0.0001549783395422469
0.00014113877342974735
3818611331744801e-24
0.0006047625985025712
0.022073281701916414
13347307244919518e-24
0.0018045719952658583
0.00184971332614593
4418657397153929e-20
0.10530569321353446
4583729433279665e-20
0.24495153245554355
0.004736507668067045
0.16496578736457676
0.0030934746005220636
0.0006734103800133589
0.0005691578057367216
4737148574194907e-20
0.24778655624216211
1191968497119649e-20
225300219323439e-19
0.008273912276560096
0.006378153066623005
21999713234173355e-24
8737199593114281e-20
0.0030518793670714665
0.12466888280755128
0.029889293124928027
0.00010010871754542764
0.023164296619158174
0
0
0.10724568847925692
0
0.2472693872102171
0.24170806599617145
0.24543996928560602
0.0505437548000757
0.029362518990685222
0.22978005573691027
0.24555435855115584
0.22937799111535268
0.2423008092621667
0.20077764109048454
0.000795133042341689
0.016008052127708342
0.13333373921135513
0.22933915589532272
0.12826834070236368
0.0003069838283922523
0.02672631719466871
0.22428511887570235
0.10867498348512974
0.1519445825851011
