1.4830350621431745
15165943392148858e-42
7037979837943361e-27
0
29444984949935245e-22
1349066059638038e-26
29537353010029585e-22
0
2976890984196655e-21
0
0.0009811072118404859
0
3.5549533624377956
0
3.9487370896767935
0
30.339305366870942
25.321411500093753
0.015608836918350286
0.0612837754868171
2347492386310069e-102
10.2460668852555
0.3169628481160931
47707184888424847e-30
0
17737288684083454e-22
4566834046086693e-23
0.0009258355651596437
0.0038023546692473355
0.005163141295140378
0.008055037452841576
6895657378023e-19
7123104177715992e-26
0.0009737809949941756
11306079481502197e-22
877004997623159e-22
1454065634019916e-30
2324855353770065e-21
28104622843122566e-22
1.798410512242619
1.6688903347822288
0
0.8386804637779882
0
1.6971471143280985
3.0090071920229238
4.339650973613077
0
5.2843377115386705
0
4.419058583117683
1.4223725760683001
27.761132988185356
34.034079167291765
1.6614264838565391
15.685215893417242
26.887177691968684
1.418292653208578
0.0012756783646428328
0.012664723370663591
0.4174555197197678
33.06947514069013
0.36974259901182344
0.4902554727019231
2.2222434840533802
1.16863157760115
44.97704841613391
0
56.480280965466
0
15.413492937876777
0.0007343858714879354
0.0007424589383217559
0.013825046521426342
6.982098951863427
0.18426037962206854
0.10577736293197137
0
0.0006538154476889412
0.23174995374559065
0.05712568932396669
0.0261219486860369
0.023996943823082612
9855117405271838e-20
4480564766639522e-20
0.0013311344881822263
1.9607492656420102
0.44682223245397684
0.0028386930598790095
0.0003384856160896413
0.00108027077410548
0.011132676574238099
0.010006677214900388
3277294827460078e-23
0.05764796874954568
0.50613500716656
0.021555958768879505
3894345472433534e-27
5870560056226453e-22
12697900333358479e-21
0
0.7648937062559718
0.38758996190458744
0.09343939726289399
0
0.29320002749265345
0.004484497705300976
0.05777998901610136
0
7306315554806602e-20
0
0.18866857252536062
0.5564573512606646
0
0
0
0
6085328692609092e-22
0.44083521054286623
8439150439843214e-23
9211380844710394e-22
0.36679068503973905
0.2467738634799618
0.2339418296408212
0.5388841756668991
0.00106574646561124
0.5916133674220727
0.0013265325118293043
0.6039018631899022
10341161091566887e-22
0.00013623748324513067
0.37305288834629824
0.0006215551913224118
7848491849693176e-29
0.07941347184265099
0.020590843343936262
0.1906357231438925
0.018620241216928114
0.03131145257294838
0.04230261121037804
0.12239012898004717
0.2489739099967038
0.17330746022515897
0.21447190103009425
4947384756371894e-30
0.13448596277945296
0.13460545870808416
0.4509888809445308
0.5289238489470154
0.00020109122102813587
0.5295143981394222
0.6089001942997335
11.054738163855726
1.9861619923898324
2.8409893024369395
0.1206986494305138
0.4514366755618108
3.230689365139159
3.684007904665126
0.7610469148807684
5.386632627932064
6.570915630047208
3.8855944861434306
2.17675210767855
2.8268906890743657
0.6736403778288131
28.42406485402139
619.0619858098321
5.631029768969406
3739.2947098231703
1.1152228083480271
23.21828704672701
1.167590564633977
45.002537236350925
1.3058227575853842
1.7913270749387884
1.1152218633327333
0.8648464715725172
1.0499004952433908
69.68675411298842
0
0.0005958342080413285
666780470884858e-23
0
0.005386475505866212
0.005102044478182198
0.0046539096124566665
0.0031193004844621533
0.003958844192391503
0.007851043433853896
0.0045637356867581575
0.007399224510747927
0.0029907975174918795
0.004388560915640245
0.005364581640700074
0.013288139040048243
0.004264124271611064
0.006253746350519266
0.004723381992021782
0.006186896061315224
0.005735204755680388
0.012046692125980057
0.015188602310644983
0.006834789785449603
0.006561957155362566
0.00198034523371685
0.0074207555847205205
0.016612728126959422
0.07060000945442604
0.03904384545485339
0.10824851862976267
9119546301588899e-20
0.009900387464919192
0.1972015210435128
54473649988548595e-22
0.07149152416409135
0.01114357654049457
0.0020440208503863335
5556870071777543e-21
12044226818204821e-22
0.09755801371825439
0.08547035880735739
0.004055111229895459
0.03036291467931122
0.019480491373431094
0.005830994417863745
0.01204688507645835
0.00048277687991092453
0.24749389310959202
15699129993365223e-25
0.06481768490427214
0.00040296883856653237
0.009591148389754747
0.011192699115656134
0.00015705037769211515
0.00017086165141512086
0.24406478736092946
0.0005198718084250382
0.05720481671758491
0.2082745372539583
12609142133728102e-22
25861628802977346e-22
0.00014471672183200723
11840240226927577e-21
0.0005943227919859422
15325503091122977e-21
14120533843207437e-23
10044036168908619e-22
19076820098421913e-21
0.07413936738089706
0.07470415823573745
4343720796092802e-20
0.00029368121599901876
0.0173875920247857
0.008133948672453109
0.08640524949824407
0.010523067594628786
27828510639401526e-21
0.12513741630206132
0.03787434995245608
8240518599530781e-22
0.21580537837533847
45711187583620953e-23
0.0034689504815637573
0.0010105588002691831
22994565953026267e-28
0.24438512614910543
0.24510051601498223
0.01768756276379954
0.21751353919744382
0.22694784137871027
0.008708167249904343
0.17423592661345155
20535640173532876e-26
5764776525795334e-21
0.0005095728743266469
9120292587534643e-20
0.12343437761244387
8473121674288915e-22
0.00012876205966758672
0.15348412648518084
0.0009381585347052499
0.011797343962734694
12228898535024558e-21
0.1294510226595973
0.092854589653696
0.02264297131017127
2744756798097044e-20
0.00015343922712936643
12006678954174905e-23
0.013721262208558108
0.14539801605270222
832680180116648e-23
1025499062630014e-20
913881278198893e-20
9649825964432275e-20
12087070539823052e-21
0.24290391190194466
0.14994899152150987
0.004538608293347463
0.0014696352487371604
0.04114503870210665
0.005457407477903865
663723649815328e-19
0.028036427674256306
8323389036377802e-20
0.0007430852494606015
0.07831789842991779
11000997145634976e-22
0.23829943731411604
0.22694784137871027
0.0018267541174895171
0.0004888649258612158
7563075076699198e-24
0.0010187602867014923
10739430987757493e-24
0.010066613032056195
0.029139360556788438
0.0009035710601858113
0.0003411409594205636
0.000150490035338137
2672596276116848e-21
0.006108438122732123
0.015205339480901843
0.02248542560944692
11069414964228862e-24
0.22808399612279714
0.06872402122349076
0
0
8177641146653666e-20
6712670066398567e-20
10336377427450576e-22
7552909917601902e-22
0.00017700084399381754
0.01021266395923883
0.005378772378339092
15204233572007272e-24
0.00018226176204178758
7328707990892562e-21
0.05077189696524429
0.012944286408764865
0.09623608245684186
38456352008542577e-23
0.05799890550305229
0.007665306130037196
0.0001224582760163042
0.13755711001362259
0.000302684119133216
1652310701176656e-28
8601934153651647e-20
379362260154301e-20
0.00012470947910708184
0.017804577808204596
0.003486496356889282
0.00015497833569173844
0.00014113877023629948
3818611331742464e-24
0.0006047625398298952
0.02207320092000708
13347307244890965e-24
0.00180457147191868
0.0018497127762512233
4418657365858179e-20
0.105303547036849
45837293996018646e-21
0.2449290577958663
0.004736504046766612
0.16495962486428864
0.0030934730596355194
0.0006734103072571685
0.000569157753772016
473714853822488e-19
0.24775843907331277
11919684948423845e-21
22530021850983333e-21
0.008273901167103359
0.00637814648378955
21999713234095786e-24
8737199470743696e-20
0.003051877867437574
0.12466573658372229
0.029889143132254766
0.00010010871593891362
0.023164207499787027
0
0
0.10724345290301758
0
0.24724477302564507
0.24168745911395892
0.24541713883974206
0.05054331066347635
0.02936237436246014
0.22974418972934724
0.24553144016741738
0.2293420473428003
0.24227990538043964
0.20076717652505105
0.0007951329408878472
0.016008010043832344
0.13333006147243368
0.2293229411807318
0.1282649804562956
0.0003069838132808411
0.026726197880734378
0.22427019961906355
0.1086726805757803
0.1519395578052823
