1.4828747832817648
1557233170778334e-41
7116257194284602e-27
0
29479977580414416e-22
13506402479466529e-27
29572517045874933e-22
0
2980451440799131e-21
0
0.0009817443135181688
0
3.4882102644565753
0
3.9527608333353945
0
30.342548570688376
25.320989520956097
0.015464227559643507
0.06062661414383068
23747971896169555e-103
10.245893628559944
0.31727330067486076
48250684447271524e-30
0
17818475428228556e-22
45897810971927516e-24
0.0009261779310111856
0.003802360783015773
0.005166419316836866
0.008058015740832373
6900015980211866e-22
7129843748718664e-26
0.0009743982816904207
1131333263484022e-21
877698477039724e-22
1455141180644267e-30
2335476701322169e-21
28233075787526687e-22
1.7934938005030312
1.6664562969958923
0
0.8388079229506439
0
1.6952545332842412
2.9674100641960397
4.339549489442365
0
5.284453871250878
0
4.419013601654492
1.42288821052662
27.79731728683732
34.08591270290393
1.6694397165186254
15.36961109829044
26.886607139504857
1.4183024567380218
0.0012932199042586644
0.012622029377267086
0.4229560891612044
33.06293781101126
0.36966794764823047
0.4951851086975434
2.2222528670740895
1.1692209861787277
45.41373797455903
0
56.98317563176852
0
15.402217088381205
0.000751355633748091
0.0007598839943800456
0.014019646502092819
6.982064263242374
0.1842977654982162
0.10586479244948414
0
0.0006602739598165995
0.2288092152934475
0.05714239745732627
0.026124781002645328
0.02422990123959174
9849424486267424e-20
44787146166363094e-21
0.0013314512316319096
1.961187752766515
0.44685004669313233
0.0028410263136039314
0.0003386868808461866
0.001091506862911338
0.011146514300694957
0.010017982831893094
32803414557252526e-24
0.05764273340715483
0.5066346667682334
0.02155969456429677
3901159490023791e-27
5875485924960312e-22
12703403706678347e-21
0
0.764934499431006
0.3875125206324548
0.09436826037790276
0
0.2932577622905853
0.004385893113454218
0.057725445611240024
0
7155843789282746e-20
0
0.1886709936418424
0.5565019987727978
0
0
0
0
6090136662403919e-22
0.4408281659889104
8445849282623651e-23
9239943766369048e-22
0.3668011299440955
0.24683513994548226
0.2339331599349679
0.5388882008923184
0.001079778640022326
0.5917843297839631
0.0013265422232852568
0.603909532722252
10341184454649517e-22
0.00013803633918723493
0.3729982810371068
0.0006220731455494887
7881084866397522e-29
0.07814842685462671
0.020604210981393145
0.1906435145854556
0.018626552586523338
0.031316816713840435
0.04232933032886126
0.12244098266309256
0.24897843157065067
0.17333400499751397
0.21453613073742586
4968861706991586e-30
0.13454428657638148
0.134661735262104
0.4509985619784079
0.5289307822185211
0.00020111487368185295
0.5295516063304826
0.6089787753777954
11.057735874955172
1.9861609592968001
2.840986357183931
0.12069608247082737
0.4515441590404568
3.230687467168283
3.684002398449106
0.7610335153972213
5.387962361225977
6.572978881962837
3.8868975203544527
2.1767599739766794
2.827824735309383
0.6737384506282005
28.42852243995668
619.0620423308469
5.631029811726836
3739.719068247153
1.1152228104786683
23.21828713057305
1.1675921323704779
45.00258368310602
1.305822626090716
1.7913270997921793
1.1152218654638428
0.8648676445533203
1.0499057639520488
69.68439116960029
0
0.0005959419596874481
6667107424674519e-24
0
0.005387414223714174
0.005104973266644116
0.004656521885583575
0.003121292679355015
0.003960982150485535
0.00785406149867054
0.004566588924922791
0.007402729933129846
0.0029927136399139284
0.0043910393024276136
0.0053674075577356435
0.01329458261478754
0.0042665233289294275
0.006256867587257495
0.0047259853115471494
0.006189939455306817
0.00573817464268958
0.01205260431809712
0.015196733302629379
0.006838180769340696
0.006565346973021353
0.001980345864147594
0.007420764509669985
0.01661277349315777
0.07060090821604828
0.03904410530756582
0.10825080142516723
9119546434904649e-20
0.00990040341097595
0.1972114553757946
5447365003610978e-21
0.0714924473256369
0.011143596781159473
0.002044021522074153
5556870076726803e-21
12044226820529887e-22
0.0975598251358997
0.08547171482197999
0.00405511388150501
0.030363069584344614
0.019480554035204895
0.005830999915173401
0.012046908764423514
0.000482776917294459
0.24751887695374603
15699129993369173e-25
0.0648184343272289
0.00040296886460880536
0.009591163348150102
0.01119271953670109
0.00015705038164628572
0.00017086165609544066
0.24409620869111684
0.0005198718517765149
0.057205392400500855
0.20828622094883065
12609142136276388e-22
2586162881369722e-21
0.00014471672518943682
1184024024939767e-20
0.0005943228486495426
15325503128768695e-21
14120533843527015e-23
10044036170525556e-22
19076820156753057e-21
0.07414036522086391
0.07470517243638994
4343720826336022e-20
0.00029368122982888033
0.017387641781894426
0.00813395940697286
0.08640663795586145
0.010523085626769749
27828510763530766e-21
0.12514059004000386
0.037874593992158735
8240518600619174e-22
0.21581845551299392
45711187586970005e-23
0.0034689524202985993
0.0010105589641964932
22994565953026275e-28
0.24440723553531324
0.24513132472652377
0.01768761427671528
0.21752696136841237
0.22698421923554868
0.008708179564287216
0.17424301739538883
2053564017353355e-25
5764776531121871e-21
0.0005095729159768689
9120292720872214e-20
0.12343745275490295
8473121675439619e-22
0.00012876206232546465
0.1534892771071924
0.0009381586759700096
0.011797366670795756
12228898558994049e-21
0.12945445551298487
0.09285621446518616
0.02264305639333222
27447568101724476e-21
0.00015343923090376627
12006678954405965e-23
0.013721293018288819
0.14540253286527138
8326801801177595e-24
10254990643156096e-21
9138812795375265e-21
9649826113703938e-20
12087070563239775e-21
0.24292514585106836
0.14995385751045584
0.00453861161737711
0.0014696355956689076
0.04114532830071793
0.005457412290650248
6637236568767732e-20
0.02803655925173592
8323389147430791e-20
0.0007430853380603901
0.07831902095867942
11000997147574707e-22
0.23833319548954712
0.22698421923554868
0.0018267546537999774
0.0004888649641938901
7563075076708366e-24
0.0010187604533024328
10739430987775979e-24
0.010066629522259812
0.029139502944753638
0.0009035711912197072
0.0003411409780828059
0.000150490038968823
26725962772616874e-22
0.0061084441581485405
0.015205377402883071
0.022485509491718868
11069414964248503e-24
0.2281201739351774
0.06872486985084864
0
0
8177641253851257e-20
6712670138627317e-20
1033637742916301e-21
7552909918516236e-22
0.00017700084901656058
0.010212680935199277
0.005378777052838042
15204233572044323e-24
0.00018226176736758698
7328707999501226e-21
0.05077234530771923
0.012944313795157512
0.09623784018427738
3845635201091293e-22
0.05799949812496622
0.007665315656455576
0.00012245827842028735
0.1375610679671431
0.00030268413382418926
1652310701176656e-28
8601934272262353e-20
3793622603849688e-21
0.00012470948160027266
0.01780463001452599
0.003486498315337375
0.0001549783395422469
0.00014113877342974735
3818611331744801e-24
0.0006047625985025712
0.022073281701916414
13347307244919518e-24
0.0018045719952658583
0.00184971332614593
4418657397153929e-20
0.10530569321353446
4583729433279665e-20
0.24495153245554355
0.004736507668067045
0.16496578736457676
0.0030934746005220636
0.0006734103800133589
0.0005691578057367216
4737148574194907e-20
0.24778655624216211
1191968497119649e-20
225300219323439e-19
0.008273912276560096
0.006378153066623005
21999713234173355e-24
8737199593114281e-20
0.0030518793670714665
0.12466888280755128
0.029889293124928027
0.00010010871754542764
0.023164296619158174
0
0
0.10724568847925692
0
0.2472693872102171
0.24170806599617145
0.24543996928560602
0.0505437548000757
0.029362518990685222
0.22978005573691027
0.24555435855115584
0.22937799111535268
0.2423008092621667
0.20077764109048454
0.000795133042341689
0.016008052127708342
0.13333373921135513
0.22933915589532272
0.12826834070236368
0.0003069838283922523
0.02672631719466871
0.22428511887570235
0.10867498348512974
0.1519445825851011
