1.4843650151573649
12178227689199887e-42
64208035536276885e-28
0
29157185167611838e-22
13361167491549615e-27
29248114338014327e-22
0
2947605989658476e-21
0
0.0009758822963367918
0
4.141127668558355
0
3.927433271972482
0
30.312418779583258
25.324881422705314
0.016766827572626715
0.06637882805232141
21333745530085642e-103
10.246791217065294
0.3144986146840299
4342793272581077e-29
0
1707773426091793e-21
4380935481877763e-23
0.0009230262198679872
0.0038023039396340406
0.005136251091990053
0.008030598586966234
685999491507739e-21
7070386513098944e-26
0.0009687173540876257
11246726211747515e-22
8716331329636138e-23
14452623728236557e-31
22385684625235182e-22
27061093392384354e-22
1.8294094469184394
1.6902573320974754
0
0.8376922035404406
0
1.7139083889982085
3.353311757064539
4.340240981313929
0
5.283383055536173
0
4.41935014563129
1.4233197125785046
27.455381117136294
33.59698912563645
1.5955734852373251
18.494758809808943
26.90067243238274
1.418180768113375
0.0011578513912526764
0.012994680339049106
0.38060996779198
33.123474509018386
0.37027075977238033
0.4529501009772514
2.2221172085921945
1.1637047264896665
41.662865766532306
0
52.236590405098205
0
15.496170729670476
0.00061977610095317
0.0006252987484810869
0.012520516811281954
6.98233101987865
0.18397068388200205
0.10511603932694162
0
0.0006048117224000264
0.25519869053725536
0.056976111052262884
0.02609780165586182
0.022231270594318942
9914571122190193e-20
4501493721695213e-20
0.001328528071630667
1.9567748115208612
0.4465913840588651
0.002819031270078439
0.000337017005992893
0.0009957715701767755
0.011016541583581866
0.009900400623616183
32521662875012924e-24
0.05767909666710868
0.5034935179940553
0.021520416398376506
3837670778701727e-27
5829884707232898e-22
1265947327714667e-20
0
0.7645608231639104
0.38829190808485375
0.08641237457217277
0
0.2927212586964602
0.005283074006553463
0.05818962651997902
0
8652324728818777e-20
0
0.18864839767783406
0.5560869937753384
0
0
0
0
604691570087255e-21
0.44089128146884965
8383872808403601e-23
8978007449801772e-22
0.36670400790482216
0.2462423784881694
0.23401235543494303
0.5388429744091704
0.000971809421609078
0.590217104643048
0.0013264429876274463
0.6038346948954022
10340967262319983e-22
0.00012419502462470984
0.3735067503948048
0.0006172067312823779
7582786599296308e-29
0.08911157623692897
0.02048069571540071
0.1905710653471686
0.018562796571894736
0.03126098674418388
0.04208143879224887
0.12196875240659938
0.2489363746692635
0.17305930198687072
0.21389708821896763
47718538823604625e-31
0.13397375333690037
0.13410634043247824
0.45090850167544905
0.5288663025402536
0.0002009147797055792
0.529251688963699
0.6081589917692438
11.02759864729234
1.9861636650555214
2.8409894215490197
0.12071899208826088
0.45046325286080124
3.2306861805928224
3.6840037484398116
0.7611538314732746
5.374727655559996
6.552441742856282
3.8741402196871726
2.1766821279213198
2.8185885972142923
0.6727247380200672
28.396911827581743
619.0615168131003
5.631029414179199
3735.77534912571
1.1152227906685106
23.218286350994028
1.1675775560385107
45.002151834901206
1.3058238479879143
1.7913268687096928
1.115221845649336
0.8646707981746824
1.049856777870827
69.70495364631833
0
0.0005948358705034233
6673585358837922e-24
0
0.005378415120072049
0.005076477957246763
0.0046310777201582646
0.0031020271827921163
0.003940185577792263
0.007824666258528934
0.004538956118048937
0.007368259055689176
0.002974187043462617
0.004366907037314189
0.005339805500157181
0.013231331030584118
0.004243158716991434
0.006226307209560611
0.004700621543397071
0.006160126041351487
0.005709176462405618
0.011994669334405413
0.015117326473806052
0.006804979401137914
0.006532188052340091
0.0019803400025714584
0.007420681528185735
0.016612351694623013
0.07059255220160682
0.03904168933019236
0.1082295784340267
911954519536896e-19
0.009900255149607812
0.1971191077959872
54473649593898005e-22
0.07148386446542855
0.011143408590050226
0.00204401527690105
5556870030709843e-21
1204422679891204e-21
0.09754298433509205
0.08545910777455074
0.004055089227584211
0.0303616293474331
0.0194799714298277
0.005830948802793622
0.01204668852157635
0.000482776569712025
0.2472866808131502
15699129993332442e-25
0.06481146671841273
0.0004029686224744743
0.00959102426971436
0.011192529668483282
0.00015705034488142252
0.00017086161257902867
0.24380421717310097
0.0005198714487057076
0.057200040071404536
0.20817761421934944
12609142112583083e-22
2586162871402657e-21
0.00014471669397291784
11840240040476479e-21
0.0005943223218060812
1532550277874842e-20
1412053384055565e-22
10044036155491676e-22
1907681961440499e-20
0.07413108807800214
0.0746957431891365
4343720545142301e-20
0.00029368110124238834
0.017387179158511245
0.008133859600699143
0.08639372929253068
0.010522917969725227
27828509609408836e-21
0.12511108454076636
0.03787232503405202
8240518590499573e-22
0.2156968981923547
4571118755583138e-22
0.003468934394479503
0.0010105574400432991
22994565953026207e-28
0.24420174524994706
0.24484502252511142
0.017687135328581998
0.21740219739727537
0.22664621203389215
0.00870806506897537
0.17417710024786556
20535640173527277e-26
5764776481597094e-21
0.0005095725287238849
9120291481133633e-20
0.12340886382157668
8473121664740668e-22
0.0001287620376131973
0.15344139460730563
0.0009381573625272114
0.011797155538735752
12228898336131852e-21
0.12942254123119162
0.0928411084800497
0.022642265324187144
2744756697898431e-20
0.00015343919581036497
12006678952257644e-23
0.013721006559958268
0.14536054210891175
8326801801074265e-24
10254990486433729e-21
9138812670912545e-21
964982472581426e-19
12087070345517061e-21
0.24272778960299782
0.14990862087987247
0.004538580711493201
0.001469632369989381
0.04114263576549785
0.005457367543128552
6637235912212645e-20
0.02803533590179027
8323388114888543e-20
0.0007430845142826153
0.07830858459385784
110009971295396e-20
0.23801950499266694
0.22664621203389215
0.001826749667328509
0.0004888646077866014
7563075076623124e-24
0.0010187589042905335
10739430987604104e-24
0.01006647620160457
0.029138179084695945
0.0009035699729007769
0.0003411408045660872
0.0001504900052116362
26725962666172594e-22
0.0061083880426197725
0.015205024817645239
0.022484729587871087
11069414964065904e-24
0.2277840231237518
0.06871697993485715
0
0
8177640257155518e-20
6712669467062904e-20
10336377413241243e-22
7552909910014984e-22
0.00017700080231638539
0.010212523098147717
0.005378733590698631
15204233571699822e-24
0.00018226171784967163
7328707919460063e-21
0.05076817688673123
0.012944059165715541
0.09622149852232846
38456351988874017e-23
0.057993988311499316
0.007665227082709755
0.00012245825606866834
0.1375242723198365
0.0003026839972313032
1652310701176656e-28
8601933169450401e-20
37936225824027857e-22
0.0001247094584192237
0.01780414461940199
0.003486480106230155
0.00015497830374120757
0.00014113874373788805
3818611331723071e-24
0.0006047620529792506
0.022072530623780773
13347307244654034e-24
0.0018045671293234508
0.001849708213371842
4418657106174055e-20
0.10528574029861118
45837291201520974e-21
0.24474264834326626
0.004736473998248262
0.16490849889193082
0.0030934602737825345
0.0006734097035452052
0.0005691573225823572
4737148239754799e-20
0.24752525303674602
11919684759462261e-21
22530021175874127e-21
0.00827380898424708
0.006378091861382631
21999713233452107e-24
8737198455343937e-20
0.003051865423887365
0.1246396330854542
0.029887898560435333
0.00010010870260847198
0.023163468023255994
0
0
0.10722490446050907
0
0.24704062530880763
0.24151653623033845
0.24522777953861605
0.05053962548206953
0.02936117430190476
0.22944679864038586
0.24534135177393027
0.22904401229667554
0.242106519867217
0.20068036527331126
0.0007951320990503054
0.01600766084685645
0.13329954844804812
0.2291884398399813
0.12823710138901356
0.00030698368789024334
0.026725207864758613
0.22414644171823334
0.10865357350516223
0.15189786987647094
