1.4853624799180076
1033091995880327e-41
5993714493832704e-27
0
28944365626919523e-22
13265386286221168e-27
29034198735444474e-22
0
2925943839977738e-21
0
0.0009720358270077208
0
4.5985268563791
0
3.925844817076855
0
30.292467512523665
25.327447051538027
0.017547300479806873
0.06982258526014314
19864816816647072e-103
10.246635403871517
0.31277826183683605
4047314906396418e-29
0
16599213620236904e-22
42466472917577176e-24
0.0009209565552800714
0.0038022658934402
0.005116448344572209
0.008012594323465072
6833810938396821e-22
7033990199422179e-26
0.0009649884260486406
11203139883222414e-22
8679777614586839e-23
14387958886553047e-31
21759650499382886e-22
26304002388201605e-22
1.844362578735981
1.7066437804769914
0
0.8370330985704585
0
1.7276225072298153
3.5958896461560026
4.340470540949308
0
5.282674182578856
0
4.41950081679997
1.428114879687316
27.219652811188123
33.261092440279164
1.547187604136836
20.735222758951743
26.91283854969628
1.418069159489902
0.001092589016542652
0.013214405846791882
0.36031451652719737
33.16278005815983
0.37055815666812136
0.4288081008882302
2.2219817222957214
1.1599858913463745
39.509366400083266
0
49.100178450261545
0
15.547277119989383
0.0005561428773662164
0.0005605155408137162
0.01180100963377741
6.9824586462213185
0.18377440015212512
0.10468468845295659
0
0.0005729982993871209
0.27177480104952384
0.0568555916405648
0.026079267765727856
0.02108636493019156
9971888142869484e-20
4522988342805626e-20
0.001326598294051362
1.9535309477545821
0.4464185244163469
0.002804128045900829
0.0003361173909347594
0.0009415864818618732
0.0109275729530942
0.009807058976962046
32335174794344494e-24
0.057691926410327915
0.5033072583770237
0.021490129331837037
3795359902700904e-27
5799659864689822e-22
12637889957327982e-21
0
0.7643177048146184
0.388853593572168
0.08186818038032749
0
0.2923629611909739
0.005859313656182201
0.05845305981034582
0
9734127137513615e-20
0
0.18863317899589646
0.5558093655080191
0
0
0
0
6019753565503428e-22
0.4409303983099105
8342827200808906e-23
8807160780578128e-22
0.3666389901816736
0.24582583739206004
0.23406363554999896
0.5388057732700775
0.0009201250530522267
0.5891950581631513
0.0013263655984416878
0.6037802721789437
10340821922431228e-22
0.0001175685381782475
0.3738477960101229
0.0006139234218526254
7389149347945212e-29
0.09555554861555646
0.020398937644717584
0.190522564658051
0.01851572313837346
0.03121832264537052
0.041916182851548814
0.1216534825980084
0.2489082033707005
0.17285120186132552
0.21343346539725352
4643663767431631e-30
0.1335683445532356
0.13370596662066148
0.45084815629643016
0.528823124095519
0.0002008008927332086
0.5290980736913041
0.6075325834179676
11.005478814323986
1.9861563357410392
2.840959292372868
0.12073306915834005
0.4496694367670292
3.2306602374303517
3.683938696525217
0.7612287584305827
5.365152631779232
6.537581805354472
3.8650611519568834
2.1766237121739165
2.811977873099606
0.6719579950397594
28.38501652766737
619.0611650657847
5.63102914808656
3733.138002511071
1.1152227774088732
23.218285829194304
1.1675677996870242
45.00186278597992
1.3058246649866272
1.791326714035356
1.1152218323867873
0.8645390602186828
1.049823991042289
69.71692076099062
0
0.0005939995635146084
6677914095728514e-24
0
0.005372037440769964
0.005056372262234112
0.004613101298934102
0.003088529304087319
0.003925528500417567
0.007803892153308531
0.004519564200519344
0.007343628520733221
0.002961212790824688
0.004349864137917966
0.005320240897571351
0.0131862406915299
0.004226653862854494
0.006204584728759524
0.0046826964673878976
0.006138921389385629
0.005688637054345046
0.011953449963339224
0.01506104492897721
0.006781379795773052
0.006508644993940741
0.0019803360792214827
0.007420625986269653
0.01661206937596832
0.0705869597789157
0.039040072314835327
0.1082153754620412
9119544365704095e-20
0.00990015591428476
0.1970573204634551
54473649297910075e-22
0.07147812023000123
0.011143282628878117
0.002044011096797061
5556869999909069e-21
12044226784442452e-22
0.09753171381719772
0.08545067047189443
0.004055072725929118
0.030360665384231884
0.019479581481232314
0.005830914591725204
0.012046541107519416
0.0004827763370629812
0.24713138544950933
15699129993307856e-25
0.06480680347049556
0.0004029684604055067
0.009590931180738171
0.011192402584787106
0.0001570503202734075
0.00017086158345196533
0.24360897211184687
0.0005198711789163729
0.05719645784851878
0.2081049515442296
12609142096724316e-22
2586162864731349e-21
0.0001447166730786043
11840239900638156e-21
0.0005943219691714296
15325502544467516e-21
1412053383856681e-22
10044036145428971e-22
19076819251392303e-21
0.0741248792075841
0.07468943252625924
4343720356929434e-20
0.00029368101517494497
0.017386869515238934
0.008133792797523772
0.08638509014623161
0.010522805752443718
27828508836914344e-21
0.12509133935601027
0.037870806416295234
8240518583726168e-22
0.2156155738421805
457111875349892e-21
0.0034689223292152698
0.0010105564198750875
22994565953026162e-28
0.24406429988434356
0.24465357720009176
0.017686814758947483
0.21731872845114716
0.22642025313600858
0.008707988434065474
0.17413299350798056
20535640173523076e-26
5764776448448413e-21
0.0005095722695219672
9120290651332964e-20
0.12338973193933901
8473121657579482e-22
0.0001287620210724077
0.15340935350654109
0.0009381564833946436
0.011797014222711504
12228898186962323e-21
0.12940118427228714
0.09283099888429275
0.02264173584914444
27447566227494742e-21
0.00015343917232111805
12006678950819697e-23
0.013720814826634203
0.14533244298945902
8326801801005101e-24
1025499038153392e-20
9138812587605256e-21
964982379685085e-19
1208707019978757e-20
0.2425957816876113
0.14987835003155558
0.004538560025212504
0.001469630210932247
0.04114083365513679
0.00545733759223884
6637235472757202e-20
0.028034517100341258
8323387423771665e-20
0.0007430839628996029
0.0783015999437047
11000997117468065e-22
0.23780977157318556
0.22642025313600858
0.0018267463297148674
0.0004888643692307764
7563075076566068e-24
0.0010187578674835456
10739430987489063e-24
0.010066373579986392
0.029137293012063335
0.0009035691574378598
0.00034114068842527607
0.00015048998261676453
26725962594925684e-22
0.006108350482804953
0.015204788824476114
0.022484207585828076
11069414963943685e-24
0.22755930230689853
0.06871169944182606
0
0
817763959003197e-19
6712669017561191e-20
10336377402584243e-22
7552909904324797e-22
0.00017700077105831775
0.010212417453604388
0.005378704500151842
15204233571469237e-24
0.0001822616847055917
7328707865885688e-21
0.050765387006722736
0.012943888736046568
0.09621056202183835
38456351974122594e-23
0.05799030069141616
0.007665167797749125
0.0001224582411079436
0.1374996491939618
0.00030268390580490086
1652310701176656e-28
860193243129954e-19
37936225680476178e-22
0.00012470944290333236
0.017803819734716637
0.003486467918285517
0.00015497827977831372
0.00014113872386408279
3818611331708526e-24
0.0006047616878415242
0.022072027914968956
13347307244476338e-24
0.0018045638723838868
0.001849704791219692
44186569114109714e-21
0.10527238722099765
4583728910564784e-20
0.244602934362978
0.004736451461984601
0.16487016481152975
0.0030934506844274763
0.0006734092507615878
0.0005691569991903276
4737148015902252e-20
0.2473505075482929
11919684617741074e-21
22530020669542236e-21
0.008273739847778874
0.006378050894884425
2199971323296935e-23
8737197693794196e-20
0.0030518560912580033
0.12462005904871873
0.02988696516558003
0.00010010869261064193
0.02316291343134952
0
0
0.10721099523395529
0
0.2468876251481811
0.24138842339831137
0.24508585595107663
0.05053686177234432
0.029360274288675624
0.22922400797846035
0.24519888206197937
0.2288207402072853
0.24197656216586405
0.20061528146903707
0.000795131467672734
0.016007398954123418
0.13327666826244422
0.22908761560657673
0.12821619606527704
0.00030698359384732866
0.026724465376843566
0.22405366811175786
0.10863924540686833
0.15186661143621616
