1.4867638383276627
8199928741144238e-42
5441256938608451e-27
0
28649801513087962e-22
13132785587711728e-27
2873808156440693e-21
0
28959491123530615e-22
0
0.0009667355779169794
0
5.228066373338857
0
3.9438592673586967
0
30.26514239458297
25.330999056192837
0.018473830865162327
0.07418750168465564
17981333129822103e-103
10.245603656795659
0.3105478871320065
3665943883516379e-29
0
1594949558187094e-21
4065112015342848e-23
0.00091810317595143
0.003802212443027913
0.005089153179977953
0.007987772463903914
6797797663591476e-22
6986201664179056e-26
0.0009598487796999353
11143180225671451e-22
8632364858613193e-23
14298982744830545e-31
20909627727101097e-22
25276063068422366e-22
1.8584417323950257
1.7288570492453712
0
0.8362229888223586
0
1.748521952849195
3.8918322942427515
4.340596071692906
0
5.281683255795492
0
4.41964971543238
1.438359843327173
26.879293141561824
32.77777195757902
1.4810235960937512
23.890317376159643
26.933018684184923
1.4178828539443982
0.0010222581198990914
0.013490586175371334
0.3385951410588033
33.214922704841946
0.37080871556070233
0.3996922010410203
2.2217536612523947
1.1547575164910462
36.90341621894774
0
44.981167302459454
0
15.606743859441721
0.00048791499498743944
0.0004911447343447254
0.011029725472555702
6.982595092931164
0.18352321951155925
0.10415378340079384
0
0.0005345701054813594
0.2937681095746547
0.05668350084538492
0.026053305995224332
0.01970389989703617
0.00010068950114213553
4560693195323684e-20
0.0013239222638291447
1.9488646136985852
0.4461768054041026
0.002783354532709851
0.00033508573880254225
0.000876769418906981
0.010800055233304028
0.009659345090097944
32076423530519454e-24
0.05770291908691187
0.5055740092564135
0.021445844649802485
3736898478556873e-27
575769189244179e-21
12615859902989394e-21
0
0.76398550464572
0.3896396507652052
0.07639367681437434
0
0.29186163751531274
0.006636665761793753
0.05877124302898635
0
0.00011270383172567607
0
0.1886116944004535
0.5554195253969912
0
0
0
0
5983841076444667e-22
0.44098101025471775
8285861141691375e-23
8573035874231096e-22
0.3665476300225725
0.24523354872910677
0.23413342900704423
0.5387479842187953
0.0008648894336923611
0.587793694164669
0.001326242507553009
0.6036981334298587
10340617767278326e-22
0.00011048519891374856
0.37432752258188007
0.000609354798976499
7125402892474484e-29
0.10359955316991246
0.02028520737356675
0.19045441475837646
0.01844786684422992
0.031155942762574905
0.04168490717969254
0.12121179921834604
0.24886859518375587
0.1725493360914572
0.2127693306738016
4469156926024469e-30
0.13299248990249524
0.1331307391503557
0.4507632820532398
0.5287624347783438
0.00020065967173574944
0.5289268500876204
0.606621353558017
10.973692379826232
1.9861331355510667
2.8408716299931767
0.12075110021002326
0.4485280339374156
3.2305883830455606
3.6837543948430627
0.7613262419253035
5.351537159854133
6.51644737261939
3.852144584501593
2.176532236129796
2.8026691506354973
0.6708469481576229
28.37651656063571
619.0606708892067
5.631028774247651
3729.4358860296566
1.1152227587801409
23.218285096107344
1.1675540929292842
45.001456698442624
1.3058258117008288
1.7913264967263707
1.1152218137539645
0.864354003672497
1.0497779299031667
69.73130971208026
0
0.0005927710162407139
6683985040297877e-24
0
0.005362587370033839
0.005027905097258859
0.004587639840725907
0.003069449343840323
0.003904822597862579
0.0077744482598138325
0.004492146686335807
0.007308620175738674
0.0029428850715438764
0.004325727990006275
0.005292506215969368
0.01312223041565433
0.004203277705532804
0.0061737679369606845
0.004657306386909882
0.006108832553524543
0.005659547410522161
0.011894961101348779
0.01498123937122319
0.006747900167856046
0.006475257503682242
0.0019803305672409085
0.00742054795501106
0.016611672748887533
0.07057910361964861
0.03903780065040721
0.1081954245682033
911954320009128e-19
0.009900016498253375
0.1969705469077717
5447364888207065e-21
0.07147005081729207
0.01114310566588599
0.002044005224098891
555686995663644e-20
12044226764113837e-22
0.09751588183865484
0.0854388181420326
0.004055049542533678
0.0303593111445435
0.01947903364775345
0.0058308665282425735
0.01204633400557773
0.0004827760102098251
0.24691337259429227
1569912999327332e-24
0.06480025254602952
0.0004029682327116475
0.009590800399679737
0.011192224044770544
0.00015705028570111622
0.0001708615425307735
0.2433349324934361
0.0005198707998841185
0.05719142549014856
0.20800290912686967
12609142074444014e-22
2586162855358694e-21
0.00014471664372376586
11840239704176472e-21
0.0005943214737482314
15325502215321535e-21
14120533835772645e-23
10044036131291672e-22
19076818741388453e-21
0.07411615711849953
0.07468056744907171
43437200925053855e-21
0.0002936808942570963
0.017386434500460783
0.008133698945318887
0.08637295429432912
0.010522648098137683
2782850775162125e-20
0.1250636042110135
0.037868672982375735
8240518574210073e-22
0.2155013714145065
45711187505707617e-23
0.003468905378552498
0.0010105549866218806
22994565953026098e-28
0.24387133078873174
0.24438486464906425
0.01768636439400187
0.21720151537704935
0.2261031794290021
0.008707880769270444
0.17407104592535702
20535640173517172e-26
5764776401877163e-21
0.0005095719053641749
9120289485529354e-20
0.12336285818167594
8473121647518586e-22
0.00012876199783392155
0.15336434961895362
0.0009381552482849159
0.011796815687831556
12228897977391044e-21
0.12937118540253884
0.09281679756851248
0.0226409919998683
27447565171711887e-21
0.00015343913932060625
12006678948799494e-23
0.013720545461136794
0.14529297514433842
8326801800907937e-24
10254990234158057e-21
9138812470565162e-21
9649822491731528e-20
12087069995049263e-21
0.2424104423731516
0.14983583223074115
0.004538530962797786
0.0014696271776345846
0.041138301967203424
0.005457295513906004
6637234855357417e-20
0.02803336679002959
8323386452807686e-20
0.0007430831882511517
0.07829178811992336
11000997100508525e-22
0.23751542502323308
0.2261031794290021
0.0018267416406442824
0.000488864034079071
756307507648591e-23
0.0010187564108542278
10739430987327439e-24
0.010066229406567487
0.029136048196225985
0.0009035680117787634
0.00034114052525676915
0.00015048995087277826
26725962494829455e-22
0.006108297714651864
0.015204457279089093
0.022483474235076475
11069414963771975e-24
0.22724396196706942
0.0687042814558946
0
0
81776386527767e-18
6712668386047199e-20
1033637738761201e-21
7552909896330536e-22
0.0001770007271432358
0.010212269033295694
0.00537866363052028
15204233571145283e-24
0.00018226163814081381
7328707790617966e-21
0.050761467706890384
0.012943649299749652
0.09619519921108634
38456351953398027e-23
0.057985120275523626
0.007665084507883888
0.000122458220089322
0.1374650631142163
0.0003026837773581463
1652310701176656e-28
860193139425658e-19
37936225478797523e-22
0.00012470942110474613
0.017803363307668626
0.0034864507952676485
0.00015497824611236593
0.00014113869594297669
3818611331688091e-24
0.0006047611748525223
0.022071321668537137
13347307244226683e-24
0.0018045592966535727
0.001849699983379642
44186566377843924e-21
0.10525363007321241
4583728616111345e-20
0.24440678209557468
0.004736419800513274
0.16481632354035008
0.003093437212198888
0.0006734086146372435
0.0005691565448506371
4737147701407299e-20
0.247105212466765
11919684418634116e-21
22530019958186348e-21
0.008273642717532795
0.006377993340667325
21999713232291116e-24
873719662387768e-19
0.0030518429797065337
0.12459256428174117
0.029885653869520096
0.00010010867856449002
0.023162134296398802
0
0
0.10719145692841424
0
0.24667283219591501
0.2412085498870843
0.2448866033818094
0.05053297923598526
0.029359009888499255
0.22891137028041825
0.24499886323659043
0.22850742836816515
0.24179409980249114
0.20052387957346254
0.0007951305806384652
0.01600703102296602
0.13324453006149783
0.22894604052873166
0.12818683151050222
0.00030698346172458504
0.02672342227540763
0.22392339346195975
0.10861911876376823
0.1518227066880855
