1.4874489301387472
7324631816967714e-42
5190011853807699e-27
0
2850768039242852e-21
1306879880455416e-26
2859520132307054e-21
0
28814730641719184e-22
0
0.0009641880017009788
0
5.52000317649074
0
3.9607097351534732
0
30.252214561814814
25.332713682539254
0.01885248691932463
0.07614004171782893
17131265493823755e-103
10.244809095513347
0.309538293364054
34928382083923873e-30
0
1564118136980906e-21
397929125384263e-22
0.0009167311732773412
0.0038021863129667024
0.005076029929158373
0.007975837276881392
6780508404997713e-22
6963886084130353e-26
0.00095737774346942
11114390088903882e-22
8610403720387709e-23
14256252950223969e-31
205062520468992e-20
24788272300610035e-22
1.8636019835994004
1.7391474029529799
0
0.8358740667352417
0
1.7594070276521057
4.013572257072314
4.340597129023599
0
5.281199788834858
0
4.419704161116983
1.4439729069572824
26.70905907056605
32.53677191086701
1.4495255986256244
25.382332693108758
26.936507360413625
1.4177817529166967
0.0009941277997403196
0.013609997223761836
0.3299649743619615
33.23883464459335
0.3708703582204354
0.3872614053310356
2.2216312324219394
1.1522077030377749
35.78801937482506
0
43.13790412786001
0
15.631570007238011
0.000461036856610158
0.00046382264506069867
0.010722988328501782
6.982649274391197
0.18340929033266726
0.10392112455144048
0
0.0005181600702125505
0.3040087156172059
0.056600959503122224
0.02604085255184891
0.01911336219506632
0.00010122806936902553
45820248167614664e-21
0.00132262861786576
1.9466182410162844
0.4460593637908994
0.002773381835296009
0.00033466378224187427
0.0008492822059705317
0.010736924473746396
0.009581417389912871
31951427533256103e-24
0.05770777409378335
0.5076868102105083
0.02142450996182476
37089343435404324e-28
5737411263584532e-22
12608020623977165e-21
0
0.7638270166676665
0.39001011096599864
0.0740592443192639
0
0.2916177367512173
0.007003206974260617
0.05890794019192907
0
0.00012002137012831681
0
0.18860115407418696
0.5552290281777045
0
0
0
0
5967182215790705e-22
0.4410039529179185
8258341183433655e-23
8461033109236189e-22
0.36650295917746883
0.2449466350100315
0.23416662130031105
0.538718211185314
0.000842971332360964
0.5871227162276539
0.0013261763809091598
0.6036556235457717
10340517972125772e-22
0.00010767377941873237
0.3745622058952895
0.0006071621581721406
70000042465296e-27
0.10715784136828288
0.02023005849389675
0.19042109357162848
0.01841516743489474
0.03112577284303555
0.04157222126873009
0.12099644157529332
0.2488492186345854
0.17240440844990496
0.21244942962511718
4386361435365296e-30
0.13271554265881433
0.13285183176940468
0.45072174838446627
0.5287327536490923
0.00020059660929000735
0.5288573460734008
0.6061838928668158
10.958400953562345
1.9861163624518765
2.8408097270672044
0.12075919139189803
0.44797865709223383
3.2305383527566143
3.6836252613231966
0.7613706737388505
5.345039846251793
6.506358905223504
3.845923402955525
2.176483293993573
2.7982654377291105
0.6703139625365231
28.37505676413782
619.0604292978171
5.631028591486438
3727.6273430264414
1.115222749672983
23.218284737718047
1.1675473920700656
45.00125817294367
1.305826371855972
1.7913263904873207
1.1152218046448075
0.8642635443353953
1.0497554124138222
69.73734705054628
0
0.0005921698968542565
6686948395369034e-24
0
0.00535776439818732
0.005014224949455174
0.004575406227678361
0.0030602680774064876
0.003894899646786337
0.007760291452204756
0.004478960552749998
0.007291813440442122
0.002934072105638363
0.004314130926739232
0.0052791866468186325
0.013091518071680122
0.004192045868978665
0.00615897389866247
0.004645108154884045
0.0060943880223037665
0.005645591893501248
0.011866887723060146
0.014942897011020704
0.006731827930548756
0.006459228239127397
0.0019803278725662953
0.0074205098076267646
0.01661147885050042
0.07057526324277019
0.03903669013416023
0.10818567237495758
9119542630250107e-20
0.009899948341685094
0.1969281392247115
5447364867877636e-21
0.07146610619904843
0.011143019153782694
0.002044002353078322
55568699354814484e-22
12044226754175644e-22
0.09750814288476155
0.08543302440959448
0.004055038208754498
0.030358649109972928
0.019478765830205934
0.005830843031258448
0.012046232759510013
0.00048277585041893483
0.2468068611419081
1569912999325644e-24
0.0647970501911246
0.0004029681213974172
0.009590736464485104
0.011192136761710107
0.000157050268799523
0.00017086152252535
0.24320107305684802
0.0005198706145840904
0.057188965447329834
0.2079530411535414
12609142063551687e-22
2586162850776618e-21
0.00014471662937286445
11840239608130883e-21
0.0005943212315474046
1532550205440966e-20
14120533834406643e-23
1004403612438027e-21
19076818492059334e-21
0.07411189346379811
0.07467623390021469
4343719963234573e-20
0.0002936808351431666
0.017386221835728317
0.008133653063534271
0.08636702197668551
0.010522571025442604
27828507221046497e-21
0.12505004737629288
0.03786763003947035
824051856955787e-21
0.2154455624971146
4571118749139253e-22
0.0034688970917944963
0.0010105542859381784
2299456595302606e-27
0.24377704818166004
0.24425360471147325
0.017686144225138985
0.21714423561841276
0.2259483310410529
0.008707828134919372
0.1740407692016128
20535640173514285e-26
57647763791095555e-22
0.0005095717273359224
9120288915594909e-20
0.12334972235147383
8473121642600043e-22
0.00012876198647316308
0.1533423530611583
0.0009381546444688436
0.011796718629922966
12228897874936478e-21
0.1293565221780395
0.09280985566339617
0.02264062835800427
27447564655564005e-21
0.00015343912318741958
12006678947811861e-23
0.013720413776481265
0.1452736841259604
8326801800860434e-24
10254990162109399e-21
9138812413346961e-21
964982185368885e-19
12087069894957431e-21
0.2423198857953381
0.14981505064825945
0.00453851675492114
0.0014696256947275838
0.041137064340053285
0.005457274942897485
6637234553524918e-20
0.028032804447022264
832338597812583e-19
0.0007430828095436813
0.07828699179301046
110009970922174e-20
0.2373716584023504
0.2259483310410529
0.0018267393482701841
0.0004888638702312145
7563075076446724e-24
0.0010187556987425023
1073943098724842e-23
0.010066158924259126
0.029135439653823585
0.0009035674516929788
0.00034114044548747723
0.0001504899353538778
26725962445894714e-22
0.006108271917684556
0.01520429519682592
0.022483115725510285
11069414963688025e-24
0.22708995841930102
0.06870065526509096
0
0
8177638194574253e-20
6712668077314591e-20
10336377380292432e-22
7552909892422326e-22
0.00017700070567416894
0.010212196474814382
0.005378643650412885
15204233570986918e-24
0.000182261615376372
7328707753821312e-21
0.050759551761705955
0.012943532246477428
0.09618768957998634
3845635194326626e-22
0.05798258785808031
0.007665043789718819
0.00012245820981380393
0.13744815794365636
0.00030268371456350986
1652310701176656e-28
8601930887270234e-20
37936225380201486e-22
0.00012470941044792142
0.01780314017526861
0.003486442424249676
0.00015497822965386302
0.0001411386822929938
38186113316780995e-25
0.0006047609240641871
0.022070976409167043
13347307244104639e-24
0.0018045570596887611
0.0018496976329420583
4418656504014674e-20
0.10524446135255691
45837284721598554e-21
0.24431094503022943
0.004736404322027085
0.1647900081838794
0.003093430625958355
0.0006734083036509392
0.0005691563227345714
47371475476579764e-21
0.24698538190345146
11919684321295316e-21
2253001961042087e-20
0.008273595233210303
0.006377965203926803
2199971323195954e-23
8737196100820215e-20
0.0030518365697918743
0.1245791249319818
0.029885012828053722
0.00010010867169765098
0.023161753404826416
0
0
0.1071819063973039
0
0.24656789289419598
0.24112066266204357
0.2447892523582748
0.05053108126204754
0.02935839177222728
0.22875868414079725
0.24490113803511987
0.22835441360152908
0.24170494823983796
0.20047921045128167
0.0007951301469882263
0.01600685115298549
0.13322882125672278
0.2288768595832572
0.1281724783044706
0.0003069833971328431
0.02672291234198709
0.22385973275996549
0.10860928066913483
0.1518012472888346
