1.4876339738243223
7104725760843743e-42
5124163636985733e-27
0
28469504720731154e-22
13051610253572419e-27
28556821151955596e-22
0
28775842592139647e-22
0
0.0009635046764987032
0
5.59646285111108
0
3.966104497929014
0
30.248781374927727
25.333174387921837
0.018946737888826448
0.076648411594188
16909162279012282e-103
10.244562486546688
0.30927468796840674
3447505339761377e-29
0
15558932664328787e-22
39564324631827736e-24
0.0009163631535350783
0.003802179255290951
0.005072509838175226
0.007972635838396436
6775873474716009e-22
6957948712657617e-26
0.0009567149359349525
1110667146010812e-21
8604575075014943e-23
14244796336761525e-31
20398642563663363e-22
24658144937493443e-22
1.8648786919618112
1.7418541464221162
0
0.8357849209880459
0
1.762417392540936
4.043757517784706
4.34059200101091
0
5.281069250136013
0
4.419716632505011
1.4457649121601879
26.66265065486891
32.47115665335472
1.4411177320907866
25.77618818207458
26.942127502470914
1.4177532822990608
0.0009872866314412647
0.013643315111961951
0.32787694227864184
33.24510285531425
0.3708806399999685
0.38408877707894257
2.2215969090461676
1.1515202038392378
35.50308420996504
0
42.66150883735639
0
15.637867696145683
0.00045445645703432233
0.0004571366380720129
0.010648554390888161
6.982662383651466
0.18337936636739663
0.10386093630084815
0
0.0005139729475553781
0.306719694607784
0.05657902971749185
0.026037529597631365
0.018962636899098512
0.00010138015173701122
4588085059021646e-20
0.001322280822520959
1.9460208900951408
0.44602774406966184
0.0027707159971579196
0.000334557873733025
0.0008422854100665513
0.010719810517051068
0.009559838615781123
31917843964903195e-24
0.05770919476883997
0.5083627342851968
0.02141885376044344
3701463444908438e-27
5731961648840559e-22
12606188899739191e-21
0
0.7637846435269736
0.390107886669416
0.07346379696184041
0
0.29155201656991386
0.0071007121845679125
0.05894296096501546
0
0.00012195870587080663
0
0.18859830347730264
0.5551775843818142
0
0
0
0
5962777513922769e-22
0.4410099548002506
8250947498676608e-23
843105331965419e-21
0.3664908927393978
0.24486981842038544
0.23417548432756194
0.5387099765126337
0.0008376728951007897
0.5869430328723146
0.001326157862475099
0.6036438813182681
10340491018409757e-22
0.0001069940046486343
0.3746256052055839
0.0006065759731971779
6966531568702927e-29
0.1080807618549047
0.020215211292000337
0.1904120930274914
0.018406469548669778
0.0311177530423731
0.0415418274101137
0.12093834036211623
0.2488439835216673
0.17236601267944468
0.2123642478721356
4364288887410297e-30
0.1326417380711889
0.13277729207783723
0.4507105255485655
0.5287247354597386
0.00020058011989564024
0.528839815884575
0.6060680745296977
10.954335615852067
1.9861112361595052
2.8407909203167883
0.1207612984436815
0.4478325701742705
3.2305232046042227
3.6835861062821373
0.7613823255166968
5.3433180515465155
6.50368494052116
3.844264412644806
2.1764695873406628
2.7971028376642004
0.670172806066538
28.374920612298506
619.0603640438624
5.631028542122532
3727.1390049910838
1.1152227472131346
23.218284640916895
1.1675455821707983
45.00120455124436
1.3058265231056831
1.7913263617919
1.115221802184419
0.8642391124052787
1.0497493305104826
69.73886949788064
0
0.0005920090017837341
6687748285182778e-24
0
0.005356439690982026
0.005010578459873605
0.004572145962421691
0.003057817663262704
0.0038922583526997175
0.00775651756056484
0.004475442737381332
0.007287340472056106
0.002931720791861381
0.004311040172079305
0.0052756387995741396
0.013083345213893859
0.004189052518962108
0.0061550350131858375
0.004641857558943765
0.0060905423924305134
0.005641876671806002
0.011859414517872344
0.01493268173508646
0.0067275487499124376
0.006454959918623439
0.0019803271447337875
0.007420499504030333
0.016611426478824628
0.07057422599064724
0.03903639018851273
0.10818303845282558
911954247633569e-19
0.009899929932637943
0.19691668645172547
54473648623866455e-22
0.07146504079277463
0.01114299578692988
0.002044001577614734
5556869929767473e-21
12044226751491333e-22
0.09750605269428798
0.08543145958657783
0.004055035147499765
0.030358470296537363
0.019478693493166506
0.00583083668472599
0.012046205413035832
0.0004827758072593341
0.24677810022022217
1569912999325188e-24
0.06479618526039962
0.00040296809133138594
0.009590719195625987
0.011192113186622884
0.00015705026423439342
0.0001708615171218742
0.2431649301797142
0.0005198705645344594
0.05718830100652407
0.20793957383659206
1260914206060966e-21
2586162849538997e-21
0.0001447166254966781
11840239582188918e-21
0.0005943211661288411
15325502010947267e-21
14120533834037686e-23
10044036122513497e-22
19076818424715397e-21
0.07411074189032406
0.07467506344935189
43437199283184536e-21
0.00029368081917646277
0.017386164395310006
0.008133640670882696
0.0863654197242249
0.010522550208160912
27828507077737962e-21
0.12504638591964434
0.037867348344928796
8240518568301308e-22
0.21543049095620612
4571118748752602e-22
0.003468894853539869
0.0010105540966831974
22994565953026053e-28
0.2437515886490094
0.244218163422398
0.01768608475787474
0.21712876691441513
0.22590652459725608
0.008707813918405954
0.17403259234473206
20535640173513507e-26
57647763729600124e-22
0.0005095716792504015
9120288761655298e-20
0.12334617459623327
8473121641271541e-22
0.00012876198340461595
0.1533364123196294
0.0009381544813778476
0.011796692414663945
12228897847263444e-21
0.1293525619178907
0.09280798073995666
0.022640530139132982
27447564516152174e-21
0.00015343911882983704
12006678947545104e-23
0.013720378208598127
0.14526847405034063
8326801800847604e-24
10254990142649017e-21
9138812397892293e-21
9649821681353171e-20
1208706986792257e-20
0.24229543221558625
0.14980943802549263
0.004538512917373253
0.001469625294193821
0.04113673006264679
0.005457269386669752
6637234471999793e-20
0.02803265255979291
8323385849913996e-20
0.0007430827072546126
0.07828569635280036
11000997089977962e-22
0.23733284188545026
0.22590652459725608
0.0018267387290991372
0.0004888638259758253
756307507643614e-23
0.001018755506400808
10739430987227077e-24
0.010066139887032432
0.029135275288356736
0.0009035673004135512
0.00034114042394174963
0.00015048993116221433
26725962432677417e-22
0.006108264949927786
0.015204251418611354
0.022483018892854287
11069414963665352e-24
0.22704837987896406
0.06869967586173331
0
0
8177638070813515e-20
6712667993925743e-20
1033637737831541e-21
7552909891366715e-22
0.00017700069987536225
0.010212176876815977
0.0053786382537873096
1520423357094414e-23
0.00018226160922768392
7328707743882515e-21
0.05075903427623244
0.012943500630503979
0.09618566132493984
38456351940529664e-23
0.05798190386966795
0.00766503279175651
0.0001224582070383808
0.13744359220413857
0.0003026836976026453
1652310701176656e-28
860193075033294e-19
37936225353570643e-22
0.00012470940756950717
0.017803079907560884
0.0034864401632364356
0.0001549782252084124
0.0001411386786061259
38186113316754e-22
0.0006047608563261338
0.022070883155342343
13347307244071676e-24
0.0018045564554837765
0.0018496969980880504
4418656467883398e-20
0.10524198501292403
4583728433278477e-20
0.24428506583125786
0.0047364001412878885
0.16478290111193972
0.003093428847013468
0.0006734082196533872
0.0005691562627409114
4737147506130198e-20
0.24695302556923085
11919684295004052e-21
2253001951648922e-20
0.008273582407714693
0.006377957604198568
21999713231869985e-24
8737195959542103e-20
0.0030518348384726093
0.12457549520467417
0.02988483968474971
0.00010010866984291395
0.023161650526871715
0
0
0.1071793269394118
0
0.24653955638778266
0.24109692976613187
0.24476296443060003
0.05053056863044136
0.029358224820904895
0.22871746099987794
0.2448747490898419
0.22831310180458686
0.24168087399112786
0.2004671470030128
0.0007951300298590921
0.01600680257034873
0.13322457861734505
0.22885817735672415
0.1281686017710817
0.0003069833796865794
0.0267227746103509
0.22384254107296822
0.10860662354705887
0.15179545161325395
