1.4887539686067868
5908111559528732e-42
4743070310372762e-27
0
28240345451504757e-22
12948426110169458e-27
283264331072977e-20
0
28542389014987653e-22
0
0.0009594122225650015
0
6.034564161695533
0
4.005836413632678
0
30.228606396324366
25.335941355333123
0.01944941273750987
0.0795610250790006
15629442674433422e-103
10.24284245740847
0.30776195151318747
318544829039616e-28
0
1507026412196743e-21
3820931255624531e-23
0.0009141586131745544
0.003802136538645379
0.005051423110415911
0.007953458348761232
6748128170031212e-22
6922639026207698e-26
0.0009527445150797352
11060462091763185e-22
856999819582689e-22
14176202997948361e-31
1975928345295291e-21
23885012261861644e-22
1.8719641962580058
1.7575653530694633
0
0.8352899000593924
0
1.781221403256735
4.202338564558033
4.340519718996696
0
5.280279247763481
0
4.419781394331181
1.4560966745907866
26.377963638195048
32.06944298124766
1.3911563255559756
28.05805774145403
26.955624531175214
1.417573199144126
0.0009495539040491486
0.01382423924124445
0.31640098109345055
33.28127607553113
0.3708896200074744
0.3664327653238193
2.221382982352258
1.1473731770438578
33.915523670184385
0
39.979482665705376
0
15.672748828551414
0.00041888851409039907
0.0004210552328905432
0.01023969961433153
6.982734409706352
0.18320570452646268
0.1035186906562273
0
0.0004906895689030582
0.3226394678138483
0.05645069199872399
0.02601786779015217
0.018123966824501618
0.00010235530883056643
4627226427217715e-20
0.0013201902705632458
1.94252274538149
0.4458374215339428
0.002754877182314824
0.00033398351170355024
0.0008034969368267122
0.010615925294307053
0.009425273488811297
3171625024519445e-23
0.057719784693103196
0.5133372482584468
0.021386000169305298
3657062258183387e-27
5699248522125739e-22
12597458793038806e-21
0
0.7635320573358424
0.39067511616461464
0.0701533171420131
0
0.2911558429969627
0.007677363546803839
0.059139263146429734
0
0.00013322996069354382
0
0.1885810204907038
0.5548663014173355
0
0
0
0
5936917849844075e-22
0.44104459884719055
8206570885941552e-23
8252034758959988e-22
0.3664178517912668
0.24441328676138183
0.2342282183077763
0.5386593618379459
0.0008085776992179769
0.5858692339078608
0.0013260399060217181
0.6035704854110255
10340327885321456e-22
0.00010326062003971481
0.3750093936994471
0.0006030911066819015
676751560724639e-28
0.11334684643993063
0.02012577146391811
0.19035761213735833
0.01835551604057005
0.031070931828247206
0.04135825273976808
0.12058729955406686
0.2488122836871259
0.1721430761053673
0.21186379448259235
42333505515242614e-31
0.13220690500193935
0.13233655456487733
0.4506425572554614
0.5286761927833754
0.0002004844638113405
0.5287434489180384
0.6053967909741134
10.930534882254053
1.9860749966790812
2.8406588619387776
0.12077337487053587
0.44697703540025413
3.2304172186603597
3.6833117669705495
0.7614498337057136
5.333285668125545
6.488098579864174
3.834480070336375
2.1763821754647235
2.7903681924312025
0.6693536421186104
28.37616157313302
619.0599690881442
5.631028243342732
3724.1846569864515
1.1152227323246646
23.218284055018586
1.167534627640524
45.000880002093076
1.3058274381323949
1.7913261881083349
1.11522178729268
0.8640912465772962
1.049712519958613
69.74714258766691
0
0.0005910576633260784
6692585119007048e-24
0
0.005348231182576751
0.004989073503753868
0.004552927064938268
0.0030433277713378315
0.003876718798355696
0.007734261852827612
0.004454658295076785
0.0072610547707187886
0.002917824678118813
0.004292818702142547
0.00525474800075066
0.013035319284705797
0.0041714062677193735
0.006131863616979381
0.004622698577137759
0.006067922616546646
0.005620021562375513
0.01181546762619708
0.014872507666241215
0.0067023757701248155
0.006429842797892274
0.001980322739462934
0.007420437140822938
0.016611109497721772
0.07056794824733431
0.03903457478769492
0.1081670977532886
9119541544753867e-20
0.009899818510832343
0.19684738165137694
5447364829151897e-21
0.07145859265736726
0.011142854357841774
0.0020439968840527383
5556869895183084e-21
12044226735244284e-22
0.09749340257079078
0.08542198895582413
0.004055016619009099
0.030357388033423808
0.019478255671980995
0.005830798271872637
0.012046039897184118
0.00048277554603176365
0.2466040934827746
15699129993224282e-25
0.06479095043004311
0.0004029679093538751
0.00959061467485163
0.011191970497189934
0.00015705023660350854
0.00017086148441681852
0.2429462865369139
0.0005198702616043355
0.05718427957912146
0.2078580802125309
12609142042802768e-22
25861628420481746e-22
0.00014471660203568804
1184023942517267e-20
0.0005943207701768206
1532550174788697e-20
1412053383180454e-22
10044036111214668e-22
19076818017109733e-21
0.0741037722625242
0.07466797957397468
4343719716985275e-20
0.00029368072253646403
0.017385816735679658
0.008133565663564893
0.08635572257082388
0.010522424210431475
27828506210349193e-21
0.12502422688761478
0.03786564340622821
8240518560695841e-22
0.21533929149917322
45711187464123567e-23
0.0034688813063183475
0.0010105529511999002
22994565953026005e-28
0.24359754910861378
0.2440037613284296
0.017685724830780836
0.21703516460542602
0.22565365210275298
0.008707727872080533
0.17398310932732466
20535640173508787e-26
5764776335739305e-21
0.0005095713882082375
9120287829920992e-20
0.1233247036426751
8473121633230658e-22
0.00012876196483193968
0.1533004603195644
0.000938153494254445
0.011796533745519667
1222889767976973e-20
0.12932859464837468
0.09279663339310472
0.022639935669020495
274475636723486e-19
0.00015343909245515037
12006678945930517e-23
0.013720162932517455
0.14523694355217134
8326801800769952e-24
10254990024863173e-21
9138812304351414e-21
964982063827488e-19
12087069704291467e-21
0.24214747722211794
0.14977547157156143
0.004538489690313208
0.0014696228699268594
0.041134706874326556
0.0054572357571854
6637233978561114e-20
0.02803173326522911
8323385073899532e-20
0.0007430820881404428
0.0782778560332899
11000997076423546e-22
0.23709803660670167
0.22565365210275298
0.0018267349815110424
0.0004888635581158921
7563075076372073e-24
0.0010187543422348975
10739430987097893e-24
0.010066024663147268
0.02913428047028114
0.0009035663847807428
0.00034114029353418045
0.00015048990579176848
26725962352678437e-22
0.0061082227770764795
0.015203986449428993
0.02248243281275079
11069414963528114e-24
0.2267968841774549
0.0686937482262967
0
0
8177637321739745e-20
6712667489206699e-20
10336377366349298e-22
7552909884977534e-22
0.00017700066477752878
0.010212058258840159
0.005378605590305262
15204233570685235e-24
0.0001822615720121596
7328707683726982e-21
0.05075590225801241
0.012943309273418765
0.09617338602812832
38456351923966146e-23
0.05797776413593524
0.007664966225864015
0.0001224581902398657
0.13741596086147878
0.0003026835949453942
1652310701176656e-28
860192992150679e-19
37936225192384898e-22
0.0001247093901476284
0.017802715135792308
0.0034864264782666758
0.00015497819830189566
0.00014113865629100398
3818611331659066e-24
0.0006047604463351847
0.022070318735969364
13347307243872158e-24
0.001804552798479056
0.0018496931555774892
4418656249195367e-20
0.10522699797163179
4583728197945189e-20
0.2441284879776469
0.0047363748370388
0.16473989141400663
0.0030934180797995247
0.0006734077112503131
0.0005691558996236234
4737147254779317e-20
0.24675727618146953
11919684135873632e-21
2253001894795883e-20
0.008273504780587885
0.006377911606302555
2199971323132794e-23
8737195104442733e-20
0.0030518243595164733
0.12455352818656247
0.029883791739586166
0.00010010865861693964
0.02316102785786554
0
0
0.10716371584622619
0
0.24636811643704243
0.240953333969918
0.2446039144513363
0.05052746598911946
0.02935721435216144
0.22846811245880147
0.24471508812788587
0.2280632176284831
0.2415352134443091
0.20039414730840557
0.0007951293209240611
0.016006508522393686
0.13319890251610966
0.22874513391881468
0.12814514118051717
0.0003069832740914043
0.026721940991468747
0.22373851490178223
0.10859054244640298
0.15176037744936166
