1.488825382504326
58390618247951846e-43
4719755385255003e-27
0
2822584357942682e-21
12941896073460926e-27
28311853562419024e-22
0
2852761485992866e-21
0
0.00095915373761028
0
6.060983339987828
0
4.008757655747886
0
30.227357896196626
25.33611655225771
0.019477750113017528
0.07973751728220162
15551467324325494e-103
10.242719379847374
0.3076702417168606
3169433205818464e-29
0
15039630986055348e-22
381245492230073e-22
0.000914019367194924
0.003802133814952355
0.005050091156892067
0.007952247036672026
6746376685890839e-22
6920417180356245e-26
0.0009524937247783697
1105754475519924e-21
8567825856636624e-23
1417187219854692e-30
19719203159857276e-22
23836546872809136e-22
1.8723935802236242
1.7585285567249362
0
0.8352608597753873
0
1.7824517010450969
4.2110826144222475
4.3405129765836215
0
5.280228871186339
0
4.419784723601126
1.4568263147339198
26.359592338436208
32.043566674030316
1.388025321370232
28.19704731860318
26.957675574759598
1.4175612187596496
0.0009474195302662762
0.01383580004693547
0.31575629226186047
33.28347948065381
0.3708872860512125
0.36539197119200323
2.221368907456623
1.147109682294469
33.82184337634698
0
39.82023308425414
0
15.674801264626682
0.0004168787614181691
0.0004190037637398924
0.010216660989099777
6.982738456143188
0.1831950251414128
0.10349805790787908
0
0.0004893184388986546
0.32362664985894823
0.05644279904929679
0.026016642904459333
0.018074543247779285
0.00010242044238111224
46298549739961326e-21
0.0013200578091209164
1.9423075501517626
0.4458253529271969
0.0027538857150210417
0.0003339504652507653
0.0008012186538443224
0.010609292042619945
0.009416495611048653
3170349561786364e-23
0.05772060806591488
0.5137027810386203
0.021383999008159675
3654280815657908e-27
5697178741816186e-22
1259702822873019e-20
0
0.7635161749085417
0.3907097392284665
0.06995836784691643
0
0.291130681806459
0.007713353183015215
0.05915092300147901
0
0.00013391909388787434
0
0.188579916901167
0.5548464580794723
0
0
0
0
593531289961014e-21
0.44104671380326377
8203763679906428e-23
8240760553061693e-22
0.36641319404710093
0.24438473822223833
0.23423152846947878
0.5386560698702989
0.0008069453064492466
0.5858015546565348
0.0013260320468502708
0.6035656716520028
1034031748382362e-21
0.00010305109274451716
0.3750338668630191
0.0006028728250948742
6755032711700707e-29
0.11366501777486611
0.020120092618640124
0.1903541380448422
0.018352380585765996
0.03106806406325639
0.041346570051013685
0.12056495287189034
0.2488102616071406
0.17212949648444048
0.21183289166037322
42251563238112395e-31
0.13217995885389544
0.1323091631969049
0.4506382210542963
0.528673096882939
0.00020047857892055383
0.5287377851479944
0.6053559893345344
10.92907102303713
1.9860723917699394
2.8406494136570033
0.12077410707979241
0.44692440136556033
3.2304096536014866
3.6832921684340993
0.7614539697129664
5.332671394035037
6.487143831529834
3.8338731390944334
2.1763763433697467
2.7899581683752213
0.6693037705863192
28.37635076308501
619.0599439047076
5.6310282242917244
3723.9963592040517
1.1152227313753356
23.218284017660125
1.1675339291535214
45.00085930804048
1.3058274964526406
1.7913261770336983
1.1152217863431424
0.8640818188802938
1.0497101728622065
69.74761699651411
0
0.0005909986113780667
6692893267104578e-24
0
0.005347697110353807
0.004987739137447779
0.0045517351215559635
0.00304242604715029
0.0038757569170125923
0.007732881081732609
0.004453366000709297
0.007259430307078374
0.0029169603793820697
0.004291688489657881
0.005253453976915961
0.01303235119620692
0.004170311803359952
0.006130429844912554
0.0046215105473788355
0.006066523197022473
0.005618669186729268
0.011812749423542485
0.014868778867093119
0.006700818166089494
0.006428288080345349
0.001980322458571278
0.007420433164393882
0.016611089286354182
0.07056754798037478
0.03903445903569038
0.10816608141082072
9119541485353694e-20
0.00989981140631909
0.19684296341711827
5447364827032759e-21
0.07145818152653977
0.01114284534000135
0.0020439965847788926
555686989297789e-20
1204422673420833e-21
0.09749259602035275
0.08542138511839104
0.004055015437585276
0.03035731902670806
0.019478227755651407
0.005830795822573762
0.012046029343522727
0.00048277552937519175
0.24659300250441488
15699129993222522e-25
0.06479061665743972
0.00040296789775049943
0.0095906080103629
0.011191961398987331
0.0001570502348416887
0.00017086148233145588
0.2429323518959335
0.0005198702422886972
0.057184023171620635
0.20785288504186514
12609142041667354e-22
258616284157054e-20
0.00014471660053975196
11840239415160887e-21
0.0005943207449298575
1532550173111353e-20
14120533831662148e-23
10044036110494224e-22
19076817991119696e-21
0.07410332788242857
0.07466752790970567
43437197035101e-18
0.00029368071637443736
0.01738579456819678
0.00813356088091883
0.08635510429101395
0.010522416176526519
2782850615504214e-20
0.1250228141009591
0.03786553469732725
8240518560210897e-22
0.21533347768457983
45711187462631365e-23
0.0034688804425126447
0.00101055287816083
22994565953026005e-28
0.24358773043280924
0.24399009685613085
0.01768570188110394
0.2170291976376189
0.2256375378713592
0.008707722385562857
0.17397995463345714
20535640173508484e-26
5764776333366013e-21
0.0005095713696506073
9120287770511094e-20
0.12332333472334531
847312163271795e-21
0.0001287619636476957
0.15329816820867
0.0009381534313128215
0.011796523628418118
12228897669089878e-21
0.12932706658104068
0.09279590990262307
0.022639897764527118
27447563618545403e-21
0.00015343909077342914
12006678945827565e-23
0.013720149206046663
0.14523493331441448
8326801800765e-21
10254990017352829e-21
9138812298386994e-21
9649820571765391e-20
12087069693857905e-21
0.24213804627606558
0.1497733060397608
0.004538488209297049
0.0014696227153491747
0.04113457787374008
0.005457233612885519
663723394709813e-19
0.02803167464954294
8323385024418752e-20
0.0007430820486640658
0.07827735613993604
1100099707555928e-21
0.23708307266770776
0.2256375378713592
0.001826734742554947
0.0004888635410364231
7563075076367988e-24
0.0010187542680045744
10739430987089656e-24
0.010066017316205336
0.029134217039141107
0.000903566326397549
0.0003411402852190427
0.00015048990417408035
2672596234757748e-21
0.006108220088031254
0.015203969554433644
0.022482395443215855
11069414963519364e-24
0.22678085758201777
0.0686933702815698
0
0
8177637273976777e-20
6712667457024448e-20
10336377365586305e-22
7552909884570143e-22
0.0001770006625395962
0.01021205069548382
0.005378603507600001
15204233570668728e-24
0.00018226156963919735
7328707679891303e-21
0.05075570255861112
0.012943297072069228
0.09617260337512364
38456351922910013e-23
0.05797750018533622
0.007664961981462216
0.000122458189168747
0.1374141992007158
0.0003026835883996913
1652310701176656e-28
8601929868658595e-20
37936225182107254e-22
0.00012470938903676236
0.017802691877210907
0.0034864256056778005
0.00015497819658626352
0.00014113865486813155
3818611331658025e-24
0.000604760420193062
0.022070282747552593
13347307243859434e-24
0.0018045525652987922
0.0018496929105688903
4418656235251227e-20
0.10522604242971488
4583728182939702e-20
0.24411850755440428
0.004736373223576001
0.16473714938004913
0.0030934173932541035
0.0006734076788331706
0.0005691558764702906
47371472387525057e-21
0.2467447999344046
11919684125727047e-21
22530018911707794e-21
0.008273499830896957
0.006377908673363506
21999713231293377e-24
8737195049919288e-20
0.0030518236913510987
0.12455212764143034
0.029883724921013533
0.00010010865790114118
0.023160988155372753
0
0
0.10716272051780618
0
0.2463571890059621
0.2409441808144868
0.24459377650017186
0.0505272681627754
0.029357149923119986
0.22845222254358946
0.2447049112441883
0.22804729361581325
0.2415259287116146
0.20038949355200547
0.000795129275720467
0.016006489773283707
0.13319726550626132
0.22873792785733657
0.12814364541543616
0.0003069832673583715
0.02672188783855536
0.22373188355144444
0.1085895171526732
0.1517581413006476
