1.4902227842259053
46395835419428356e-43
4285918100791604e-27
0
27944681837973244e-22
12815289248160168e-27
28029194427008557e-22
0
28241184476851877e-22
0
0.000954154623521098
0
6.539816823339947
0
4.074152607450322
0
30.203952039721177
25.339515940633962
0.01995370507942299
0.08298058041897707
1410718525402522e-102
10.240044345124671
0.3059868381721236
28718117816196306e-30
0
1445258655479153e-21
3650427417827671e-23
0.0009113258380132886
0.00380208051955591
0.005024324358215011
0.007928815828497639
6712517971886885e-22
6877391188230893e-26
0.0009476422342625711
1100114212755479e-21
8525775216263465e-23
14088136143101301e-31
18951094388214267e-22
2290776622080529e-21
1.8807362221363717
1.776509669958927
0
0.8347504852880453
0
1.8071513038878675
4.351713025646281
4.340339200328356
0
5.279242759025294
0
4.4198386733626505
1.4704247475106598
25.99500562797948
31.531212229178085
1.3280970852370129
30.743979470616576
26.97939715750397
1.417317233066631
0.0009094933170355518
0.014040187642379763
0.30435639902294087
33.32414815086042
0.37078052061135575
0.34686533338723297
2.221087645636323
1.1419802380441628
32.15260486608916
0
36.97977557565208
0
15.711467590088203
0.00038200885553356053
0.00038366640576316223
0.009809317744553224
6.982809993094315
0.18299468735134258
0.10311974480626168
0
0.0004649536607825221
0.3422839740845465
0.05629641115524939
0.025993448234438606
0.01719537910411743
0.00010375565251125827
4684005983777684e-20
0.0013174857660477246
1.9383179386570848
0.44559102638230086
0.0027349694620571216
0.0003333795430815962
0.000760836552948906
0.010479654442326885
0.009241316096985652
3145639526625362e-23
0.057741316775594416
0.5218805129595813
0.02134751337051855
36011117962949526e-28
5657084389050595e-22
12591261012416689e-21
0
0.7632106378340596
0.39134662521658536
0.06649297953464678
0
0.2906410129375363
0.008398996331274755
0.05936074092458244
0
0.00014660026445471866
0
0.18855828972677335
0.5544582853119447
0
0
0
0
5904841943177116e-22
0.4410860251512431
8149394300360101e-23
8023479628528873e-22
0.36632204157303105
0.24384187835855628
0.23429506927002383
0.538590902382477
0.0007781149587808027
0.58449578179413
0.0013258702796832473
0.6034683157116877
10340113954400329e-22
9934969690836706e-20
0.37551272517232703
0.0005987034268789982
651567396601823e-28
0.11950640194415006
0.020009526003251496
0.1902861524736602
0.01829422872714933
0.031015342220493045
0.04111851089773499
0.12012857348822126
0.24877067425897564
0.1718817487335505
0.2112564300418977
4068510050635227e-30
0.13167420023586499
0.13179368359222443
0.45055331652108244
0.5286125007828263
0.00020036760886548563
0.5286362876982501
0.604614349791187
10.901935381500014
1.9860147953252967
2.8404414306112904
0.1207876008800884
0.4459484170153848
3.230243449901107
3.682861346922996
0.7615311867174297
5.32134863851123
6.469533048302525
3.82246652168349
2.1762561138535474
2.782455677524127
0.6683945492949566
28.382282884545106
619.0594511243919
5.6310278515083985
3720.313730447636
1.1152227127992016
23.21828328664307
1.1675202614926252
45.00045437610206
1.3058286370757335
1.791325960326699
1.1152217677629301
0.8638973562266589
1.0496642467756099
69.75570157788057
0
0.0005898915365081561
6698916969178458e-24
0
0.005337009820499639
0.004962634223573009
0.004529326458640597
0.0030253854571893972
0.003857721082152306
0.007706913200158435
0.0044289764972163265
0.0072290604447586004
0.0029006389356091753
0.004270436530401141
0.00522917286279882
0.012976852562156655
0.004149734103554361
0.006103570620571249
0.004599181122249937
0.006040314249874735
0.0055933322018525125
0.011761860025824867
0.014798772738451713
0.00667163977426279
0.006399146661664015
0.0019803169621913767
0.007420355355474639
0.016610693802457603
0.07055971615586364
0.03903219411074725
0.10814619590481249
9119540323032314e-20
0.009899672388759127
0.19675652893481774
5447364785566227e-21
0.07145013714085621
0.011142668883579131
0.002043990728703641
5556869849827438e-21
12044226713937107e-22
0.09747681507117446
0.08540957030138809
0.004054992319973784
0.03035596875942768
0.019477681506904133
0.005830747895772426
0.012045822835094668
0.00048277520344543943
0.2463760785372643
1569912999318808e-24
0.06478408585996172
0.00040296767069984306
0.009590477602952131
0.011191783370086337
0.0001570502003670299
0.00017086144152582782
0.2426598445780091
0.0005198698643273079
0.057179006112281265
0.20775125391705335
12609142019449957e-22
25861628322243474e-22
0.00014471657126781056
11840239219253917e-21
0.000594320250906487
15325501402896893e-21
1412053382887587e-22
10044036096396839e-22
1907681748255586e-20
0.07409463294715365
0.07465869045385629
4343719439832684e-20
0.00029368059579811873
0.017385360808471768
0.008133467296369377
0.08634300690256307
0.010522258973168965
2782850507281344e-20
0.12499517240701663
0.037863407583058374
8240518550721672e-22
0.21521974661105012
45711187433432456e-23
0.003468863539913478
0.0010105514489593714
2299456595302594e-27
0.24339568169958212
0.24372286926016348
0.017685252815989927
0.21691247114225903
0.2253224517896742
0.008707615028033975
0.1739182362163966
2053564017350259e-25
57647762869262585e-22
0.0005095710065216431
9120286607999459e-20
0.12329655125479282
847312162268546e-21
0.00012876194047483294
0.15325332389448582
0.0009381521996943889
0.011796325662323007
12228897460110326e-21
0.12929716953637252
0.0927817540334877
0.02263915607566598
27447562565743613e-21
0.00015343905786611067
12006678943813064e-23
0.013719880614116676
0.1451956032962172
8326801800668111e-24
10254989870393087e-21
9138812181677367e-21
9649819270331463e-20
12087069489697677e-21
0.2419535787770783
0.14973093798451015
0.004538459229397384
0.001469619690631344
0.041132053717598455
0.005457191654158436
6637233331441693e-20
0.028030527703329033
8323384056196538e-20
0.0007430812762047971
0.07826757504714411
11000997058647624e-22
0.23679045360810372
0.2253224517896742
0.001826730066753436
0.0004888632068315733
7563075076288056e-24
0.0010187528154931293
10739430986928483e-24
0.010065873554940397
0.02913297586896629
0.0009035651839767596
0.0003411401225114287
0.00015048987251973863
2672596224776389e-21
0.006108167469989879
0.015203638962957644
0.02248166422196006
11069414963348141e-24
0.2264674826657775
0.06868597521213829
0
0
8177636339368081e-20
6712666827293659e-20
10336377350656344e-22
7552909876598454e-22
0.00017700061874853385
0.010211902699546973
0.005378562754127242
15204233570345694e-24
0.0001822615232059229
7328707604836102e-21
0.05075179506993219
0.012943058322720078
0.09615728998138291
38456351902243965e-23
0.05797233553579338
0.00766487892899191
0.00012245816820947964
0.1373797321943993
0.0003026834603157361
1652310701176656e-28
8601928834544e-17
3793622498099804e-21
0.0001247093672997331
0.017802236767685397
0.0034864085312132976
0.00015497816301538836
0.00014113862702587332
3818611331637647e-24
0.0006047599086535389
0.022069578550834953
13347307243610488e-24
0.0018045480025164712
0.0018496881163343895
4418655962397265e-20
0.1052073464716729
45837278893176885e-21
0.24392329627050416
0.004736341652020989
0.16468350341903967
0.003093403959208391
0.0006734070445063815
0.0005691554234143058
47371469251455704e-21
0.2465007960718636
1191968392718227e-20
22530018202360452e-21
0.00827340297770298
0.006377851282927814
21999713230617058e-24
8737193983023969e-20
0.0030518106169583775
0.12452472544176586
0.029882417469037612
0.00010010864389465297
0.023160211284824324
0
0
0.10714324614582206
0
0.24614346242976598
0.24076514507973765
0.2443954852127175
0.050523397323162605
0.029355889227029013
0.22814151663194746
0.24450585875051076
0.22773592184825847
0.24134432017180416
0.20029845224831921
0.0007951283911931463
0.01600612290179416
0.1331652371285734
0.22859696788416228
0.12811438032993402
0.000306983135608812
0.0267208477825454
0.22360216319262946
0.1085694565179293
0.15171439176848592
