1.5173325864823866
5460235154926779e-44
6604603883173645e-28
0
2321128837776553e-21
10684256475952128e-27
2327762151398209e-21
0
234425784007006e-20
0
0.0008743556459413744
0
8.982637881436712
0
5.95286672616005
0
30.21915725012926
25.399060812529708
0.020403728866119335
0.09596095822473336
23255496253093163e-104
10.16013792689137
0.2934292289743075
4262592676874717e-30
0
6675532366241458e-22
15858844097549658e-24
0.0008682486860714438
0.0038010468825696265
0.004611738565666372
0.007554090708529466
6174486894890233e-22
6069614955919219e-26
0.0008699804186792486
10103145340755766e-22
7708349899385734e-23
12756114227847859e-31
8767483338907644e-22
10597584284373216e-22
2.122027921277564
2.0505163501856627
0
0.8411988946514847
0
2.21208946443921
3.631366422827628
4.332196489668605
0
5.260251862613764
0
4.419384035106621
1.6002474174888175
18.58313843852904
21.580427040698233
0.6003588101686154
44.58935127836521
27.431658034532415
1.410274270229629
0.0006879430133646579
0.015795319427066686
0.2466282667029725
33.623196066524905
0.36644095448201397
0.2565277797631583
2.215339773817545
1.0555315586841045
24.02221486351029
0
24.124793962686475
0
15.968551013079196
0.00023553676815774374
0.00023558004795754168
0.0076634294038432395
6.983172927054871
0.1806073261519953
0.09963093728693476
0
0.0003553886191505734
0.5108072521798654
0.05535556023394532
0.02573058878402236
0.013168407299053183
0.00012941988254961388
57105173693491755e-21
0.0012740408706624071
1.9134015256715426
0.4419745658793712
0.002488535021086396
0.0003326146544220435
0.000583244881996353
0.00844105588483688
0.0064153871120615
27541293529397642e-24
0.059151535880962475
0.7538926327248522
0.02125677305274931
2899232193720328e-27
5026183091861641e-22
12820033281353026e-21
0
0.7585620373679244
0.3932975312533528
0.05051551194431109
0
0.28242402354061397
0.015803905464135046
0.06064694914387031
0
0.00021724396507769535
0
0.18813630126070804
0.5469609714764341
0
0
0
0
5446046675570579e-22
0.4416387318410164
7298103413699093e-23
4844790276002379e-22
0.3645487032448207
0.23708747570089705
0.23516316516138205
0.5372406239216394
0.0006388188799214351
0.5646746033545975
0.0013203124598080334
0.6006189698319578
10336152349695289e-22
8129727651424662e-20
0.38465282832301606
0.0005432429973835999
3269373451871809e-29
0.16398735647741666
0.018015124508803097
0.18896539713252405
0.0179219359627757
0.03082247944059256
0.036898241735274985
0.11194918712227062
0.2479937484849821
0.17136483963890578
0.20671957612679007
20152244166155706e-31
0.12686672640846894
0.12690435193852587
0.44889108201182737
0.527430595100443
0.00019877747132071954
0.5273678350964981
0.6038245641257362
10.730953579401806
1.9838892211880526
2.8329864875225095
0.12096498462171845
0.4397862481557899
3.224257444811186
3.6675191221989367
0.7626532019289812
5.260446971867282
6.371736490218061
3.7093529994990564
2.1728539596139775
2.7497021843229423
0.6666473581487077
28.55412308831802
619.0498911902388
5.631020619461032
3649.586464593622
1.1152223524194853
23.218269104807447
1.1672551384873686
44.992599356962394
1.3058505416645265
1.7913217553315546
1.1152214073040858
0.860324499662344
1.0487736714502438
69.66480804694575
0
0.0005811464394680975
6814555994033966e-24
0
0.005101083247605036
0.004700492084611881
0.004299308987549353
0.0028300102408652817
0.003684223031487206
0.007439974015470635
0.004156553237257233
0.006958452775720797
0.0027158790776009947
0.004051354058208494
0.004991030607483002
0.012478860365547514
0.003937998485914533
0.005850702445034209
0.004371356262198724
0.0057952698996155605
0.00536573284584178
0.011290386691743143
0.014104823944140739
0.006397218110313265
0.006120722025969736
0.0019802103346184836
0.00741884601225146
0.01660302321871855
0.07040794947310287
0.038988280224739616
0.1077611367212657
9119517773853115e-20
0.009896975813581347
0.19508717726320873
5447363981109366e-21
0.07129425393434362
0.011139246155512731
0.002043877123288474
5556869012702336e-21
12044226320672392e-22
0.09717116727589026
0.08518068417860594
0.004054543860934384
0.030329785253731933
0.019467087230419053
0.005829818186613188
0.012041817241203083
0.0004827688804030724
0.24220527912983814
15699129992519942e-25
0.0646575175975875
0.00040296326590848815
0.009587948030549647
0.011188330143124668
0.00015704953155499304
0.00017086064989247263
0.23743323715176695
0.0005198625318742447
0.057081761467203174
0.20578939892651552
12609141588429178e-22
2586162650906842e-21
0.00014471600338894448
11840235418629998e-21
0.0005943106668605219
1532549503544661e-20
14120533774821727e-23
10044035822905524e-22
19076807616344082e-21
0.07392615164275541
0.07448744932067053
43437143244545685e-21
0.0002936782566093111
0.01737694794612018
0.008131651955184348
0.0861086508246919
0.010519209669241015
27828484077423205e-21
0.12446012711495133
0.037822164885538016
8240518366629218e-22
0.21302519490063845
45711186866969225e-23
0.003468535643260557
0.0010105237226374335
22994565953024547e-28
0.2396997255316809
0.2385961427900714
0.017676543141649865
0.2146603418774892
0.21929606089295758
0.008705532537828124
0.17272521279085637
20535640173388212e-26
5764775385988137e-21
0.0005095639618166719
91202640551293e-18
0.12277809748689426
8473121428053687e-22
0.00012876149091865755
0.15238592873490298
0.0009381283064326685
0.011792485747831464
12228893405876438e-21
0.12871852811587947
0.09250755497641454
0.02262477200808408
27447542141239538e-21
0.0001534384194606098
12006678904731464e-23
0.013714670930890112
0.14443469915601334
8326801798788454e-24
10254987019352516e-21
9138809917493377e-21
9649794022353468e-20
12087065528959454e-21
0.2384025611992413
0.1489113589230429
0.004537897051628775
0.0014695610118852223
0.0410831153498898
0.00545637771241698
6637221387626083e-20
0.028008286059384265
8323365272563142e-20
0.0007430662905384299
0.07807806205035925
11000996730559034e-22
0.23118453022968474
0.21929606089295758
0.001826639357873581
0.0004888567232527472
7563075074737383e-24
0.0010187246369638035
10739430983801765e-24
0.010063084971166735
0.029108907442611628
0.0009035430211285183
0.00034113696597475556
0.00015048925842209561
26725960311365287e-22
0.006107146761812025
0.015197226861165425
0.022467483125494663
1106941496002634e-23
0.22047293061529993
0.0685426671913041
0
0
8177618207840828e-20
671265461043393e-19
10336377061012885e-22
7552909721946495e-22
0.00017699976919752323
0.010209031980633897
0.005377772191765594
15204233564078782e-24
0.0001822606223957991
7328706148754078e-21
0.05067604870513461
0.012938427421025007
0.09586068988609016
3845635150131922e-22
0.05787223155269076
0.007663267876718269
0.00012245776159727024
0.13671277523116346
0.00030268097547858636
16523107011766446e-29
8601908772590834e-20
37936221079449574e-22
0.00012470894559886642
0.01779340987676949
0.0034860773005965812
0.00015497751173683183
0.0001411380868829893
3818611331242339e-24
0.0006047499847959555
0.022055921474587632
13347307238780835e-24
0.0018044594861404127
0.001849595109927422
4418650668992962e-20
0.10484529870131253
4583722193010474e-20
0.2401669071838177
0.0047357292007775215
0.16364621379548733
0.003093143348258111
0.0006733947385901037
0.0005691466341318536
4737140841128257e-20
0.24181454415866727
1191968007538454e-20
22530004440920348e-21
0.008271524235608738
0.006376738002082278
21999713217496276e-24
8737173285121053e-20
0.0030515569828690504
0.12399431003065378
0.029857064021700404
0.00010010837216707573
0.02314514503543635
0
0
0.10676613995079384
0
0.24203363146815188
0.23731803066247925
0.24058025746896036
0.05044836110895613
0.02933144224472201
0.2221967024485447
0.24067609195742481
0.22177869093292849
0.23784798512410854
0.19854039943154908
0.0007951112314256354
0.015999007203779867
0.1325454035622536
0.22587944798465545
0.1275479539929992
0.0003069805796588556
0.026700678549001836
0.22110039926732122
0.10818100972292645
0.15086813566081103
