1.5325746162456693
4515369826135126e-45
2308637692362913e-28
0
20927310749177354e-22
965457650627717e-26
2098827214109068e-21
0
21139366840131585e-22
0
0.0008403065290772025
0
9.116648985538875
0
6.68487223833225
0
30.49335987680794
25.43152877220832
0.019566392138119133
0.08668567064111043
8516730298745473e-104
10.117285011994724
0.29093176072063565
14635557248923087e-31
0
43239369201040556e-23
9979136480314805e-24
0.0008498031188695303
0.0038004659673004527
0.0044350583610813085
0.007393638825047274
5946125370039552e-22
56895629866978613e-27
0.0008367396865543444
9720683185678043e-22
7316790672542071e-23
12190326121602768e-31
5683372164739956e-22
687002918170366e-21
2.1861039710587846
2.147655488954584
0
0.8539411929477011
0
2.328268320543986
3.1574322548087803
4.326742755937218
0
5.249924162702549
0
4.418859854914464
1.6048790987966586
16.28566190156962
18.66735586942485
0.42890944594384717
45.37207431346645
27.583685171267167
1.405166893365331
0.0006566505896761094
0.016046172513263103
0.24335651476049683
33.65128371549644
0.3683349870365151
0.2532681326463663
2.212291997795548
1.0160904699732303
23.74349389075982
0
23.755149848430992
0
16.011219758055468
0.00023304312745894569
0.0002330419816225282
0.007485288349942649
6.983193484119386
0.17974602564047598
0.09860739761022017
0
0.00035763100889855774
0.5246999859609522
0.05524402618415663
0.025628795959975866
0.013235482057277662
0.00013841658298618945
6038414285324836e-20
0.0012537272477344146
1.9107252824534455
0.4406074244318701
0.0023948173233345753
0.00033387746067248416
0.0005893247371814641
0.007734251795174932
0.005572273538590654
259093484378866e-22
0.05995944271879542
0.8428315503921389
0.021309702655592424
2648912613455772e-27
4767412300587838e-22
12986792873232066e-21
0
0.7563748972232202
0.391249171760052
0.050584294450835836
0
0.27870575285162336
0.016746877834430282
0.06073650741162758
0
0.0002212640486942622
0
0.18790040805115527
0.5427708971806068
0
0
0
0
5250111674665779e-22
0.44202736952653804
6952550127272097e-23
37013509561073876e-23
0.36354748705250806
0.23415001591440085
0.23543940281932788
0.5364766393405906
0.0006364570532501553
0.5566745148395468
0.001315735137353726
0.5984377603746885
10333899602615582e-22
8085931487154558e-20
0.3895867249155842
0.0005217737490895
2221076187861513e-29
0.16818335172480417
0.016984762059961293
0.1882216337761765
0.017875676887968355
0.03089501787249484
0.034691872747329607
0.10755366437674001
0.2475481120765886
0.17199407496313704
0.20561293433724917
13651515466168028e-31
0.12527656008923677
0.12531030518071498
0.4479460062780316
0.5267607260622482
0.0001980787592795876
0.5266986104332905
0.6062911163365794
10.711437375011615
1.9825775722466334
2.828514451870561
0.12109617014576897
0.43908206406218464
3.2205768261690184
3.658341528698691
0.7634238968913423
5.259187843920215
6.3680288310854705
3.6683760713703193
2.170800341154739
2.75259843043158
0.6690903108293539
28.57203327860221
619.044516343095
5.631016553368275
3610.4134088906007
1.1152221498021098
23.218261131313007
1.1671061039835453
44.98818360690985
1.3058626168744236
1.7913193904848768
1.1152212046422214
0.8583205662134098
1.048273291954949
69.49990021786574
0
0.0005793301944760277
6879118238421261e-24
0
0.004972049490714555
0.004599861106347992
0.004212378289932855
0.002749181388805248
0.003623719675491986
0.007337598274059601
0.00404607976734188
0.006870322605635944
0.0026402470921863055
0.003968234044986165
0.004904894511786384
0.012316292029293428
0.003857679603128789
0.0057631231636290255
0.004285747362469245
0.005711057335392106
0.005302107216262878
0.011130267264333294
0.013852023918720069
0.006302375674004378
0.006022838793894717
0.0019801503875827267
0.007417997544276133
0.016598712117908504
0.0703227646167741
0.03896361208311732
0.10754524610359306
9119505095981345e-20
0.009895460032192754
0.19415484024477433
5447363528817094e-21
0.07120676063209284
0.011137322246049934
0.002043813253330055
5556868542042902e-21
12044226099565944e-22
0.09699974303795371
0.08505226629577697
0.004054291744173823
0.0303150739383088
0.019461133307766602
0.005829295538400318
0.012039565748488747
0.00048276532541535744
0.23989140237258463
15699129992144273e-25
0.06458646535052712
0.0004029607894098751
0.009586526114090695
0.011186389092374795
0.00015704915552793963
0.00017086020481156127
0.2345442612615236
0.0005198584093714144
0.05702715995308757
0.2046945264633675
1260914134609499e-21
25861625489641327e-22
0.0001447156841095943
11840233281793742e-21
0.0005943052784599578
15325491455456083e-21
14120533744430706e-23
1004403566913965e-21
1907680206923491e-20
0.07383159417026258
0.07439134442685492
4343711448422017e-20
0.0002936769414479807
0.017372219743940997
0.008130631488120776
0.08597716753317594
0.0105174956375603
27828472273125587e-21
0.12416031335916392
0.03779899660563718
8240518263126342e-22
0.21180118730879732
4571118654848484e-22
0.0034683513025016476
0.0010105081343139495
22994565953023743e-28
0.23764643884555156
0.2357612341590396
0.017671648157823915
0.213404404891279
0.21597888824801625
0.008704361911513983
0.17205805312641917
2053564017332392e-25
5764774879450913e-21
0.000509560001092713
9120251375182354e-20
0.12248756359321497
8473121318625239e-22
0.00012876123816395825
0.15190040823644751
0.0009381148731158982
0.011790327369547353
12228891126452303e-21
0.12839433473269252
0.09235374720640264
0.022616688822313165
27447530657912774e-21
0.00015343806052903482
12006678882758503e-23
0.013711742743049843
0.14400864617131529
8326801797731643e-24
10254985416403311e-21
913880864449431e-20
9649779827132053e-20
12087063302101662e-21
0.23642899854411198
0.1484525361394152
0.004537581007228922
0.0014695280217773663
0.04105562615244309
0.005455920140696616
6637214672426336e-20
0.02799578882113565
8323354711800214e-20
0.0007430578652326121
0.07797171315553539
11000996546096739e-22
0.22809118306646328
0.21597888824801625
0.001826588360311665
0.0004888530780075057
7563075073865542e-24
0.00101870879440254
1073943098204382e-23
0.010061517476188343
0.029095384108868153
0.0009035305606790784
0.0003411351912779972
0.00015048891315713834
26725959222657836e-22
0.0061065729607379425
0.015193622952633967
0.022459513971662452
11069414958158706e-24
0.21717255153500759
0.0684622260222941
0
0
817760801371264e-19
6712647741720057e-20
10336376898165738e-22
7552909634996031e-22
0.0001769992915535655
0.010207418321696088
0.005377327762424192
15204233560555307e-24
0.00018226011593243277
7328705330096609e-21
0.05063351124630092
0.012935824502230521
0.0956943334426188
38456351275906114e-23
0.05781602570584317
0.00766236223842575
0.00012245753298699617
0.13633921293852147
0.00030267957842970456
1652310701176639e-28
8601897493116077e-20
37936218885869826e-22
0.00012470870850528218
0.017788449028232498
0.0034858910855809903
0.0001549771455676335
0.00014113778319765707
3818611331020083e-24
0.0006047444053456741
0.022048246725337776
13347307236065451e-24
0.0018044097212055155
0.0018495428206952446
4418647692868323e-20
0.10464229087937686
4583718990360783e-20
0.23808040314622875
0.004735384895161034
0.1630658871586386
0.0030929968337826846
0.0006733878198946807
0.0005691416925654234
47371374204954144e-21
0.23921901321289393
1191967790977668e-20
22529996703786098e-21
0.008270468131874714
0.006376112164020681
2199971321011933e-23
8737161648095241e-20
0.0030514143906313035
0.12369708573844479
0.029842818921010053
0.00010010821939314551
0.0231366785951328
0
0
0.10655470154428873
0
0.23975315853213405
0.23540166870187113
0.23846142636932205
0.05040622221380043
0.02931770628274843
0.21892262256275488
0.238549274992795
0.21849803868667952
0.2359045213275282
0.19755874925423303
0.0007951015837979764
0.01599500791174922
0.1321981804840229
0.2243657804506754
0.12723059085414454
0.0003069791426283831
0.026689345423763344
0.21970613753084972
0.10796322273567728
0.15039441715386262
