1.5431698110866383
7988457118292488e-46
11119749667938084e-29
0
19447224675429753e-22
8986060423814657e-27
19504972724919636e-22
0
19647859335401164e-22
0
0.000820147635522778
0
9.158345293171735
0
7.049766852757702
0
30.72232172210605
25.454789181765857
0.018960634487335037
0.07942327945508956
418137512761529e-103
10.089918758590729
0.28960464229641814
6968916749669758e-31
0
3197225272977661e-22
72436817796812435e-25
0.0008388639886526818
0.003800062243741813
0.00433032950033117
0.007298485101151822
5811437977587488e-22
5460154729902044e-26
0.0008170429314800806
9494512883833457e-22
7080280152682683e-23
11856172488744872e-31
4204453530031553e-22
5082486039728528e-22
2.2097650941794953
2.1856825633663024
0
0.8642425262099689
0
2.3840938155277605
2.9430160016190943
4.3228922261595075
0
5.242894011755032
0
4.418478579945521
1.6028198769293867
15.59456202218026
17.80703375515591
0.3603367700046709
45.60613299389335
27.64985999250005
1.4013269131694235
0.0006413384128996736
0.016123849168196768
0.24288868255873758
33.653383135044855
0.37085494886885734
0.2526165922499514
2.2102401480413083
0.99143824686264
23.67778747837119
0
23.67691027067173
0
16.028657071426785
0.00023436709399714094
0.0002343507844248853
0.007428756465342307
6.983196170486239
0.1792342985532311
0.09801401629285264
0
0.0003610057738441376
0.526202909289441
0.055185473157170005
0.025560279549575706
0.01335928246100866
0.00014330538274744592
6205069283945268e-20
0.0012408479308420534
1.9094159511363127
0.4398428403606927
0.0023399727736537292
0.0003347537469815221
0.0005967261338631958
0.007395127249397783
0.005198646340651292
2495112592376635e-23
0.060444815290427965
0.8868571666038063
0.021339627387127986
25098782505357598e-28
4617415212605625e-22
13095432627949923e-21
0
0.7548874742356351
0.38948657059216196
0.05090949568963801
0
0.27637262936520857
0.016870464010849837
0.06073383744142906
0
0.00022244465164429432
0
0.1877371223626881
0.5398697235244706
0
0
0
0
5134970113880907e-22
0.4423483176957153
675391080922898e-22
3093475691498608e-22
0.3628498563027621
0.23217108755489194
0.23557222065146335
0.5359496897681622
0.0006397165110369595
0.5519353914097085
0.0013121404896726863
0.5967561813755359
10332317370679457e-22
8118028840778846e-20
0.39290904583377634
0.0005091400729235955
16968012275452725e-30
0.1688828347177274
0.01629970524146896
0.18770425358999082
0.017851918106171913
0.030954507892881747
0.03322589183361803
0.10457909937519053
0.2472341036027807
0.17247124558703336
0.20492151750193485
10410951587247239e-31
0.12423652212682189
0.12426918590055688
0.4472844110061328
0.5262927695235561
0.00019763166510007243
0.5262315109517787
0.6081259635559977
10.701663080259424
1.981699323525273
2.8255829558659373
0.1212078929301975
0.4387294340971763
3.2181120351169494
3.652332579841687
0.7640508311949208
5.2594182863788665
6.367404255689796
3.6408204540799782
2.1694051129224783
2.7545932882582393
0.6709451449205548
28.57169992759587
619.0407801521452
5.631013726906228
3583.4310322733513
1.1152220089566798
23.218255588698025
1.1670025168137999
44.98511434113167
1.3058708912381365
1.7913177463413055
1.115221063765862
0.8569296482639651
1.047925603636744
69.3533748929886
0
0.0005783540405268732
6923892268679702e-24
0
0.004886198271565831
0.004532046744345576
0.004153790066988001
0.002694834364936387
0.0035830804688689673
0.007267656525217277
0.003971762516810277
0.0068106925324723615
0.0025894220600542906
0.003912220579533475
0.004846811898459263
0.012206931031757096
0.0038034931600108533
0.005704059928118761
0.004228049267867741
0.005654275600150448
0.005263483994228032
0.011022403531229987
0.013681979890987685
0.006238451696106387
0.00595689451892174
0.001980108717658389
0.007417407805754007
0.016595716001179144
0.07026361078149275
0.038946473709622516
0.10739542889881284
9119496283220487e-20
0.009894406503586533
0.19350937108880625
5447363214415111e-21
0.07114600466608449
0.01113598507430169
0.002043768856570504
555686821487335e-20
12044225945868186e-22
0.09688075908390845
0.08496311323182161
0.004054116499441945
0.030304851863326564
0.01945699562935897
0.005828932257462039
0.012038000915986233
0.0004827628542515427
0.23829599324711914
15699129991883132e-25
0.06453712079652407
0.0004029590679299239
0.009585537821293429
0.011185040007830521
0.00015704889414071803
0.00017085989542307183
0.23255678290997348
0.0005198555437145548
0.05698923556761037
0.20393688140182312
12609141177641192e-22
25861624781006817e-22
0.00014471546216929823
11840231796414604e-21
0.0005943015328489058
15325488966897133e-21
14120533723304998e-23
10044035562252352e-22
19076798213272875e-21
0.07376593568484299
0.0743246120791505
4343709449206123e-20
0.0002936760272431228
0.01736893378592624
0.008129922206121484
0.08588588783394577
0.010516304326966567
2782846406760505e-20
0.12395232938666066
0.03778289999708597
8240518191178372e-22
0.21095448870628283
45711186327096746e-23
0.0034682231674495107
0.001010497298541568
2299456595302318e-27
0.2362295090053702
0.23381047280561396
0.017668246305502774
0.21253569712520543
0.21370262984016972
0.008703548266581625
0.17159580915685366
20535640173279223e-26
576477452734163e-20
0.0005095572478921061
9120242560978981e-20
0.12228600986693026
8473121242558232e-22
0.0001287610624668318
0.15156381998297028
0.0009381055353253692
0.011788827248423507
12228889541956053e-21
0.12816945932017548
0.09224698147668632
0.022611071657476185
27447522675508645e-21
0.0001534378110253604
1200667886748444e-22
0.013709707639669699
0.14371322455554758
8326801796997019e-24
10254984302145098e-21
9138807759594345e-21
9649769959617588e-20
12087061754145854e-21
0.23506674935806132
0.14813442775410463
0.004537361328197765
0.0014695050897942017
0.04103652841927708
0.005455602091393561
6637210004492357e-20
0.027987104899197344
8323347370703111e-20
0.000743052008604575
0.07789787218593268
1100099641787143e-21
0.22596532325337887
0.21370262984016972
0.0018265529112062987
0.0004888505441035516
7563075073259495e-24
0.0010186977819052867
10739430980821822e-24
0.01006042800698296
0.029085987333195926
0.0009035218991459005
0.0003411339576381656
0.00015048867315351432
26725958465864462e-22
0.006106174126059441
0.01519111827059876
0.022453976037775915
11069414956860463e-24
0.21490751088760512
0.06840636456541867
0
0
8177600927473998e-20
671264296707391e-19
10336376784965773e-22
755290957455414e-21
0.00017699895952959626
0.010206296768948126
0.005377018847817055
1520423355810603e-23
0.0001822597638752927
73287047610231516e-22
0.05060396321361841
0.012934015443352459
0.09557886417836195
3845635111921466e-22
0.05777698748995296
0.007661732764977512
0.00012245737407334744
0.13608014007316369
0.00030267860730266765
1652310701176635e-28
8601889652421512e-20
3793621736104642e-21
0.00012470854369464268
0.01778500140761282
0.0034857616477648097
0.00015497689103288376
0.00014113757209720343
3818611330865586e-24
0.0006047405269317428
0.02204291334900381
1334730723417791e-23
0.001804375128906144
0.001849506473742987
4418645624075459e-20
0.10450140564972028
4583716764103656e-20
0.23664070051573666
0.004735145572685404
0.16266369752878415
0.0030928949912383697
0.0006733830105425906
0.0005691382575587563
4737135042711758e-20
0.2374312130976433
11919676404397539e-21
22529991325472168e-21
0.008269734081745656
0.006375677161286767
21999713204991396e-24
8737153558856567e-20
0.003051315274389548
0.12349089603087868
0.02983292072611389
0.00010010811319551378
0.02313079514171331
0
0
0.10640797107954116
0
0.23818060454235343
0.23407867241872027
0.2369995672105195
0.050376950935527166
0.02930816179112324
0.21667517727077562
0.23708194334343155
0.21624619318787813
0.23456292483732732
0.19687923562253568
0.0007950948775098269
0.015992228472184754
0.1319573512969227
0.22331956472651393
0.127010447518864
0.0003069781437091004
0.026681470260644477
0.21874212755199243
0.10781209079808107
0.1500659977640664
