1.5414250898346782
10624954201425653e-46
12541093072332205e-29
0
19685303690284716e-22
9093672995443122e-27
19743569195108055e-22
0
1988777307984887e-21
0
0.0008232894614663574
0
9.152946596287359
0
6.996339793907391
0
30.683717657272044
25.45091238461711
0.01906077448183883
0.08061704176339606
4705184537819989e-104
10.094295992265486
0.28980755738229996
787417886852142e-30
0
3360180530781628e-22
7635462073910772e-24
0.0008405697421797557
0.0038001287205257513
0.004346656753344381
0.007313322421156633
5832397704888265e-22
54961583372097757e-27
0.0008201132380806983
952974536488678e-21
7117395259903762e-23
11908207013667486e-31
44184068263203023e-23
5341092562700522e-22
2.2064804710177532
2.180571289886429
0
0.8625083929709774
0
2.3759014903347415
2.973078609752871
4.323527824329005
0
5.244044082195364
0
4.418541359854681
1.603560724363225
15.674451164437535
17.90604085334981
0.3696062773057049
45.57649536832765
27.646036641528063
1.4019726245815747
0.0006438024081273413
0.01611728295528925
0.24296879890305592
33.65370355189275
0.37039662822244523
0.25268621070403285
2.21057446844213
0.9953618033807456
23.686229092381595
0
23.686525835709737
0
16.02626664617169
0.00023412489550948105
0.00023409121872405842
0.007437709825629044
6.983195728222023
0.17931463508109055
0.0981068554678819
0
0.00036042021224232633
0.5261646631460379
0.05519466000894509
0.025571523006780495
0.0133372354849347
0.0001425563387814718
6180120455593358e-20
0.0012429071111213202
1.909615598803495
0.4399602923346285
0.002348496615644081
0.00033461214126595534
0.0005954496473193029
0.007443651429605133
0.00525088039665785
25100203652652106e-24
0.06036892274949399
0.8804241104398168
0.021335188756697633
2531117104974731e-27
4640632985405714e-22
13077998268473734e-21
0
0.7551317021040398
0.3897890610894202
0.050850584884904515
0
0.2767452951363066
0.016866236072943894
0.06073673175616645
0
0.00022229649802034849
0
0.18776397630256872
0.5403467864652655
0
0
0
0
515285707888521e-21
0.44229281924708924
678455592039813e-22
3184695530990686e-22
0.3629648259848199
0.23249449725753554
0.23555320624738751
0.5360361505290085
0.0006391815028722854
0.5526775805252536
0.0013127520462667276
0.5970409494692915
1033257894284304e-21
8112758230834798e-20
0.3923683947520661
0.0005111074612285862
17737821922388478e-30
0.16883145379932016
0.01641083511356396
0.18778946873866814
0.01785557236206458
0.03094444269817913
0.033463551672779396
0.1050644055146001
0.24728605911639992
0.1723916742755247
0.20503288005851697
10886321883794704e-31
0.12440564285550451
0.124438448150983
0.44739362891388335
0.5263699597043435
0.00019770360402017684
0.52630852264297
0.6078210041689618
10.703160466354324
1.9818418311249157
2.826054927631535
0.12118842361391328
0.4387834540852293
3.2185120235508933
3.6532996637454755
0.7639428376341324
5.259362693830498
6.367469277822777
3.645333652757357
2.1696327882844435
2.7542912900619254
0.6706354931747055
28.5722300864833
619.0413953928668
5.631014192342441
3587.860337516884
1.1152220321498352
23.218256501405843
1.1670195739835139
44.98561974577199
1.305869535595858
1.7913180170988952
1.1152210869641104
0.8571585744232163
1.0479828498874046
69.37913542342866
0
0.0005785028201957627
691652436832234e-23
0
0.004900132185819859
0.0045431495653001554
0.004163385520955355
0.0027037129193157655
0.0035897423852890146
0.007279164215983737
0.003983910525454387
0.0068205016651508524
0.0025977254254936468
0.0039213932797679185
0.004856334205512399
0.01222488224211799
0.003812370082918779
0.005713751583025706
0.004237499973483234
0.00566359357923583
0.00526963913134271
0.011040102987792693
0.01370983043759321
0.006248939396659557
0.005967708219622679
0.001980115579425883
0.007417504915357151
0.016596209337497232
0.07027334827887827
0.03894929538403881
0.10742008508474513
911949773442598e-19
0.00989457998147322
0.19361551335785565
5447363266187996e-21
0.0711560058447931
0.011136205256658566
0.0020437761673626404
5556868268748683e-21
12044225971177744e-22
0.09690034224686378
0.0849777877254046
0.004054145356644917
0.030306534905466753
0.01945767692445987
0.005828992077737635
0.012038258584518624
0.0004827632611796711
0.23855797921052188
15699129991926138e-25
0.0645452438195699
0.0004029593514072305
0.009585700557441755
0.011185262151731018
0.00015704893718358135
0.000170859946370343
0.23288290080529223
0.0005198560156040279
0.05699547887876243
0.20406145041611462
12609141205380644e-22
2586162489769836e-21
0.0001447154987164037
11840232041013449e-21
0.0005943021496407722
1532548937669058e-20
14120533726783786e-23
10044035579853589e-22
19076798848237917e-21
0.07377674371551528
0.07433559684252082
4343709778418925e-20
0.00029367617778594855
0.01736947484514349
0.008130039000036667
0.08590091228472944
0.01051650049198347
27828465418816092e-21
0.12398655433635472
0.0377855501700694
8240518203026114e-22
0.21109368224840402
45711186363552933e-23
0.003468244267250157
0.001010499082870971
22994565953023274e-28
0.23646225385399602
0.2341305928847979
0.017668806446858018
0.2126785044960985
0.21407580681028282
0.008703682245069212
0.17167184183028547
20535640173286588e-26
5764774585323813e-21
0.0005095577012633599
9120244012422014e-20
0.12231917709405295
8473121255084261e-22
0.00012876109139903553
0.15161919496459372
0.0009381070729822123
0.011789074261730263
12228889802876609e-21
0.1282064626707821
0.09226455420262081
0.022611996545625502
27447523989978896e-21
0.00015343785211135026
12006678869999632e-23
0.01371004274138806
0.1437618302117981
832680179711799e-23
10254984485631094e-21
9138807905311696e-21
9649771584510296e-20
12087062009049259e-21
0.23529053124245486
0.14818676405651846
0.004537397502230409
0.0014695088660020208
0.04103967265085269
0.00545565446361282
6637210773165452e-20
0.027988534703959945
8323348579568414e-20
0.0007430529730181527
0.07791002684040038
1100099643898642e-21
0.2263140230271013
0.21407580681028282
0.0018265587485983515
0.0004888509613631277
7563075073359294e-24
0.0010186995953359534
10739430981023047e-24
0.010060607402844597
0.029087534500820727
0.0009035233254434562
0.00034113416078255447
0.000150488712675123
2672595859048637e-21
0.006106239800770248
0.015191530690675945
0.022454887880921287
11069414957074244e-24
0.21527886599387164
0.06841556019112055
0
0
8177602094371528e-20
6712643753319397e-20
10336376803606525e-22
7552909584507166e-22
0.00017699901420427
0.010206481447676545
0.005377069715871486
1520423355850936e-23
0.0001822598218488447
732870485473304e-20
0.050608827731279955
0.012934313325472489
0.09559786902946364
38456351145017194e-23
0.05778341413832967
0.0076618364174383625
0.00012245740024180153
0.13612276797556946
0.00030267876721890653
16523107011766358e-29
8601890943555978e-20
37936217612140605e-22
0.0001247085708341593
0.017785569084762795
0.0034857829620879217
0.00015497693294734492
0.00014113760685930296
3818611330891027e-24
0.0006047411655923041
0.02204379151263972
1334730723448873e-23
0.001804380825208809
0.0018495124589825687
4418645964745566e-20
0.1045245923077869
4583717130703553e-20
0.23687717758763155
0.004735184981323146
0.16272985820399816
0.0030929117615206008
0.000673383802501011
0.000569138823203288
47371354342636705e-21
0.23772469030082657
11919676652289803e-21
22529992211124372e-21
0.008269854954028013
0.006375748791577579
21999713205835815e-24
8737154890919014e-20
0.003051331595738036
0.12352482584093101
0.029834550445867664
0.00010010813068317549
0.023131763872919726
0
0
0.10643211942666021
0
0.23843884735557547
0.23429601902058583
0.2372396751730565
0.0503817698966343
0.02930973327829889
0.21704367312141773
0.23732294805621987
0.2166154042471505
0.23478332095124385
0.1969909708440553
0.0007950959818370634
0.015992686132036558
0.13199697868254825
0.22349150997004863
0.12704667252503618
0.0003069783082019067
0.0266827669117363
0.21890058062080694
0.10783696328574074
0.15012002954373813
