0.0012055334294771027
31.73693867049314
131.96766009034215
0
106.04299819644643
0.004139635027304813
294.1292023954009
0
118.9173499820517
0
343.7766053794209
0
29.004178447068043
0
34.12247506537486
0
29.551835985698126
18.60420986540396
105.38381414533684
119.34236561988331
0.16044975736321065
26.265426550816326
1.4812401320524473
1.0820403744064155
0
10.69645676714152
0.6301172884093174
4.927936750138033
0.0036251647158669345
3.166034408423587
37.729216519949794
11.1827107048741
22.38045072249238
0.5145462123355059
35.82238497474573
1.2827006891862203
11438597194970846e-21
44.25999620079237
71.70216774001467
10.285310981732794
46.17113310216373
0
2.8710998545976194
0
102.19807874246344
39.597007623341604
4.576350506498868
0
18.059972812857737
0
1.573081666624571
18.364993977245046
29.56776460908987
35.9758280064854
18.54540359820214
191.8370720942865
61.4190095580353
0.8615471536546953
0.15764153786032808
0.01102400568297071
19.84232058340927
50.64179880352389
1.0148923179096305
1.5587590682919954
0.012873058914980168
0.051813315721730584
305.6128520010166
0
270.05543908198644
0
7.111515726310648
0.04415896774250741
188.6235761293484
14.786425464528572
3.8699789342937754
0.9866790875224807
3.0167422035970133
0
7040482231827852e-20
0.8716252959533126
0.07714771179210851
0.0021129759667435806
0.04187714796412214
0.007480775435603668
0.0004087110446135832
0.0016284151885744456
0.20687143583951872
0.6785083361138011
0.4971416756498798
0.11166267697952294
0.006300014441608034
0.09647850709830828
0.020244067283973887
2.2527985221138045
0.027976610777539313
1.6500790046554141
0.017878635165460878
0.029420298600672464
6.784041693251624
0.0005061135923742059
0
1.2763122258344202
1.5141770039473832
0.20176666233917923
0
2.410597221876403
0.00023240782876829546
0.026603245547464783
0
0.0024140057110026637
0
0.2136094966845509
1.0253340412187575
0
0
0
0
1.3102579562849979
0.5690988649814517
1.1994787705686383
5.858288359672324
0.29791405161300005
1.1880932904927763
0.13947202351561971
0.16453169938607765
0.014553179848281807
6.49221615397393
0.0037241922118238513
1.6286885935170445
9787513051770484e-22
0.07029879384383042
1.8910911095333198
0.2866266378350891
0.471459151770591
0.003938235794676835
0.8556235319420834
0.18897842401176773
0.0004904456619045144
0.01899202120379093
0.9841204960163643
2.342511853201421
0.13363893300555643
0.08223606757788873
0.24322487148955646
0.024381850915762417
0.3211757263438263
90.01602598657922
0.3956741779764585
0.5895515217674488
0.1437272469797219
44.179809156363014
0.2557204865430046
7.261618850228872
1.9890946009231483
3.0849352208502507
0.1837842977359561
0.3094220121925253
3.247440961900649
4.2155234136641795
0.9840638143302853
3.7542939859114592
3.2227113844811077
4.601526155448074
2.1947976388339954
2.6270247626296896
0.432298257873767
30.43905977541927
619.5847613218352
5.631425089006837
10676.595651259959
1.1152425069850294
23.219062243212573
1.182175119618395
45.434007450666435
1.2475263350615178
1.788446422770708
6.971082938325974
0.2819643385279502
1.0997585254552757
48.75834498183583
0
0.0006309612290631732
5438008119407914e-27
0
16089036012868956e-36
0.019445822050253067
0.031549497002633535
0.051778581301859444
0.025604641055173464
0.03360477632676375
0.056286257170381195
0.030189874910542026
0.04865283693412261
0.02989228978959845
0.025046640474970967
0.04586231061030696
0.025694365477372885
0.025946448888307706
0.028608371778619992
0.02412437494319927
0.03905367520682434
0.0535235630686214
0.06597844186587666
0.024219230229305083
0.031045012970467203
0.001986182353070286
0.007503730014029969
0.017037492105344786
0.07941803977826647
0.041521710447949084
0.1315513515740245
9120778931787508e-20
0.01004891688858515
0.31417865891925567
5447408970879025e-21
0.08055674631423244
0.011332287871808528
0.002050240261747868
55569158294680795e-22
12044248314185288e-22
0.11582830814402305
0.09897313518888165
0.0040797004550207315
0.03182937045639989
0.020068518950128126
0.005882040930238174
0.012267890466854324
0.00048312262642110493
0.629313249586976
15699130029886814e-25
0.0721301691246226
0.0004032096796755618
0.009730445298893145
0.011383099385437568
0.00015708693952324752
0.00017090492795336087
0.8024070305969715
0.0005202727612661888
0.06278262013661137
0.3498423317852923
12609165693470793e-22
2586172791183938e-21
0.00014474776567530512
11840447971989192e-21
0.000594846896092709
15325851141835634e-21
14120536797820503e-23
10044051118032914e-22
1907735939620991e-20
0.08396318101893603
0.08469456963561492
4344000413372004e-20
0.0002938091053440045
0.017853751155633937
0.008233800606672129
0.10024443466296552
0.010691107967774555
2782965827774993e-20
0.15820466275865772
0.0401991253810915
8240528662082593e-22
0.37788798923729666
4571121854666803e-22
0.003486921090053423
0.0010120754977860664
22994565953104688e-28
0.5640407930221205
0.7834570557718186
0.018170285206757036
0.384809035456787
0.9987951929340334
0.008822765084560775
0.2538273414993523
20535640179781858e-26
57648257715464276e-22
0.0005099580895139129
9121525419503252e-20
0.15540538764766154
8473132312924843e-22
0.00012878663494697925
0.20931630540264423
0.000939465482169541
0.012009166258182687
12229120142670004e-21
0.16541738095855812
0.10915971657163465
0.02344341421187385
2744868441353299e-20
0.0001534741266356577
1200668109038599e-22
0.014009084920902814
0.1937711517172243
8326801903910042e-24
1025514646620885e-20
9138936543793353e-21
9651206127567491e-20
12087287036897756e-21
0.5450238342012994
0.20241294006890462
0.004569444283432373
0.001472846246481483
0.043911495824396914
0.005502084727564188
6637889383531484e-20
0.0292796775174046
8324415820240604e-20
0.00074390483454903
0.08941497766608776
11001015079066993e-22
0.8828485875112937
0.9987951929340334
0.0018317192144761353
0.0004892194522163178
756307516146001e-23
0.0010203017307271638
10739431158664745e-24
0.010220230451879416
0.0304859683981401
0.0009047833230125996
0.0003413135414771613
0.00015052360593920456
26726068605485304e-22
0.006164493093084433
0.015560013204411775
0.02327447148472294
11069415145800343e-24
0.9883680891247507
0.07703519726743845
0
0
8178632282847912e-20
6713337877584402e-20
1033639325945715e-21
7552918370927208e-22
0.0001770472869570442
0.010370824222554849
0.00542216368928576
1520423391456003e-23
0.0001823110074180686
7328787581195741e-21
0.05509085132234075
0.013199974665839253
0.11393934519740105
38456373923204887e-23
0.06374499107161072
0.0077538888066170765
0.0001224805036292277
0.17947797591456102
0.0003028199723724373
1652310701177045e-28
8603030817595516e-20
3793643927579945e-21
0.00012473253158680784
0.018293843073985978
0.0035046499309673343
0.0001550139389669426
0.00014116829777524394
38186113533501695e-25
0.0006053052308781256
0.022832832957657926
13347307508879905e-24
0.0018094164763309132
0.0018548037216443948
4418946714586733e-20
0.1271379557614358
45840407722513325e-21
0.5720801987933251
0.00477010272560092
0.23300911155834933
0.0031077518999157554
0.0006740832976197458
0.0005696383869605479
47374811043476456e-21
0.7074105890140384
11919895490698647e-21
22530774068135415e-21
0.008377251750914463
0.006439298152102009
21999713951282526e-24
8738330899326134e-20
0.0030657740017702765
0.1574266821039176
0.03130854246147075
0.00010012356977855961
0.024002971828641247
0
0
0.13003786442881918
0
0.6206336061736093
0.5315999227093682
0.5799748935220378
0.05482088181100627
0.030730418664956356
0.972788538188901
0.5819363266663792
0.9766023922019327
0.5379386350085967
0.32506533818886235
0.0007960714676203731
0.01640185533912817
0.1720602209845693
0.440899133307603
0.16341633658592342
0.0003071235549211208
0.027852371948586696
0.41482758392872476
0.13219237089715313
0.2062788600441062
