1.553101203078486
15755099545074573e-47
56072912545519525e-30
0
18133483672830694e-22
8391654734872544e-27
18188318030605469e-22
0
18323815687947385e-22
0
0.0008034861481683786
0
9.181692723827545
0
7.3118416768000545
0
30.943493234750314
25.4771997598426
0.01839035364876152
0.07277027778398582
21213984581501734e-105
10.06585816624577
0.28854028946985233
34786946863298724e-32
0
2409245657675998e-22
53701447198643264e-25
0.0008298129158511916
0.003799683875902254
0.004243718060681879
0.007219756244074083
5700530349893156e-22
5267365006381809e-26
0.0008007589296286523
9307810775771609e-22
6881600135748584e-23
1158054607236252e-30
3169551529668186e-22
38315660668636654e-23
2.2258395286416968
2.209028516075597
0
0.8742352088481185
0
2.4248145503623264
2.80391689678182
4.319268388745144
0
5.236399510479214
0
4.418117093912309
1.599645731605706
15.30150127854769
17.445291769827595
0.318996885651677
45.72981526078708
27.693579341999236
1.3975626519971212
0.0006289015709094891
0.016164474941206902
0.24287755627361168
33.647775769526405
0.37368214408891925
0.2523889013131214
2.208358903495525
0.970027767511331
23.637760149421528
0
23.633246010868803
0
16.039474464744814
0.00023627743085423715
0.00023626389468411776
0.007394038020902514
6.983195844523976
0.178801566165155
0.09751473798728993
0
0.0003644166149759122
0.5255738762305447
0.05513496636414411
0.025496334576680078
0.01349157195340034
0.000147232410342572
6332177568140872e-20
0.0012295498153323758
1.908359784092191
0.4392274539632613
0.002294908816341806
0.00033553076563873927
0.0006041703222315594
0.007165712710993643
0.004957476898248144
2416142751134268e-23
0.06084882019438032
0.918345652891782
0.021361221403584003
2399874836115919e-27
44952953865982024e-23
1319117100712002e-20
0
0.753499272574014
0.38769768599243004
0.051264015057534515
0
0.27432455648046444
0.016823575151592485
0.06070336300470357
0
0.00022305489205224084
0
0.18758449667948887
0.5371594012573784
0
0
0
0
5040552534782349e-22
0.4426824862640166
6593481293684748e-23
26320902633472333e-23
0.36219476056427363
0.2303457158613643
0.2356613144358246
0.5354593488203693
0.0006439629038040419
0.5479591338152128
0.0013085310521689095
0.5950838621906044
10330820178678255e-22
8163322178510868e-20
0.3959361628042416
0.0004987114354635402
13177607912546303e-30
0.16889695166025512
0.01567939917574887
0.18721907409736507
0.017832481149004816
0.03101316891652955
0.03190070810498322
0.1018503051293719
0.24693645948402526
0.17292839730573034
0.20430134990698223
8072789627429309e-31
0.1232858320118439
0.12331784806179039
0.44666061075905733
0.5258523908392779
0.00019723280382151929
0.5257920277160039
0.6098726307524444
10.693715232501724
1.9809040387758952
2.8229767251966402
0.12132611984765182
0.43844271224340914
3.2158794576260235
3.6469947214552145
0.7646983654449172
5.259756975100955
6.367128303956876
3.6152498265951443
2.1681248392373917
2.7560730126339146
0.6727273212457098
28.56597521568204
619.0372780589319
5.631011077527023
3558.3222630747323
1.1152218769354165
23.218250393336334
1.1669054278640405
44.98223755900866
1.3058785556105217
1.791316205011112
1.1152209317156065
0.8556274300936604
1.04759980313345
69.19468364508218
0
0.0005775835809703544
6965798158808452e-24
0
0.004808289334319197
0.004469201574969124
0.004099446688416502
0.002644752679556062
0.0035452691648455927
0.007202099190191895
0.003903174155706647
0.0067547480874446545
0.0025425782281864374
0.0038602810769667404
0.004792792375783455
0.0121048423840579
0.003753204094430682
0.005648997271181482
0.004174515760946208
0.005601327373899134
0.005229597234381433
0.010921826457701017
0.013524186814439926
0.006178875762082309
0.005895516036540223
0.001980069659205656
0.007416855057694373
0.016592908086139058
0.07020820819262091
0.03893041592253346
0.10725518744470475
9119488022598384e-20
0.009893419081773144
0.19290628997342524
5447362919710841e-21
0.07108910221091692
0.011134731823888609
0.0020437272422018215
5556867908201413e-21
12044225801799803e-22
0.09676936215513723
0.08487963057877082
0.004053952240900175
0.030295273344436522
0.019453117980707132
0.005828591757107349
0.0120365343069655
0.0004827605379208664
0.23681017397543358
1569912999163836e-24
0.06449090197478619
0.00040295745430962644
0.009584611538846013
0.011183775592931777
0.0001570486491301436
0.0001708596054186856
0.2307091172082532
0.0005198528576091976
0.056953710094867036
0.20322925026313923
12609141019741244e-22
2586162411676922e-21
0.0001447152541341618
11840230404096587e-21
0.000594298021926732
1532548663425003e-20
14120533703502844e-23
1004403546206168e-21
1907679459889263e-20
0.0737044438080135
0.07426211495527985
43437075752445614e-21
0.0002936751703169819
0.01736585426184076
0.008129257417750958
0.08580041492172222
0.010515187776066585
27828456376173338e-21
0.12375769223512531
0.03776781808619126
8240518123738042e-22
0.21016391046169733
45711186119578936e-23
0.003468103064524655
0.0010104871417500356
2299456595302264e-27
0.2349090234994964
0.2319965877269286
0.017665058178303276
0.21172462618504592
0.21159076946828273
0.008702785666628922
0.17116365301907813
2053564017323733e-25
57647741972924734e-22
0.0005095546671966343
912023429900474e-19
0.12209738489636111
847312117125692e-21
0.00012876089777757836
0.15124899665781188
0.0009380967826440544
0.011787421285158351
12228888056730756e-21
0.1279590302762905
0.09214701683233058
0.022605807682118673
27447515193214695e-21
0.00015343757715378668
1200667885316732e-22
0.013707800312443565
0.14343686178381918
8326801796308414e-24
10254983257696733e-21
9138806930134602e-21
9649760710325002e-20
12087060303171686e-21
0.23379697447560535
0.14783686823402348
0.00453715542200273
0.0014694835948547765
0.04101863525043072
0.005455303985130871
663720562901354e-19
0.02797896748215453
8323340489541245e-20
0.0007430465189438769
0.07782872094573486
11000996297679608e-22
0.2239906452098246
0.21159076946828273
0.0018265196836585319
0.0004888481689639284
7563075072691415e-24
0.0010186874594635196
1073943097967638e-23
0.01005940690156584
0.02907718203343642
0.0009035137803445252
0.0003411328012915377
0.00015048844818677957
267259577564852e-20
0.006105800302548495
0.015188770885084845
0.02244878630257934
11069414955643551e-24
0.21280583262964053
0.06835404428867357
0
0
8177594285203074e-20
6712638491568687e-20
1033637667885793e-21
7552909517899009e-22
0.00017699864830792952
0.010205245594843535
0.005376729303228601
15204233555810202e-24
0.00018225943387561154
7328704227602936e-21
0.05057628206073957
0.012932319954101282
0.09547075572830417
3845635097234012e-22
0.057740419003557544
0.007661142775820086
0.0001224572251160344
0.13583774547462693
0.00030267769702084214
16523107011766325e-29
860188230296323e-19
37936215931755254e-22
0.0001247083892098036
0.017781770391656064
0.0034856403237615617
0.00015497665244544942
0.0001411373742227567
381861133072077e-23
0.0006047368915281144
0.022037915287107357
13347307232408624e-24
0.001804342704461833
0.0018494724046235068
441864368489606e-19
0.10436951929683923
45837146773254386e-21
0.2352991031253184
0.004734921255058915
0.16228760634768216
0.0030927995323077875
0.000673378502533903
0.0005691350377785849
4737132813900449e-20
0.23576755458809615
11919674993332547e-21
22529986284117816e-21
0.008269046079975981
0.00637526943899133
2199971320018475e-23
8737145976426105e-20
0.0030512223708335597
0.12329793646075628
0.029823645647052626
0.00010010801365140523
0.02312528165281879
0
0
0.10627061693842588
0
0.23671593979486025
0.23284531566977432
0.2356374336303965
0.0503495289753947
0.029299218095766754
0.21458949103561023
0.23571473816041838
0.21415650544839634
0.2333123096098861
0.19624441672794993
0.0007950885914307828
0.015989623606694744
0.13173200874567198
0.22234332582450797
0.12680444232324
0.00030697720737637193
0.026674090596725576
0.21784235502142021
0.10767061957496743
0.14975880549505116
