0.0015741751858494761
32.823322842824226
131.13793286248494
0
120.9573346000727
0.0037843158084027036
287.0140451232734
0
123.98096763183015
0
234.3808411073281
0
27.967537695703783
0
34.100556086275965
0
29.82473103861646
18.53111696043141
102.07037434015692
35.76370608184169
0.04692666983684522
15.561410240436896
1.667472654543255
1.0699537336099834
0
10.673975799737326
0.6214718997980627
3.8885683426584405
0.003652581346305938
3.2415747132895567
30.542769018459616
13.720587708329129
20.318994320802823
0.5582330351112627
45.145735146928516
1.0707415228301875
14925855997438564e-21
43.87924854983097
70.78012311846757
2.462206791126812
45.48242274646638
0
2.885525431941029
0
60.30437655997187
39.74318308435712
4.572533361898993
0
18.266809723748956
0
0.8474437741364953
7.2986877910583
29.568207781728564
35.976630834485356
18.553102389992176
189.79041911114902
61.11399214755151
0.4761255166280219
0.15417972084092596
0.010868852053973211
20.16701225989982
50.42510318000348
1.0227583596285823
1.4655947033326089
0.008438930199546186
0.06249492441675451
285.43476911549453
0
271.7372979352797
0
7.703026522683255
0.041468490241839226
137.35018822851887
15.135965445059435
2.452802328396539
1.0051487965092007
3.0182883517991446
0
7523667091888703e-20
0.21731954983320578
0.08673576947260977
0.0022418601735242675
0.03901038368593831
0.007424099156428627
0.00040853293152042885
0.0016212823786251275
0.23683127979992966
0.6783668595541895
0.33931531237441276
0.11611806105583156
0.0038550373674493877
0.10694586318480397
0.022588541500754372
2.242395737024613
0.03214993255435604
0.9441232790079586
0.020504146833686843
0.03376355963748023
4.4687863622428345
0.000525256345862808
0
1.2762835224716194
1.501453311873501
0.18746776084674624
0
2.409011613387594
0.0001395148427022268
0.01652217940622748
0
0.002125866948882534
0
0.21360195949866115
1.0251878863037542
0
0
0
0
1.2305938471868396
0.5693896936247623
1.1955791479356879
5.85107416602321
0.29848659882267164
1.2682752765004714
0.1406171787777163
0.0905901942966172
0.015595476165719754
6.426761333449814
0.003733578928680577
1.6309243647240184
978864525974151e-21
0.07158739880998906
1.9106242222720158
0.32343080872705504
0.4920949822212276
0.003853924313463826
0.8548632109268185
0.18903671989669413
0.0005852458291101974
0.021141703539638804
0.9826767560477534
2.3443522537851877
0.13380625655416198
0.09080291565929355
0.27326725392538503
0.027236596042335044
0.364807385256247
31.671310482129424
0.3977880801068431
0.5895200330440186
0.14078671380723184
26.36961629821228
0.28297618124836
8.189184708435425
1.9886718553319724
3.083007110276061
0.18394228268995022
0.34526196163709666
3.2462734310219616
4.211143634819834
0.9845937918146828
4.185643593470329
3.6817675795549194
5.094396542566095
2.1915664303551208
2.9942868382545966
0.4756643943389605
33.57686655231185
619.5846312136093
5.631424990657746
10673.8093832491
1.1152425020844623
23.219062050360044
1.1821714687882843
45.433899598974726
1.251899092799884
1.7891865333461199
2.7262671375578593
0.30348135544237287
1.0997458322682607
46.90813661087503
0
0.0006947386476839054
7221330586165744e-27
0
20132581841929547e-34
0.022435580351664267
0.036388639908952795
0.05953711878135112
0.02945578430690063
0.03749141959122611
0.06483524845360593
0.0347896824554776
0.05600042875439351
0.03447706113836064
0.02886595139364932
0.05290305439843988
0.029635919298926477
0.029879585306369586
0.03297206302498752
0.027765814084365258
0.04489173631562018
0.06162563733551106
0.0761450936621909
0.02792195044761266
0.03580766130828872
0.0019861808988049737
0.007503709257141402
0.017037385095577846
0.07941571448315086
0.04152107486327891
0.13154497109171773
912077862511953e-19
0.01004887966248923
0.31414225926292977
5447408959939855e-21
0.08055435385750691
0.011332240530010404
0.0020502387121644817
5556915818084674e-21
12044248308837621e-22
0.11582336178848035
0.09896952372660742
0.004079694319338068
0.03182899697004347
0.02006837047829416
0.005882028175744586
0.01226783498515594
0.00048312254037732205
0.629167160560377
15699130029877715e-25
0.07212825102826516
0.0004032096197424808
0.009730410394967626
0.011383051618144542
0.00015708693042652908
0.00017090491718588832
0.8021694832433456
0.0005202726614808042
0.06278116698393556
0.34979719771843093
12609165687609719e-22
25861727887183567e-22
0.000144747757951553
11840447920307016e-21
0.0005948467656513876
1532585105524842e-20
14120536797085459e-23
10044051114313948e-22
1907735926204435e-20
0.08396058193960039
0.08469192507683648
43440003438080527e-21
0.00029380907352144123
0.0178536336465611
0.008233775614219948
0.10024072982231697
0.01069106583163933
2782965799224063e-20
0.15819543463801708
0.04019852964273306
8240528659579283e-22
0.3778353271126833
45711218538965224e-23
0.003486916607862914
0.0010120751201871
22994565953104647e-28
0.5639234449706378
0.7832306003528007
0.018170163494007394
0.3847544262594203
0.9984270631780229
0.008822736388791537
0.2538035843713481
2053564017978032e-25
5764825759295279e-21
0.0005099579936459004
9121525112785079e-20
0.15539648322830754
8473132310278217e-22
0.00012878662883268724
0.20930015053127515
0.0009394651568077132
0.012009113091989194
12229120087539126e-21
0.16540729214292071
0.10915532340430936
0.023443211603847436
27448684135787133e-21
0.00015347411795255505
12006681089854558e-23
0.014009012572278818
0.19375730748974299
8326801903884485e-24
10255146427439515e-21
9138936513004336e-21
9651205784193217e-20
12087286983038267e-21
0.5449142678000188
0.20239783332502123
0.004569436586222546
0.0014728454467945417
0.04391078497030868
0.005502073567633055
663788922110211e-19
0.029279361471555243
8324415564786961e-20
0.0007439046305445906
0.08941203009198716
11001015074605597e-22
0.8825610007112749
0.9984270631780229
0.001831717977608741
0.0004892193639871511
7563075161438925e-24
0.001020301346964937
10739431158622233e-24
0.010220191945699413
0.030485625773937323
0.0009047830212300648
0.0003413134985322494
0.00015052359758675578
2672606857915384e-21
0.006164479084250041
0.015559923949659268
0.023274271786359893
1106941514575518e-23
0.9880076094100646
0.07703300941970437
0
0
8178632036263326e-20
6713337711441584e-20
1033639325551855e-21
7552918368824232e-22
0.0001770472754016928
0.010370784573241284
0.005422152851210061
15204233914474802e-24
0.0001823109951654084
73287875613955755e-22
0.055089732430959264
0.013199910433080315
0.11393455886887073
3845637391775306e-22
0.06374349302636935
0.00775386664267007
0.00012248049809905737
0.1794660989224014
0.0003028199385680015
1652310701177045e-28
8603030544755844e-20
37936439222745482e-22
0.0001247325258514033
0.01829371970030035
0.003504645403082532
0.00015501393010872999
0.00014116829042876996
3818611353344796e-24
0.0006053050958097582
0.02283264076612434
13347307508814222e-24
0.0018094152694000019
0.0018548024534049208
4418946642601722e-20
0.12713199624022017
45840406947870524e-21
0.571959480730959
0.004770094337529766
0.23298909203629956
0.003107748339517446
0.0006740831301131325
0.000569638267340692
4737481021610692e-20
0.7072259762817504
11919895438320579e-21
2253077388099966e-20
0.008377225880024078
0.0064392828664330114
21999713951104103e-24
8738330617837065e-20
0.0030657705369065346
0.15741754452702422
0.03130818109811338
0.00010012356608302544
0.02400275943319404
0
0
0.13003162992542708
0
0.6204915204101077
0.531495688502763
0.5798508196550458
0.054819773859185114
0.030730070524006167
0.9724393388891844
0.5818114119120493
0.9762504480628806
0.5378318995464182
0.32502637180736343
0.0007960712340009233
0.01640175616514521
0.17204930553053605
0.44082743999241686
0.16340649040168198
0.00030712352014902126
0.027852085964905453
0.41476412045321076
0.1321859280778997
0.2062631706749752
