1.5888830283607145
4740421085683918e-49
476224429692216e-29
0
1397966594883168e-21
6504876993110882e-27
14024014362573587e-22
0
14133176379484624e-22
0
0.0007576693529459442
0
9.21150573545252
0
7.849878568970899
0
31.671930399389375
25.561324596740683
0.016382763189278907
0.05204533867177772
16967276062268302e-106
9.989526958964854
0.2855342408412175
2859712801343858e-32
0
86918624743899e-21
18389635364729803e-25
0.000804875008141696
0.003798321112632722
0.004005392546473537
0.007002851402279759
5398809530101202e-22
47126949527614226e-27
0.0007559905696556137
8796363620237709e-22
6311459140635441e-23
10826480566741203e-31
11449314241152277e-23
13841717677139917e-23
2.270961445270971
2.2605751623004893
0
0.9097396528138315
0
2.5176944955787
2.584429090226057
4.306199440601939
0
5.213594654888392
0
4.416810143875187
1.5840111829771177
15.092558335650555
17.19377928404117
0.25856635961125723
45.83969315271229
27.763038931427836
1.3830655140425658
0.0005890631920706078
0.016213366458809542
0.2432581284281967
33.59672271306456
0.3850241898490561
0.2527422798005081
2.201848707002598
0.9035513105923966
23.519580374523112
0
23.513439842981363
0
16.054779650820954
0.00024410845428685367
0.00024409313405628
0.007305295927770167
6.9831912175295425
0.1775018618265373
0.0959940577192953
0
0.00037656794498162866
0.5194649070155477
0.054955849834392244
0.02526366038178384
0.01400946169865712
0.00015819161235354148
665070896327818e-19
0.0011938454440338353
1.9051270693226967
0.43752301268918364
0.0021723769008151293
0.0003378489256397601
0.000631240158658307
0.006778544496243987
0.0045794618430386866
21980133418749748e-24
0.06197623698100551
0.9826012394120084
0.021393092405792305
21207780473524177e-28
4169165849801881e-22
13489953634970508e-21
0
0.748484691524176
0.38075279389333144
0.052623628868586896
0
0.267674043166739
0.01631200933769638
0.06047900533556976
0
0.00022353943598078533
0
0.18703734015700568
0.5274721595734994
0
0
0
0
4786673250141428e-22
0.44409601178419394
6174798935423342e-23
15688508256634618e-23
0.3598256233283896
0.2239449292198587
0.2357663984305352
0.5337209127146165
0.0006602590211256199
0.536253915166561
0.0012941893126475802
0.5885259058410551
10325295495873693e-22
8339665071582027e-20
0.4060903928729564
0.00047001128090479405
5280580983741242e-30
0.1675723553666357
0.013609741827401345
0.1854700123697804
0.01777319684345548
0.031233886483226066
0.027500265893817575
0.09248628793017417
0.24583639863718643
0.17458887397539816
0.2021894954873028
3218216320780432e-31
0.11997212051883983
0.12000277618422105
0.444381954142911
0.5242515158232235
0.00019590410073082144
0.5241945298853071
0.6161714695459904
10.66942172530467
1.9782428176849074
2.8146190680263663
0.12183741620916316
0.43756629231049765
3.208403151593231
3.629902698473709
0.7674083250481006
5.259965917864447
6.36496956464704
3.5241269131386708
2.163714768588056
2.758113776940176
0.6792532994856142
28.522601595263612
619.0246605269645
5.6310015320855324
3469.307835334739
1.1152214012759634
23.21823167497052
1.1665556929307088
44.97187432227981
1.3059054334285303
1.7913106502468321
1.1152204559516927
0.8509482834799984
1.0464268157437109
68.42659487900544
0
0.0005756262481311027
7116403564097889e-24
0
0.004543722014431036
0.0042464504292708295
0.003906333374836187
0.0024699571892481164
0.003409354657282156
0.006964116244827693
0.0036627383324040865
0.006549760748560966
0.002378914843925631
0.0036758632053064634
0.00459938303781755
0.011734838962508409
0.003574344496816898
0.005450520631226533
0.0039841222209545946
0.005410300417130869
0.005116558809910616
0.010558822980080722
0.01296178530500644
0.005964221216183739
0.005675137754149642
0.0019799289418432177
0.00741486390251214
0.016582795384128907
0.07000896011389823
0.038872616178750846
0.10675142812736421
911945826045418e-19
0.009889862315440662
0.19074899102068188
5447361857920567e-21
0.07088446538689576
0.011130217655713587
0.0020435773167639965
5556866803292841e-21
12044225282735606e-22
0.09636907104867239
0.08457953040641678
0.0040533604887659155
0.030260787982983265
0.019439153602058275
0.005827365132853003
0.012031251740828404
0.0004827521925021788
0.2315333183322905
15699129990756475e-25
0.06432465441258511
0.0004029516406485113
0.009581274976740467
0.011179221215923324
0.0001570477663843919
0.00017085856056558228
0.22417304637693763
0.0005198431799517553
0.056825898851916946
0.2007000236284408
1260914045084334e-21
2586162172358679e-21
0.0001447145046065746
1184022538771353e-20
0.0005942853725925933
15325478229955646e-21
14120533632157632e-23
10044035101084595e-22
19076781576642963e-21
0.07348331938050384
0.07403737942166923
4343700823552689e-20
0.00029367208291739455
0.017354763567154402
0.008126862701572299
0.08549316916988829
0.01051116593625591
2782842866472149e-20
0.12305896459307411
0.037713529351931896
8240517880757175e-22
0.20734002246324965
4571118537191269e-22
0.0034676703800244394
0.0010104505486789545
22994565953020754e-28
0.23021235339300425
0.22557723937061616
0.017653576440020434
0.20882799769471835
0.20415351823590439
0.008700038648266151
0.1696156420175466
2053564017308643e-25
5764773008158092e-21
0.0005095453693138967
9120204531988935e-20
0.12142019706097128
847312091436533e-21
0.00012876030442019698
0.1501201319301819
0.0009380652482741666
0.011782357128488661
12228882705612074e-21
0.12720373583019928
0.09178775148421388
0.022586852257885287
27447488235264904e-21
0.00015343673454054177
12006678801584104e-23
0.013700930600675348
0.1424455533722553
832680179382746e-23
10254979494653225e-21
9138803941673627e-21
9649727386110078e-20
12087055075456392e-21
0.22927870923119098
0.14676973818129757
0.004536413639778486
0.0014694061533162763
0.040954232597464495
0.005454230072746499
6637189864619075e-20
0.027949668785283367
8323315697441272e-20
0.0007430267405744174
0.07758008447190835
11000995864640362e-22
0.21701808250056334
0.20415351823590439
0.001826399973094943
0.0004888396116659401
7563075070644689e-24
0.0010186502695917884
1073943097554947e-23
0.010055728818805648
0.02904547950490671
0.0009034845297092787
0.00034112863512125133
0.00015048763765662348
2672595520066188e-21
0.006104453643084538
0.015180316494013598
0.022430098142875284
11069414951259138e-24
0.20540267849686666
0.06816587109078412
0
0
8177570353801152e-20
6712622366789774e-20
10336376296561864e-22
7552909313776189e-22
0.00017699752701151432
0.010201459215906124
0.00537568623192721
15204233547538558e-24
0.00018225824492428013
7328702305742853e-21
0.05047667509512275
0.012926213116374553
0.09508226459478601
3845635044316565e-22
0.057608858167268705
0.007659017479799797
0.00012245668843903764
0.13496799630975906
0.0003026744173879543
16523107011766224e-29
8601855823642382e-20
37936210782160696e-22
0.0001247078326177604
0.017770134226435093
0.00348520324036413
0.0001549757928415138
0.00014113666130295246
38186113301990054e-25
0.0006047237937088081
0.02201991715845214
1334730722603407e-23
0.001804225887220054
0.0018493496621517908
4418636698231104e-20
0.10389572443883584
458370715887733e-19
0.23052821859126893
0.004734113148898023
0.16093978272511875
0.003092455627630382
0.0006733622608737084
0.0005691234373794047
4737124783721947e-20
0.22986963067909572
11919669909406015e-21
22529968120624968e-21
0.008266567752075158
0.006373800671984801
219997131828668e-22
873711865773197e-19
0.0030508876719435585
0.12260521885180385
0.029790252356809634
0.0001001076550046262
0.02310542799140784
0
0
0.10577721203279249
0
0.23151318316519626
0.22845529241104962
0.23079439292012227
0.05025085407176032
0.029267017468777447
0.20724005699984557
0.230853883144467
0.20679361178913183
0.22886150056786586
0.1939741522873559
0.0007950659437204087
0.015980242051054833
0.13092330790006532
0.21886128607050473
0.12606499261785747
0.0003069738338856332
0.026647519316378064
0.21463114334500313
0.1071624502656545
0.14865722706660287
