0.0016233274200324593
32.95703889785465
131.02789864925714
0
123.24795695583919
0.0037383835918031864
286.03085949083066
0
124.55870139136096
0
219.52858788159241
0
27.797573016850443
0
34.09752584983444
0
29.860312801572547
18.50524635369989
101.5348692135576
29.611937815784394
0.03974669957249009
14.344798478346988
1.6927152100932579
1.0683260427241366
0
10.670972165894359
0.6202954378342662
3.7583845790489967
0.003656337786876579
3.2515523992003343
29.616325697828422
14.078343372426342
19.961099902561607
0.5644601728699542
46.498208649253286
1.0493666469054779
153270015811208e-19
43.82834143479214
70.65796237442288
1.9809018660208093
45.38261638063353
0
2.887423348443529
0
55.63900591770854
39.700686124987655
4.572301608382455
0
18.277647432145553
0
0.7717682860223211
6.158518953422837
29.56823385341536
35.976690496896786
18.554246135294786
188.65914180112972
61.09759041128839
0.4348748315175035
0.15335509264997552
0.010857758890294375
20.193205554616153
50.398209393465905
1.0238115993909234
1.4542002004573182
0.007835575841486631
0.06363320183816196
282.218401983074
0
271.82678430712036
0
7.794659171996531
0.041007529543055546
130.1244081869786
15.164983754899726
2.275317416415305
1.0089060250592135
3.0184288284797214
0
7566347047711293e-20
0.1765957656212863
0.08803240786914016
0.002258546525152812
0.03855754985645488
0.0074251012294303505
0.00040925064904276354
0.0016202969274133564
0.24091781968563758
0.6783474287715897
0.3178568374394157
0.11667562021538505
0.0035516472356839027
0.10831890773116715
0.02288334212449069
2.2412243213270204
0.03272613669665898
0.8654448219007872
0.02086565618579475
0.034362160859677436
4.1668817291268745
0.0005278275982716296
0
1.276275529537516
1.4998320568765109
0.18521701107444577
0
2.408781130447995
0.00012871746336179024
0.015327887713476955
0
0.002083309556047855
0
0.2136009162220446
1.0251680731518251
0
0
0
0
1.2211596061330339
0.5694322045558049
1.1951232491842272
5.850110972737321
0.2985627654054413
1.278495123732801
0.14076945287888248
0.082694411713689
0.01570644018474504
6.417836897955594
0.0037348171551406946
1.6312195838654298
9788796156919445e-22
0.07168524730631044
1.913215002874369
0.3284009008834133
0.4946475739005806
0.003847660214158339
0.8547626018752716
0.1890444861034716
0.0005987157508133668
0.021429500475012672
0.9824864558858508
2.3445424533346846
0.13382857067842535
0.09193811137213924
0.27732728346395874
0.027619754906095858
0.37077612791788456
27.50582804173152
0.3979426281955517
0.589515855590953
0.14050765156623493
24.29536246612078
0.2864917104860195
8.315076680798319
1.9886250098711797
3.0827670128582807
0.18396539574388282
0.3500680205699001
3.246144026421526
4.210598486352113
0.9846712320556359
4.24329770181244
3.7448338632323703
5.159651512761512
2.190910897751242
3.044567591495451
0.4813864101082662
33.990680640960775
619.584613865848
5.631424977544534
10673.437935790622
1.1152425014310532
23.219062024646373
1.182170982011788
45.43388521876851
1.252242663850053
1.789260001014057
2.467208759271993
0.3062632621261274
1.0997441398561683
46.646050183201325
0
0.0007031767054552744
747215716829554e-26
0
3576946023168498e-33
0.02285180555522501
0.03706217896963708
0.060613250564757526
0.02999004336778606
0.03801190824866516
0.06602344600807546
0.03542964738090333
0.057020808163092365
0.035115097497772335
0.029397044798761134
0.05388307220396072
0.03018451890872087
0.030426003540321208
0.03357876436280588
0.028271381541434267
0.045700802569204745
0.06275096171220156
0.0775613403936829
0.028435287852751994
0.03647052846975789
0.0019861807049030124
0.0075037064895605975
0.0170373708276597
0.07941540444894618
0.04152099011939131
0.13154412038412563
9120778584230468e-20
0.010048874699020192
0.3141374062940586
5447408958481299e-21
0.08055403486864537
0.011332234217785597
0.0020502385055534518
5556915816566887e-21
120442483081246e-20
0.1158227022903678
0.09896904220826098
0.0040796935012477435
0.031828947172193735
0.020068350682132623
0.00588202647514753
0.012267827587615113
0.0004831225289048188
0.629147684585997
15699130029876502e-25
0.07212799528593801
0.000403209611751404
0.00973040574112035
0.011383045249187283
0.00015708692921363333
0.00017090491575022537
0.8021378155767113
0.0005202726481760877
0.06278097323278672
0.3497911802828155
12609165686828242e-22
2586172788389612e-21
0.00014474775692171942
11840447913416059e-21
0.0005948467482592136
1532585104370346e-20
14120536796987452e-23
10044051113818087e-22
1907735924415561e-20
0.08396023540176782
0.08469157247523844
4344000334532859e-20
0.00029380906927843305
0.017853617978743158
0.008233772281898723
0.10024023585390927
0.010691060213500515
27829657954172723e-21
0.1581942042626023
0.04019845021161899
8240528659245507e-22
0.37782830605058865
45711218537938185e-23
0.003486916010237948
0.0010120750698405818
22994565953104643e-28
0.5639078004085075
0.783200411242918
0.018170147265702374
0.3847471456186636
0.9983779894632502
0.008822732562696023
0.25380041692228794
20535640179780113e-26
5764825757661792e-21
0.0005099579808635
9121525071889322e-20
0.15539529601094318
8473132309925334e-22
0.00012878662801744833
0.20929799664263227
0.0009394651134261448
0.012009106003181178
12229120080188342e-21
0.16540594701399386
0.10915473766202469
0.023443184589576213
2744868409875435e-20
0.00015347411679480805
12006681089783702e-23
0.014009002925823848
0.19375546166748042
8326801903881077e-24
1025514642227027e-20
9138936508899133e-21
9651205738409982e-20
12087286975857001e-21
0.5448996606108122
0.2023958191776916
0.004569435559928882
0.0014728453401696487
0.043910690190633046
0.005502072079643948
663788919944486e-19
0.02927931933236642
8324415530726477e-20
0.0007439046033440029
0.08941163708944866
11001015074010745e-22
0.8825226628833944
0.9983779894632502
0.0018317178126931513
0.0004892193522232634
7563075161436114e-24
0.001020301295796651
10739431158616565e-24
0.010220186811553041
0.030485580091001226
0.0009047829809924012
0.00034131349280626155
0.00015052359647309597
2672606857564298e-21
0.00616447721640786
0.015559912049064283
0.023274245160040945
11069415145749157e-24
0.9879595553828145
0.07703271771136794
0
0
8178632003385382e-20
6713337689289208e-20
10336393254993405e-22
7552918368543834e-22
0.00017704727386097933
0.010370779286677595
0.005422151406134939
1520423391446344e-23
0.00018231099353172044
7328787558755553e-21
0.05508958324715872
0.013199901868736074
0.11393392070692493
38456373917026147e-23
0.06374329328966379
0.007753863687481922
0.00012248049736170136
0.17946451538283176
0.00030281993406074364
1652310701177045e-28
8603030508377221e-20
37936439215671618e-22
0.00012473252508668272
0.018293703250538463
0.003504644799365
0.000155013928927635
0.00014116828944924013
381861135334408e-23
0.0006053050778006449
0.022832615140708758
13347307508805464e-24
0.0018094151084759413
0.0018548022843063896
4418946633003721e-20
0.12713120165849812
45840406844584824e-21
0.5719433869140875
0.004770093219121394
0.2329864228966535
0.003107747864797979
0.0006740831077789205
0.0005696382513913797
4737481010579098e-20
0.7072013648911937
11919895431336836e-21
22530773856048225e-21
0.008377222430578061
0.006439280828346553
21999713951080314e-24
873833058030519e-19
0.0030657700749249983
0.15741632622351195
0.03130813291664754
0.00010012356559028757
0.024002731113943084
0
0
0.13003079868089243
0
0.6204725780995225
0.531481792152831
0.5798342784783819
0.05481962613396748
0.030730024105510803
0.9723927884545128
0.5817947586374995
0.9762035317615525
0.5378176697516676
0.3250211766427622
0.0007960712028516686
0.016401742941992786
0.17204785018898613
0.4408178817645813
0.16340517762194084
0.0003071235155127416
0.027852047833969818
0.41475565939008624
0.13218506905905822
0.20626107884925488
