0.0016479035371239508
33.02236966225036
130.97293090725103
0
124.38661705946663
0.003715593958286637
285.53701437583436
0
124.84024263698352
0
212.18423640620375
0
27.710007402670264
0
34.09599587063619
0
29.878028436398917
18.491425560753918
101.26206510365981
26.89189699942414
0.03658135231417734
13.759327610858374
1.7052527764718015
1.067511098919385
0
10.669469802604725
0.6197055369734173
3.6941877218248926
0.003658222422073334
3.256536588311799
29.157249560638828
14.256081079383161
19.78013394379398
0.5676101929338394
47.17348565569344
1.0394058562225073
15517338720652876e-21
43.80287566267955
70.59695058790436
1.7734078640447404
45.332307935849016
0
2.888363699305646
0
53.39801757484601
39.674574170023
4.57219900810897
0
18.282126795566654
0
0.7358792095790295
5.636781013996491
29.568245191386904
35.97671789161743
18.554825086135207
188.0322797694243
61.0900798203134
0.4152361008698756
0.1529205300936327
0.010852663144815955
20.205212301247943
50.38494741137559
1.0243375977871976
1.4484265586143923
0.0075406600089347785
0.06418232988611136
280.5630249035922
0
271.85873004748584
0
7.8412564874396695
0.04076857757367076
126.51110533636465
15.178360667465107
2.1888004358592155
1.010878345086986
3.0184948600585306
0
7585137701734225e-20
0.15894758367640138
0.08867612386145786
0.0022668173316093073
0.0383247711216596
0.007426295255135323
0.0004096696925216439
0.0016198016003655144
0.2429540296918279
0.6783376656621476
0.30725865491915133
0.11695195238733605
0.003404107636456475
0.1089981811273535
0.02302798763407512
2.2406571104683364
0.03301387358264836
0.8277692736511055
0.021045933294489706
0.034660743124036296
4.018618628271809
0.0005291146091259901
0
1.2762712927270796
1.4990287506657658
0.184060799840191
0
2.4086644097346466
0.00012350242383653314
0.014749157867480918
0
0.002061846506184202
0
0.21360039119444565
1.02515813700918
0
0
0
0
1.2167510998489808
0.5694537824198118
1.194900816489171
5.849629264714585
0.2986008334685937
1.283516711150967
0.14084547397038955
0.07893689177683505
0.01576011590283084
6.413360576339745
0.0037354348158414987
1.6313669368139443
9788871603792426e-22
0.07172943391040684
1.9145075037055532
0.33087310095401923
0.4958947992731145
0.0038447841788064128
0.854712365018172
0.18904836862911453
0.0006054746913964089
0.021572114006376444
0.9823915004995237
2.344631181506095
0.13383972822392443
0.09249966347203391
0.27934277862593254
0.027809696505577377
0.3737456396985576
25.632432436042166
0.3980128332721242
0.5895137680827538
0.14037712301746216
23.294989175386842
0.28822358303159273
8.377620958048356
1.9886024185445745
3.0826484803390293
0.1839771293187854
0.35245060401034733
3.2460816171486337
4.210329374282377
0.984710537353352
4.271864548363915
3.7762469822750497
5.191910197360623
2.190582166615829
3.069584995597748
0.48421500312167287
34.195052765384105
619.5846051919675
5.631424970987928
10673.252216908786
1.1152425011043487
23.21906201178954
1.182170738623615
45.4338780286671
1.2524003976942881
1.7892951051850712
2.3535446716069037
0.3076467846160658
1.099743293651177
46.51409917788513
0
0.0007073499408803594
7598700651296235e-27
0
47422685383100836e-34
0.02305951798450371
0.037398280471881463
0.06114989033415388
0.030256489108720485
0.03826982658660596
0.06661620741345821
0.03574895766510316
0.057529761205747806
0.03543347262733671
0.02966201932473048
0.05437211656999781
0.030458273944959348
0.030698578528462618
0.03388145935909775
0.028523548756238703
0.04610420703770619
0.06331229112190796
0.0782682030905015
0.028691277196960963
0.03680130232872936
0.001986180607952039
0.007503705105770578
0.01703736369370511
0.07941524943229773
0.04152094774751237
0.1315436950323927
9120778563785937e-20
0.010048872217286594
0.3141349798377369
544740895775202e-20
0.08055387537468829
0.011332231061674513
0.002050238402247945
5556915815807993e-21
1204424830776809e-21
0.11582237254271972
0.0989688014499663
0.004079693092202643
0.03182892227329808
0.02006834078405918
0.005882025624849187
0.012267823888846372
0.0004831225231685673
0.6291379468248889
15699130029875896e-25
0.07212786741511448
0.0004032096077558657
0.009730403414197548
0.01138304206470999
0.00015708692860718547
0.0001709049150323939
0.8021219822122075
0.0005202726415237295
0.06278087635743654
0.34978817160382625
12609165686437504e-22
25861727882252403e-22
0.00014474775640680262
1184044790997058e-20
0.0005948467395631268
15325851037930977e-21
14120536796938448e-23
10044051113570156e-22
19077359235211237e-21
0.08396006213338789
0.08469139617498993
4344000329895263e-20
0.00029380906715692896
0.017853610144839344
0.008233770615738616
0.10023998887061825
0.010691057404432214
27829657935138768e-21
0.1581935890784834
0.04019841049612081
8240528659078621e-22
0.3778247955684668
45711218537424666e-23
0.0034869157114255037
0.0010120750446673235
2299456595310464e-27
0.5638999782901994
0.7831853171243367
0.018170139151555298
0.3847435053499492
0.9983534535103801
0.008822730649648888
0.25379883321258145
2053564017978001e-25
5764825756845049e-21
0.0005099579744723001
9121525051441444e-20
0.15539470240566233
8473132309748892e-22
0.0001287866276098289
0.20929691970662287
0.0009394650917353613
0.01200910245877874
12229120076512951e-21
0.16540527445363254
0.10915444479206104
0.023443171082452273
2744868408023796e-20
0.00015347411621593457
12006681089748274e-23
0.014008998102598855
0.1937545387629432
8326801903879373e-24
10255146419685649e-21
9138936506846531e-21
9651205715518365e-20
12087286972266367e-21
0.5448923571630468
0.20239481211154317
0.0045694350467821365
0.0014728452868572053
0.043910642800871945
0.0055020713356495445
6637889188616234e-20
0.02927929826279475
8324415513696235e-20
0.0007439045897437094
0.08941144058882719
1100101507371332e-21
0.8825034945939717
0.9983534535103801
0.0018317177302353623
0.0004892193463413196
7563075161434708e-24
0.001020301270212509
1073943115861373e-23
0.010220184244480821
0.030485557249558846
0.00090478296087357
0.0003413134899432677
0.00015052359591626608
2672606857388755e-21
0.006164476282486982
0.015559906098770204
0.023274231846892892
11069415145746146e-24
0.9879355292456536
0.07703257185761396
0
0
817863198694641e-19
671333767821302e-19
10336393254730831e-22
7552918368403636e-22
0.0001770472730906226
0.010370776643396763
0.005422150683597522
1520423391445776e-23
0.00018231099271487646
7328787557435542e-21
0.055089508655409944
0.013199897586566037
0.11393360162729245
3845637391666269e-22
0.0637431934215457
0.00775386220988827
0.00012248049699302335
0.17946372361828664
0.0003028199318071148
1652310701177045e-28
860303049018791e-19
37936439212134688e-22
0.00012473252470432243
0.018293695025663068
0.003504644497506273
0.0001550139283370875
0.0001411682889594752
3818611353343722e-24
0.0006053050687960884
0.02283260232801175
13347307508801085e-24
0.0018094150280139163
0.0018548021997571301
441894662820472e-19
0.1271308043694994
4584040679294197e-20
0.5719353401754707
0.004770092659917306
0.2329850883382972
0.0031077476274382733
0.0006740830966118147
0.0005696382434167239
4737481005063301e-20
0.7071890595170949
11919895427844965e-21
22530773843572507e-21
0.008377220705855587
0.006439279809303566
2199971395106842e-23
873833056153925e-19
0.0030657698439342566
0.15741571707529164
0.03130810882594242
0.00010012356534391864
0.024002716954330133
0
0
0.1300303830606178
0
0.6204631071610819
0.5314748441141145
0.5798260080669997
0.05481955227150795
0.030730000896289415
0.9723695140728179
0.5817864321789764
0.9761800744564029
0.5378105549954757
0.32501857909160115
0.0007960711872770416
0.016401736330420573
0.1720471225228276
0.44081310272838103
0.16340452123602528
0.0003071235131946018
0.027852028768521577
0.41475142892325045
0.1321846395517309
0.20626003294435008
