1.6223578941956505
0
4744834594931506e-31
0
10891234557708395e-22
50937353645297035e-28
10926324949882493e-22
0
11012405262560273e-22
0
0.0007294066836102782
0
9.211183062085636
0
8.05030296497505
0
32.191882436205596
25.640326882243386
0.014645584342214883
0.037531759547987854
14996134832830795e-107
9.929110114052724
0.28334110366897003
27756200680586683e-34
0
33488136913991926e-24
6795723119230087e-25
0.0007894395232904864
0.0037970468030722126
0.0038583030145109658
0.0068686137836215175
5217470227906012e-22
4335980834424232e-26
0.000728415861995388
8483905690084486e-22
59271385683448765e-24
10366893474984633e-31
4415397149320758e-23
5338261152989333e-23
2.309647310674517
2.299857704158718
0
0.940696972363685
0
2.5648590988823945
2.5493735118705017
4.294000648733294
0
5.192847614494338
0
4.4155903582083775
1.5659726194038703
15.07940968374417
17.18417646258805
0.24622151838266906
45.75493965482618
27.76614688229748
1.3686656896212261
0.0005524761197757916
0.016213676717102936
0.24328156729932868
33.531508262885815
0.395188727538594
0.25385667552091534
2.1960252777422076
0.8524132624244913
23.410388096013
0
23.404112344699012
0
16.054473998783035
0.0002514059204348247
0.0002513903464268332
0.007229594758467859
6.983188416015313
0.1765231651324938
0.09479167412745355
0
0.00038740578824716384
0.5127847325691905
0.054771107413228846
0.025040215664745718
0.014523797697595011
0.0001659108681542038
6840225757717821e-20
0.0011657842628781734
1.9023514554464216
0.43630960593687607
0.002098346606084968
0.00033936215836683896
0.0006561002542055038
0.006697435717731926
0.004521016299447225
20595167230519e-21
0.06268975349538142
1.0063296241804351
0.021372915663113355
19683377849221635e-28
3977653241204437e-22
1371527868019831e-20
0
0.743742249624421
0.3740588073799959
0.053935219709486164
0
0.2620472670775091
0.015779480795912036
0.06020485519464242
0
0.00022310942432916318
0
0.18652865941017416
0.5185251925298768
0
0
0
0
4638169168483573e-22
0.4456273234536728
5942924187724632e-23
10779544948087383e-23
0.3575971563965479
0.21815791949032434
0.23564626395797245
0.5321282294139581
0.00067373175292867
0.5276050854966573
0.0012796512906125745
0.5819500179002282
10319919918605434e-22
8483076225766495e-20
0.4145096004864131
0.00045219998876217063
2232987356283542e-30
0.16604260650744995
0.011892180736346998
0.18383361423944658
0.01772360821154337
0.031442036652939716
0.023876839590617933
0.08436978104326362
0.24476718537041384
0.1761151399363674
0.20031470113784636
1354728957498067e-31
0.11697334952497679
0.11700320054427407
0.44220378103382235
0.5227331037896238
0.00019475203422431207
0.522679283865916
0.6219260765442312
10.649033413678682
1.9759760518602647
2.8079450076504915
0.12240169200509063
0.43683057476836
3.2020289144242047
3.616279575497029
0.7703202946520648
5.25789766692459
6.359484542753996
3.439953706166891
2.159811604626963
2.7565214263386637
0.6853339722515157
28.46794752663302
619.0128567172093
5.630992602081361
3388.049569782451
1.1152209562838566
23.218214163446426
1.1662286013374799
44.96218139549389
1.305929562324186
1.7913054515889757
1.115220010861854
0.8465889268762415
1.0453306434888148
67.26814205596644
0
0.0005745615184308896
7256940643077539e-24
0
0.004312367847411155
0.004042677900001888
0.0037289377454596795
0.002313951297504097
0.003282093140530595
0.006739105172469302
0.0034465890865060427
0.006352470764039629
0.002232536533676379
0.0035066796953014965
0.004419614741464092
0.011384104718510209
0.0034099071171534764
0.005264113247135141
0.0038089966413099923
0.005230593045946793
0.005014786224529311
0.010217091458579545
0.012441982772875977
0.0057626926767050364
0.0054693321983932215
0.0019797973059967515
0.007413001606927094
0.016573340257856752
0.06982307012387395
0.0388186206509796
0.10628229003816521
911943041725083e-19
0.009886536021980336
0.18875262711366098
5447360864587218e-21
0.07069355545621452
0.011125996186162605
0.0020434370674174
5556865769621173e-21
12044224797137025e-22
0.09599608715089741
0.08429973927391664
0.0040528069668348795
0.030228561535248367
0.019426098623774864
0.005826217826384914
0.012026311856284404
0.00048274438526777717
0.22670318572450324
15699129989931441e-25
0.06416951334623223
0.0004029462018871554
0.00957815458420612
0.011174962152173454
0.00015704694055634563
0.0001708575830830145
0.2182261245380295
0.000519834126404445
0.0567065876699127
0.19836236934928478
1260913991862398e-21
25861619484700067e-22
0.00014471380340674863
11840220694753356e-21
0.000594273539041963
15325470367514998e-21
14120533565412257e-23
10044034763380775e-22
19076769393984055e-21
0.07327705216125636
0.07382774903480187
4343694507171738e-20
0.0002936691946009195
0.017344394335029763
0.008124623018467643
0.0852067286430621
0.010507404788992149
27828402739933375e-21
0.1224088580628103
0.037662811425906946
8240517653442002e-22
0.20473256160028838
4571118467245071e-22
0.0034672656408396662
0.0010104163160704776
22994565953018997e-28
0.22590354518685052
0.21973267636891075
0.017642841719809507
0.20615401290328672
0.19743262469701808
0.008697469523294272
0.16818011371864158
20535640172945265e-26
5764771895690921e-21
0.0005095366710465921
9120176684228091e-20
0.12079007038064338
8473120674036303e-22
0.00012875974932078553
0.14907167776489386
0.0009380357479775169
0.011777621442697585
12228877699497858e-21
0.12650117428528232
0.09145291729816216
0.022569133336217163
27447463015397348e-21
0.00015343594625723871
12006678753326617e-23
0.013694506916436255
0.14152436117403266
8326801791506455e-24
10254975974225442e-21
91388011458884e-19
9649696210509433e-20
12087050184789314e-21
0.22513083798077715
0.1457783841530767
0.0045357197922329924
0.0014693337083563384
0.040894073724564016
0.00545322559005191
6637175116635357e-20
0.027922286839472798
8323292503827712e-20
0.0007430082378512104
0.07734819751498508
11000995459520443e-22
0.21069170212549043
0.19743262469701808
0.0018262879877266563
0.0004888316062177257
7563075068729926e-24
0.0010186154786896307
1073943097168863e-23
0.01005228909043775
0.029015852226307308
0.0009034571658058181
0.00034112473760227423
0.00015048687938768132
2672595280962022e-21
0.006103194075620472
0.015172411443004541
0.022412628949299053
11069414947157401e-24
0.1987101750403337
0.06799029900422181
0
0
817754796539046e-19
6712607281657821e-20
10336375938913559e-22
7552909122813771e-22
0.00017699647801480605
0.010197918227850203
0.005374710593703424
1520423353980022e-23
0.00018225713263515773
7328700507791193e-21
0.050383667697070596
0.012920502615302046
0.09472025200830432
384563499481086e-21
0.05748605085125923
0.007657029741654455
0.00012245618636531373
0.13415936501277995
0.0003026713492348116
16523107011766138e-29
8601831051594979e-20
37936205964576266e-22
0.00012470731191309127
0.017759255173069876
0.0034847943866398593
0.00015497498866308719
0.00014113599435044375
3818611329710881e-24
0.0006047115406012471
0.02200309273019409
13347307220070506e-24
0.0018041166083765335
0.0018492348406230984
4418630162026977e-20
0.10345442401699158
4583700125176835e-20
0.2261525450142155
0.004733357268584574
0.15968899366052794
0.003092133930120259
0.0006733470667157574
0.0005691125851061263
4737117271284978e-20
0.22448561508327988
1191966515325713e-20
22529951128199137e-21
0.008264249881755767
0.006372426907066336
21999713166665382e-24
873709310043168e-19
0.0030505745853147788
0.12196068677396364
0.02975904588287386
0.00010010731948202244
0.023086869786101617
0
0
0.10531769264938597
0
0.22674944247889312
0.22442327358513986
0.22635375655330242
0.05015871611942385
0.029236924952034813
0.20059252169747147
0.22639721585311362
0.20013478418386554
0.2247745515357218
0.19187404271939132
0.0007950447567585515
0.01597147033547458
0.1301712417659644
0.21565313100294417
0.12537712188591943
0.00030697067792732224
0.026622685129177367
0.2116698384937278
0.10668921577299655
0.14763400787964537
