1.6468168901737046
2102924653456254e-51
880938034103486e-31
0
9073195650807652e-22
4259185364815659e-27
9102365514424372e-22
0
9173743119433177e-22
0
0.0007147902640552411
0
9.207825419164386
0
8.11551703485944
0
32.48053783399194
25.69542625008492
0.013489514428107708
0.029477538360986474
25404138659670286e-108
9.889745701002283
0.281930870743541
5065162556386333e-34
0
1668143186838168e-23
32936268163070994e-26
0.0007814245031920905
0.003796116038070548
0.0037821920968098576
0.006798920566684238
5126873620532327e-22
411935886046545e-25
0.0007141832239444779
8324390717650771e-22
5708183799149244e-23
1013319378259899e-30
22007480349218268e-24
26607900478191286e-24
2.3369718093140652
2.3274578028116566
0
0.9617127689872761
0
2.5877060182531495
2.5547114018482118
4.285109116138878
0
5.1779173624889285
0
4.414700572635586
1.5514758222643792
15.068717915775533
17.1758126711543
0.2436832429271703
45.65289154230978
27.753205803702024
1.3578555812690387
0.0005226698903334419
0.016205176279568516
0.24315450287741935
33.48069163412387
0.4017857749587233
0.25492709363432764
2.191871381693349
0.8197680977465724
23.332153849580354
0
23.325705128258555
0
16.050968279881612
0.0002567505814131022
0.0002567347233408609
0.007175474587068655
6.983187113818735
0.17589983733195375
0.09398737196548163
0
0.00039513127790451863
0.5076196460835303
0.05461987086370207
0.024872874255919275
0.014915239324575108
0.00017073365522116387
6944448781610313e-20
0.0011476011092626528
1.9003114176545484
0.435525178735045
0.002060921124188972
0.00034015238189046655
0.0006741639918378286
0.006688842616715452
0.004530820648378976
19845061250902107e-24
0.06306654551769393
1.0139709603501954
0.021336206673084536
18978069631232703e-28
3883689731296419e-22
13855221477452269e-21
0
0.7402374984502801
0.36919192397395395
0.054920168315706744
0
0.2581363484607571
0.015402060116404671
0.05999446776837031
0
0.00022270420078461604
0
0.18615877545222756
0.5120604973471886
0
0
0
0
45665779724577684e-23
0.44683001232767344
5838604461441839e-23
8796646914177287e-23
0.3559615872290648
0.2140356109375464
0.23546574986293736
0.5309799610204047
0.0006824532612122437
0.5220549540538306
0.001268689122055778
0.5770156622592089
10315856358666186e-22
8574336252295005e-20
0.42004669621515645
0.0004428940794256949
1186911255762479e-30
0.16492050890805443
0.010760358548971356
0.18263878220408225
0.01768775269021615
0.03159073585020226
0.021504752026559687
0.07881818668543475
0.24396159566211478
0.1772003214351316
0.19898453927067175
717798315628456e-31
0.11482772280663994
0.11485709454923407
0.4405830771498696
0.5216105331004192
0.0001939372899900399
0.5215590369414509
0.6260039194773759
10.634443669640133
1.9744086218742782
2.803543895491498
0.12284909409982604
0.43630391972135874
3.197619737582044
3.6073085145363963
0.772599735500026
5.255055044602961
6.353347675919876
3.3791498560301623
2.1570493113038776
2.7540331841118424
0.6897096035214427
28.42474689329131
619.004232199552
5.63098607722664
3329.8827070815555
1.1152206311427064
23.218201368353533
1.1659896641354712
44.9551004100048
1.3059466006696574
1.7913016519325842
1.1152196856492818
0.8434149078317746
1.0445304321933286
65.88934332706849
0
0.0005740657145612178
73594926933336e-22
0
0.004150163292622092
0.003896770989244121
0.0036014755636655073
0.0022045180052394932
0.00318919002800079
0.006573870969948514
0.0032940359673180094
0.006205389498848761
0.0021296542458695117
0.003385251715234192
0.004289205435461757
0.011125573710344139
0.0032917071714078663
0.005127754052588208
0.0036830283245661622
0.005098940148784572
0.004939991519377378
0.009966609430738526
0.012066309385633944
0.005615295670605128
0.005319444862206601
0.001979701129497646
0.0074116411838366335
0.01656643511334618
0.0696875585041494
0.03877921530199605
0.10594081016644126
9119410073181256e-20
0.009884106314879763
0.18730717191634466
5447360138790956e-21
0.07055438895059994
0.011122912708005453
0.0020433345978660552
55568650143510185e-22
12044224442325944e-22
0.09572447300002723
0.0840958903675474
0.004052402574151379
0.030205036419273794
0.01941656531940802
0.005825379669678011
0.012022703725731393
0.0004827386808552959
0.22323779506944558
15699129989328617e-25
0.06405639344577126
0.0004029422280074965
0.009575875257402137
0.011171851218752346
0.00015704633715339105
0.00017085686887182236
0.21398088977878688
0.0005198275113715097
0.05661956928563886
0.1966715548266364
12609139529748613e-22
2586161784881846e-21
0.00014471329106498462
11840217265761131e-21
0.0005942648928002876
15325464622687824e-21
14120533516643583e-23
10044034516631582e-22
19076760492516252e-21
0.07312670558281158
0.07367495430775352
43436898920033715e-21
0.0002936670842199503
0.017336821791717753
0.008122986945119166
0.08499804284040031
0.010504657491942189
27828383797548957e-21
0.12193601888894129
0.03762579661675247
8240517487350203e-22
0.20284813093553414
45711184161376585e-23
0.0034669699409470792
0.0010103913041498698
2299456595301771e-27
0.22280631581504837
0.21555821293610897
0.01763500233620119
0.2042218928903579
0.19266219865950585
0.008695592826910348
0.16713890748692165
20535640172842118e-26
57647710828474685e-22
0.0005095303155993933
912015633682852e-19
0.12033172587788514
8473120498435702e-22
0.0001287593437292086
0.14831023912011562
0.0009380141936565794
0.011774162434596485
1222887404169428e-20
0.12599029005023407
0.09120903738548493
0.022556195485584123
27447444588074837e-21
0.00015343537028682204
1200667871806644e-22
0.013689815243559209
0.14085504482806654
8326801789810575e-24
10254973401964097e-21
9138799103099585e-21
9649673431575445e-20
12087046611339162e-21
0.22214764581233218
0.14505827031554586
0.004535212887493397
0.0014692807774380635
0.04085017347292674
0.0054524917641759485
6637164340783927e-20
0.027902296704680803
8323275557049325e-20
0.0007429947188043287
0.07717920360717953
110009951635125e-20
0.20618613497905589
0.19266219865950585
0.0018262061680008547
0.0004888257569799163
7563075067330871e-24
0.0010185900588600006
10739430968867643e-24
0.010049776536730747
0.028994223646661318
0.0009034371724153499
0.000341121889840047
0.00015048632534763734
2672595106256397e-21
0.006102273914957754
0.015166638082145951
0.022399873380559505
11069414944160395e-24
0.19395845941873427
0.06786230017760786
0
0
8177531606945516e-20
6712596259463854e-20
10336375677591579e-22
7552908983283746e-22
0.00017699571155095192
0.010195331720166222
0.005373997838535463
1520423353414607e-23
0.00018225631992595576
7328699194086659e-21
0.050315818588208105
0.012916331732990416
0.09445661294860343
3845634958638652e-22
0.057396485095054815
0.007655577692207186
0.00012245581951767092
0.133571589257176
0.0003026691074547405
16523107011766075e-29
8601812951510548e-20
3793620244452436e-21
0.0001247069314524957
0.01775131041385071
0.0034844956808440983
0.0001549744010786984
0.0001411355070319254
3818611329354225e-24
0.0006047025878109595
0.021990807795809288
13347307215713124e-24
0.0018040367660638644
0.0018491509487731609
4418625386241269e-20
0.10313316575389296
45836949858874186e-21
0.2230079859249826
0.004732805047727398
0.1587812332822367
0.003091898897369316
0.000673335965055379
0.0005691046558337599
4737111782199096e-20
0.2206315912025981
11919661678094996e-21
22529938712394224e-21
0.008262556700212127
0.006371423328924467
2199971315482753e-23
8737074426590661e-20
0.003050345843410322
0.12149189147144637
0.02973626499800124
0.00010010707432727694
0.02307331933417896
0
0
0.10498319944412128
0
0.22333082335705018
0.22152227347326206
0.223163243587507
0.05009150074744471
0.02921495689365625
0.19587059503705742
0.22319536731025352
0.1954053608052117
0.2218345706506857
0.1903539511470238
0.0007950292764914254
0.01596506417258809
0.12962446439069203
0.21333880916676448
0.12487689140955861
0.00030696837199172
0.026604554230780387
0.2095319745934759
0.10634476057867553
0.1468908306700448
