0.0017953602396729002
33.391717829238004
130.6437833328331
0
130.94105304944097
0.00358146448642639
282.5451379610517
0
126.4341253504051
0
170.14665471012034
0
27.149666589595096
0
34.086569971834635
0
29.983255748952665
18.39894415665594
99.57031712090982
14.732528733147374
0.02226515841551051
10.588376447814138
1.7787830679300756
1.0626088308043808
0
10.66044796324151
0.6161463423226737
3.322449164582924
0.003669586857475303
3.2863731640181295
26.469628165211123
15.288986754394779
18.696824371074033
0.5870020489631845
51.13977228332881
0.990112172752364
16493827966157687e-21
43.64991147392665
70.2318392337769
0.8923442756623826
45.026146097737936
0
2.893857801365561
0
41.292691796292495
39.45417640755235
4.571740549911456
0
18.298317477829073
0
0.5475735523531865
3.173834031057387
29.568293051486805
35.97685331871811
18.558381078579245
183.49931611311104
61.052565236418296
0.3113711006544351
0.15005484703803357
0.010827404140306219
20.26398138320504
50.30798624159243
1.0274797072325472
1.4119726468600151
0.005902552429316046
0.06724437251563789
269.9948700472734
0
271.8647534562965
0
8.129429940762577
0.039223449640929914
105.19828671848514
15.244788113642953
1.708278506962145
1.0238284589147806
3.0188395739781853
0
7660041741011394e-20
0.08298323626058093
0.09244703458968807
0.0023153574140020415
0.03684247278431376
0.007442489505855706
0.00041297317062614284
0.001616797041700434
0.2550058938529251
0.6782784556970269
0.2467648173668603
0.1185785694102265
0.0025900493978274204
0.11295210352639667
0.023853150796536486
2.2375021679666163
0.034725517249605216
0.6261570996761657
0.02211406606530031
0.036430874687774166
3.181508053257584
0.0005368501863035694
0
1.2762430925941057
1.494315029119483
0.17671037957384517
0
2.407945081318202
9506515951701955e-20
0.01156682104668869
0
0.0019314732470923153
0
0.2135971941869166
1.025098107796703
0
0
0
0
1.1957782229232534
0.5695876370275246
1.1936403526633776
5.846737480063413
0.29882902893346175
1.3122586137313939
0.1412993643461382
0.05908262344360382
0.016060280179550954
6.386333161921461
0.0037391183914350845
1.6322474512173584
9789324278186095e-22
0.07193677849168215
1.9222090761873953
0.345447813105965
0.5029409011508593
0.003830569687048273
0.8544118799505467
0.18907165571293352
0.0006461149146974661
0.022404034890817222
0.9818244061558402
2.3450729393252803
0.13390668030553146
0.095762723457324
0.29114910707969616
0.02891855585123367
0.39122738007769725
16.793019277728806
0.39835382603258584
0.5895012572421939
0.13971066645378435
17.86008191301479
0.2981956345355821
8.744644383375798
1.9884782622082227
3.0819582985535643
0.1840499416598098
0.3663641879047096
3.2457385759336974
4.208762666208709
0.9849543330151944
4.4384899601967085
3.9617487705867434
5.378962278132182
2.1886679534130686
3.216875324493759
0.5006268660468806
35.377341409795086
619.584553148687
5.631424931648292
10672.13797147787
1.1152424991441219
23.219061934648526
1.1821692782956297
45.433834888082586
1.2531841316718786
1.7894857003030145
1.845066040052241
0.31584555018295885
1.0997382164355327
45.71297086676108
0
0.0007315911830506361
8373385031550885e-27
0
23970873095938874e-33
0.024290820620617003
0.03939034716843914
0.06432553763873247
0.03183363605170874
0.039774164957280034
0.07012730145568472
0.03764092661885905
0.06054315890989894
0.037320323023746355
0.031231896678256203
0.057270789026675914
0.032080804697718936
0.03231286742880875
0.03567482133611094
0.030016568276064665
0.04849066789160373
0.06663630784269181
0.08245996850284419
0.030206213122922085
0.03876175826377226
0.0019861800262462974
0.0075036968030358225
0.017037320890040297
0.07941431933876135
0.04152069351714677
0.13154114295087788
9120778441118752e-20
0.010048857326897871
0.31412042149339214
5447408953376352e-21
0.08055291841757746
0.011332212125026463
0.002050237782415012
5556915811254631e-21
12044248305629024e-22
0.11582039407654578
0.09896735691249749
0.0040796906379329
0.03182877288033321
0.020068281395721026
0.0058820205230617085
0.012267801696257347
0.00048312248875105964
0.6290795234232405
15699130029872256e-25
0.07212710019493382
0.00040320958378263646
0.00973038945267241
0.011383022957864941
0.00015708692496849827
0.00017090491072540513
0.8020269885881861
0.0005202726016095826
0.0627802951084746
0.3497701200733364
12609165684093073e-22
25861727872390077e-22
0.00014474775331730193
11840447889297709e-21
0.0005948466873866085
1532585100329609e-20
14120536796644432e-23
1004405111208257e-21
19077359181545015e-21
0.08395902253061734
0.08469033838120579
43440003020696815e-21
0.0002938090544279049
0.017853563141488636
0.008233760618785052
0.10023850698365155
0.010691040550037908
27829657820935047e-21
0.15818989802400854
0.04019817220395575
8240528658077297e-22
0.37780373336067463
4571121853434354e-22
0.003486913918551374
0.0010120748936277876
22994565953104627e-28
0.5638530478588557
0.7830947585215372
0.018170090466748945
0.3847216644609389
0.9982062504554524
0.008822719171374793
0.2537893311618692
20535640179779395e-26
576482575194459e-20
0.0005099579361251016
9121524928754175e-20
0.15539114082159564
8473132308690242e-22
0.00012878662516411222
0.20929045820693368
0.0009394649615906707
0.012009081192386077
122291200544606e-19
0.16540123914889304
0.10915268758878073
0.023443090039872067
27448683969139618e-21
0.00015347411274269367
120066810895357e-21
0.014008969163283766
0.19374900142803564
8326801903869151e-24
10255146404177914e-21
9138936494530925e-21
9651205578168662e-20
12087286950722572e-21
0.5448485385321032
0.20238876981988027
0.004569431967902874
0.001472844966982585
0.04391035846337937
0.005502066871685241
6637889123644487e-20
0.029279171845683127
8324415411514783e-20
0.0007439045081419537
0.0894102615941672
1100101507192876e-21
0.8823884936001124
0.9982062504554524
0.001831717235488705
0.0004892193110496587
7563075161426274e-24
0.0010203011167076702
10739431158596726e-24
0.01022016884206105
0.030485420201263977
0.0009047828401605923
0.00034131347276530487
0.00015052359257528673
2672606856335496e-21
0.006164470678964686
0.015559870397053513
0.023274151968164507
11069415145728081e-24
0.9877913846922883
0.07703169674088942
0
0
8178631888312578e-20
6713337611755897e-20
10336393253155392e-22
7552918367562446e-22
0.0001770472684684823
0.010370760783725907
0.005422146348375041
15204233914423666e-24
0.0001823109878138127
7328787549515476e-21
0.05508906110703824
0.013199871893574983
0.11393168716826312
3845637391448196e-22
0.06374259421612297
0.007753853344332276
0.0001224804947809553
0.1794589731043709
0.00030281991828534177
1652310701177045e-28
8603030381052043e-20
379364391909131e-20
0.00012473252241016071
0.018293645676488345
0.003504642686354458
0.00015501392479380267
0.00014116828602088574
3818611353341572e-24
0.0006053050147687524
0.022832525451980702
13347307508774812e-24
0.0018094145452418416
0.0018548016924616526
4418946599410715e-20
0.1271284206615793
45840406483084864e-21
0.5718870621211347
0.004770089304694155
0.23297708114869062
0.003107746203280418
0.0006740830296091844
0.0005696381955687905
4737480971968519e-20
0.707115231768781
11919895406893737e-21
22530773768718206e-21
0.008377210357528196
0.006439273695049029
2199971395099705e-23
8738330448943624e-20
0.003065768457990169
0.15741206223547058
0.031307964282100975
0.00010012356386570501
0.024002631996827846
0
0
0.13002788936686738
0
0.6204062845662283
0.5314331577892336
0.5797763880758962
0.05481910909884067
0.030729861641329195
0.9722298794807813
0.5817364759302555
0.9760393424618542
0.537767868434815
0.32500299422057805
0.0007960710938292864
0.016401696661043266
0.1720427565905062
0.44078442959918956
0.16340058297590115
0.0003071234992857634
0.027851914376106197
0.41472604702837723
0.13218206253707412
0.20625375762629508
