0.0018690885909473749
33.561556276030664
130.4796090359688
0
133.93227695890647
0.0035161106087681113
281.03153160133223
0
127.17441566416919
0
151.00019025918496
0
26.84770362534588
0
34.081671866326516
0
30.035178834105537
18.348230403076037
98.69793084841014
10.76960920415922
0.0173920084682132
9.232716231038642
1.8141852609088676
1.0601516797569261
0
10.655932112987397
0.6143567011998108
3.1457986991895135
0.003675278337229397
3.3012361766214515
25.174684791097558
15.772979546464624
18.17421025929685
0.5969928394661397
53.020956401545085
0.9722316399931881
16864566447717917e-21
43.573321416142996
70.04989967304891
0.6253082044394267
44.87105005899646
0
2.8964961504868225
0
36.1254439595996
39.306066642461275
4.571595989573637
0
18.30098062946661
0
0.4702503883041728
2.3285211622560045
29.568306079741873
35.976905387863695
18.56020154591596
180.79129620425044
61.03769528831716
0.2683070556421037
0.1484907218267956
0.010817639306649128
20.28606941799457
50.27119050065184
1.0290388694500274
1.3922158298544596
0.005186207181867505
0.06865736020625955
264.3321581306775
0
271.74397923377256
0
8.277356211941745
0.03838602374010641
95.06279716936204
15.270369610148105
1.4970343407626774
1.0308693558413
3.018983291965659
0
7672470641551465e-20
0.05939765008736083
0.09425971712412338
0.002338910017133214
0.03605048949570219
0.0074558475399467425
0.000415089353404166
0.0016152767055225262
0.26089052059455375
0.6782484760986007
0.21929904594709518
0.11937320592765427
0.002235925588577407
0.11484121242319678
0.024236577888566656
2.2360744092372777
0.035566568229028046
0.5414007020056683
0.022635709816335708
0.03729600520356503
2.8058840830309157
0.0005407216589528415
0
1.276227536610127
1.4920286150520967
0.17279148094793362
0
2.4075744643778356
828248093245801e-19
0.010179904979303843
0
0.0018658525894537888
0
0.2135955661556536
1.0250678310644668
0
0
0
0
1.1894545008797497
0.5696572791646584
1.1930548299894397
5.84529061548796
0.2989429899920686
1.3256767839714
0.1415244350725136
0.05086120605128193
0.016198402319894653
6.372731437617945
0.003740944345601068
1.6326853863740194
9789550620794978e-22
0.07200864199379692
1.9260162383024437
0.35252795027677913
0.506173757721697
0.0038251070735349046
0.8542622287037165
0.1890832940799271
0.0006663477513205875
0.022801805380520415
0.9815424579650347
2.34523649566872
0.13394016062400177
0.09731537274330819
0.2968247495425767
0.029449175601490893
0.39968459756882846
13.60357939286725
0.39848359173307457
0.5894950093102449
0.13944520504469765
15.532424553888541
0.30288688617602627
8.921484371320737
1.9884232907377701
3.0816264856701148
0.18408784077073395
0.3730269022558884
3.245586650854341
4.208009608236887
0.985081158987418
4.518160665477732
4.051887090297833
5.467644972269202
2.1877815502850244
3.2881219731364117
0.5084219920569215
35.93613692398101
619.5845271270483
5.631424911978474
10671.58089238423
1.1152424981640086
23.21906189607802
1.1821685481323136
45.433813317805686
1.2534916508044969
1.7895697944342055
1.6750510725212608
0.3198802862582968
1.0997356778365934
45.30876206088609
0
0.0007431227248842621
8770308166332645e-27
0
5157805856408113e-32
0.024891636053918625
0.040362158075397114
0.06587156837939631
0.03260176441484992
0.04049318428311739
0.0718387827775784
0.038563506909902234
0.06201119737780121
0.03824070124964636
0.03199736000115263
0.05868496019417691
0.032872334155528135
0.03309960298933469
0.036549278099079104
0.030743949393238514
0.049652042523437155
0.06825604364665921
0.08450641894491145
0.030943832277411334
0.03971812446928902
0.0019861797353934903
0.007503692651671889
0.017037299488248215
0.07941385429607806
0.041520566402547705
0.13153986692868794
912077837978516e-19
0.010048849881711784
0.31411314257423245
5447408951188518e-21
0.08055243994328519
0.011332202656714304
0.002050237472498616
5556915808977949e-21
1204424830455949e-21
0.11581940485613236
0.09896663465166972
0.004079689410798582
0.03182869818411372
0.020068251701617853
0.0058820179721696285
0.012267790599977891
0.00048312247154230667
0.6290503137569541
15699130029870436e-25
0.07212671658790382
0.0004032095717960224
0.009730382471917357
0.011383013404454446
0.00015708692314915471
0.00017090490857191076
0.8019794959949695
0.0005202725816525102
0.06278000448601166
0.34976109465743926
1260916568292086e-21
25861727867458914e-22
0.00014474775177255157
11840447878961274e-21
0.0005948466612983509
1532585098597865e-20
14120536796497422e-23
10044051111338777e-22
19077359154711902e-21
0.08395850273405925
0.08468980948926817
43440002881568916e-21
0.0002938090480633931
0.017853539639859688
0.008233755620312824
0.10023776604838347
0.01069103212285072
27829657763833188e-21
0.15818805252906679
0.04019805305840294
8240528657576634e-22
0.3777932026970825
4571121853280298e-22
0.0034869130221146555
0.0010120748181080281
2299456595310462e-27
0.563829584107869
0.7830494831468988
0.018170066124394684
0.38471074448138215
0.9981326570673674
0.008822713432243345
0.2537845802699202
20535640179779087e-26
576482574949436e-20
0.0005099579169515033
9121524867410544e-20
0.15538936006017368
8473132308160916e-22
0.00012878662394125387
0.20928722753189524
0.0009394648965183322
0.01200907055920387
12229120043434424e-21
0.16539922153344117
0.10915180899774862
0.023443049518687028
27448683913590445e-21
0.00015347411100607324
12006681089429414e-23
0.014008954693648639
0.1937462328199267
8326801903864039e-24
10255146396424047e-21
9138936488373122e-21
965120550949381e-19
12087286939950675e-21
0.5448266305380609
0.20238574874169407
0.0045694304284640205
0.0014728448070453009
0.04391021629532353
0.0055020646397044475
6637889091158612e-20
0.029279108637331994
8324415360424058e-20
0.0007439044673410792
0.08940967210266713
11001015071036482e-22
0.8823309987230682
0.9981326570673674
0.0018317169881154264
0.0004892192934038292
7563075161422057e-24
0.0010203010399552593
10739431158588223e-24
0.010220161140859867
0.03048535167734758
0.0009047827798041094
0.0003413134641763238
0.00015052359090479708
2672606855808867e-21
0.006164467877205448
0.015559852546225888
0.02327411202890312
11069415145719048e-24
0.9877193203025667
0.07703125918625527
0
0
817863183899566e-19
6713337578527336e-20
10336393252367673e-22
7552918367141851e-22
0.00017704726615741222
0.010370752853899576
0.0054221441807651
15204233914406623e-24
0.00018231098536328083
7328787545555443e-21
0.055088837334215844
0.013199859047098212
0.11393072995081195
3845637391339159e-22
0.06374229461552387
0.00775384891155808
0.0001224804936749213
0.1794565978945691
0.0003028199115244555
1652310701177045e-28
8603030326484108e-20
37936439180302304e-22
0.00012473252126307986
0.018293621001950908
0.0035046417807789018
0.00015501392302216024
0.00014116828455159103
3818611353340497e-24
0.0006053049877550861
0.022832487014062243
13347307508761675e-24
0.0018094143038558524
0.001854801438813966
4418946585013713e-20
0.1271272288243798
4584040632815632e-20
0.571862924622201
0.004770087627083464
0.23297307765708403
0.003107745491201735
0.0006740829961078716
0.0005696381716448253
4737480955421129e-20
0.7070783207849214
11919895396418125e-21
22530773731291052e-21
0.008377205183369294
0.006439270637923939
21999713950961365e-24
8738330392645811e-20
0.0030657677650183612
0.15741023484738162
0.03130789201043051
0.0001001235631265982
0.024002589518189465
0
0
0.13002664253792603
0
0.6203778752202812
0.5314123158529371
0.5797515796727479
0.05481888751385055
0.030729792014085728
0.9721600697043913
0.5817114994145152
0.9759689840730519
0.5377465264250296
0.32499520206530835
0.000796071047105413
0.01640167682639059
0.17204057366589245
0.44077009373400355
0.16339861388143317
0.00030712349233134444
0.027851857180074692
0.4147133566634405
0.13218077404858594
0.2062506200388638
