1.6852524552820753
40875431030337477e-54
625284372097358e-32
0
6835958050349071e-22
32274808983326947e-28
6857547838115442e-22
0
6910163794974118e-22
0
0.0006987741625470377
0
9.213000074447395
0
8.160835863167833
0
32.8171359218514
25.774545699319546
0.011876959561268514
0.020195749002809075
16199589460933193e-109
9.833852648975256
0.27989753044487287
3507150579616297e-35
0
5579924403061786e-24
10592325810741973e-26
0.0007725845666742355
0.003794653937351462
0.0036986821200487097
0.006722072381097198
5032977118715548e-22
38474934017551515e-27
0.0006986264624098967
8153130384041888e-22
54366539412817576e-24
9884643191539977e-31
7367490583259125e-24
8907822315695212e-24
2.3783395940358627
2.3692403609326043
0
0.991970290729251
0
2.613535071875652
2.5766767898149734
4.271173958039177
0
5.1547015533834735
0
4.413303562235099
1.5272691600107051
15.046181847126427
17.155561109295785
0.24238418587184463
45.447998591390466
27.723379027228162
1.3406010956050225
0.000455977649984604
0.016186640597625077
0.24285939936813078
33.3986287904709
0.4104987502419818
0.2568534595021766
2.185440306272076
0.7742803052465878
23.213400431460144
0
23.206810812663278
0
16.042666229834854
0.0002653281752222673
0.00026531171241577433
0.00709349336168303
6.983185475267211
0.17502843587449035
0.09280527521194937
0
0.00040709105917623194
0.49903545844345876
0.05434907595284253
0.02460260075348052
0.015556301648253468
0.00017753419684917883
7075975444913685e-20
0.001121871792577259
1.896917064504771
0.43437015696622705
0.0020211052082931735
0.0003410060942039765
0.0007027085517342966
0.0066913948295685135
0.004564619176940965
18961208608127536e-24
0.06348085181562886
1.0191724830336868
0.02124995337859645
18312064378471026e-28
3788464332948809e-22
14044559795093462e-21
0
0.7346549731940003
0.36164957997594904
0.056518603579515
0
0.25221315063291505
0.014829512426056861
0.059662463064194565
0
0.0002224109002825137
0
0.18558060264036028
0.502026550816461
0
0
0
0
44966346240461083e-23
0.448813842023986
57493423440726525e-24
7114524262097023e-23
0.3533786430434625
0.20771926686155
0.23506587422793174
0.5291938192468394
0.0006946608974106531
0.5140566246113869
0.0012512036724556552
0.5691693128154366
10309231824564387e-22
8700109656835184e-20
0.42783932903609306
0.00043250269073700695
43739822343043905e-32
0.16315405920663376
0.009174042405653707
0.18076403692015955
0.017628445228309385
0.03181327690819302
0.01820318926849817
0.07071308358098555
0.24265533941507456
0.17884038373206484
0.19693901196742056
26323949117006257e-33
0.11151778862877383
0.11154659732259103
0.43798614850887907
0.5198233395090078
0.0001926718724952568
0.5197755499781735
0.6321510859961664
10.610881744671703
1.9720281763008378
2.797124848479322
0.12359254496260826
0.43545296622327634
3.1909256435425286
3.5942440365189476
0.7763527822316231
5.248557836413098
6.340551510620328
3.2848590637529167
2.1527939877970916
2.748705198687623
0.6964131303208453
28.353308709580137
618.990679628868
5.6309758238987815
3240.4886528807397
1.1152201202068044
23.218181261793234
1.165614290291674
44.94397540011894
1.3059724212899142
1.7912956791710841
1.1152191746011355
0.8384465415605756
1.0432741947977018
61.30833062234817
0
0.0005735420515848222
7520502524963735e-24
0
0.0039043683008424266
0.003672836239268194
0.0034051167156068196
0.002040206336594704
0.0030436418737513006
0.006313669082517743
0.0030634808508156744
0.0059700895767476865
0.001974833226980408
0.0031984069152698152
0.0040862617040818925
0.010716407496795321
0.0031095733618181727
0.004913683442361821
0.0034887345470908148
0.004891915802509275
0.0048198414674013226
0.009572512214556638
0.01148362425398241
0.005383913467584209
0.0050851960582823435
0.0019795500044386227
0.007409503880526248
0.016555589984166976
0.0694751428420499
0.03871737341334466
0.10540641429007659
9119378104020764e-20
0.009880289410097132
0.18505807397557197
5447358998254167e-21
0.07033625203405619
0.011118068968799917
0.002043173584666948
5556863827498123e-21
12044223884765697e-22
0.09529920263594135
0.083776551844907
0.004051767181457707
0.030168105364473688
0.019401593864026345
0.005824062809889113
0.012017035993278543
0.0004827297169147286
0.21789889421468311
15699129988381323e-25
0.06387903635865375
0.0004029359834186422
0.009572294553987903
0.011166964358741718
0.00015704538895343215
0.0001708557465459809
0.20747604071241174
0.000519817116489828
0.05648309582258775
0.19404363194209148
12609138918658773e-22
2586161527814758e-21
0.00014471248596016313
11840211877346787e-21
0.0005942513061032431
15325455595106617e-21
14120533440007094e-23
1004403412888286e-21
19076746504503803e-21
0.07289106967436995
0.07343548696108997
4343682639605846e-20
0.00029366376793763964
0.017324928760044097
0.008120416638331985
0.084671140170745
0.010500341762083702
2782835403097092e-20
0.12119667341288248
0.03756770397264016
8240517226348811e-22
0.19992186515503613
45711183358260104e-23
0.003466505320637661
0.0010103520009541243
2299456595301569e-27
0.21802481186644634
0.2091579915442732
0.01762269034198032
0.20122222496967454
0.18539762154584727
0.008692644550711573
0.16551573470537848
20535640172680032e-26
5764769805522275e-21
0.0005095203286282413
9120124362435197e-20
0.1196149816104153
8473120222491905e-22
0.0001287587063735976
0.14712154306103717
0.0009379803235814803
0.011768728902829952
12228868293719438e-21
0.12519163735212607
0.09082711084977162
0.022535879560525555
2744741563087875e-20
0.00015343446519482126
12006678662657595e-23
0.013682445862033031
0.13980965167967005
8326801787145617e-24
10254969359840432e-21
91387958930038e-19
9649637636216392e-20
12087040995919626e-21
0.21753943739041087
0.14393384310140486
0.004534416437358021
0.0014691976041332027
0.04078128256035849
0.005451338808736125
6637147407338456e-20
0.02787091254653757
8323248926467288e-20
0.0007429734750847771
0.07691438742811245
11000994698357176e-22
0.19929982950826675
0.18539762154584727
0.0018260776015519978
0.0004888165654619105
7563075065132357e-24
0.0010185501146950967
10739430964434663e-24
0.010045829506822033
0.028960268447172883
0.0009034057551242569
0.00034111741483315073
0.00015048545471740366
2672594831719009e-21
0.006100828228485075
0.015157570096175986
0.022379843580965196
11069414939450817e-24
0.18672000188366647
0.06766164584978945
0
0
8177505900883865e-20
6712578938909903e-20
10336375266942764e-22
7552908764022281e-22
0.00017699450711445845
0.010191268533452293
0.005372877985665107
15204233525260973e-24
0.00018225504281881738
7328697129694294e-21
0.05020938311516007
0.01290978020948292
0.0940438047833542
3845634901796611e-22
0.057256020765604286
0.007653296456540197
0.00012245524304502404
0.13265314014917967
0.00030266558469103287
16523107011765974e-29
8601784508597678e-20
37936196913014886e-22
0.00012470633358819064
0.017738832972458533
0.0034840263377521508
0.0001549734777363028
0.00014113474124908192
3818611328793765e-24
0.0006046885194083049
0.021971516755461325
13347307208865808e-24
0.001803911306711522
0.0018490191264124887
4418617881445586e-20
0.10263034572146823
4583686909872836e-20
0.21815464156103995
0.0047319374022571645
0.1573651671246663
0.003091529596282954
0.0006733185199588767
0.0005690921957718191
4737103156505561e-20
0.21470851397815632
11919656217127973e-21
22529919201857466e-21
0.008259896687208968
0.006369846596876828
2199971313622519e-23
8737045082063981e-20
0.0030499864264993265
0.1207588511794783
0.029700501693438512
0.00010010668908531842
0.02305204183380786
0
0
0.10445971237398377
0
0.2180625424865537
0.2170391368717901
0.21824019598196
0.049986058527641125
0.029180469003898767
0.18867399080969605
0.21825513334927393
0.1881981954761954
0.21729209969310548
0.18798953020793768
0.0007950049509663498
0.015955002536266246
0.12876987937684328
0.20975209503969347
0.12409484425779164
0.0003069647484136283
0.0265760877632127
0.20621601564320968
0.10580571936416615
0.14573053205015363
