1.6902690842981647
11519692914868696e-53
4429271914478421e-33
0
6591401259018784e-22
31143362983991677e-28
6612152111851011e-22
0
6662696514348017e-22
0
0.0006971574032319524
0
9.21656853347282
0
8.16470020251256
0
32.852823355406876
25.784091548079843
0.01168490063281694
0.01923056120310126
11368516443553626e-109
9.827000185475825
0.27964122757030957
24767109267152965e-36
0
48367380229229025e-25
9137006335812471e-26
0.0007716862499113155
0.003794463149380933
0.0036902382135132385
0.006714264799544671
5024032623284485e-22
381679455028925e-25
0.0006970593448967677
813619297909118e-21
54062877661991813e-24
9860360875758457e-31
6386845329820552e-24
7722174105985258e-24
2.3836039613774993
2.3745563287582585
0
0.9956751086325378
0
2.6163767273805965
2.580048336712552
4.2693584784138965
0
5.151687060011354
0
4.413121280256239
1.5240223596591622
15.042992805219592
17.152610183329827
0.24229789350836017
45.41453108782532
27.719242772482197
1.338334384536194
0.00044312900506867563
0.016184093928272875
0.24281827444616813
33.38768033224753
0.4114831351328803
0.2571178689620771
2.184605924715943
0.7687686602545892
23.198240982877095
0
23.19167676570348
0
16.04134771328739
0.00026646987927052203
0.0002664533257526738
0.007083130134310885
6.983185261943351
0.17492253754027512
0.0926567962415204
0
0.0004086382615953685
0.49787781571454265
0.05431011842907226
0.024566628833210168
0.015642274162165508
0.00017837729922788907
7091295965325184e-20
0.0011187196030313146
1.8964375371555493
0.4342235286198743
0.002017175641099557
0.00034109016546214345
0.000706462478918685
0.006691410350819895
0.004568885867313721
1886564090161698e-23
0.06352146032354747
1.01960735177095
0.021236336964541892
18254116574131827e-28
37795848943586135e-23
14067066579565397e-21
0
0.7339192465793807
0.36067476003621735
0.05673181949531745
0
0.25145654480388585
0.01475648934108031
0.059619401123471756
0
0.00022246507244890634
0
0.18550542259411554
0.5007282005385849
0
0
0
0
4490394462360156e-22
0.44907881753728224
57427620506043504e-24
6976058943394513e-23
0.353040330193234
0.20690774482486798
0.2350049963367542
0.5289618786205855
0.0006961433013548869
0.5130564304970366
0.0012489104939792548
0.5681418182091306
10308345427080125e-22
8715245519413166e-20
0.4287840237390759
0.00043142976473887215
3837901586996365e-31
0.16292275039573986
0.00898323157293593
0.1805196853892124
0.017620092961917792
0.031840833329514776
0.01780800421897286
0.06970917803171396
0.24248131158476444
0.1790468683971763
0.19667359039699436
2308311482713324e-32
0.11108977129543557
0.11111854599693045
0.4376426859751154
0.5195879366657133
0.00019250653964808975
0.51954063758782
0.6329244704237177
10.6076166880477
1.9717210179141575
2.796315100237758
0.12369225782753683
0.4353349942037896
3.1900623872491423
3.5925978647186088
0.7768537223815185
5.247510677195454
6.338582461095417
3.272649227093397
2.1522424352627567
2.747894983039372
0.6972658949965213
28.343531527614125
618.988910762514
5.630974485630723
3228.999349763439
1.1152200535192145
23.2181786374763
1.1655653052280888
44.94252356144518
1.3059757088700954
1.7912948994413849
1.1152191078988944
0.8377998288891528
1.043110341578822
60.22575472460611
0
0.0005734820576013531
754150751176369e-23
0
0.003873016144706239
0.0036440708123268474
0.003379826590374847
0.0020194233126220908
0.0030246764479841433
0.00627966512018155
0.0030341853820814273
0.005938998114326327
0.0019552186763445332
0.0031743616885671114
0.004059937243097048
0.01066269986391008
0.003086113863211617
0.004885745203730651
0.0034636878975324633
0.004864865012036146
0.004803836197617368
0.009520995524482977
0.011408196100742105
0.005353715800431299
0.005054718092022407
0.001979530280372142
0.007409224964114311
0.016554174996430884
0.06944746605563899
0.038709309058754984
0.10533686384627958
9119373931398353e-20
0.009879791334550253
0.18476652002971938
5447358849390757e-21
0.07030783049803135
0.011117436917198397
0.002043152570080459
5556863672589514e-21
12044223811992658e-22
0.09524383570790225
0.08373496118660624
0.004051684257038803
0.030163288437504304
0.019399640634129224
0.005823890954660456
0.012016296435181314
0.00048272854694904154
0.2172115445292707
15699129988257682e-25
0.06385592388226422
0.00040293516837894847
0.009571827297597226
0.011166326681080934
0.00015704526519432573
0.00017085560005999952
0.2066417440189654
0.0005198157597600526
0.056465307524780996
0.19370323490256405
12609138838899025e-22
25861614942622357e-22
0.0001447123808778131
11840211174048454e-21
0.0005942495327837259
1532545441682263e-20
14120533430004463e-23
10044034078273706e-22
1907674467878224e-20
0.07286037042999435
0.07340428904329517
4343681693020218e-20
0.00029366333509759106
0.01732337707769826
0.008120081220625304
0.08462856553460002
0.010499778601712074
2782835014582474e-20
0.12110050500010916
0.037560128312233335
8240517192282781e-22
0.19954305507118444
4571118325343694e-22
0.0034664446827584886
0.0010103468711943244
22994565953015423e-28
0.21740834573776208
0.2083367739736474
0.017621084008692132
0.20083397141686518
0.18446987947266144
0.00869225981399785
0.16530504367583154
20535640172658874e-26
5764769638805178e-21
0.0005095190251382565
9120120189129796e-20
0.11952174731305122
8473120186475585e-22
0.00012875862318586
0.14696709840762878
0.0009379759029327148
0.011768019900590003
12228867543491112e-21
0.12508777100747084
0.0907773797434494
0.0225332292662682
27447411851373413e-21
0.00015343434706215843
12006678655425604e-23
0.013681484299426888
0.13967378010217849
8326801786797784e-24
10254968832260564e-21
9138795474020589e-21
9649632964198175e-20
12087040262992477e-21
0.216945067166254
0.14378772680769544
0.0045343124946111745
0.001469186748659585
0.0407722994599895
0.005451188342408469
6637145197179944e-20
0.027866818875907372
8323245450636801e-20
0.0007429707023887808
0.07687989059308926
11000994637644874e-22
0.1984181607432953
0.18446987947266144
0.0018260608216631362
0.000488815365793174
7563075064845405e-24
0.0010185449012784559
10739430963856068e-24
0.010045314452904108
0.028955839532480158
0.000903401654604452
0.0003411168307573629
0.00015048534108268549
26725947958862547e-22
0.006100639562040302
0.015156386938219753
0.022377230603334564
1106941493883612e-23
0.18579538437501292
0.0676355001569163
0
0
8177502545721913e-20
6712576678225908e-20
10336375213344679e-22
7552908735404167e-22
0.0001769943499114148
0.010190738323791613
0.005372731839131
15204233524101285e-24
0.00018225487613082066
7328696860248822e-21
0.05019550772562196
0.012908925346595185
0.09399005812995104
384563489437756e-21
0.05723771267112782
0.007652998758686275
0.00012245516780372853
0.13253373058050735
0.000302665124901192
1652310701176596e-28
8601780796221527e-20
3793619619103958e-21
0.00012470625555485655
0.017737205057817857
0.0034839650835233518
0.0001549733572216014
0.00014113464129903203
38186113287206145e-25
0.0006046866832175626
0.021969000128152366
13347307207972093e-24
0.0018038949323383648
0.0018490019215859433
44186169019168724e-21
0.10256489852242545
4583685855788458e-20
0.2175290230251433
0.0047318241684760655
0.157181275626778
0.003091481398176499
0.0006733162430495773
0.0005690905694984833
47371020306769224e-21
0.2139472549634805
11919655504360033e-21
2252991665533378e-20
0.00825954956417882
0.006369640829817886
21999713133797205e-24
8737041252009081e-20
0.0030499395183504556
0.12066350128322831
0.029695837023636366
0.00010010663880345636
0.023049266131928526
0
0
0.10439157944457822
0
0.21738415612324957
0.21646072911268732
0.21760570171555607
0.049972312542239924
0.029175970632145463
0.1877544058551476
0.217618451322246
0.18727733792097045
0.2167061177511594
0.1876830994407636
0.0007950017760416678
0.01595368975442606
0.12865875498575988
0.20928842606450737
0.1239931330693085
0.0003069642754655748
0.026572374553630415
0.20578710456886054
0.105735565317923
0.14557976704785477
