1.7255147444021652
2000997968871692e-54
3918358676792309e-34
0
5124131327920265e-22
2433685356723343e-27
5139856944382924e-22
0
5178014066382244e-22
0
0.0006880695214866091
0
9.361288935166376
0
8.210257220180724
0
33.06572528133112
25.8457136065566
0.010477998299096906
0.013676374286776607
9836522165306293e-110
9.781410655173152
0.2777093592681883
2146076838786631e-36
0
17718172851390042e-25
32392110814280195e-27
0.0007665969284582971
0.0037931230090156756
0.003642672529017637
0.006670042578779948
4977115260856977e-22
36261546576727784e-27
0.0006882682333619417
8043189621286593e-22
52200588463752034e-24
9729300640980695e-31
23411700154536075e-25
2830697770403783e-24
2.419637567354232
2.4110039862916777
0
1.0201860035062429
0
2.636638580577588
2.6175452165146997
4.2566249974539145
0
5.130565796330972
0
4.4118404019447786
1.5010622525739312
15.021291664821042
17.13274147731953
0.2418724471479739
44.872677661359916
27.695373574476708
1.3223621355126847
0.00025739837578004
0.016169162622658495
0.24257564009379892
33.304005568921625
0.4172664447600756
0.25894876005615447
2.1787547673212573
0.7322884142724672
23.09214275183714
0
23.08831336518329
0
16.0274799036058
0.0002746880480869672
0.00027467068113176213
0.007013839069720959
6.983183374611191
0.17422222456663664
0.09164440125857462
0
0.0004192443002072665
0.4895458976458126
0.05397959967344338
0.024307092834324875
0.016260470072739158
0.00018427263144950255
7197353230245987e-20
0.001097641552839134
1.8918262685311833
0.43321685835067436
0.001994536328083975
0.0003415470123041209
0.0007330534630430773
0.006677241987554508
0.004585657641038851
18286118447730836e-24
0.06370179045582215
1.0248474548853617
0.021114720562557924
17969426976182705e-28
37338067907560796e-23
14213913087041514e-21
0
0.7287028802492499
0.35383124279097466
0.058255851023593395
0
0.24624283040365072
0.014253444271086067
0.05932115253986178
0
0.0002266442710149043
0
0.1849791448848946
0.4916799037399095
0
0
0
0
4459737287510412e-22
0.45095997610347927
57202808300673765e-24
6316443593097308e-23
0.3506553472961947
0.20122721842332544
0.2345300724092998
0.5273368301488885
0.0007060945213793456
0.5062228322898685
0.0012327870753273589
0.56092431316135
10301975649452695e-22
8816489839083188e-20
0.43501796058233994
0.0004250369075810867
1527019429644985e-31
0.16128919322561455
0.007740323531925378
0.1788057374095564
0.017542400955290516
0.0320051079427155
0.015244904201108604
0.06299287177623265
0.2412364930031144
0.18035865590911665
0.1946994741020608
9140413231757593e-33
0.10803455577151744
0.1080657728571764
0.4352003356026268
0.5179197633958472
0.00019133221211953426
0.5178759605753361
0.6378816253117363
10.576703357681472
1.9695415498478817
2.7906412952782054
0.1244022454995711
0.434216949916331
3.1839446026551355
3.581078277489454
0.7804098057755035
5.236417103999862
6.319149018521068
3.185935504611206
2.148346702256668
2.7399643925843713
0.7027805880479189
28.259781691933572
618.9764832644573
5.630965083281857
3149.4185447039217
1.115219584987944
23.218160199648736
1.165221205682681
44.93232460524929
1.3059982949873201
1.7912894202394254
1.1152186392646861
0.8332677340262283
1.0419598725645418
40.1211394389492
0
0.0005727526703613568
7689004498955062e-24
0
0.0036566201958836645
0.003442492030629989
0.0032020441145360124
0.0018762825525917265
0.002889667668246987
0.00603770843302719
0.0028314223789520252
0.005714139462698728
0.001819870977929769
0.0030054821005694177
0.0038733216505206307
0.010276064845683091
0.0029212415628158774
0.004686205947853429
0.003287410562969685
0.004671375062538625
0.004685935462121365
0.009152142240895646
0.010874408284951382
0.005137998477086752
0.004837765124506385
0.0019793917092430086
0.007407265658741823
0.016544237033192216
0.0692533260410204
0.03865269812994996
0.1048495108569972
9119344615584741e-20
0.009876292680280412
0.18273103971912524
5447357803511434e-21
0.07010847097415678
0.011112997283654233
0.002043004932613017
555686258423804e-20
12044223300706357e-22
0.09485574649093402
0.08344333651471164
0.004051101697347004
0.03012946751438013
0.019385923241332002
0.00582268368305152
0.012011101756314086
0.0004827203271241841
0.21244313036224638
15699129987389013e-25
0.06369377663492819
0.0004029294421474993
0.009568545106658144
0.011161847533760382
0.00015704439569458965
0.00017085457088735577
0.20087399602618922
0.0005198062277943583
0.05634048895522056
0.19132846122215783
1260913827852574e-21
25861612585300895e-22
0.00014471164259599305
11840206232840335e-21
0.0005942370740054696
15325446138477988e-21
14120533359728313e-23
10044033722705654e-22
1907673185169521e-20
0.07264504895168437
0.07318547313979473
4343675042537193e-20
0.000293660294082808
0.017312479238560025
0.008117725044982312
0.08433004906150406
0.010495822820345476
27828322849713267e-21
0.12042699625382584
0.03750694654986185
8240516952942833e-22
0.19690178372510372
4571118251697396e-22
0.003466018685130596
0.0010103108314381286
22994565953013565e-28
0.21312606415566263
0.20265728425611002
0.017609802414697808
0.19812723180779357
0.1780813618953527
0.008689557224038951
0.1638323199763943
20535640172510238e-26
5764768467490053e-21
0.0005095098672170385
912009086851767e-19
0.11886875065676258
847311993343336e-21
0.00012875803872982108
0.14588656792090104
0.0009379448450776042
0.01176303982106857
12228862272563957e-21
0.12436045590325816
0.09042874749722751
0.022514617705156365
27447385297469094e-21
0.00015343351709231143
12006678604615332e-23
0.013674730490779226
0.13872289377891017
8326801784354005e-24
10254965125608791e-21
9138792530343259e-21
9649600139756585e-20
12087035113619294e-21
0.21281469613936058
0.1427653214504684
0.004533582284398301
0.0014691104829066286
0.040709242064927334
0.005450131318328695
6637129669144813e-20
0.027838074652327873
8323221030307096e-20
0.0007429512223680634
0.07663795973531362
11000994211094474e-22
0.19233275578234163
0.1780813618953527
0.0018259429344425263
0.0004888069372847146
756307506282935e-23
0.0010185082737869352
10739430959790996e-24
0.010041696549182447
0.02892474210564044
0.0009033728458377634
0.0003411127272059183
0.0001504845427141986
2672594544133735e-21
0.006099314200286656
0.015148076951007517
0.022358881033995952
11069414934517398e-24
0.17942704970760087
0.06745209126811548
0
0
8177478973178946e-20
6712560795211303e-20
10336374836777096e-22
7552908534340003e-22
0.00017699324544359824
0.010187013972568106
0.005371705159895368
1520423351595359e-23
0.00018225370502430774
7328694967188343e-21
0.05009813053710354
0.012902920875990594
0.09361331175203229
38456348422530445e-23
0.05710924923274156
0.0076509075297650645
0.00012245463917731834
0.13169781193094113
0.0003026618945451886
16523107011765856e-29
8601754713981638e-20
3793619111861067e-21
0.00012470570731231066
0.017725771922185763
0.0034835347560249357
0.00015497251051618718
0.00014113393907539478
381861132820667e-23
0.0006046737827288132
0.021951327019395478
13347307201693066e-24
0.0018037798940193808
0.001848881049018985
441861001998375e-19
0.10210625700471276
45836784500454175e-21
0.21318386648735946
0.0047310286908510135
0.15589534134390912
0.0030911427907577816
0.0006733002462353834
0.0005690791438140751
4737094120876226e-20
0.20867438465723068
11919650496620693e-21
22529898764063116e-21
0.008257111170347466
0.0063681953460608814
21999713116738755e-24
8737014342988038e-20
0.0030496099730260274
0.11999571450589758
0.029663084795134596
0.00010010628553558624
0.023029774121513424
0
0
0.10391414470282638
0
0.21267710299167358
0.21244019891904117
0.21319959913561187
0.04987584298498554
0.02914438567107444
0.18141875144918498
0.21319733063942758
0.180933401528033
0.21263345817381182
0.1855442251994951
0.0007949794701221896
0.015944469501648028
0.12788072004437145
0.20605956600353564
0.12328088058107091
0.0003069609526639038
0.026546301036074447
0.20279872245723693
0.10524398911458546
0.14452491578659915
