1.7202978739118473
36285911284074376e-55
5610144614071701e-34
0
5316191022566829e-22
25229717854708596e-28
5332570006841949e-22
0
5372336007107892e-22
0
0.0006891914504562719
0
9.305891831693994
0
8.197471964414811
0
33.03749645251108
25.837198966919036
0.010635117624250049
0.014379963353514371
14064745533933186e-110
9.787855781078145
0.27804594234775526
3081845587303912e-36
0
2055763121973368e-24
3776065864535204e-26
0.0007672303691555942
0.0037933213375042902
0.0036485572236834986
0.006675545361547667
4982491493818479e-22
3651591075984555e-26
0.0006893513242740074
8054398454912395e-22
52444934941343346e-24
9744805227106112e-31
27161109298365477e-25
32840297985294915e-25
2.4144376385792627
2.405721367613692
0
1.0167220218554194
0
2.6331575707622052
2.607765236485876
4.258507354111289
0
5.133688830247795
0
4.412030087292706
1.5044304806748698
15.024213655223278
17.135324082244566
0.24192029244759186
45.0483870010502
27.69743752287189
1.3247295740733487
0.0003034847984464948
0.016170539574591632
0.24259827697784558
33.31811758900058
0.4165649512578435
0.25869543319736177
2.179620474616322
0.7374613711951403
23.108097385786078
0
23.103034934692147
0
16.03072785827206
0.00027344399197995717
0.0002734267874671049
0.007023484920393184
6.983183747335676
0.1743208911370421
0.09179104470318314
0
0.0004177441164005726
0.49079942999465437
0.05404172728801115
0.02434675050521301
0.016167557760882457
0.0001833719317976898
7180605184023113e-20
0.001100654608441967
1.8928541584882794
0.433362402759067
0.001997626685793615
0.0003414920837436281
0.0007290990767085847
0.006682537009307118
0.0045862083454286506
1836325078114982e-23
0.06369313051367921
1.023354558230492
0.02113819274212758
18002428470887773e-28
37390184614406183e-23
1419328759281884e-20
0
0.7294801613373018
0.3548544179279661
0.058028133406743655
0
0.24700237025984517
0.014326882848012269
0.059364519382151655
0
0.00022494449483584182
0
0.18505682350769576
0.49301104043788674
0
0
0
0
4463132832525938e-22
0.4506810292300574
5721374784890611e-23
6386637471888699e-23
0.35100927247545555
0.20207813971011518
0.23460522657625485
0.5275770217446627
0.0007046445558132538
0.5072161329542598
0.001235172775596518
0.5619916133015602
10302934159751999e-22
8801719365193092e-20
0.43413657988557525
0.00042591499738527474
1750820734362812e-31
0.1615322074771392
0.007913891056174372
0.17905908935398407
0.017559043318851244
0.0319879490002217
0.015601640186335758
0.06395057071753929
0.241423143449345
0.18019845401556908
0.19502829584790823
10488738427375523e-33
0.10850728435840684
0.10853721366890684
0.4355650760094145
0.51816827296271
0.0001915083326416271
0.5181239472890573
0.6372603852641424
10.58355301651321
1.9698715608087611
2.791497237411902
0.12429678655669274
0.4344648892177554
3.184869635793546
3.582814073271989
0.7798823690956589
5.239018378738207
6.323473391672597
3.1992126528682125
2.148931119274222
2.7417389637442153
0.7020855725262167
28.276452955963492
618.978322699247
5.6309664749652955
3161.072812259625
1.1152196543373765
23.218162928714545
1.1652721310157579
44.93383405320453
1.3059950070899897
1.791290231349359
1.1152187086293555
0.8339372699422277
1.042130078678455
45.770909417221205
0
0.0005729601492978733
766718577795819e-23
0
0.003688337288223436
0.003472819103831675
0.003228879132612743
0.0018974462932250587
0.0029102900807601298
0.006074508806491643
0.002861544580543343
0.005749038440569311
0.0018399210631646359
0.0030309508947992223
0.003901738367064167
0.01033595974419729
0.002946114654014164
0.0047168332226807195
0.0033140531214861805
0.004701121342231771
0.004704698377705896
0.009208932914449576
0.010955582480930788
0.00517112056657054
0.004870959560684731
0.0019794122191745664
0.007407555631770735
0.01654570762007579
0.0692820273310736
0.038661072147875924
0.10492150376584758
9119348954745733e-20
0.009876810453884503
0.183030900528686
5447357958316778e-21
0.07013794340225549
0.011113654302206394
0.0020430267844335163
55568627453298795e-22
12044223376384167e-22
0.09491308947694929
0.08348643708398674
0.0040511879193754225
0.030134471110936183
0.019387953003293143
0.005822862361033318
0.012011870502744468
0.0004827215437690292
0.21314226850338194
15699129987517587e-25
0.06371775080019218
0.00040293028970793453
0.009569030847696735
0.01116251039942549
0.00015704452439289755
0.00017085472321948976
0.20171744575029465
0.0005198076386529421
0.05635894650742966
0.1916781178555853
1260913836146914e-21
25861612934218758e-22
0.0001447117518722063
11840206964210896e-21
0.0005942389180694465
15325447363793156e-21
14120533370130206e-23
10044033775334899e-22
19076733750290174e-21
0.07267687949509657
0.07321781990160503
4343676026904798e-20
0.0002936607441952546
0.017314091844933127
0.008118073750144712
0.08437416735929841
0.01049640823955711
27828326889933215e-21
0.12052644866092996
0.03751481347393126
8240516988368625e-22
0.19729051463808076
45711182625981195e-23
0.003466081735676346
0.001010316165765334
2299456595301384e-27
0.21375454521904225
0.20348806554620935
0.017611471799212186
0.19852555651815842
0.17901281682444803
0.008689957193684277
0.16404947437673006
20535640172532235e-26
5764768640861719e-21
0.0005095112227122403
9120095208388911e-20
0.11896517824306124
8473119970887292e-22
0.00012875812523765093
0.14604599982792002
0.0009379494420271834
0.01176377681238728
1222886305273772e-20
0.12446784187820278
0.09048026559400972
0.02251737151739819
2744738922783165e-20
0.00015343363993964107
1200667861213599e-22
0.01367572994246316
0.1388632295447185
8326801784715721e-24
10254965674247098e-21
9138792966050273e-21
9649604998244469e-20
12087035875801305e-21
0.2134210563221519
0.14291619268079347
0.004533690358718643
0.0014691217710980388
0.0407185693240601
0.005450287760346712
6637131967517642e-20
0.02784232734540576
8323224644866668e-20
0.0007429541056623429
0.07667372096036902
1100099427423014e-21
0.1932215757802817
0.17901281682444803
0.001825960382986454
0.0004888081848174309
7563075063127755e-24
0.0010185136951055282
10739430960392688e-24
0.010042231969400042
0.02892934287057763
0.0009033771098964498
0.00034111333458812276
0.00015048466088408318
2672594581396769e-21
0.006099510354952433
0.015149306662673891
0.022361596088180665
1106941493515663e-23
0.18035570864282532
0.06747920705976103
0
0
8177482462253983e-20
6712563146126181e-20
10336374892514575e-22
7552908564100425e-22
0.00017699340892046963
0.010187565144900676
0.005371857110988342
15204233517159562e-24
0.00018225387836463578
7328695247388805e-21
0.05011253185769059
0.012903809448866082
0.09366898033210899
3845634849968231e-22
0.05712824549546443
0.007651217026036122
0.00012245471742157422
0.1318212068117888
0.0003026623726827022
16523107011765868e-29
860175857452763e-19
37936191869403903e-22
0.00012470578846003193
0.01772746372780923
0.003483598447404012
0.00015497263584061564
0.00014113404301448957
38186113282827414e-25
0.0006046756921714858
0.021953941999902384
13347307202622451e-24
0.0018037969209017176
0.0018488989394192534
4418611038609303e-20
0.10217401308367971
45836795462023805e-21
0.2138214979040713
0.004731146424680449
0.15608501289019625
0.003091192907243633
0.0006733026139726606
0.0005690808349671376
4737095291640978e-20
0.2094465738967037
11919651237838842e-21
2252990141223058e-20
0.008257472042716207
0.006368409278002487
2199971311926365e-23
8737018325909431e-20
0.0030496587482834077
0.120094323142674
0.029667930322828443
0.00010010633782429216
0.023032658182958594
0
0
0.10398467406986843
0
0.2133673349251325
0.21303055345243202
0.2138460970576906
0.04989011013190442
0.029149058547987796
0.18234286289014967
0.21384601292972238
0.1818586675112082
0.2132314099349635
0.18585926603986283
0.0007949827716833424
0.015945833897138148
0.12799558318229093
0.2065343246298886
0.12338604576860483
0.0003069614444846272
0.026550158682261918
0.20323829488194342
0.10531660518662511
0.14468056584443947
