1.7216020915344268
26744823479894196e-55
51286801497084925e-35
0
526742980481339e-21
25003091172044384e-28
5283642604291743e-22
0
5322999362114627e-22
0
0.0006889042029556904
0
9.31707428599088
0
8.200219566492017
0
33.04462620037294
25.839347359105343
0.01059468696779282
0.014200723759861544
12860056104655594e-110
9.786232088641661
0.2779661385409229
28152530113929606e-37
0
19807722211027438e-25
3634023409414724e-26
0.0007670683906406976
0.003793271754356624
0.003647050982562453
0.006674138185269441
4981099769886272e-22
36451262891348333e-27
0.0006890739321459445
8051518631794231e-22
5238258058286365e-23
9740811518679655e-31
26170915891348757e-25
31643080223432894e-25
2.4157441473728
2.4070466825503365
0
1.017593302561872
0
2.6339845975196092
2.609863681578696
4.258036687537629
0
5.1329081258029285
0
4.4119826737329735
1.5035846441452865
15.023462195164168
17.134652506269113
0.24190782966143634
45.01259663505895
27.696816967093056
1.324137771583409
0.0002929034231431101
0.016170136053872384
0.24259167171514212
33.31471371762936
0.41674742600955883
0.25876027930269896
2.179404058541031
0.7361613458934787
23.10413697596228
0
23.099311031685932
0
16.0300074680244
0.00027375375759217075
0.00027373651567265866
0.007021038737124254
6.983183660362671
0.17429603047351566
0.09175427903542438
0
0.0004181245167693522
0.490486678874745
0.054027149887010684
0.024336914172126738
0.01619075146487618
0.00018359428684431892
7184683558709012e-20
0.0010998982011671025
1.8926241702741922
0.4333258433087895
0.0019968629869078873
0.0003415061472130648
0.0007300875665144669
0.006681427622355662
0.0045862752040935805
18343730045878503e-24
0.06369640150862228
1.0236745211501355
0.021132704358215577
17994109842907976e-28
3737672644836836e-22
14198475325957776e-21
0
0.7292860044808323
0.3545997016081692
0.0580850447830945
0
0.24681202279840112
0.01430849416032354
0.05935363254702863
0
0.00022528425870076412
0
0.18503739644707962
0.4926779898650854
0
0
0
0
44622615355466233e-23
0.45075083517338144
5721040340217644e-23
6368367785446472e-23
0.35092082164087945
0.20186667117451643
0.23458658716244601
0.5275169677649335
0.0007050061374203294
0.5069673166568517
0.001234576270949795
0.5617247350918276
10302695042901704e-22
8805398703059198e-20
0.43435817765922674
0.0004256966925264271
1691992289186361e-31
0.16147150907050192
0.007870171364314027
0.1789957396108184
0.017555278828145518
0.03199276474048465
0.015511745022185398
0.06370998613820132
0.2413765576625189
0.18024101913852625
0.19494913536128775
10134311165197552e-33
0.10839091717688072
0.10842108404400937
0.43547399723661334
0.5181061980844434
0.0001914644227483039
0.5180620029876941
0.6374238881982628
10.58201993031502
1.969789599596004
2.791284821945357
0.12432317434244376
0.4344094062951355
3.1846398255337163
3.5823832207042803
0.7800143471381314
5.23844139846988
6.322503422261184
3.1959336588070215
2.1487856126869147
2.741342376035262
0.7022684604607444
28.272624717194933
618.9778628400371
5.630966127044404
3158.155208525261
1.115219637000018
23.218162246448063
1.1652593994738365
44.933456686461895
1.3059958308202873
1.7912900285753266
1.115218691288187
0.8337698441464864
1.0420875245437646
44.51009615392504
0
0.0005729163083096733
7672641168692077e-24
0
0.0036804053046105107
0.003465295137861208
0.003222226277372532
0.0018921767567883433
0.0029051894290550396
0.00606539113568988
0.0028540515521271576
0.0057404362706211165
0.0018349308090355465
0.0030246356182784605
0.003894706877703815
0.010321198696171704
0.0029399471595385634
0.00470926824078665
0.003307449955716847
0.004693776606136291
0.0047001049166708175
0.009194916536135826
0.010935492468378178
0.005162940240827867
0.004862755243168313
0.0019794070916717534
0.007407483137449312
0.01654533996110056
0.06927485089360234
0.038658978473327436
0.10490350090565856
9119347869955292e-20
0.009876681007938716
0.18295588922622485
54473579196154415e-22
0.07013057413389838
0.011113490043926817
0.00204302132145648
5556862705056919e-21
12044223357464714e-22
0.09489875048137697
0.08347565985500563
0.004051166363696277
0.03013322013390132
0.019387445542879796
0.005822817691023842
0.0120116783115243
0.00048272123960753046
0.21296726856112785
15699129987485443e-25
0.06371175641302655
0.00040293007781765853
0.009568909410125417
0.011162344679318795
0.0001570444922183107
0.00017085468513644352
0.20150625187747548
0.0005198072859379371
0.05635433155256465
0.19159064383611998
12609138340733288e-22
2586161284698929e-21
0.00014471172455314524
11840206781368251e-21
0.0005942384570529158
15325447057464354e-21
14120533367529732e-23
10044033762177587e-22
19076733275641414e-21
0.07266892055194707
0.07320973187108072
43436757808128764e-21
0.0002936606316670783
0.017313688679258254
0.008117986572449857
0.08436313562147502
0.010496261881693093
27828325879878172e-21
0.1205015778620274
0.03751284658823485
8240516979512177e-22
0.19719326002078033
45711182598729387e-23
0.0034660659729323817
0.0010103148321808923
2299456595301377e-27
0.2135972514186108
0.20328005147989706
0.017611054438247745
0.19842590032730398
0.17877949733684442
0.00868985719954703
0.16399515880737403
20535640172526737e-26
5764768597518802e-21
0.0005095108838381018
9120094123420908e-20
0.11894106401555073
8473119961523809e-22
0.000128758103610688
0.1460061255240759
0.0009379482927876763
0.011763592560228828
12228862857694275e-21
0.12444098669430426
0.09046738331887294
0.022516683032762018
2744738824524096e-20
0.00015343360922779944
12006678610255825e-23
0.013675480072694191
0.1388281322994305
8326801784625292e-24
10254965537087517e-21
9138792857123516e-21
9649603783622269e-20
12087035685255797e-21
0.21326930449976467
0.14287845993253598
0.0045336633398970275
0.0014691189490420547
0.04071623730894742
0.005450248649421223
663713139292436e-19
0.02784126411123415
8323223741226628e-20
0.000742953384837724
0.07666477908999372
11000994258446223e-22
0.19299898644505228
0.17877949733684442
0.0018259560208348405
0.0004888078729339533
7563075063053153e-24
0.0010185123397731747
10739430960242265e-24
0.010042098111669284
0.028928192610741917
0.0009033760438798913
0.00034111318274247023
0.00015048463134160334
267259457208101e-20
0.006099461315694588
0.01514899922539881
0.02236091729372753
11069414934996822e-24
0.18012309427311488
0.06747242709009246
0
0
8177481589985083e-20
6712562558397384e-20
10336374878580205e-22
7552908556660318e-22
0.00017699336805123764
0.01018742734902184
0.005371819122812138
1520423351685807e-23
0.0001822538350295383
7328695177338689e-21
0.0501089311394807
0.01290358729991058
0.09365506008434278
38456348480394346e-23
0.057123495837484745
0.007651139650794645
0.00012245469786050555
0.1317903472568614
0.000302662253148253
16523107011765866e-29
860175760939097e-19
3793619168170559e-21
0.00012470576817309666
0.017727040761266015
0.0034835825244500713
0.00015497260450949904
0.0001411340170297087
3818611328263724e-24
0.0006046752148102524
0.021953288225572767
13347307202390104e-24
0.0018037926641660655
0.001848894466802957
44186107839528926e-21
0.10215706984992955
4583679272163115e-20
0.21366191147693642
0.004731116990948418
0.15603757338030116
0.0030911803780459958
0.0006733020220375607
0.0005690804121784008
47370949989497626e-21
0.2092532591132603
119196510525343e-19
22529900750188688e-21
0.00825738182314545
0.006368355794343333
2199971311863243e-23
8737017330178912e-20
0.0030496465543959276
0.12006966338919668
0.029666718866704356
0.00010010632475211312
0.023031937133738783
0
0
0.1039670372415447
0
0.21319456721492097
0.21288281119545752
0.2136842890201402
0.04988654296261119
0.029147890258524062
0.1821113946599333
0.2136836575564516
0.18162690836384332
0.21308176453708272
0.1857804557167616
0.0007949819462917688
0.015945492787320353
0.12796685772917812
0.2064155325243191
0.1233597460642532
0.0003069613215293725
0.026549194218163475
0.20312831253259123
0.10529844647276043
0.14464163762156632
