1.7335639570192276
4190093501708935e-55
22523048693107673e-35
0
4842840562581857e-22
23028027038175554e-28
4857620187842128e-22
0
4893445724352551e-22
0
0.000686483619000682
0
9.555978267099942
0
8.246216591370747
0
33.10830675063705
25.858440241986244
0.010274803904029331
0.01265433323415629
5683140569805088e-110
9.771827192482597
0.2770062423907816
12279752765246962e-37
0
14086953632276777e-25
25569047914167945e-27
0.0007656968047048664
0.003792817025452367
0.003634346900995719
0.006662224103356065
4969845330318186e-22
3589806735984986e-26
0.0006867394526289968
8027563076722304e-22
5186029267079441e-23
9707874239595079e-31
1861620072211609e-24
2250883462626126e-24
2.4274563300980745
2.419028060763549
0
1.0254180367909167
0
2.643639179411396
2.647112050039921
4.253722289096157
0
5.12574235159498
0
4.411547445175655
1.4960185664101904
15.017482036033392
17.12962130412396
0.24181182216840424
44.2322401196749
27.695918161272008
1.3187086501237388
0.00016575580483944497
0.016169154714257887
0.24257438242031354
33.27760922935967
0.41814084853923317
0.25928168173182325
2.1774186902243113
0.7244426301233359
23.0663258630311
0
23.067604406536763
0
16.018685294724627
0.00027664209889913493
0.0002766243725398333
0.007000105793064422
6.983182584246306
0.17407544600091898
0.0914206519815062
0
0.000421339914224046
0.4875985885292007
0.05384550675824922
0.02424294270237528
0.016404160311974093
0.00018577136191786899
722741756608856e-19
0.0010930541305620497
1.8891273285943397
0.4329973565623858
0.001989035537452859
0.0003416269263829241
0.0007391409198138603
0.0066612383898533
0.004577363728609893
1817155907361264e-23
0.0636734719492442
1.0290771358597846
0.021063479367528982
17913334803060138e-28
37265620400037963e-23
14245182409419168e-21
0
0.7275003673859143
0.3522080391548464
0.058605982363982116
0
0.2450821890295105
0.014140654498476572
0.05925574372212914
0
0.00023278510390004203
0
0.18485945428227182
0.4896316747725323
0
0
0
0
44545298771704456e-23
0.4513868633675131
57197146247246005e-24
6222121949977539e-23
0.350108623931614
0.19985556409169533
0.23441106337537365
0.5269663087300546
0.0007083935463010235
0.5046987554902295
0.0012291081320169631
0.5592787874998001
10300486063424501e-22
8840079820217778e-20
0.4363525411720563
0.0004235498598325092
12360535785175882e-32
0.16091275413562872
0.007479295563000734
0.17841508764028824
0.017500523639438655
0.03201047767969072
0.014709159314608212
0.06153912828547013
0.24094690943363045
0.18050410188100202
0.19406397820465815
7386168888549862e-33
0.10722731431729411
0.10726468004135585
0.4346353137731109
0.5175352298325533
0.00019105689857825057
0.5174922348943778
0.6385107970603459
10.558717737138258
1.9690132185224334
2.7892606629850767
0.12456363326232078
0.433565432581296
3.1824658720554844
3.5782809074111954
0.7812174115162878
5.229377880320568
6.3078874748671545
3.1636999104554278
2.1474228004153404
2.735259683852125
0.7034809648011308
28.21982450148298
618.9736451748781
5.630962936026641
3131.5211796757276
1.1152194779873423
23.218155988919776
1.165142636345475
44.929995747630585
1.3060033316420192
1.7912881686905242
1.1152185322405737
0.8322355697757016
1.0416973127119682
27.624793252633
0
0.0005721024415275759
7722646438533596e-24
0
0.0036075301741983145
0.003393026193824372
0.0031581061633324473
0.001842410895888179
0.0028555000395969936
0.005977427630771304
0.0027829787789748926
0.00565527028040722
0.0017877138592076007
0.002963819625216404
0.0038263141827621625
0.010174784388670406
0.0028805585378131812
0.004635053918757715
0.0032437156813760522
0.004621598840690571
0.004653019173425283
0.009056870279045528
0.0107402465622642
0.005082643431962058
0.004782504139575793
0.001979360064481031
0.007406818275890851
0.016541968292026095
0.06920906557677844
0.03863978125027622
0.10473852847089002
911933792061151e-19
0.009875493850398478
0.1822693420045044
5447357564659217e-21
0.07006302167576806
0.011111983632938178
0.0020429712174656655
5556862335686265e-21
1204422318394157e-21
0.09476733882095469
0.08337687944139056
0.004050968667274713
0.03012174899613131
0.01938279189833934
0.0058224080080169
0.012009915738763912
0.00048271844994481495
0.21136891249004217
15699129987190634e-25
0.06365680411606406
0.00040292813443324496
0.009567795695577443
0.011160824862440959
0.00015704419712363302
0.00017085433585136106
0.19957953417734905
0.000519804050960269
0.05631202229085192
0.190790219963791
12609138150550736e-22
2586161204694864e-21
0.0001447114739917251
11840205104394323e-21
0.000594234228773929
1532544424791518e-20
14120533343679032e-23
10044033641502952e-22
19076728922315887e-21
0.0725959643235685
0.07313559271363264
43436735237373915e-21
0.0002936595995967691
0.017309991410948453
0.008117187050277036
0.08426202331910998
0.010494919629522419
27828316615979188e-21
0.12027371013296179
0.037494811753395675
8240516898283675e-22
0.19630350515957132
45711182348784544e-23
0.003465921405447054
0.0010103026010544755
22994565953013133e-28
0.21215999142705078
0.20138210442489604
0.017607226998751103
0.19751421601631727
0.17665370063299582
0.008688940139080047
0.1634978319320927
205356401724763e-24
57647681999914925e-22
0.0005095077758037682
9120084172448584e-20
0.11872012393556071
8473119875644953e-22
0.00012875790525529424
0.14564091864617373
0.000937937752397415
0.011761902793169845
12228861068818531e-21
0.12419494968511298
0.09034931674681129
0.022510369454479782
2744737923323611e-20
0.0001534333275489308
12006678593011558e-23
0.013673188560306082
0.1385066451250867
8326801783795906e-24
10254964279103959e-21
9138791858082336e-21
9649592643504377e-20
12087033937633694e-21
0.21188250892458912
0.14253285163454785
0.004533415539446839
0.0014690930663030857
0.040694855043661535
0.005449889949655332
6637126122941498e-20
0.02783151436235783
8323215453334747e-20
0.000742946773698268
0.07658281575223884
11000994113681209e-22
0.19096939196106452
0.17665370063299582
0.0018259160130662362
0.0004888050124480693
7563075062368934e-24
0.0010184999091839078
10739430958862637e-24
0.010040870494745145
0.028917644929802498
0.0009033662667767997
0.0003411117900660288
0.0001504843603877295
26725944866398637e-22
0.006099011561749866
0.015146179800384444
0.02235469256989957
11069414933531116e-24
0.17800357528688573
0.06741027515126484
0
0
8177473589819014e-20
6712557167939877e-20
1033637475077864e-21
7552908488422062e-22
0.0001769929932121977
0.0101861636163782
0.005371470719981876
15204233514092866e-24
0.0001822534375744121
7328694534861531e-21
0.05007591857346621
0.012901549999369153
0.09352748449613905
3845634830349131e-22
0.05707995191440062
0.0076504300264094134
0.00012245451845280708
0.13150765008881835
0.000302661156818848
16523107011765835e-29
8601748757472304e-20
37936189960196968e-22
0.00012470558210799076
0.01772316191857496
0.0034834364876214093
0.00015497231715084765
0.00014113377870586074
3818611328089297e-24
0.0006046708366237928
0.0219472929253011
13347307200259097e-24
0.0018037536232213048
0.0018488534459063213
4418608448326707e-20
0.1020018029462512
4583676758763682e-20
0.2122037805713666
0.0047308470427454945
0.15560314542279458
0.003091065466634927
0.0006732965930230628
0.0005690765345104401
47370923144807133e-21
0.20748853984771032
11919649352980648e-21
22529894678153795e-21
0.008256554404174034
0.006367865280336942
2199971311284304e-23
8737008197663441e-20
0.003049534718247485
0.11984372810476153
0.02965561008714703
0.0001001062048583617
0.023025324954528574
0
0
0.10380541738272067
0
0.21161650827379141
0.21153253707290032
0.21220593684878977
0.04985383792550521
0.029137177266428987
0.18000210088717422
0.21220032398165792
0.17951501701810094
0.21171415438916527
0.18505918973714264
0.0007949743761051132
0.015942364577891784
0.12770369761972494
0.20532919155745133
0.1231187949495278
0.00030696019382553234
0.0265403500970492
0.20212236183925944
0.10513204655248981
0.14428508867043893
