1.7404751316421276
1423378664787871e-55
14001219969423802e-35
0
4614810676888989e-22
21966059843807544e-28
46288565175225005e-23
0
4662860010182195e-22
0
0.0006852927651906553
0
10.081740914494118
0
8.32085949389564
0
33.145592691632736
25.86897567929751
0.010204754963159745
0.011817451068993871
3557115015881054e-110
9.76444669574858
0.27576919377544024
7604021572914883e-37
0
11569043177592443e-25
20870739587970867e-27
0.0007650129734705352
0.0037925543239419857
0.003628092990113288
0.0066562856281054735
4964818656400249e-22
3564810019863122e-26
0.0006855957686211797
8016118508903795e-22
5165349638528579e-23
9692300877755721e-31
15290506810810547e-25
18487788040984813e-25
2.433671519922215
2.425678396016937
0
1.0297880123270375
0
2.6541378166452225
2.7195968992244794
4.251231540056773
0
5.1215813399865775
0
4.411295120634498
1.4921402163848596
15.015820982914322
17.128935195148948
0.2417834416134662
42.305162337166585
27.706308718210522
1.3155722509776866
7986238777718152e-20
0.01617479292378354
0.24266253963324597
33.24154548831359
0.41844496839509576
0.25940031915997924
2.1762709930498936
0.7178194188414165
23.0402474092551
0
23.05671290988092
0
15.998156269668563
0.00027838440267132983
0.000278366084811433
0.006991214078718971
6.9831813488381265
0.17396187457005363
0.09123309442746474
0
0.0004224025488640143
0.485914513680297
0.05360358086128979
0.024178401069866674
0.016526037057841527
0.0001873643613864851
7265134894025215e-20
0.0010891606367773956
1.8830330390615369
0.4328187054683258
0.0019809475762760783
0.0003417016400263848
0.0007442840187072398
0.006625106852867671
0.004549225801630374
18075777495472906e-24
0.06351712531822734
1.0378984773274125
0.02097005996828521
1782865213028953e-27
3720765903537485e-22
14271986264148956e-21
0
0.7264655790589274
0.35067509588268986
0.058898184517567204
0
0.2441020261429055
0.01404400677726074
0.05920334796794882
0
0.00024994783412770477
0
0.18475686588589435
0.4878786093863253
0
0
0
0
44478501823455166e-23
0.4517417001223469
5719776676345864e-23
6152994127204072e-23
0.34963855638483604
0.1984617577541118
0.23430605783056901
0.5266481212277273
0.0007106001698808146
0.5033912095991402
0.0012259516809192735
0.5578672137558849
10299196750660849e-22
886321604585979e-19
0.4374759603484725
0.00042162727138236455
10300550660592907e-32
0.16058693087562004
0.007261587948787925
0.17807992338818207
0.017410161373672156
0.03194521707921356
0.014263002070723941
0.06031283914890544
0.24069673969546604
0.18028848947565762
0.1930775484258466
61372739918098104e-34
0.10626311089453831
0.10632269657891918
0.43414785539242934
0.5172039879043451
0.0001908128119408142
0.5171616792145318
0.6379538251387282
10.518075679933492
1.9685089773400866
2.7879058390008726
0.12469750726860548
0.4320916308970399
3.181059529416558
3.575540565251036
0.7818899123626566
5.213005668826347
6.282560104895336
3.1384455166928062
2.1465656385644527
2.724426020818828
0.7028305418028697
28.136171616484518
618.9712083590015
5.630961092361775
3116.2354087365043
1.11521938611503
23.21815237352537
1.1650751797619183
44.9279962518793
1.306007622055509
1.7912870940252126
1.1152184403480758
0.831350187707936
1.0414719276539286
14.219672893313039
0
0.0005704371443639966
7751478924239737e-24
0
0.0035643454910334275
0.003340780706940493
0.0031112316300007767
0.0018083790165738924
0.0028179944349600527
0.005913508843132991
0.002733686746342714
0.005587778533249668
0.0017552208610783781
0.002919475163631994
0.00377482462981391
0.010057518045778497
0.0028372915222769726
0.004577652360133381
0.003196892704107674
0.004565474083642934
0.004611361572364064
0.00894870727705922
0.010593552914074945
0.005020410690226911
0.004720960203902011
0.0019793328942176685
0.007406434167828612
0.01654002056509592
0.0691710854502457
0.038628694068038316
0.10464333106959339
9119332172211045e-20
0.009874808014641585
0.1818738523460818
54473573595771316e-22
0.07002402173694867
0.011111113371011535
0.0020429422695786626
5556862122275994e-21
12044223083685573e-22
0.09469149641976311
0.08331986063621309
0.004050854449145982
0.0301151233384056
0.01938010368388819
0.005822171319713699
0.012008897499760833
0.00048271683817629167
0.21045090806547195
15699129987020299e-25
0.06362507608210462
0.00040292701161356815
0.009567152286821944
0.011159946856279282
0.00015704402662783303
0.00017085413404619045
0.19847474784373187
0.0005198021819051596
0.056287591862866214
0.19032928629244197
1260913804066948e-21
2586161158471133e-21
0.00014471132922572977
11840204135493748e-21
0.000594231785826344
153254426246498e-19
14120533329898875e-23
10044033571781093e-22
1907672640710724e-20
0.07255384599009088
0.0730927917592914
4343672219673537e-20
0.0002936590033019551
0.017307855610125683
0.008116725148407642
0.08420365918322181
0.010494144198357324
27828311263602768e-21
0.12014225206341189
0.037484395767923666
8240516851352504e-22
0.19579126491334364
457111822043746e-21
0.003465837881830967
0.0010102955343771838
2299456595301276e-27
0.21133400179229636
0.20029362014436153
0.01760501600854911
0.1969893851002026
0.1754370252310246
0.008688410335649752
0.16321118043864222
20535640172447155e-26
5764767970313229e-21
0.0005095059800918308
9120078423107207e-20
0.11859265909382471
8473119826026961e-22
0.00012875779065217482
0.14543033056775695
0.0009379316625586704
0.011760926611666788
12228860035264758e-21
0.12405301932965317
0.09028117198698338
0.022506722482374418
2744737402639582e-20
0.0001534331648043294
12006678583048383e-23
0.01367186477441617
0.13832123978668492
8326801783316715e-24
10254963552282273e-21
913879128086907e-20
9649586207114497e-20
1208703292791492e-20
0.21108537776675745
0.14233355163139913
0.004533272374625287
0.0014690781123109348
0.04068250618860251
0.005449682715423205
6637123078119681e-20
0.027825882832627363
8323210664865664e-20
0.0007429429540249441
0.07653549996270373
11000994030040722e-22
0.18980650123696113
0.1754370252310246
0.0018258928982856741
0.0004888033597605174
7563075061973614e-24
0.0010184927272651634
10739430958065536e-24
0.01004016128624276
0.02891155257774987
0.0009033606179346575
0.00034111098542572484
0.00015048420383966606
26725944372747653e-22
0.006098751723747089
0.015144551068004454
0.02235109691790265
11069414932684276e-24
0.17679037310995208
0.06737439189178597
0
0
8177468967588302e-20
6712554053511816e-20
10336374676939074e-22
7552908448996229e-22
0.00017699277664282265
0.010185433544444273
0.0053712694345216675
15204233512495223e-24
0.00018225320793823537
73286941636592685e-22
0.050056854906629124
0.012900373060367233
0.09345385471740959
3845634820128251e-22
0.057054808790382015
0.007650020058649053
0.00012245441479702686
0.13134459338706075
0.0003026605233973871
16523107011765815e-29
8601743643127382e-20
37936188965565632e-22
0.00012470547460578503
0.01772092123699329
0.0034833521151088525
0.0001549721511246608
0.00014113364101032004
3818611327988518e-24
0.000604668307065309
0.021943829783186496
13347307199027865e-24
0.0018037310670255338
0.0018488297457888011
4418607098878855e-20
0.10191220239197549
45836753066043273e-21
0.2113658601638884
0.004730691082523912
0.15535269865466678
0.003090999076527206
0.0006732934563360134
0.0005690742941327679
4737090763482995e-20
0.20647573421407434
1191964837103425e-20
22529891169931385e-21
0.008256076386346274
0.006367581894608523
21999713109498116e-24
8737002921199063e-20
0.0030494701048482207
0.11971338391509688
0.029649193693729467
0.00010010613558773914
0.02302150551890635
0
0
0.10371215325398718
0
0.21071008697207755
0.21075629997793519
0.2113564596207776
0.049834951798336226
0.02913098944474721
0.17879457349031289
0.21134800019083616
0.17830604621341817
0.210927998376542
0.18464374285576354
0.0007949700023317293
0.015940557480528077
0.127551899053051
0.20470414710179033
0.12297979584696207
0.00030695954227702725
0.026535241596048864
0.2015434286600665
0.10503602600126245
0.1440794870877115
