1.7409087609591316
13271891106939283e-56
13589777073489978e-35
0
4600885378027672e-22
21901182891717217e-28
46148885969745373e-23
0
4648785449249082e-22
0
0.0006852254344489423
0
10.140415315275177
0
8.32850331430857
0
33.14803517331737
25.86962486520993
0.010206985918363123
0.011765131474484316
3454214105956925e-110
9.764039792436453
0.27564420995774225
737877332129093e-36
0
11426985190921465e-25
20606565371850768e-27
0.0007649738252257049
0.0037925378418337497
0.003627739630194048
0.006655945721482079
4964556208834223e-22
3563648988066644e-26
0.0006855313840205758
8015486179665831e-22
5164630284941958e-23
9691440395686892e-31
15102861595990308e-25
1826090853522471e-24
2.4340278462609244
2.4260815472947033
0
1.0300575233262903
0
2.6551010086067457
2.7273638678113223
4.251075310292621
0
5.121318801506068
0
4.411279235529353
1.4919283326029602
15.015816196764057
17.129015256790126
0.24178298975920087
42.088890924659175
27.70762896433459
1.3153755364970237
7523714280132397e-20
0.016175527327808036
0.2426740681812053
33.238325508216
0.41843620174075336
0.2593960368466233
2.176198964434077
0.7174064567203008
23.038320455807636
0
23.05640637331464
0
15.995892257353352
0.0002784973285071426
0.00027847895566472517
0.006990849162913369
6.9831812341985495
0.17395556994900654
0.09122160523301912
0
0.0004224142062358525
0.48580857245188647
0.05357900062818391
0.024173653100652663
0.016533522395720115
0.00018748521382793248
726831457947118e-19
0.001088916980214935
1.8823688016632611
0.432808050115725
0.001980174347845369
0.00034170717916517023
0.00074459976369164
0.006621285948433211
0.004546014048987674
18069753340300062e-24
0.0634976188050113
1.038802708749481
0.020960540077324154
17820298980057196e-28
3720396061117302e-22
14273696479484222e-21
0
0.7264006330486624
0.350568781009651
0.058915808622370495
0
0.24404131252480765
0.014037932501058049
0.05920030769081911
0
0.0002519054893122634
0
0.1847504360098971
0.4877687968179638
0
0
0
0
44472317276712353e-23
0.45176311844057754
5719767325824475e-23
6148984817878254e-23
0.34960904234432694
0.19835788046183758
0.23429938708113934
0.5266281504679082
0.0007107556596046065
0.5033087757536583
0.0012257537099821664
0.5577786848241191
10299115537068238e-22
8864876721667787e-20
0.4375458371282981
0.0004214551523299799
10182861482091072e-32
0.1605663462327219
0.00724812240059724
0.17805890213405864
0.017400452961129777
0.03193594215681216
0.014235425390967482
0.060236507599688426
0.2406809965391463
0.18024961452620555
0.19298269418390365
6065380131832949e-33
0.10618231568541459
0.10624448275689302
0.4341171909597001
0.5171831713982942
0.00019079701318730136
0.5171409050113384
0.6378372646034087
10.513646294707883
1.9684738968792577
2.7878090748178237
0.1247055629142933
0.4319309105706609
3.1809619795517836
3.575345097237825
0.781930590278681
5.211205782291377
6.279801194555634
3.1363976249057752
2.146507460751982
2.7232369826053855
0.7026964009033896
28.127223109748705
618.9710554656582
5.630960976684333
3115.278821745185
1.1152193803506658
23.218152146683924
1.1650709474491856
44.92787080005369
1.3060078902387895
1.791287026595316
1.1152184345824425
0.8312946621960012
1.0414577878948843
13.445905486768636
0
0.0005702503997744799
7753284533873962e-24
0
0.0035615512585636454
0.003336764682936725
0.0031076014629302577
0.001805862381148669
0.0028150305716148952
0.005908587260153005
0.002730005059546257
0.005582285807405859
0.0017528070993143945
0.0029160467106025927
0.003770760160756339
0.010047903394848881
0.0028339487854780773
0.004573044066362863
0.0031932544089764625
0.004560953587609059
0.004607751033995182
0.008939953748612138
0.010581986822233554
0.005015407935653558
0.004716044645916892
0.0019793311894804205
0.007406410068317904
0.016539898366092168
0.06916870314999878
0.03862799852865132
0.10463736096412632
911933181153804e-19
0.009874764984689085
0.18184906668298534
5447357346709623e-21
0.07002157547929432
0.011111058770252544
0.0020429404533088328
55568621088859485e-22
1204422307739519e-21
0.09468673984779367
0.08331628439336129
0.004050847282840715
0.030114707671929627
0.019379935029100934
0.0058221564694493355
0.012008833615050186
0.0004827167370489317
0.21039344262411233
1569912998700961e-24
0.06362308589056041
0.00040292694116435577
0.009567111918730472
0.011159891769652585
0.00015704401593038454
0.00017085412138429315
0.19840563424514973
0.0005198020646348567
0.056286059372679456
0.19030040298659878
12609138033775176e-22
2586161155570908e-21
0.0001447113201426506
11840204074701814e-21
0.0005942316325482926
15325442522800914e-21
14120533329034263e-23
10044033567406521e-22
19076726249294974e-21
0.07255120416527007
0.07309010712506207
43436721378523914e-21
0.00029365896588854165
0.017307721611901236
0.008116696168075553
0.08419999857777227
0.010494095547223036
27828310927777498e-21
0.12013400875346257
0.037483742331984045
8240516848407891e-22
0.1957591699137202
4571118219531385e-22
0.0034658326413578512
0.0010102950909927774
22994565953012737e-28
0.21128228389133322
0.2002255216230617
0.017604877293171832
0.1969565020546376
0.17536096708530916
0.008688377095156134
0.16319321176713203
20535640172445327e-26
57647679559024765e-22
0.0005095058674233012
9120078062375164e-20
0.11858466610405062
8473119822913769e-22
0.00012875778346161006
0.14541712775115803
0.0009379312804639256
0.011760865365601838
12228859970416275e-21
0.12404411957243132
0.09027689807963629
0.02250649367931874
2744737369970195e-20
0.00015343315459321564
12006678582423262e-23
0.013671781720106243
0.13830961513753845
8326801783286649e-24
10254963506679146e-21
9138791244652855e-21
9649585803274844e-20
12087032864561919e-21
0.21103546329645612
0.14232105620351254
0.004533263392154808
0.0014690771740544612
0.04068173150667681
0.005449669713143898
6637122887077816e-20
0.027825529530338722
8323210364421809e-20
0.0007429427143670133
0.07653253219276822
1100099402479285e-21
0.1897337742752785
0.17536096708530916
0.0018258914479997777
0.0004888032560657729
756307506194881e-23
0.001018492276650178
10739430958015523e-24
0.01004011678989117
0.028911170366789408
0.0009033602635093167
0.00034111093494006834
0.00015048419401734263
26725944341774402e-22
0.006098735421044427
0.015144448881937654
0.02235087133441839
11069414932631143e-24
0.17671452917198344
0.06737214109764743
0
0
8177468677574771e-20
6712553858102634e-20
10336374672306143e-22
7552908446522526e-22
0.00017699276305457257
0.010185387739128372
0.00537125680547619
15204233512394982e-24
0.00018225319353013295
7328694140368845e-21
0.05005565903286913
0.012900299219009773
0.09344923688138876
38456348194869604e-23
0.05705323159924002
0.007649994336686082
0.00012245440829333285
0.13133436942842586
0.00030266048365453223
16523107011765815e-29
8601743322237039e-20
37936188903159265e-22
0.0001247054678607541
0.01772078065887149
0.00348334682137427
0.00015497214070764995
0.00014113363237086356
3818611327982195e-24
0.0006046681483530295
0.02194361251273526
13347307198950615e-24
0.0018037296517866915
0.001848828258777355
4418607014210172e-20
0.10190658318992199
45836752154911955e-21
0.21131339679041558
0.004730681297249577
0.155336998265278
0.0030909949110459276
0.0006732932595306699
0.0005690741535645634
4737090666168428e-20
0.20641235260919988
11919648309423777e-21
2252989094981425e-20
0.008256046394893517
0.006367564114497235
21999713109288244e-24
8737002590136829e-20
0.0030494660508414463
0.11970521042958406
0.029648791154864254
0.00010010613124147916
0.023021265896359163
0
0
0.10370630435713261
0
0.21065334480098216
0.2107076914437451
0.211303274203647
0.04983376706055736
0.029130601244734416
0.17871907998002773
0.21129463693675488
0.1782304635248252
0.21087876986059115
0.18461770749912723
0.0007949697279079267
0.015940444104258735
0.1275423807409925
0.20466499329945093
0.12297107983016052
0.00030695950139682525
0.026534921105055714
0.20150715986556936
0.10503000428785512
0.1440665967554977
