1.7469078843273025
4990768121154919e-56
8995187630264244e-35
0
44125376411807635e-23
21023262039057605e-28
44259654635404465e-23
0
4458450410553576e-22
0
0.0006844360966655025
0
11.345876367203635
0
8.503691612626254
0
33.18501287103386
25.87846750655979
0.010314398025038213
0.011035906266247366
2301527271160469e-110
9.759329397115234
0.2730833181405014
4867594133119107e-37
0
96315868444381e-23
17276716689788105e-27
0.0007645045864599448
0.0037923098246694987
0.0036236047645445547
0.00665187283860703
4961950260352931e-22
3556290223718439e-26
0.0006847830888279878
8008395041450019e-22
51672013023819925e-24
9681691914143444e-31
12731178277566366e-25
1539332939149883e-24
2.438161565527712
2.4313096445008346
0
1.0337072303249244
0
2.6758588215661283
2.871637867403225
4.248914484723967
0
5.117648451316398
0
4.411058217343688
1.4897438182926452
15.018201266425244
17.13315832964152
0.24180806387846532
38.85730580367695
27.741473253027173
1.3126561414466935
34607411751931944e-21
0.016194553181131017
0.2429735680680776
33.17008155416266
0.417689122710778
0.2590527001647138
2.175202338189509
0.7117055110873735
23.004457565105433
0
23.04387826135158
0
15.947554942117634
0.00028013495333004113
0.0002801154939755193
0.006990028568316853
6.983178784267403
0.17388085261833028
0.09106538239468416
0
0.0004215676860860517
0.48434335926110517
0.05307518587452009
0.02409576947914149
0.016632623998738987
0.00018967100213449297
7332273617212092e-20
0.0010855365444770425
1.8682481899789125
0.43267353447395296
0.001964863199236825
0.00034179423552212657
0.0007487596491640104
0.006537649766284737
0.004472808230869041
17984717719333937e-24
0.06305888066999402
1.05952309184806
0.020765207033185754
17650931365635795e-28
3714890532829839e-22
14297758043134688e-21
0
0.7255030221954756
0.34884325195724963
0.059141229338071095
0
0.2432177693440096
0.013953367600464594
0.05916368874432342
0
0.0002939831358187379
0
0.18466159378527464
0.48625195990525444
0
0
0
0
44372431603709146e-23
0.4520381114864855
5718979149590422e-23
6097095600785439e-23
0.3492004618373868
0.19663198219831493
0.23420617830936005
0.5263516873148766
0.0007133190062617812
0.5021536714554674
0.0012230155645171264
0.5565542159315542
10297988123788361e-22
8892882122471676e-20
0.4385068442723465
0.00041817990792543657
8678887791126946e-32
0.1602782946239833
0.007064143768750281
0.17776817933066022
0.01719576790651896
0.0317159345074865
0.013858832575435073
0.05918729573229251
0.2404626329736372
0.1792670463398916
0.19109565849704616
51388166689298e-31
0.10471322915779518
0.10480682101817795
0.4336917927148106
0.5168947755202742
0.00019056694358235426
0.5168530794014841
0.6347901932921036
10.419585138032591
1.9679029938362473
2.7861761933044327
0.12480828113487204
0.42851399161561043
3.1793808718649674
3.5720520412490164
0.7824550297335913
5.173008744895065
6.221569477543603
3.1000376944974817
2.1456224045133516
2.6981732984626547
0.6992024383598906
27.942258247495293
618.9689402388698
5.630959376324052
3102.0748386871783
1.11521930060253
23.218149008404996
1.1650123963293624
44.92613524998396
1.3060115890709953
1.7912860937021549
1.115218354816785
0.8305268023148648
1.0412621884992268
6.399767862092556
0
0.0005661851634020849
7778180493016528e-24
0
0.0035206659065763206
0.003268642928586287
0.0030456472497573874
0.0017645511438799482
0.0027636240389486357
0.005824891390614025
0.0026690451108418584
0.0054848400008173925
0.001713028412227119
0.0028576153189884346
0.003700324011873051
0.009876403868745083
0.0027770138248984022
0.004492127443686597
0.003130989895192878
0.004481377880051854
0.004540827532994521
0.008785308739316395
0.01038170901620858
0.004927472754098323
0.004630079378950803
0.0019793076051346954
0.007406076667316431
0.016538207874470835
0.0691357532037628
0.038618377247998756
0.10455480140143585
911932682174343e-19
0.0098741696982541
0.18150651134889906
5447357168691738e-21
0.06998774105265292
0.011110303413690202
0.0020429153259604264
5556861923638929e-21
12044222990369744e-22
0.09462095870416697
0.08326682396218493
0.004050748140592764
0.030108957647445082
0.019377601894489185
0.00582195102466266
0.0120079498253173
0.00048271533798631807
0.20960003488314857
1569912998686175e-24
0.06359555861233028
0.0004029259665232247
0.009566553456531972
0.011159129691634982
0.00015704386793466936
0.0001708539462110765
0.197451935636531
0.0005198004422403134
0.05626486214051606
0.1899012611514171
12609137938394685e-22
25861611154472143e-22
0.00014471119448120415
11840203233664808e-21
0.0005942295119993717
1532544111375415e-20
14120533317072644e-23
10044033506885691e-22
19076724066012705e-21
0.07251466523058582
0.07305297618314735
4343671005883076e-20
0.0002936584482863816
0.017305867895635013
0.008116295245037328
0.08414937159549912
0.01049342249743369
27828306281742337e-21
0.12002002321074824
0.03747470342286288
8240516807670119e-22
0.19531568532871235
45711182069961346e-23
0.0034657601418959616
0.0010102889569308237
22994565953012426e-28
0.21056808062200852
0.19928577272309606
0.017602958322301153
0.19650213847225098
0.17431210428414004
0.008687917236573191
0.16294482383084366
20535640172420026e-26
5764767756534315e-21
0.0005095043086926671
912007307176381e-19
0.11847414090387803
847311977984374e-21
0.0001287576839824796
0.14523459394185137
0.0009379259943209067
0.011760018078545527
12228859073258204e-21
0.12392105976709511
0.09021779069178125
0.02250332850065798
2744736917999683e-20
0.00015343301332578106
120066785737749e-21
0.013670632741977396
0.1381488920371573
8326801782870693e-24
10254962875774432e-21
9138790743613078e-21
9649580216283723e-20
12087031988093399e-21
0.21034612247683138
0.1421482984670612
0.004533139124365555
0.0014690641936367405
0.040671015542823145
0.005449489833937891
6637120244075092e-20
0.027820642166097802
832320620787797e-19
0.0007429393987838719
0.07649148584886775
11000993952190202e-22
0.18873047480874175
0.17431210428414004
0.0018258713838749318
0.0004888018214842957
756307506160566e-23
0.0010184860425559625
10739430957323606e-24
0.01003950121728715
0.028905883118467632
0.0009033553601619802
0.0003411102364878711
0.00015048405812869515
2672594391326938e-21
0.006098509973696846
0.01514303524102929
0.02234775069244764
1106941493189606e-23
0.1756685852251477
0.06734100979318036
0
0
8177464665331097e-20
6712551154679478e-20
10336374608211013e-22
7552908412299625e-22
0.00017699257506557144
0.010184754058322601
0.005371082089704933
15204233511008174e-24
0.00018225299419874586
73286938181532774e-22
0.050039117432054796
0.012899277690739923
0.09338537400232995
3845634810614905e-22
0.057031416136016595
0.007649638490402801
0.000122454318316835
0.13119300585910812
0.00030265993382533996
165231070117658e-27
860173888282267e-19
37936188039787077e-22
0.00012470537454543855
0.017718835919803073
0.0034832735850694016
0.00015497199659169744
0.00014113351284679166
3818611327894716e-24
0.0006046659526235098
0.021940606866047513
13347307197881862e-24
0.0018037100725224059
0.001848807686570758
4418605842846094e-20
0.10182887510696255
458367395497025e-19
0.21058891759706247
0.004730545923175504
0.15511995113705979
0.0030909372835163456
0.000673290536797383
0.0005690722088518282
4737089319852624e-20
0.20553748221628643
11919647457062575e-21
22529887904564073e-21
0.008255631483885056
0.006367318137420063
21999713106384757e-24
8736998009997646e-20
0.0030494099655031014
0.11959219011133866
0.029643222718768687
0.00010010607111237712
0.02301795105073496
0
0
0.10362542057370472
0
0.209869901139545
0.21003635716870264
0.2105688428029168
0.04981737948096357
0.029125231152129463
0.17767791644274872
0.21055775445851832
0.17718808289633886
0.2101988868667638
0.1842578931248131
0.0007949659313518197
0.01593887566246017
0.12741077079169394
0.20412408078777414
0.12285055988684151
0.0003069589358328212
0.026530487611526564
0.201006061893604
0.1049467312195492
0.14388838141645943
