1.7544438841590961
14662518087630932e-57
53569251446159417e-36
0
4187767931251883e-22
1997425132585146e-27
4200438188298415e-22
0
4231079488651413e-22
0
0.0006838724278942058
0
12.703539051265043
0
8.910786620779
0
33.247305401005946
25.88924372251757
0.010350691930464714
0.010183838382057083
13848274026691131e-111
9.753468047604215
0.26980444279851223
2886357902489364e-37
0
7770456702610147e-25
13844404056330657e-27
0.000764146905126696
0.0037920234129425225
0.003620663483941005
0.006648773088747356
4961769550766337e-22
35574802933609676e-27
0.0006842689018563221
800448234474497e-21
51854090619760294e-24
9675876533437195e-31
10272381773325198e-25
12420406905914124e-25
2.4415317080533465
2.4364906166282765
0
1.0380602874808078
0
2.7240866991953068
2.978280546609974
4.24620140269435
0
5.112914254342439
0
4.410777164079079
1.489008381234101
15.031722580385933
17.15139958982518
0.24197788317293706
37.982107667428295
27.82579069090705
1.3092470725292915
22977086871893692e-21
0.01624202878228645
0.24373128336580313
33.02422434720624
0.4151199964852782
0.2578611196833507
2.173951627236334
0.7045548720177531
22.945916376739184
0
22.97408444920534
0
15.887801288884887
0.00028244290028997727
0.00028242117353958086
0.0069989734363809
6.98317335214692
0.17378046879444373
0.09085584401110304
0
0.00042014655971789463
0.4824974073817943
0.05243573705300481
0.0239979983177073
0.016748255729542156
0.00019397144772780514
7472751776151285e-20
0.0010812450590107457
1.8503034957941717
0.43256289501448913
0.0019465959582606492
0.00034185368985778606
0.000753370388555864
0.006392457612154536
0.004341238062069497
17879472375456713e-24
0.06249963574413397
1.1075355441973225
0.020517974885238353
17450870783249344e-28
3708194140808592e-22
14325889144456656e-21
0
0.7243781217949149
0.3459998665853396
0.05938320229388935
0
0.2422535395878825
0.01384444968129125
0.05912947649513995
0
0.00034593559205743445
0
0.18455033209004815
0.4843529743331395
0
0
0
0
4436507078811001e-22
0.452318882454313
57181493777894375e-24
6040417750228415e-23
0.3486864516566547
0.19446155091556905
0.2340867224011225
0.5260037596758356
0.0007176805890644838
0.500655853369192
0.0012195761903254546
0.5550160369051869
10296561720284284e-22
8941916243206475e-20
0.4397035272258855
0.00041428126053454474
7103403490991421e-32
0.15990205341678135
0.006839049223620658
0.17740324739395094
0.01693371926041155
0.03142323946397217
0.01339851578543998
0.05789192025822219
0.24018685415467417
0.17800323451603273
0.18871301842763652
4174137636370701e-33
0.1028778771023521
0.10294657972609379
0.4331540460054323
0.5165314157884777
0.00019024329488856912
0.5164904580003863
0.6308509613585289
10.300343134315728
1.9669141054240378
2.7831974143516107
0.12491081157265017
0.42417205541873565
3.176660088342726
3.566061364809195
0.7829976062731313
5.126727697230486
6.151072357411443
3.0548206188397558
2.144288030866502
2.6690453512363903
0.6947162723107769
27.731941304452103
618.9662831361073
5.630957365978504
3085.567491029864
1.1152192004242454
23.218145066151365
1.164938849548107
44.923955175617465
1.3060162085955835
1.7912849217551279
1.115218254616487
0.829563070527221
1.0410165317746962
4.300795344139625
0
0.0005605922314549189
78091685975624e-22
0
0.0034627448305971876
0.0031852267135668937
0.0029697430845524527
0.001714116781961083
0.002700533522515762
0.005721949083040202
0.002594539600826244
0.005364796621556482
0.0016644412955333623
0.002786042049754934
0.0036139263195992728
0.009665748071792954
0.0027072716911045154
0.004392778895672408
0.003054695008293366
0.004383646410444674
0.0044596258721583985
0.008595423422935183
0.010135819547164441
0.004819501900573101
0.0045246025159140345
0.001979277979266794
0.007405657875744919
0.016536084551619902
0.06909438426704007
0.038606294549802474
0.10445118374352445
9119320553649607e-20
0.009873421960105967
0.18107711326543133
54473569450686145e-22
0.06994526197069871
0.011109354620003176
0.002042883761837743
5556861690934689e-21
12044222881049796e-22
0.09453839027327468
0.08320473419081031
0.00405062360317453
0.0301017361173132
0.019374671447304346
0.005821692958583155
0.012006839715401637
0.0004827135805126835
0.20860760772329598
15699129986676006e-25
0.0635609961763473
0.0004029247421984514
0.009565851971724663
0.011158172455543408
0.00015704368202509048
0.0001708537261616254
0.19626040880079493
0.0005197984042222221
0.056238245839119606
0.18940105189707201
1260913781857929e-21
2586161065044492e-21
0.0001447110366275223
11840202177168077e-21
0.0005942268482115147
15325439343733028e-21
14120533302046664e-23
10044033430860427e-22
19076721323409885e-21
0.07246879169977061
0.07300635963588512
43436695839223144e-21
0.00029365779808437795
0.017303539569180272
0.008115791640192396
0.08408581795009869
0.010492577084559746
27828300445470696e-21
0.11987698970032831
0.037463351983017014
8240516756495986e-22
0.19476001077764366
45711181912495634e-23
0.003465669071416779
0.0010102812514761433
22994565953012034e-28
0.20967433046333014
0.19811152345939226
0.017600548039155898
0.19593285950964828
0.1730034255902408
0.0086873396042967
0.1626333386751729
20535640172388223e-26
5764767506091328e-21
0.0005095023506477101
9120066802644007e-20
0.11833544693809589
8473119725739891e-22
0.00012875755901854563
0.14500562263606495
0.0009379193539974494
0.011758953817019779
12228857946263128e-21
0.12376664705765064
0.0901435958038272
0.022499353086211846
2744736350241886e-20
0.00015343283586814402
12006678562910977e-23
0.013669189551435607
0.13794725897117513
8326801782348186e-24
10254962083242392e-21
9138790114215212e-21
9649573198002205e-20
12087030887088192e-21
0.20948337389487687
0.14193158018591165
0.004532983026045522
0.0014690478880126133
0.04065755832568343
0.005449263881059766
6637116923980151e-20
0.027814503956203045
8323200986499095e-20
0.0007429352338239817
0.07643995530331285
11000993860987955e-22
0.18747766137064723
0.1730034255902408
0.001825846179964654
0.0004888000193926709
7563075061174598e-24
0.0010184782114437015
10739430956454443e-24
0.010038727998617505
0.028899242734529807
0.0009033492006956424
0.0003411093591057672
0.0001504838874277913
26725943374988437e-22
0.0060982265772461415
0.015141259635625497
0.02234383121089983
11069414930972666e-24
0.17436345612853418
0.06730192354620265
0
0
8177459625219557e-20
671254775868544e-19
10336374527695771e-22
7552908369309375e-22
0.00017699233891717167
0.010183958094813098
0.005370862622688157
1520423350926608e-23
0.00018225274380225394
7328693413391418e-21
0.05001834589210389
0.012897994578404652
0.0933052123503488
38456347994699736e-23
0.05700402373131105
0.007649191505627007
0.00012245420528993607
0.13101564287753456
0.0003026592431403923
1652310701176576e-28
8601733306106802e-20
37936186955233183e-22
0.0001247052573243772
0.017716393273095685
0.0034831815890131
0.00015497181555580472
0.00014113336270276725
3818611327784826e-24
0.0006046631943956005
0.02193683180564196
13347307196539335e-24
0.0018036854776747047
0.0018487818444285133
44186043713983e-18
0.10173134345999486
458367237152512e-19
0.2096823575870903
0.004730375873986013
0.15484772982770026
0.0030908648942866374
0.0006732871165603371
0.0005690697659451817
47370876286334573e-21
0.20444373727072956
11919646386340578e-21
225298840791716e-19
0.008255110309067705
0.006367009158537783
21999713102737446e-24
8736992256505748e-20
0.003049339513487832
0.11945036705532189
0.029636229223191677
0.00010010599557924203
0.023013787672711627
0
0
0.10352390508844074
0
0.20888987981931847
0.2091960683611293
0.20964987849278988
0.04979680131020252
0.02911848673319697
0.1763786150667299
0.2096357354686506
0.17588729631823594
0.20934793443319247
0.18380689383598242
0.0007949611622063481
0.015936905630431732
0.12724563697817784
0.20344662080774586
0.12269933209115472
0.0003069582253821237
0.026524919379777828
0.2003783563545931
0.10484221851888419
0.14366482262345295
