1.7537587932652967
1638674613934765e-56
5615364944627413e-35
0
42076585595172233e-23
2006711916810441e-27
4220394824618906e-22
0
42511996495302214e-23
0
0.0006839072963413297
0
12.614661336037535
0
8.868485563940546
0
33.240673743051005
25.88827721918239
0.010356102288435027
0.010256438213809636
14500699525763755e-111
9.754062812810623
0.27004209063899837
30267976100546814e-38
0
7923625405196697e-25
14126010703136367e-27
0.0007641700874278079
0.003792049449477661
0.0036208451925403406
0.006648973670507177
4961667499232526e-22
3557698835526288e-26
0.0006842994506734337
8004646827533795e-22
5184236351094563e-23
9676156617629455e-31
104747497423999e-23
126650899464118e-23
2.441253550268234
2.436083084262307
0
1.0376739621666313
0
2.719015777461229
2.9742005018887894
4.2464479933899435
0
5.113349062515467
0
4.410802813999309
1.4890208145572876
15.029927467135924
17.149040132694346
0.24195452305477125
37.99633955252155
27.816946022911527
1.3095567150536016
23464704070098245e-21
0.016237062221856433
0.243651238627109
33.038690283663556
0.41539727174445296
0.25798962885892385
2.1740651864710694
0.7052035222450683
22.951387808070162
0
22.98124285581419
0
15.891883715654771
0.00028222150349756675
0.0002821999963935725
0.006997899398932997
6.983173915056433
0.17379076646722533
0.0908756736234384
0
0.00042021481204564977
0.4826671243923934
0.05248178034748157
0.024005935939924217
0.016737695717600382
0.00019353106072698037
7458087264893329e-20
0.0010816364542362265
1.8515692198711882
0.4325694413727615
0.0019478406938830527
0.00034185137907509564
0.0007529618181820306
0.006405299348111011
0.004352954875355875
17888586607386084e-24
0.06253805983481871
1.1025570027533418
0.020535711431526688
17463893872652724e-28
37087137006961465e-23
14323463951511507e-21
0
0.7244803793682288
0.34627348884978304
0.05936156670808714
0
0.24233704982659954
0.013854499875756713
0.05913242350825283
0
0.00034237561988688327
0
0.18456043204904196
0.4845253278927973
0
0
0
0
4436109361167564e-22
0.45229552529556427
5718094768089689e-23
6045208282950332e-23
0.3487332171837475
0.19463663070465304
0.23409769523215568
0.5260354218722845
0.000717250091239725
0.5007934480151569
0.0012198889280715694
0.555155903587087
10296691860924497e-22
8937049841403476e-20
0.4395950970580818
0.00041455316455396823
7233291055185809e-32
0.15993706071654082
0.006859239027780787
0.1774364103779891
0.016952507449393847
0.03144382276270288
0.013439781842475481
0.05800851087802875
0.24021199227214224
0.1780857558437522
0.18888642509267647
42527961799893436e-34
0.10301738499328697
0.10308874720130798
0.433203079455834
0.5165644986049511
0.00019027390428680093
0.516523469769925
0.6311054960152819
10.308745339370873
1.9670141052325343
2.783502147753771
0.12490237958431441
0.4244783723797562
3.176934694828441
3.566673609208121
0.7829521779907691
5.129812440900761
6.155790342442894
3.058289938879524
2.1444191828985995
2.6708976275985816
0.6950039943031511
27.745593400492474
618.9665246904326
5.63095754873716
3087.064522119567
1.1152192095313616
23.21814542453803
1.1649455354272673
44.924153359824686
1.306015789761633
1.7912850282987842
1.1152182637256045
0.8296506437644331
1.0410388618092885
4.389330785462861
0
0.0005610162337701239
7806363642897243e-24
0
0.003468210503464986
0.0031917331202290095
0.002975643453466928
0.0017181222696036969
0.0027053955735876997
0.005729987787511267
0.0026004309456977917
0.005373952203229097
0.001668292507335222
0.0027916095184732726
0.00362058460990587
0.009681711729845865
0.0027126991596443024
0.004400378657871689
0.00306061568199161
0.004391112516560646
0.004465535471518594
0.008609893571345652
0.010154795176796365
0.0048277557344058196
0.004532686963513627
0.0019792806725091885
0.007405695946727374
0.016536277569704536
0.0690981440563527
0.03860739282067999
0.10446059928573374
911932112347614e-19
0.009873489933961364
0.18111610744156212
5447356965397988e-21
0.06994912263978609
0.01110944087062649
0.0020428866312832894
555686171208962e-20
12044222890987974e-22
0.0945458935160008
0.08321037680179533
0.004050634924599788
0.030102392548473526
0.01937493783328017
0.005821716418663138
0.012006940630243938
0.00048271374028274955
0.20869763386526832
1569912998669289e-24
0.06356413743964137
0.0004029248535005498
0.009565915740945204
0.011158259473613106
0.00015704369892595218
0.00017085374616610926
0.19636843164885012
0.0005197985894962639
0.05624066498250662
0.189446470968148
12609137829471597e-22
2586161069626558e-21
0.0001447110509778499
11840202273213231e-21
0.0005942270903735536
1532543950464403e-20
14120533303412663e-23
10044033437771813e-22
19076721572737398e-21
0.07247296082130131
0.07301059627432033
4343669713191456e-20
0.0002936578571935915
0.01730375122227667
0.008115837421159759
0.08409159357026105
0.010492653937460952
27828300976040794e-21
0.11988998569988371
0.03746438378999323
824051676114818e-21
0.1948104612518686
457111819268107e-21
0.0034656773504523615
0.0010102819519695948
2299456595301207e-27
0.20975542347920567
0.19821798686823006
0.017600767142167274
0.19598454392043188
0.1731219892705203
0.008687392114734816
0.16266163088564642
20535640172391116e-26
5764767528858871e-21
0.0005095025286514861
9120067372563811e-20
0.11834804876829748
8473119730658422e-22
0.00012875757037889826
0.14502642328392465
0.0009379199576612755
0.011759050564087532
12228858048717223e-21
0.12378067662238185
0.0901503382714946
0.022499714458502913
27447364018562262e-21
0.00015343285200064802
12006678563898606e-23
0.013669320744279838
0.13796557708268115
8326801782395688e-24
10254962155290757e-21
9138790171433198e-21
9649573836027586e-20
1208703098717957e-20
0.20956165914159625
0.1419512681870712
0.004532997216579768
0.001469049370334601
0.04065878152504088
0.005449284421843362
6637117225806897e-20
0.0278150619193169
8323201461169767e-20
0.0007429356124557341
0.07644463846351021
1100099386927907e-21
0.18759120901971663
0.1731219892705203
0.0018258484712148483
0.0004888001832189078
7563075061213786e-24
0.00101847892336051
10739430956533458e-24
0.010038798288762963
0.02889984634275618
0.0009033497606453922
0.00034110943886768333
0.00015048390294604728
26725943423923068e-22
0.0060982523317546404
0.015141421045694912
0.022344187498996495
1106941493105661e-23
0.17448170246168837
0.06730547590372407
0
0
8177460083411387e-20
67125480674121e-18
10336374535015339e-22
7552908373217579e-22
0.000176992360385195
0.010184030452561554
0.005370882573864569
1520423350942445e-23
0.00018225276656555717
7328693450187949e-21
0.05002023385756664
0.01289811121970629
0.09331249692896083
3845634800483149e-22
0.05700651340616139
0.007649232139527335
0.0001224542155651044
0.13103175687175841
0.00030265930592986785
16523107011765762e-29
8601733813080822e-20
3793618705382899e-21
0.00012470526798083278
0.017716615317971966
0.003483189952190544
0.00015497183201360442
0.00014113337635221742
3818611327794816e-24
0.0006046634451430723
0.021937174966109793
13347307196661382e-24
0.0018036877135560918
0.0018487841936992457
44186045051662616e-21
0.1017402061118549
45836725154746546e-21
0.20976461061464885
0.004730391332750643
0.15487245746621192
0.0030908714750556457
0.0006732874274902596
0.0005690699880271708
47370877823806295e-21
0.2045429276568349
11919646483678936e-21
22529884426934525e-21
0.008255157687236956
0.0063670372469075065
2199971310306902e-23
8736992779550309e-20
0.003049345918149232
0.11946325310756446
0.02963686492733245
0.0001001060024458883
0.023014166130502937
0
0
0.10353312965801202
0
0.20897878323861874
0.20927231913579636
0.20973325471427914
0.049798671701695434
0.02911909979764906
0.17649633970689996
0.20971938827325942
0.17600515398136987
0.20942515118293212
0.1838478481154088
0.0007949615957638451
0.015937084714190298
0.12726064029483572
0.20350811505735672
0.12271307237657786
0.0003069582899684828
0.026525425534368523
0.20043533940192673
0.10485171537108615
0.14368513178898296
