1.7541013387121964
15500616605920945e-57
5484622785559986e-35
0
4197700196424836e-22
20020625064233142e-28
4210403347244164e-22
0
4241126167376084e-22
0
0.0006838895315718398
0
12.659862656406174
0
8.88956047486154
0
33.24396380006235
25.88876076504384
0.010353565008335754
0.010220024670072955
14170688022715108e-111
9.753766886779976
0.2699217751345412
29557437150288196e-38
0
7846667326883848e-25
13984498907679201e-27
0.0007641583054370646
0.003792036431187843
0.0036207526125668285
0.0066488717191877525
4961716132572845e-22
3557602555614325e-26
0.0006842838500656425
8004560726611423e-22
5184841831764451e-23
96760114833446e-29
10373072275060691e-25
12542151768294633e-25
2.441392598142387
2.436288145076677
0
1.037867329300666
0
2.7215410369823076
2.976343918021423
4.246324696750979
0
5.113131737602085
0
4.410789990512882
1.4890139190214664
15.030811386772264
17.1502029599362
0.2419660004194958
37.988662487086614
27.821351714914968
1.3094018883691918
23213940341262802e-21
0.01623953663091057
0.2436910950872947
33.031461907120566
0.4152592127381861
0.2579256314470348
2.1740084023907693
0.7048791379164077
22.948647480084254
0
22.97765659208012
0
15.889810314202641
0.0002823319364094219
0.0002823103192138602
0.006998432626507364
6.98317363463353
0.17378564189360302
0.09086577086949485
0
0.00042017903631815846
0.48258234975108527
0.05245846416470242
0.02400194392466358
0.01674296812873981
0.00019375049425047013
746539080455685e-19
0.0010814407663274513
1.850927422715424
0.4325660738794832
0.0019472083559599358
0.0003418525859454503
0.0007531660368272234
0.006398852734663951
0.00434707342678779
1788401562987774e-23
0.06251854482435668
1.1050376827808057
0.02052672782853552
1745725515139215e-27
3708451158306161e-22
14324678847205972e-21
0
0.7244292525645594
0.3461367729005157
0.05937237147088541
0
0.24229518394914865
0.013849478301832476
0.059130951132180545
0
0.00034418326840894044
0
0.18455538173173466
0.4844391443782564
0
0
0
0
4436302929649709e-22
0.45230724086473534
57181179779145124e-24
6042804241642166e-23
0.3487098353784958
0.19454854652901432
0.23409221174708944
0.5260195916064712
0.00071746482410068
0.5007246698363432
0.0012197325616954847
0.5550859713222257
10296626802295e-19
8939476911211032e-20
0.4396493199930098
0.0004144152370283961
7168037821894977e-32
0.15991957685977035
0.0068491373378422975
0.1774198285662448
0.016942990520682454
0.03143338152346618
0.013419134346117745
0.05795018653935759
0.24019942488913426
0.17804370153748286
0.1887986696224847
4213259727883716e-33
0.10294696957548592
0.1030169884589063
0.4331785661725769
0.5165479584540552
0.00019025862054897148
0.5165069650335816
0.6309756845790017
10.304484813868182
1.966964299178768
2.78335042133904
0.12490661073816708
0.42432305443309565
3.1767979138690894
3.566368759301762
0.7829749586000255
5.128243110226759
6.153390836167867
3.056539796550251
2.1443538102699455
2.669952728422997
0.6948571892201749
27.738647757578782
618.9664039132582
5.630957457357832
3086.3159158070284
1.1152192049778034
23.218145245344694
1.1649421924828907
44.92405426761179
1.3060159992056897
1.791284975027032
1.1152182591710458
0.8296068561766958
1.041027696732114
4.343801600356109
0
0.0005608020749121987
7807766385317845e-24
0
0.003465480619810977
0.0031884543194026444
0.002972669488060867
0.0017161057738283303
0.0027029437525744357
0.005725936910787075
0.00259746434154364
0.005369332479867479
0.0016663534768551046
0.0027888034525429145
0.0036172269912709974
0.009673653926807906
0.002709963725430266
0.004396544657168791
0.0030576311949406963
0.004387345652663204
0.004462545281899481
0.008602591946871668
0.010145226888514105
0.004823591599040712
0.004528608914030412
0.001979279325887533
0.0074056769112116816
0.016536181060380593
0.06909626413612334
0.03860684368133584
0.10445589140854074
9119320838562869e-20
0.00987345594697517
0.18109660930395624
5447356955233301e-21
0.06994719227860666
0.011109397745231129
0.0020428851965600126
5556861701512154e-21
12044222886018885e-22
0.09454214182020182
0.08320755544847204
0.0040506292638832035
0.030102064331104027
0.019374804639834438
0.005821704688611329
0.012006890172716767
0.0004827136603977099
0.20865261593889964
1569912998668445e-24
0.06356256678858918
0.00040292479784949674
0.009565883856281796
0.011158215964493429
0.0001570436904755211
0.00017085373616386703
0.1963144127948182
0.0005197984968592348
0.056239455397805664
0.18942376007131564
12609137824025445e-22
2586161067335525e-21
0.00014471104380268593
11840202225190654e-21
0.0005942269692925218
15325439424188527e-21
14120533302729663e-23
1004403343431612e-21
19076721448073643e-21
0.07247087623055568
0.07300847792437153
43436696485568846e-21
0.00029365782763898324
0.01730364539540486
0.008115814530643797
0.08408870571059267
0.010492615510939987
27828300710755743e-21
0.1198834875240017
0.037463867882952945
8240516758822083e-22
0.19478523438138645
4571118191965317e-22
0.003465673210932098
0.0010102816017228083
2299456595301205e-27
0.20971487305161435
0.19816474801416842
0.017600657590320645
0.19595870001105967
0.17306269727701842
0.008687365859476083
0.16264748416523786
2053564017238967e-25
57647675174751e-19
0.0005095024396495903
9120067087603904e-20
0.11834174768545566
8473119728199157e-22
0.00012875756469872183
0.14501602258704727
0.0009379196558293139
0.011759002190454157
12228857997490176e-21
0.1237736616412374
0.09014696697462375
0.022499533771631868
2744736376049056e-20
0.00015343284393439581
12006678563404792e-23
0.01366925514770033
0.13795641772288897
8326801782371936e-24
10254962119266574e-21
9138790142824204e-21
9649573517014891e-20
1208703093713388e-20
0.20952251286195894
0.14194142384513814
0.004532990121307092
0.00146904862917342
0.04065816992076216
0.0054492741514418856
6637117074893522e-20
0.027814782936360884
8323201223834427e-20
0.0007429354231398337
0.0764422968475479
11000993865133513e-22
0.18753442660138092
0.17306269727701842
0.0018258473255893918
0.0004888001013057825
7563075061194192e-24
0.0010184785674020435
1073943095649395e-23
0.010038763143628714
0.02889954453706709
0.0009033494806704739
0.0003411093989867229
0.0001504838951869191
2672594339945575e-21
0.006098239454486795
0.015141340340445121
0.02234400935423801
11069414931014639e-24
0.17442256927476604
0.06730369970152622
0
0
8177459854315469e-20
6712547913048768e-20
10336374531355555e-22
7552908371263477e-22
0.000176992349651183
0.010183994273623063
0.005370872598267099
15204233509345267e-24
0.0001822527551839052
7328693431789684e-21
0.050019289865927664
0.012898052898923618
0.09330885456856686
3845634799976561e-22
0.05700526855514431
0.007649211822550189
0.0001224542104275201
0.13102369962692334
0.00030265927453512845
16523107011765762e-29
8601733559593808e-20
3793618700453109e-21
0.00012470526265260487
0.017716504295185957
0.0034831857705993124
0.00015497182378470436
0.00014113336952749217
3818611327789821e-24
0.0006046633197693234
0.021937003385204868
13347307196600358e-24
0.0018036865956150517
0.0018487830190635063
441860443828228e-19
0.1017357746894168
4583672443499887e-20
0.2097234800684405
0.0047303836033620135
0.15486009315340082
0.00309086818466939
0.0006732872720252804
0.0005690698769861654
4737087705507043e-20
0.20449332644969076
11919646435009756e-21
2252988425305306e-20
0.008255133998118341
0.006367023202707155
21999713102903233e-24
8736992518028024e-20
0.0030493427158168503
0.11945680990768755
0.02963654707355758
0.00010010599901256511
0.02301397690082933
0
0
0.10352851727048576
0
0.20893432680031893
0.20923419027497422
0.2096915624595944
0.049797736497167545
0.029118793263809593
0.17643746756811635
0.20967755769919735
0.1759462152814261
0.20938653924860093
0.18382736983518738
0.000794961378985067
0.01593699517205947
0.12725313841539287
0.20347736560947796
0.12270620204154162
0.00030695825767530153
0.026525172455865866
0.20040684585296256
0.10484696683745917
0.14367497684736788
