1.7570170240285128
9659797889836074e-57
44880938737185353e-36
0
41139752598231487e-23
1962966659101797e-27
4126405484308056e-22
0
41564507747277634e-23
0
0.0006837630418432304
0
12.987552720835962
0
9.073785908300428
0
33.27406337854721
25.892853814237252
0.010319767918012328
0.009918877152007073
11651707127950849e-111
9.751138230234613
0.2690120862169776
24146517767604296e-38
0
7221147665147993e-25
12835932698868004e-27
0.000764072309192181
0.003791925623641967
0.0036200935637759383
0.0066481282601347745
4962309026546084e-22
3555731043144848e-26
0.0006841754405495415
8004116471023523e-22
5188445306785813e-23
9675159305104095e-31
954660982996049e-24
11542875584190178e-25
2.442591044726261
2.4379396888067735
0
1.039497489319968
0
2.7436964807776953
2.987260747327784
4.2452753229199
0
5.111276307984451
0
4.410680743437299
1.4889942627772177
15.039398012206405
17.161418198365816
0.24207991462753273
37.95885440773945
27.85990818030609
1.308084432906965
21554904709519327e-21
0.01626115040676409
0.24404116967672387
32.97010918812856
0.41404858014409357
0.25736546093648155
2.17352544278642
0.7021234669670758
22.92585085039134
0
22.94802699664156
0
15.874605020468959
0.0002832924120142678
0.00028326989181777615
0.007003218189884305
6.983171180216819
0.17374026686266691
0.09078071353934544
0
0.00042000400449822154
0.48185301731467517
0.05228250480855733
0.023969738656643202
0.01678858040191884
0.00019566841423076045
7529437852228517e-20
0.0010797749040801882
1.8461478947650414
0.4325451316282626
0.0019425868743560063
0.0003418594230291146
0.0007549164351213091
0.006346309134493757
0.004299133798354707
1784623871927166e-23
0.06237558517838762
1.1266962208098419
0.02045907086146809
17410543530839117e-28
3706442116803447e-22
14334862287832678e-21
0
0.7239938601660264
0.34497177727984524
0.059465809315734905
0
0.24194788596235925
0.013806464293618856
0.05911822522785967
0
0.0003574667948420959
0
0.18451242084799108
0.48370610379081624
0
0
0
0
44382835288154644e-23
0.4524043938815627
5718650847453007e-23
6023045190981151e-23
0.348510735565432
0.19384046781160338
0.23404529743097102
0.5258847788492025
0.0007193266490580286
0.5001381340863702
0.0012184013840459606
0.5544906299109039
10296072088344496e-22
8960537716787182e-20
0.4401102493925289
0.00041339198185622885
6636985682425117e-32
0.1597692039344634
0.006763701791315679
0.17727871315132082
0.01687137163529602
0.031355973224846574
0.013244556092337914
0.057456070760077
0.24009231810978351
0.17774646547938852
0.18813213168266135
3892935736814371e-33
0.10239810909800842
0.10245786581208835
0.4329696413266283
0.5164070697423412
0.00019012704739442807
0.5163663862794015
0.630065462592591
10.272761890871356
1.9665261801171459
2.7820124630837606
0.12494157353620515
0.42316614773491906
3.175595486234329
3.5636816742219732
0.7831642495623078
5.11694070045021
6.136054219617687
3.0428242471519567
2.1437823663673656
2.6633341342811816
0.693832874167718
27.688410238427593
618.9653758805975
5.6309566795534565
3079.951257693978
1.1152191662187345
23.218143720083283
1.1649137383291481
44.92321082134263
1.3060177797788395
1.7912845215812925
1.1152182204034606
0.8292342225742325
1.0409326664485634
4.042630169860104
0
0.0005591455122389797
7819685864403615e-24
0
0.003442055549713521
0.003162493407543943
0.0029491650543151788
0.0016999886018962639
0.0026836563882684213
0.0056938564780500646
0.0025738060958643613
0.005333200937204281
0.0016508705049412637
0.002766617865505747
0.003590814004211195
0.009610848067690936
0.002688331224031925
0.004366506458743747
0.0030340653464656364
0.004357855485360994
0.004439797459421725
0.008545505695660057
0.010069907602044677
0.004790979253003199
0.004496623115309243
0.0019792678637229706
0.007405514886301943
0.016535359613150936
0.06908026466312756
0.03860216982205499
0.10441582739175127
9119318413432643e-20
0.009873166660589343
0.18093072960983791
5447356868713311e-21
0.06993076354733548
0.01110903067638878
0.0020428729844939727
5556861611478669e-21
12044222843722896e-22
0.09451021408538672
0.08318354446794336
0.004050581081200647
0.030099270748674904
0.0193736709582143
0.005821604845474034
0.01200646069589226
0.00048271298043113677
0.20826982432935948
15699129986612586e-25
0.06354919925995285
0.00040292432415804045
0.009565612464056149
0.011157845629549589
0.00015704361854698798
0.0001708536510266016
0.19585521515269064
0.0005197977083501506
0.05622916068315975
0.18923055917806186
12609137777668754e-22
2586161047834665e-21
0.00014471098272899336
11840201816431112e-21
0.000594225938673526
15325438739365767e-21
14120533296916095e-23
10044033404901874e-22
19076720386958167e-21
0.07245313499567653
0.07299044939800983
4343669098399063e-20
0.0002936575760755866
0.017302744642280554
0.008115619693297051
0.08406412878218873
0.010492288436992432
27828298452697145e-21
0.1198281904740733
0.03745947686247729
8240516739022765e-22
0.1945706399905547
4571118185872953e-22
0.0034656379762793067
0.0010102786204899883
22994565953011897e-28
0.20937003228856188
0.1977121669178406
0.017599725132282792
0.1957388592102075
0.17255883581944545
0.008687142382641849
0.16252711961739363
2053564017237737e-25
5764767420578479e-21
0.000509501682082069
9120064662076725e-20
0.11828812757909091
8473119707266328e-22
0.0001287575163500904
0.14492752391288577
0.0009379170866938031
0.011758590450831278
12228857561454764e-21
0.12371396747318995
0.09011827620440202
0.02249799585617891
27447361563830674e-21
0.00015343277527592308
1200667855920153e-22
0.013668696814140796
0.13787847950933513
8326801782169778e-24
1025496181263521e-20
91387898993096e-19
9649570801636548e-20
1208703051115397e-20
0.2091896026455489
0.14185765820699212
0.004532929728070097
0.0014690423205577139
0.0406529644274119
0.005449186732412869
663711579034613e-19
0.02781240839682139
8323199203678924e-20
0.0007429338117188475
0.07642236833647698
11000993829847276e-22
0.18705180010773123
0.17255883581944545
0.001825837574260381
0.0004887994040765291
7563075061027414e-24
0.0010184755375525509
10739430956157672e-24
0.010038463999539544
0.028896975748837934
0.000903347097577771
0.0003411090595273399
0.00015048382914262986
26725943191194358e-22
0.006098129846596666
0.015140653409268654
0.022342493075546827
11069414930657373e-24
0.17392004879733414
0.0672885828848707
0
0
8177457904292424e-20
6712546599135959e-20
1033637450020413e-21
7552908354630511e-22
0.00017699225828522733
0.01018368633019994
0.005370787688523286
15204233508671247e-24
0.00018225265830535675
73286932751869504e-22
0.050011255499806555
0.012897556493572122
0.09327785720605576
38456347956645775e-23
0.05699467370726581
0.007649038890274552
0.00012245416669733438
0.13095513785941917
0.00030265900730887756
16523107011765747e-29
8601731401958181e-20
3793618658491619e-21
0.00012470521729969527
0.017715559317337166
0.0034831501778490558
0.00015497175374180275
0.0001411333114366701
3818611327747305e-24
0.0006046622526115444
0.02193554297368698
13347307196080931e-24
0.0018036770799297718
0.0018487730208052921
44186038689778886e-21
0.10169806303031455
4583671830863636e-20
0.20937371056388432
0.00473031781270561
0.15475489029530026
0.003090840177634396
0.0006732859487367546
0.0005690689318259499
4737087051172932e-20
0.2040716165065878
11919646020746448e-21
22529882773005337e-21
0.008254932363347567
0.006366903662250411
21999713101492086e-24
8736990291997628e-20
0.0030493154582749557
0.11940198061351764
0.029633841697314627
0.00010010596978873946
0.023012366274820863
0
0
0.10348926577358733
0
0.20855630422409738
0.20890992535580005
0.20933702081493497
0.04978977691514369
0.02911618423345152
0.1759371527841322
0.2093218409553418
0.17544533795691972
0.20905816945035058
0.18365315470534296
0.000794959533805439
0.01593623302589088
0.1271893016644385
0.20321581984394815
0.12264773855273821
0.0003069579828016808
0.026523018394853836
0.20016447779777205
0.10480655687678404
0.14358856885676544
