1.756501856185607
10501258514098475e-57
4649953601242093e-35
0
41286356792162704e-23
19698132041393102e-28
4141112971617924e-22
0
4171275238096162e-22
0
0.0006837824458508087
0
12.936449817413516
0
9.040772866536434
0
33.268472002090974
25.892133448970473
0.01032714608661248
0.009970996307643755
12061373989717501e-111
9.751615844038682
0.26915882178724215
2502475164063219e-37
0
7327924230527773e-25
13031778751971595e-27
0.0007640857992450266
0.0037919452018187897
0.0036201946556049017
0.006648244790529615
4962182948950003e-22
3556196867486586e-26
0.0006841916927900145
8004160583125491e-22
5188008019072987e-23
9675263884449666e-31
9687690314173138e-25
11713456167323856e-25
2.442375847192388
2.4376585850045394
0
1.0392114001131463
0
2.739717440589596
2.9861492229452153
4.24546072136024
0
5.111604761755263
0
4.410700055540286
1.4889947378398016
15.037748689677072
17.159272744587714
0.24205770890417785
37.96065746674146
27.852996239858655
1.3083171648117362
21796795820798342e-21
0.016257281273445348
0.2439782480641242
32.980856888048855
0.41426563301679586
0.25746574931180216
2.173610725399205
0.7026095700318418
22.929790703118165
0
22.95310881720714
0
15.876996311538553
0.0002831201838700281
0.00028309781723796345
0.007002348364062367
6.98317162057282
0.17374848447368157
0.09079581459535621
0
0.0004200186982038795
0.48198301532337184
0.052310854149789324
0.023975212773996436
0.01678041077294206
0.00019532450578151788
7517934879300445e-20
0.0010800691905244405
1.8469090731559248
0.432547817266308
0.0019433108759782775
0.00034185856628695825
0.000754604732899527
0.006355260082222525
0.004307296552133737
1785276612956464e-23
0.06239802543383007
1.122818501704777
0.020469952401356212
17417592775373562e-28
37067676321567967e-23
14333079753901754e-21
0
0.7240708228313582
0.3451769560174898
0.05944905703321827
0
0.2420080606921267
0.0138140975950617
0.059120511783422564
0
0.00035537448269296404
0
0.18452000820106687
0.48383555449584636
0
0
0
0
44379014627945907e-23
0.4523875057543568
5718512830795589e-23
6026445699780006e-23
0.3485459244264834
0.19396048856355524
0.234053618222853
0.5259086077512484
0.0007189942641317301
0.5002418530375672
0.0012186366172492384
0.5545958319909781
10296170223112094e-22
8956776534820143e-20
0.440028883463684
0.00041355443893764015
6727736745846693e-32
0.15979596775288704
0.006778726084786173
0.17730364321433387
0.01688288219310661
0.03136824924392572
0.013275250068050066
0.057543074687849735
0.2401112602456827
0.17779157732568396
0.18824010212548967
39475014149120114e-34
0.10248894000642804
0.10255035211838856
0.43300659049097967
0.5164319764304863
0.00019015045892305167
0.5163912371438358
0.6302025325853825
10.27781357079057
1.966605234011924
2.7822542028956176
0.12493550972572626
0.4233504300020733
3.1758123612601725
3.5641670262795606
0.7831313028450808
5.118687949361407
6.1387424031326185
3.0451039576734242
2.1438850871212245
2.6643313459149227
0.693986382460333
27.696238034298602
618.9655575219439
5.630956816982478
3081.0748636636617
1.1152191730670131
23.218143989579314
1.1649187657981728
44.92335984738269
1.3060174654537138
1.791284601700706
1.1152182272532434
0.8293000523998333
1.0409494565685051
4.08651760670192
0
0.0005594177572017289
7817582346459906e-24
0
0.003446212413518376
0.0031668442444479916
0.0029530986246261047
0.0017027093000773603
0.00268687244908724
0.005699233599956833
0.0025777930303114093
0.005339198101623752
0.0016534822370334935
0.002770331782452983
0.003595218202668221
0.009621244274998254
0.0026919532599334675
0.0043714990940566046
0.00303800635119346
0.004362754122839007
0.004443487265308674
0.00855497819654047
0.010082472935199574
0.00479639809443469
0.0045019441542825216
0.001979269888949933
0.007405543513970028
0.01653550475039912
0.06908309131530574
0.03860299559772691
0.1044229051218794
9119318841925033e-20
0.009873217773528386
0.18096002757613416
5447356884000393e-21
0.06993366603328362
0.011109095532321799
0.002042875142219363
5556861627386543e-21
12044222851196107e-22
0.09451585456217614
0.08318778642622657
0.004050589594481196
0.030099764323493594
0.01937387126180788
0.0058216224864760455
0.01200653657835808
0.00048271310057328913
0.20833740805960135
15699129986625283e-25
0.06355156094302478
0.0004029244078537967
0.009565660415360699
0.011157911062553092
0.00015704363125592475
0.00017085366606936776
0.19593627186364065
0.0005197978476704908
0.056230979502988374
0.18926468120099732
12609137785859444e-22
2586161051280241e-21
0.00014471099352000597
1184020188865419e-20
0.000594226120771842
1532543886036602e-20
14120533297943284e-23
1004403341009903e-21
19076720574444986e-21
0.07245626935057595
0.07299363450607575
4343669195605576e-20
0.000293657620523911
0.017302903791519785
0.00811565411846053
0.08406847071840275
0.010492346226431123
27828298851669948e-21
0.119837958967148
0.03746025266752887
8240516742521075e-22
0.19460853913197187
4571118186949403e-22
0.003465644201808517
0.0010102791472386763
22994565953011925e-28
0.20943092038982847
0.19779205750986048
0.017599889883230586
0.19577768458806324
0.17264775548497843
0.00868718186799331
0.16254838015899134
20535640172379543e-26
576476743769899e-20
0.0005095018159353983
9120065090639253e-20
0.1182975998637615
8473119710964916e-22
0.00012875752489273256
0.1449431566749365
0.0009379175406297952
0.011758663199407639
12228857638497173e-21
0.12372451264725164
0.09012334486712342
0.02249826758039007
27447361951955034e-21
0.00015343278740707818
120066785599442e-21
0.013668795463558606
0.13789224708614398
8326801782205498e-24
10254961866813422e-21
9138789942335812e-21
9649571281412412e-20
12087030586419688e-21
0.20924838552909283
0.1418724550291872
0.004532940398797427
0.0014690434352151091
0.04065388412934969
0.005449202178241314
6637116017310765e-20
0.02781282793572509
832319956061698e-19
0.0007429340964380275
0.07642588909576478
11000993836081945e-22
0.18713698419013214
0.17264775548497843
0.0018258392972035462
0.0004887995272687945
7563075061056881e-24
0.0010184760728912266
10739430956217088e-24
0.010038516854188778
0.028897429607373064
0.0009033475186422073
0.0003411091195058587
0.0001504838408118891
26725943227991735e-22
0.006098149212898718
0.015140774779788705
0.022342760976954555
11069414930720498e-24
0.17400873292468783
0.06729125360439848
0
0
8177458248838888e-20
6712546831289124e-20
10336374505708228e-22
7552908357569364e-22
0.00017699227442853057
0.010183740739560713
0.005370802690994451
15204233508790338e-24
0.00018225267542267102
732869330285684e-20
0.050012674985421064
0.01289764420126163
0.09328333333210512
3845634796426455e-22
0.05699654555100335
0.007649069445121394
0.00012245417442395082
0.13096724932002327
0.0003026590545246455
1652310701176575e-28
8601731783187379e-20
37936186659057283e-22
0.00012470522531302818
0.01771572628031761
0.003483156466649544
0.00015497176611757035
0.00014113332170064414
3818611327754817e-24
0.0006046624411658333
0.021935801004424462
13347307196172709e-24
0.0018036787612375543
0.0018487747873778442
4418603969567379e-20
0.10170472522700984
4583671939109364e-20
0.2094354683299223
0.0047303294370864375
0.15477347322283552
0.0030908451261348066
0.0006732861825463293
0.0005690690988247045
4737087166786188e-20
0.20414606446610567
11919646093941979e-21
2252988303451263e-20
0.00825496798951918
0.006366924783502052
2199971310174142e-23
8736990685311388e-20
0.0030493202743493483
0.11941166648430912
0.029634319688015564
0.00010010597495225053
0.023012650845592834
0
0
0.1034961999761286
0
0.2086230466547951
0.20896718263916259
0.20939962058942563
0.04979118318860344
0.02911664520190953
0.1760254493096472
0.20938464806353055
0.175533733354859
0.20911615111349793
0.18368392448865692
0.0007949598598270076
0.015936367685645065
0.12720057854964215
0.20326200748827444
0.12265806634802023
0.00030695803136864973
0.026523398979775157
0.20020728009763678
0.10481369571604496
0.1436038323677373
