1.7611383667717595
4954279775435343e-57
33804262302317984e-36
0
39986524289680364e-23
1909097551757375e-27
4010722798644053e-22
0
4039873379521445e-22
0
0.0006836439502185562
0
13.31309720841088
0
9.339734214097437
0
33.32293316636015
25.898578377474678
0.010244683617073588
0.009516765972920649
8839992517527506e-111
9.747156023768072
0.26801963260274964
18144116736371107e-38
0
6421082834636217e-25
11371527461264478e-27
0.000763985335577449
0.003791769001828697
0.00361947282637856
0.006647378268643069
4963579298630906e-22
35501351203359405e-27
0.0006840809607879413
8004185322579513e-22
5189174145183837e-23
9674899576190362e-31
8489469297959438e-25
10264684818640765e-25
2.444401692696137
2.4400801824239915
0
1.0417600069758253
0
2.7758372369708013
2.9878209949609245
4.243792355383935
0
5.108642740108525
0
4.410526199257215
1.4889709082768998
15.054343177567295
17.180753200575055
0.24228758604893713
37.97318633253931
27.915542178162337
1.3062231328863971
20139801068390354e-21
0.016292202559936395
0.2445501311175128
32.887602636945694
0.4123090993910461
0.25656417383795244
2.1728439991809205
0.6982498225448895
22.89618024636722
0
22.910411069224935
0
15.859185926743889
0.0002847030883022595
0.00028467947286177917
0.0070103008233259
6.98316762105455
0.1736723974770897
0.0906596534758096
0
0.00042010854355973903
0.4807918184272741
0.05209084148353847
0.023928717227088316
0.01685602391202331
0.00019844970780046856
7622486636729802e-20
0.0010774241522018275
1.8411291934339873
0.43253941823862085
0.0019379794027877834
0.0003418638583717214
0.0007574705162329767
0.00628056175340684
0.004239351523091205
1779621618098864e-23
0.06223217272307282
1.157878951460256
0.02038576039075887
17369976892450096e-28
3704278360738553e-22
14348980385206627e-21
0
0.7233774288771204
0.3433657389853687
0.059604904965872674
0
0.24148493341735608
0.013744981586149767
0.059098986167852814
0
0.0003709747311982052
0
0.18445176959795612
0.4826715345450508
0
0
0
0
44415858890380145e-23
0.45253708945816146
57204130749132365e-24
5997206891456337e-23
0.34822906478273197
0.192945954343927
0.23397823145685484
0.5256940006672617
0.0007220062454331947
0.49930915096536765
0.0012165190394810366
0.5536488261983987
10295285105450436e-22
8990850414525861e-20
0.44076016852707195
0.0004123270581257624
5955146423904885e-32
0.1595524619372417
0.006644599735642056
0.17707932569909413
0.016793970922320555
0.031275870263192854
0.01300134093024437
0.05676457795783672
0.23994051000977876
0.17748083346653984
0.18739418748931386
34850184559420735e-34
0.10175019147885729
0.10179896275024533
0.4326735439733194
0.5162076103633627
0.00018993817469013582
0.5161673871561983
0.6292746182865883
10.239452305956021
1.9658752862453184
2.7800204468792606
0.12498909985644038
0.4219505530102798
3.173810983562002
3.559684421606935
0.7834234996774361
5.106146448018797
6.119325555179249
3.0264223623688284
2.142940511370771
2.657524828846537
0.692958238592429
27.63832932831482
618.9639227517466
5.630955580121408
3070.9771486243567
1.1152191114325065
23.218141564115175
1.164873519358042
44.92201863081928
1.3060202900673732
1.7912838806136508
1.115218165605193
0.8287077419442688
1.0407983552397606
3.786570176260697
0
0.0005572358729123799
78364800805918e-22
0
0.0034087435785448554
0.003130685834155722
0.0029204822560051774
0.0016798399902058748
0.002660361082692055
0.005654535781451377
0.002544367271103282
0.0052901323237860755
0.0016315530039262849
0.00273952258328448
0.003558914482969594
0.009536571196701323
0.002661896506303461
0.00433055993613988
0.0030053663856642997
0.004322625030094166
0.004414517350171421
0.008477517375689704
0.00997881874660645
0.004751986617346416
0.004458248957504459
0.001979251661981874
0.007405285868941209
0.01653419856102542
0.06905765560896682
0.03859556425257256
0.10435922281809025
9119314985494244e-20
0.009872757766602765
0.18069651657837532
5447356746416667e-21
0.06990754799600117
0.011108511842555305
0.002042855722772894
5556861484215676e-21
12044222783937208e-22
0.09446510238734286
0.08314961658785062
0.004050512975600387
0.030095322441484603
0.019372068604016586
0.005821463719382368
0.012005853653430484
0.00048271201929499415
0.2077299431493403
15699129986511006e-25
0.06353030895461187
0.000402923654592616
0.009565228862273076
0.01115732217933518
0.00015704351687553098
0.00017085353068452006
0.1952079674627347
0.0005197965937887727
0.05621461224227461
0.18895780436509577
1260913771214323e-21
25861610202700552e-22
0.0001447108964009215
11840201238646507e-21
0.0005942244818890074
15325437771363783e-21
14120533288698565e-23
1004403336332462e-21
19076718887063706e-21
0.07242806503714656
0.07296497353638039
43436683207470363e-21
0.00029365722048923387
0.017301471501063388
0.008115344297246078
0.08402940136452758
0.010491826132941234
2782829526091494e-20
0.1197500711897698
0.0374532710004483
8240516711036283e-22
0.1942677124432849
4571118177261351e-22
0.0034655881724482197
0.00101027440651037
2299456595301167e-27
0.20888356432083852
0.1970742027632815
0.0175984071802191
0.19542853324475654
0.17184912519858006
0.008686826506291039
0.1623571353620011
20535640172359988e-26
5764767283614391e-21
0.0005095006112567003
9120061233577232e-20
0.11821237660124
8473119677677618e-22
0.00012875744800897355
0.14480252249946382
0.0009379134552137751
0.011758008478423095
1222885694511551e-20
0.12362963843021985
0.09007773716375617
0.022495822180629853
27447358458835995e-21
0.0001534326782267169
1200667855326019e-22
0.01366790764442863
0.137768388368804
8326801781884024e-24
10254961379209526e-21
9138789555099916e-21
9649566963430499e-20
12087029909028245e-21
0.20871993367440136
0.1417393391732382
0.004532844363155749
0.001469033403329
0.04064560756089213
0.00544906316736143
6637113974629322e-20
0.02780905231340899
8323196348175026e-20
0.0007429315339693363
0.07639420810049576
11000993779969921e-22
0.18637172188446677
0.17184912519858006
0.0018258237907735901
0.000488798418539523
7563075060791676e-24
0.0010184712548532758
10739430955682337e-24
0.010038041172363971
0.028893345137163847
0.0009033437290693466
0.00034110857969956945
0.00015048373578858826
26725942896815337e-22
0.006097974918394331
0.01513968248013281
0.022340349979923776
11069414930152372e-24
0.17321220097874784
0.06726722094422548
0
0
817745514792123e-19
6712544741910932e-20
10336374456171356e-22
7552908331119695e-22
0.0001769921291388542
0.010183251065778692
0.005370667670262614
15204233507718523e-24
0.00018225252136690038
7328693053827836e-21
0.04999990106518314
0.012896854853527465
0.09323405976905882
38456347895695576e-23
0.056979701170255685
0.007648794455893717
0.00012245410488442024
0.13085828648703016
0.0003026586295829993
16523107011765734e-29
8601728352125197e-20
3793618599178744e-21
0.0001247051531930505
0.01771422367014025
0.0034830998678539024
0.0001549716547356977
0.00014113322932490452
38186113276872095e-25
0.0006046607441793497
0.021933478837051858
13347307195346718e-24
0.0018036636295239341
0.001848758888285645
4418603064262049e-20
0.10164478116507776
45836709648979086e-21
0.2088803035793854
0.004730224818687356
0.15460630717446897
0.0030908005899163266
0.00067328407826308
0.0005690675958376777
4737086126266985e-20
0.20347700938741045
11919645435182225e-21
225298806809471e-19
0.008254647359509702
0.006366734694759654
2199971309949742e-23
8736987145488178e-20
0.0030492769299536454
0.11932452192532905
0.029630018049250004
0.0001001059284806605
0.023010089835323867
0
0
0.10343380887583588
0
0.2080231328826441
0.208452431516517
0.20883689585796425
0.0497785281572186
0.029112496748504028
0.17523237317755821
0.2088200618426376
0.17473977540358757
0.20859489452789792
0.183407181924553
0.0007949569256377033
0.015935155788819315
0.12709912256618452
0.20284669632036229
0.12256514748990324
0.00030695759426620624
0.0265199739120735
0.19982238865979618
0.10474946366401064
0.14346651915887998
