1.7787493525376246
28714551046819382e-59
10070512073976324e-36
0
3540643559190081e-22
1694881287981342e-27
3551418230395977e-22
0
357735708684577e-21
0
0.0006834921195995338
0
13.818618065059566
0
10.351408561859069
0
33.59922417542619
25.922545810430424
0.00977618073715787
0.008015983409961359
2712851183071707e-111
9.728616766564691
0.26591159450023155
5351549738834815e-38
0
38876573143387535e-26
6778215117184052e-27
0.0007638209656517915
0.0037910998100001317
0.0036186590165836374
0.006645976934303427
4971592386790998e-22
35038556931396635e-27
0.0006840248334311864
800863778537847e-21
5158544103162225e-23
9680087961008703e-31
5141430029070569e-25
6216562567098431e-25
2.4541501842564224
2.449249849545203
0
1.0510606262616766
0
2.898555439259735
2.9490495430632744
4.237460523955553
0
5.097404538032434
0
4.409867933909138
1.486665460120707
15.13437203260047
17.283483047419566
0.24358151807499515
38.17498705788178
28.124188581367452
1.2982741163689189
18327409285642727e-21
0.016407162129423287
0.24649553013122838
32.64267168513108
0.4060769194657287
0.25373773686811635
2.1699461105252276
0.6821127193818362
22.808172477994496
0
22.80511897217019
0
15.833137079245835
0.0002910298990016183
0.00029100451675252714
0.007035009877659304
6.983153784893711
0.17337301684591028
0.09016103302292042
0
0.00042343188259606486
0.4758337365479322
0.051671871809334545
0.023784647711247806
0.017187439598257
0.00020945888700712353
7983612351324927e-20
0.0010675583727731077
1.8319677572640547
0.4328044488440081
0.0019317090870760408
0.00034191329310226566
0.000769849527343453
0.006117402288577334
0.0040962138762302295
17617648065141872e-24
0.062027564563936995
1.2755874267370944
0.020228599855883135
17391268850714467e-28
3702109112019864e-22
14409438022051602e-21
0
0.7207226267187608
0.33774082311896564
0.06030772848899471
0
0.2398453435105958
0.013480092697103886
0.05899223564655584
0
0.00039243962998848755
0
0.18419338249983958
0.4782704513184756
0
0
0
0
4456863036255167e-22
0.45312065535387286
5738571597401953e-23
5911890672191442e-23
0.34702222302200253
0.1898860512001736
0.23368129154538417
0.5248752546412467
0.0007328475716220666
0.49586580822356985
0.0012084700524633445
0.5500501497632158
10291884048609725e-22
9112488648663896e-20
0.44352457704335607
0.00041043592544873263
3756724817808653e-32
0.15859954787057232
0.006157046398920442
0.17622841676658735
0.01663233087538127
0.031145051898088628
0.012007924042949033
0.05389578330229485
0.2392864525541152
0.1774390631101639
0.1856836887318347
21876329116497263e-34
0.09988052885166109
0.09990902738103749
0.43139938238628217
0.5153511391585243
0.00018913245055650875
0.515313012064949
0.6294052912816019
10.178481120095341
1.962991655586401
2.771280607696025
0.12519912244514986
0.4197236703024937
3.1659186576783283
3.542186288524164
0.7845612860021546
5.0954904824130915
6.101089915358573
2.9770621916415982
2.139221586372197
2.655873875650447
0.693275597310615
27.550065483151197
618.9577133984599
5.630950882120441
3032.923374766132
1.115218877324494
23.218132351410297
1.1647016745735832
44.91692461592659
1.3060309287471668
1.791281141439195
1.1152179314457344
0.8264611971751359
1.0402246227892702
3.473550889288477
0
0.0005523684258775654
7907771339642899e-24
0
0.003272675939660084
0.0030282614883321204
0.002828990544292101
0.0016120070472107901
0.002587808694539847
0.0055273834756759035
0.0024461978938800488
0.005160512514018794
0.0015667666803839792
0.0026529290372432784
0.003459684605838471
0.009317779166858829
0.0025772832672541954
0.004221298981291385
0.002914269423908384
0.00421601236845902
0.004355662472214522
0.008273454515869636
0.00969479643113272
0.004633751083945606
0.00434087166922102
0.001979182431517033
0.007404307330419021
0.01652923816616717
0.06896112777927754
0.038567350604060545
0.10411769028067167
9119300337521906e-20
0.009871010704937365
0.17969910752726956
544735622382865e-20
0.06980843199401587
0.011106295077108808
0.0020427819630371175
5556860940405868e-21
12044222528465898e-22
0.09427257722638385
0.08300479457211954
0.004050221965203508
0.03007845669140038
0.01936522304767188
0.005820860709417316
0.012003260034845127
0.0004827079122679586
0.20543868950866015
15699129986076972e-25
0.0634496516846669
0.0004029207934727746
0.009563589859716969
0.011155085691209848
0.00015704308242209274
0.00017085301644950457
0.19246621309068268
0.0005197918311628969
0.056152487427544036
0.1877967130878347
12609137432144912e-22
258616090248322e-20
0.00014471052751142407
11840198769704753e-21
0.0005942182569164223
15325433634977328e-21
14120533253584115e-23
10044033185660086e-22
19076712477838312e-21
0.07232103582865243
0.07285621230198906
4343664997749372e-20
0.0002936557010314761
0.01729603227314697
0.008114167602579664
0.08388116855018708
0.010489850882445848
278282816220556e-19
0.11941683159861072
0.03742676419784881
8240516591446751e-22
0.19297857165508425
45711181404629555e-23
0.0034653753628415
0.0010102563998742908
22994565953010754e-28
0.2068175311675382
0.19437121704055674
0.0175927765267582
0.19410800701188016
0.16884918617726108
0.008685476858621066
0.16163277318579214
20535640172285702e-26
5764766698350658e-21
0.0005094960355184027
912004658320727e-19
0.11788922985228924
8473119551241549e-22
0.000128757155979694
0.14426959018822594
0.0009378979376278319
0.011755521965876497
12228854311425224e-21
0.12326993757509541
0.08990471439482477
0.02248653617333325
27447345190829862e-21
0.00015343226352465368
12006678527872138e-23
0.013664535942058761
0.13729894537589246
832680178066296e-23
10254959527130437e-21
9138788084251306e-21
9649550562338565e-20
12087027336074027e-21
0.20672483372247644
0.14123485874569655
0.004532479606875669
0.0014689952995641737
0.0406141857952531
0.00544853519082568
6637106215861904e-20
0.02779471593338573
8323184146279642e-20
0.0007429218009545227
0.07627399293462535
11000993566838085e-22
0.1834934140518586
0.16884918617726108
0.001825764893473998
0.0004887942072455336
7563075059784332e-24
0.0010184529545748259
10739430953651177e-24
0.010036234582395265
0.028877836241816043
0.0009033293351753224
0.0003411065293462688
0.00015048333687636212
2672594163889896e-21
0.006097312936176585
0.01513553428634387
0.022331194594183302
11069414927994463e-24
0.170219796919936
0.06717601521992811
0
0
8177443369631064e-20
6712536805774169e-20
10336374268014113e-22
7552908230655182e-22
0.0001769915772821646
0.010181391338930866
0.005370154848232524
15204233503647408e-24
0.0001822519362138134
73286921079341885e-22
0.049951411257055926
0.012893857092508145
0.09304713970056895
38456347635248165e-23
0.05691576604702935
0.00764775004682861
0.00012245384075086727
0.13044523544485676
0.0003026570155208865
16523107011765676e-29
8601715319839745e-20
37936183457278164e-22
0.00012470487925813438
0.017708517425867872
0.003482884895471533
0.00015497123167159497
0.00014113287845214133
38186113274304145e-25
0.000604654298512284
0.021924660724783503
13347307192209304e-24
0.0018036061554764543
0.0018486984995721434
44185996256175875e-21
0.10141741576907563
45836672645256104e-21
0.20678498343590923
0.0047298274648275365
0.1539729994412728
0.00309063143261979
0.0006732760855660316
0.0005690618870368628
473708217403634e-19
0.20095563989299892
11919642932997252e-21
22529871741336622e-21
0.008253429615202954
0.00636601272717357
21999713090973932e-24
8736973700093323e-20
0.003049112299356996
0.11899409749775129
0.02961368470573594
0.00010010575196653756
0.023000364876482614
0
0
0.10319716959640866
0
0.20576014232671289
0.20650876660964337
0.20671322913058263
0.04973048950697662
0.029096744949255505
0.17225243537649437
0.206689416535405
0.1717566508081641
0.2066268042332534
0.18235981724868447
0.0007949457807244054
0.0159305534475281
0.12671449638966797
0.20127692667294575
0.1222128522323251
0.0003069559340136374
0.026506968413195192
0.19836717577170027
0.10450584779333644
0.14294615404686498
