1.77930276003869
2625829083627367e-58
9694527057254589e-36
0
35270750892921214e-23
16885271238595635e-28
35378133616490875e-23
0
35636623445550854e-23
0
0.0006834907769712549
0
13.822889409742375
0
10.378089562810116
0
33.60917910972585
25.92329136789594
0.009759884553089897
0.007973253195818535
261357059880142e-110
9.72802151106422
0.26587616439906225
5150159216536878e-38
0
38268377567272266e-26
66689577146650105e-28
0.0007638177986751153
0.0037910787831992496
0.0036186505063855842
0.006645950284330726
4971868972257859e-22
3502091593295026e-26
0.0006840262956270166
8008817321247154e-22
5157097236726166e-23
9680330622734773e-31
5061040656332133e-25
6119363654476462e-25
2.4545016980043393
2.449566859594375
0
1.0513459052644016
0
2.9017966980319247
2.948169930215988
4.237261701464925
0
5.097053765084332
0
4.409847340647657
1.486520842488234
15.13690606522271
17.286737241212336
0.2436276336573267
38.18129747284242
28.129587331573436
1.2980243530050333
18314424520406527e-21
0.016410103349689373
0.24654658839320392
32.63768070349346
0.40592425837704443
0.2536699780713553
2.1698553028258067
0.6816181502095895
22.80619663641427
0
22.80286975857764
0
15.832820304991868
0.00029122913463130697
0.00029120375605886316
0.007035540818772999
6.98315341107926
0.1733638027102584
0.09014605829110985
0
0.00042358111007819756
0.47567025509034105
0.05166421889616019
0.023780537585902293
0.017198804658905636
0.00020976473158043513
7993351977344538e-20
0.0010672547567118628
1.8318512328991265
0.4328193123939331
0.0019316946019289876
0.00034191624980864013
0.0007702712685810225
0.006114913560947416
0.004094234614460006
17612739184748474e-24
0.06202665858856157
1.278672056146036
0.02022580224494191
1739494333040724e-27
3702182507298451e-22
1441136199360684e-20
0
0.7206385967377174
0.337596464979476
0.06033209736382579
0
0.23980150546773168
0.013471842717009398
0.05898828531783394
0
0.0003926176206636322
0
0.18418528048866048
0.47813265814289396
0
0
0
0
44573440437762703e-23
0.45314028151166924
57393554432365454e-24
5909808338372304e-23
0.34698421493866566
0.18980076555195965
0.23367168664679314
0.5248494174746562
0.0007331599804862473
0.49576152955776503
0.001208217171168194
0.5499371156950429
10291776170421217e-22
9115956516649905e-20
0.44361125067237456
0.0004104126790422053
3702824667557833e-32
0.1585694744871004
0.006142273988689411
0.17620170752505424
0.016629644862758444
0.031143991582981395
0.011977884369358302
0.053807802860916215
0.23926576029322746
0.17745297814727115
0.18565010458411876
21560569388872417e-34
0.0998342912687371
0.09986251454589956
0.4313591291772905
0.515324115392412
0.00018910760361832898
0.5152860551721977
0.6294582619532659
10.177699368649218
1.9629025983414587
2.7710147218940646
0.12520625608740987
0.4196951154987293
3.1656751121870657
3.5416548670524928
0.7845993635979938
5.095622215480368
6.101219833070104
2.9757934588200605
2.1391060476617647
2.6561025604076955
0.6933419721646779
27.548821431229243
618.9575182767925
5.630950734490553
3031.735245642044
1.1152188699678862
23.21813206191038
1.1646962749350547
44.916764550997556
1.3060312606527067
1.791281055357083
1.115217924087511
0.8263906851441485
1.0402065989516625
3.471959969791517
0
0.0005522669426564736
7910002861610068e-24
0
0.0032686589085242765
0.003025494493723017
0.0028265332141906834
0.0016101277764391738
0.002585886921279113
0.005523923711942785
0.0024434915265157623
0.005157159316176506
0.0015649751691536862
0.0026506005430203547
0.0034570611851530305
0.009312208939960554
0.00257500539436457
0.004218454292815811
0.0029118300065470695
0.004213244902215807
0.004354513278680101
0.008268188504914321
0.009687282869324174
0.004630678064739885
0.004337803442597874
0.0019791802560586037
0.0074042765829264905
0.016529082314870755
0.068958096676941
0.03856646435286718
0.10411010942976248
91192998772245e-18
0.009870955810293453
0.1796678543318935
5447356207406848e-21
0.06980531965182563
0.011106225424655329
0.002042779645254824
5556860923317193e-21
1204422252043797e-21
0.09426653367993494
0.0830002477760348
0.00405021282083354
0.03007792685538075
0.0193650079721609
0.005820841761448413
0.012003178542072404
0.00048270778320933427
0.2053671001941619
15699129986063334e-25
0.06344711877131659
0.00040292070356529275
0.009563538360262929
0.011155015419087259
0.00015704306876985024
0.00017085300029021192
0.19238068313153284
0.0005197916815028798
0.056150536330798105
0.18776034281417703
12609137423346248e-22
2586160898781888e-21
0.00014471051591945816
11840198692120752e-21
0.0005942180613039814
15325433504995566e-21
14120533252480678e-23
10044033180077157e-22
19076712276434894e-21
0.07231767510783599
0.07285279721819529
4343664893327556e-20
0.00029365565328417294
0.017295861378598957
0.008114130628899286
0.08387651472327765
0.010489788818214071
27828281193468282e-21
0.11940637492157398
0.037425931552341446
8240516587688771e-22
0.19293820063506942
4571118139306603e-22
0.0034653686757255948
0.0010102558340390779
22994565953010725e-28
0.20675294037877523
0.19428688190853072
0.017592599618339127
0.19406665572285844
0.1687557696221771
0.008685434450699914
0.16161006328228789
20535640172283368e-26
57647666799593345e-22
0.0005094958917310984
9120046122834521e-20
0.1178790896190814
8473119547268422e-22
0.00012875714680297856
0.14425287515066718
0.0009378974500074737
0.011755443838244643
12228854228664167e-21
0.12325865131386159
0.08989928271770545
0.022486244432028263
27447344773896227e-21
0.00015343225049307694
12006678527074341e-23
0.013664430003185934
0.13728421955390221
832680178062459e-23
1025495946893072e-20
9138788038031373e-21
9649550046951211e-20
12087027255221539e-21
0.20666244972671396
0.14121903508779882
0.004532468145252399
0.0014689941022077348
0.04061319879164963
0.005448518600523555
6637105972050594e-20
0.02779426554686765
8323183762847651e-20
0.0007429214951063955
0.07627021836128028
11000993560140631e-22
0.18340369012731353
0.1687557696221771
0.0018257630427164322
0.0004887940749104468
7563075059752677e-24
0.001018452379512325
1073943095358735e-23
0.010036177817393386
0.028877349025320243
0.0009033288828654079
0.0003411064649161799
0.00015048332434096408
26725941599370206e-22
0.006097292135216359
0.015135403951950278
0.022330906956213925
11069414927926653e-24
0.17012660612864458
0.06717315117677808
0
0
8177442999510425e-20
6712536556389212e-20
1033637426210146e-21
7552908227498185e-22
0.0001769915599406515
0.010181332904390963
0.0053701387341099915
15204233503519476e-24
0.0001822519178259971
7328692078210434e-21
0.049949888275962175
0.012893762902178613
0.09304127200253527
3845634762706387e-22
0.05691375811315066
0.007647717229636198
0.00012245383245074548
0.13043227688198522
0.0003026569648007488
16523107011765674e-29
8601714910313613e-20
37936183377633765e-22
0.00012470487065001511
0.017708338142676826
0.00348287814039582
0.0001549712183772501
0.00014113286742633205
38186113274223446e-25
0.000604654095964798
0.021924383681941894
13347307192110714e-24
0.0018036043494420433
0.001848696601949574
441859951756169e-19
0.10141027928831683
4583667148245184e-20
0.2067194818394884
0.0047298149789234
0.15395314047973657
0.0030906261171720476
0.0006732758344051097
0.0005690617076444716
4737082049841523e-20
0.20087691675399938
11919642854368617e-21
2252987146041842e-20
0.008253391351725264
0.006365990041395679
21999713090706088e-24
8736973277585658e-20
0.0030491071261502536
0.1189837290840049
0.029613171592793194
0.00010010574641976396
0.023000059346056853
0
0
0.10318974222537272
0
0.20568943048877855
0.2064479834849413
0.20664684616873655
0.049728980692271996
0.029096250102961234
0.17215961961495627
0.20662281662260887
0.17166373902281157
0.20656526082041624
0.1823270019749453
0.0007949454305092552
0.0159304088451288
0.12670242878037427
0.2012277956024278
0.12220179813396527
0.00030695588184201714
0.026506559831859507
0.1983216193191197
0.10449820159852102
0.14292983271970877
