1.7804095750408206
21958246943247686e-59
8984151242064605e-36
0
350007840510138e-21
16758829202056797e-28
35107444274508454e-23
0
35364150778036774e-23
0
0.0006834881748485817
0
13.83030940603318
0
10.43044955529434
0
33.62924169557159
25.92478165439566
0.009727182024246066
0.007888483030576203
2425670772611655e-111
9.726831130298343
0.2658085267425916
47698376508719815e-39
0
37080381887484133e-26
6455709179433085e-27
0.0007638115151078531
0.0037910367299406242
0.003618633755031659
0.006645897422761538
4972422728586156e-22
34985334763904994e-27
0.0006840292708836296
8009177273543881e-22
5154153817008965e-23
968082257124514e-30
4904012901476172e-25
5929501163215763e-25
2.455211626872136
2.4502075759825077
0
1.0519154349919648
0
2.9081588842198465
2.946540955059916
4.236864085630336
0
5.096352802245783
0
4.4098061725590725
1.4862190640207438
15.141932850886041
17.293194823492033
0.2437201325830884
38.19388579522527
28.140160528594944
1.2975248257551486
18292223263666856e-21
0.016415858252013388
0.2466466846460322
32.628095977723135
0.40562682832407426
0.25353835132902575
2.1696737138457367
0.680631405206287
22.802342817143295
0
22.798501015587647
0
15.83223057501013
0.00029162688304861157
0.000291601518833574
0.007036552805917106
6.9831526757011755
0.17334543823368825
0.09011623298387349
0
0.0004238844064932617
0.47534263615866407
0.05164945506798661
0.02377235587843543
0.017221669783368507
0.00021036837400537038
8012511855163372e-20
0.0010666488305992657
1.8316353480215948
0.4328500431841427
0.0019316831346532122
0.00034192239771624366
0.000771119202723236
0.006110318320517114
0.004090640660041723
17603019673572357e-24
0.06202537076005889
1.2847224910903063
0.020220415814258284
1740263261660451e-27
3702349106510459e-22
14415213165155778e-21
0
0.7204704254207042
0.337312603426454
0.06038113319041389
0
0.23971501974531353
0.013455370498696969
0.05898029651696272
0
0.00039292445643116755
0
0.1841690793630292
0.4778571637252847
0
0
0
0
4458304177037673e-22
0.45317981769355553
5740953000633191e-23
5905743505203555e-23
0.34690818354354436
0.18963132215045325
0.23365242741032502
0.5247977207355892
0.0007337790501852024
0.49555379550330586
0.0012077114570667284
0.549711074522788
1029156023067282e-21
9122820773314564e-20
0.44378457577980346
0.00041036965474078275
35973365544852016e-33
0.1585093692030234
0.0061128273332173135
0.17614829461262735
0.016624519673335204
0.031142193147846258
0.011918015668234836
0.053632228015629294
0.2392243506098567
0.17748232579363937
0.18558496790785295
20942819928177443e-34
0.0997430738340829
0.09977078443149302
0.43127858556367454
0.5152700476274851
0.00018905802099317452
0.5152321211435624
0.6295690640144028
10.176249548160174
1.962725140547124
2.770485822617413
0.1252206410079167
0.4196421612355372
3.1651898389490625
3.5405979154200993
0.7846760307505941
5.095927738625059
6.101543527955729
2.973283455691424
2.1388755897221285
2.6565813119617574
0.6934803280714081
27.546468627550738
618.9571280336421
5.630950439230788
3029.3603835384174
1.1152188552546707
23.218131482910554
1.1646854757330969
44.916444422850695
1.3060319240072897
1.7912808831917197
1.1152179093710624
0.8262496763442877
1.0401705522134888
3.469502031043796
0
0.000552070022606176
7914464695900486e-24
0
0.003260676704663107
0.003020004143070031
0.002821658675876309
0.0016063946983776221
0.0025820769053227313
0.005517053111380804
0.002438116491295004
0.005150519822638667
0.0015614166664144555
0.0026459813185837114
0.0034518611608463476
0.009301189860203656
0.002570486253805101
0.004212820040010312
0.002906991680223997
0.004207764421658915
0.004352286958304671
0.008257763522038894
0.009672390550402673
0.00462459216580278
0.004331725366304241
0.001979175905148919
0.00740421508832448
0.0165287706166864
0.0689520348719473
0.038564691911576306
0.10409494938379833
9119298956629757e-20
0.009870846021921465
0.17960536424682494
5447356174563245e-21
0.06979909538372137
0.011106086121058836
0.002042775009698127
5556860889139843e-21
12044222504382115e-22
0.09425444774931596
0.08299115493103823
0.004050194532155542
0.030076867211340716
0.019364577828304974
0.005820803865695642
0.012003015558186773
0.00048270752509218916
0.20522399639675606
15699129986036055e-25
0.06344205324795399
0.0004029205237503892
0.009563435362186812
0.011154874876170125
0.00015704304146536876
0.00017085296797163116
0.19220973722218312
0.000519791382182975
0.056146634340684655
0.18768762339680675
12609137405748918e-22
25861608913792226e-22
0.00014471049273552912
1184019853695275e-20
0.0005942176700792929
15325433245032043e-21
14120533250273807e-23
10044033168911297e-22
19076711873628057e-21
0.0723109541347087
0.07284596753083919
4343664684483933e-20
0.0002936555577895899
0.017295519594568515
0.00811405668204396
0.08386720784404396
0.010489664690852146
27828280336293667e-21
0.11938546431432191
0.037424266316898706
824051658017281e-21
0.19285748393006402
4571118136993898e-22
0.0034653553015324963
0.0010102547023696032
22994565953010673e-28
0.20662381931162757
0.19411832140433835
0.0175922458068378
0.19398397957042776
0.16856909153277544
0.008685349635478791
0.16156465304726564
20535640172278697e-26
5764766643176689e-21
0.0005094956041566117
9120045202089095e-20
0.11785881176922491
8473119539322169e-22
0.00012875712844954968
0.14421945088512514
0.000937896474767518
0.011755287584538652
12228854063142056e-21
0.12323608189131778
0.0898884203479265
0.022485660960773438
27447343940028977e-21
0.0001534322244299268
12006678525478754e-23
0.013664218127904249
0.13725477264794966
8326801780547847e-24
1025495935253129e-20
9138787945591508e-21
9649549016176588e-20
12087027093516566e-21
0.2065377382069449
0.1411873930903532
0.00453244522209281
0.001468991707497785
0.04061122485640042
0.005448485420070851
6637105484428002e-20
0.027793364795725604
8323182995983723e-20
0.0007429208834105188
0.07626266977495817
11000993546745724e-22
0.18322437387537951
0.16856909153277544
0.0018257593412069285
0.000488793810240381
7563075059689368e-24
0.001018451229388297
10739430953459696e-24
0.010036064288352816
0.028876374616988932
0.0009033279782462584
0.00034110633605603856
0.00015048329927017115
26725941520312695e-22
0.006097250533508794
0.015135143286530074
0.022330331691389933
11069414927791033e-24
0.16994037757653574
0.06716742345679746
0
0
81774422592692e-18
6712536057619324e-20
10336374250276159e-22
7552908221184192e-22
0.0001769915252576304
0.01018121603631728
0.005370106506009986
15204233503263616e-24
0.00018225188105037
7328692018762927e-21
0.04994684245307691
0.012893574523583739
0.09302953771652321
38456347610695274e-23
0.05690974245790473
0.0076476515956738385
0.00012245381585050354
0.1304063636180648
0.00030265686336049876
16523107011765671e-29
8601714091261407e-20
37936183218344963e-22
0.0001247048534337784
0.01770797958173997
0.0034828646302836985
0.0001549711917885638
0.00014113284537471612
3818611327406206e-24
0.0006046536908700295
0.02192382960676088
13347307191913533e-24
0.0018036007373786471
0.001848692806710279
4418599301449902e-20
0.1013960078332909
458366691568434e-19
0.2065885408852975
0.004729790007214009
0.15391343024037615
0.003090615486303988
0.000673275332083547
0.0005690613488598589
47370818014519005e-21
0.2007195629818393
11919642697111348e-21
22529870898582024e-21
0.008253314825302055
0.006365944670082423
21999713090170402e-24
8736972432570392e-20
0.0030490967797631
0.11896299496675279
0.0296121453935795
0.00010010573532621769
0.022999448297381014
0
0
0.10317488908696452
0
0.20554807970736627
0.2063264709023983
0.20651414419198078
0.0497259632001929
0.029095260435620003
0.17197413810226897
0.20648968117000743
0.17147806620684966
0.20644222898105843
0.1822613891415273
0.0007949447300794177
0.01593011964426787
0.12667829700944064
0.20112956943668808
0.12217969293667004
0.0003069557774988031
0.026505742688081792
0.1982305377986595
0.10448291088715618
0.14289719565580036
