1.7856469201687273
9421285391435202e-59
6267502988789264e-36
0
3374820641662308e-22
16171889276963566e-28
33851535605924586e-23
0
3410003100001677e-22
0
0.0006834754628638426
0
13.848560548799501
0
10.66037488798982
0
33.72647240575787
25.93182042918805
0.009571009071806191
0.007499372775128454
1702716346632173e-111
9.721208937288157
0.26553771729412207
33179072445400195e-39
0
31940131870651776e-26
5535690054031921e-27
0.0007637815892609556
0.003790837744056627
0.003618549399147163
0.0066456456106396364
4975039800127026e-22
34812553812740586e-27
0.0006840423868321334
8010874169516764e-22
5139473038050073e-23
9683241845876365e-31
42245449548120554e-26
5107955459755968e-25
2.4586896149668944
2.4533603219231424
0
1.0545926273549902
0
2.9361272603489548
2.9411801826098305
4.234983139658976
0
5.093046779033611
0
4.409611698823806
1.484575880392782
15.164803355976614
17.322622263781277
0.244158958299019
38.25007354113962
28.186210939220867
1.2951611057644543
1824035377390553e-20
0.016440836804249497
0.2470841896783397
32.58920660572211
0.40435695473971844
0.2529839291363452
2.168814804304293
0.6760055204448197
22.785620451127127
0
22.779839704017405
0
15.830072567758972
0.00029349297982568924
0.00029346778921410596
0.007040444196383455
6.983149415114441
0.17325973519352666
0.08997723770715267
0
0.00042539330614616824
0.47378488734827
0.05158770357818334
0.02373420128532239
0.017332082537330616
0.00021308103131588757
8097482807568463e-20
0.0010638055445904148
1.8308725582803052
0.43301238808184206
0.0019318877347188745
0.00034195530326811745
0.0007752028087743284
0.0060948380017322975
0.004079611324258101
17558643732582614e-24
0.062026993643909074
1.3112443755287309
0.020198041246066337
17444341121224028e-28
3703463083120621e-22
14433477180988996e-21
0
0.7196726646499537
0.3360487436050475
0.06061788870521928
0
0.23932594214264372
0.013377979593809465
0.058941049419751965
0
0.000393636737664769
0
0.18409246827502743
0.47655521233045256
0
0
0
0
4462808717907904e-22
0.453372025532324
57490033310611946e-24
5888253039686649e-23
0.34654813608141827
0.1888467966842597
0.2335604086288097
0.5245526765091932
0.0007366052987386888
0.4945859182614809
0.0012053196224903397
0.5486420800258603
10290535109633572e-22
915402149966543e-19
0.44460436935310765
0.00041021736718430444
3137522614886452e-32
0.15822596085295884
0.00597525000860874
0.17589565131018736
0.016604037436693038
0.031138644920943124
0.011638500876330627
0.0528083540355082
0.2390279507697645
0.17764401259372295
0.18530746711284793
18253272114936554e-34
0.09933045964134148
0.09935628888105612
0.43089679565834377
0.5150138374261726
0.00018882541026547277
0.5149765430656026
0.6301663771535365
10.171104039644495
1.9618984941437219
2.7680389951626436
0.12529083449162168
0.41945427788241163
3.162929632379306
3.535710739698217
0.7850480588628761
5.097978149312546
6.103996536636944
2.9618169021109706
2.1377976413568964
2.659128822961369
0.6942192042263616
27.537317216386228
618.9552814428703
5.630949042089393
3018.1479619518036
1.1152187856331126
23.218128743137694
1.1646343762768236
44.91492963732595
1.3060350545777044
1.7912800685008032
1.1152178397342043
0.8255827119837331
1.0399999993601905
3.468190211679442
0
0.0005512348040099157
7935557496336307e-24
0
0.0032238351162927428
0.0029946766923096457
0.0027991909271291747
0.001589117998014036
0.002564542293338436
0.005485254849692765
0.002413253587850207
0.005120083794559781
0.0015449509284457866
0.0026246869074678177
0.0034279481309051926
0.009250829886573182
0.0025496478980499607
0.004186971099828796
0.0028847000634431904
0.004182632413413694
0.004342846522638886
0.008210007543121407
0.009603924415675804
0.0045966798002261685
0.004303826321845203
0.0019791553171807142
0.0074039241085422725
0.01652729576972514
0.06892335820300062
0.0385563059896947
0.10402324339534784
9119294600462757e-20
0.009870326530167662
0.1793099616304299
5447356019150388e-21
0.06976965025455002
0.011105426973156956
0.00204275307481981
555686072741582e-20
12044222428407298e-22
0.09419727926599766
0.08294814194571883
0.004050107992960759
0.030071853581038227
0.01936254255735703
0.0058206245498817035
0.01200224436368701
0.0004827063037078585
0.20454819374413633
1569912998590698e-24
0.06341808914893203
0.0004029196728841625
0.009562947999961786
0.01115420986423682
0.00015704291226317923
0.00017085281504321105
0.19140289485462714
0.0005197899658315022
0.056128174165152214
0.1873439036736445
12609137322479997e-22
25861608563505024e-22
0.0001447103830313945
11840197802712305e-21
0.0005942158188441308
15325432014909018e-21
1412053323983109e-22
10044033116075504e-22
19076709967583873e-21
0.07227915958796363
0.07281365877049656
4343663696255564e-20
0.00029365510591857033
0.017293902396077216
0.008113706781575893
0.08382318256423527
0.010489077351697594
27828276280223866e-21
0.11928656692515123
0.03741638758319989
8240516544607982e-22
0.19247599773450427
4571118126050393e-22
0.0034652920168009253
0.0010102493474326252
22994565953010394e-28
0.20601392321557016
0.19332268994752305
0.01759057170038267
0.1935932411479917
0.16768854489859894
0.00868494830901272
0.16134994903864286
20535640172256608e-26
5764766469124653e-21
0.0005094942433832232
9120040845209067e-20
0.11776290617467418
8473119501721246e-22
0.00012875704160287524
0.1440613953825882
0.000937891860036962
0.01175454823477373
12228853279906922e-21
0.123129341524758
0.08983703842594981
0.02248290023464845
27447339994247447e-21
0.00015343210110159653
1200667851792858e-22
0.01366321559842874
0.13711551827597088
8326801780184715e-24
10254958801740084e-21
9138787508174717e-21
9649544138648912e-20
12087026328343776e-21
0.20594863479025147
0.14103776223735676
0.004532336753416663
0.0014689803760070939
0.04060188568032042
0.005448328416010519
6637103177043964e-20
0.027789102921381825
8323179367256257e-20
0.0007429179889296405
0.07622696070053815
11000993483362279e-22
0.1823782408308743
0.16768854489859894
0.001825741826111734
0.0004887925578483135
7563075059389792e-24
0.0010184457871265221
10739430952855645e-24
0.010035527096961091
0.028871764253723852
0.00090332369768529
0.0003411057263025554
0.00015048318063757914
2672594114621995e-21
0.006097053681966761
0.015133909903007172
0.022327609792982133
1106941492714929e-23
0.16906192227145558
0.06714032704383863
0
0
8177438756517824e-20
6712533697487345e-20
1033637419431993e-21
7552908191306971e-22
0.00017699136114090872
0.010180663045709385
0.005369954008276283
15204233502052905e-24
0.00018225170703164105
7328691737462886e-21
0.04993243242242916
0.012892683171005302
0.09297403223865218
38456347533240607e-23
0.05689074459470136
0.00764734102953806
0.00012245373729974105
0.13028381427576569
0.00030265638335517936
16523107011765654e-29
8601710215583987e-20
3793618246460526e-21
0.00012470477196818778
0.017706283003360183
0.0034828007024067234
0.0001549710659734474
0.00014113274102857748
3818611327329836e-24
0.0006046517740031326
0.02192120796468762
13347307190980498e-24
0.001803583645530404
0.0018486748480983648
4418598278829271e-20
0.10132850387443118
45836658152283256e-21
0.20597006444300084
0.004729671845207408
0.15372566396139756
0.003090565182525975
0.0006732729551499504
0.0005690596511276771
47370806260956e-18
0.1999766496021494
11919641952984676e-21
225298682400249e-19
0.008252952719043489
0.006365729981654578
21999713087635597e-24
8736968434038247e-20
0.003049047822102353
0.11886493205064338
0.029607289997068645
0.0001001056828326104
0.02299655709231358
0
0
0.10310463441306181
0
0.20488053721245872
0.20575245393329336
0.2058873655829696
0.04971168719261889
0.029090577878759724
0.1710991633301862
0.20586085908216895
0.17060219961090772
0.2058610468453394
0.1819512354115625
0.0007949414157192703
0.015928751244025683
0.1265641700406188
0.20066542224461917
0.12207514742431379
0.0003069552837569493
0.026501876381721384
0.19780011551165894
0.10441058700732343
0.14274286115738424
