1.7898403367748759
4785713345556568e-59
4697743647309754e-36
0
3277414589761544e-22
15715123202222768e-28
32874895412757697e-23
0
3311704403132249e-22
0
0.0006834621495284236
0
13.848200539952284
0
10.824014264275243
0
33.80627300825995
25.93744276291298
0.009445086163567496
0.007201393260403171
12812165324509379e-112
9.716731757234996
0.2653658671955652
2481209121444623e-38
0
2834307090660613e-25
4894695119988761e-27
0.0007637558523344264
0.0037906784282192483
0.00361846189501351
0.006645428537450276
4977111980707962e-22
34670421698578635e-27
0.00068404911317103
8012194071127185e-22
51270372256868017e-24
968524747008497e-30
3749026132955169e-25
45330047844876136e-26
2.4616059809855213
2.4560257131859173
0
1.056716122551157
0
2.956079143532522
2.939546506931388
4.2334777595009525
0
5.090412954382662
0
4.409456369160849
1.4830263227517562
15.181793326339568
17.34455131311699
0.24450576780757874
38.29062734473843
28.2185355384817
1.2932685582606944
1824396320686535e-20
0.01645827906727457
0.24739277747571883
32.56453442823992
0.4034931235549779
0.2526173296939407
2.168127300630255
0.6723529368959094
22.77362612504288
0
22.766767290487376
0
15.828865667945347
0.0002949641062603729
0.0002949391467895792
0.007042516768622864
6.983147057307921
0.17319256888178078
0.08986827452194476
0
0.0004266680617981156
0.4725356654061966
0.051545384620580524
0.023704115739420713
0.017422761439283743
0.00021508745782321953
8158980825111313e-20
0.0010615576478161819
1.8304925424475218
0.4331603862630794
0.001932273867781531
0.0003419853946014047
0.0007785422874408887
0.006088779134573535
0.004076834427069487
17524769435572395e-24
0.0620348505341363
1.3300729460418208
0.020182843752351097
17482793549373301e-28
3704688443767633e-22
14448116834368243e-21
0
0.7190316005080902
0.3351166625833981
0.06081200980804623
0
0.2390360388543132
0.01331674460994286
0.058908164280597135
0
0.0003935490424821226
0
0.1840311866053695
0.4755147514010309
0
0
0
0
4466359203607883e-22
0.4535318765580481
57559511607802587e-24
5876214687568078e-23
0.3462595309701537
0.18823451679478104
0.23348569373643543
0.5243559495233824
0.0007387486815728861
0.4938290719590869
0.0012034064287984503
0.5477871144329546
10289710378425675e-22
9177522737638902e-20
0.44526035514961726
0.0004101395068706105
2812053586509698e-32
0.15800059184788123
0.005867167233437644
0.17569348839468846
0.016591084229889825
0.031140407309775818
0.011419141301695175
0.05215686107454931
0.23887016235150585
0.17779369696456437
0.18511284420746665
16352254450456042e-34
0.09901716980238796
0.0990419796414757
0.4305903253666484
0.5148082583994585
0.00018864148352304398
0.5147714687065558
0.630709213843039
10.168515372614069
1.961253742276023
2.7661514222187047
0.12534950784153961
0.4193598287475436
3.1611670463705304
3.5319433973670993
0.785356675617159
5.1001083817369475
6.106710223143413
2.9529972202851154
2.1369514305945425
2.6613516019097094
0.6948852612544746
27.53166355846737
618.9538029259083
5.630947923432044
3009.200368791823
1.1152187298888045
23.218126549467524
1.1645934637841735
44.91371682172071
1.306037551013555
1.791279416173078
1.1152177839776454
0.8250490184764073
1.0398634619445812
3.4760489737753386
0
0.0005506614821311964
7952424623188904e-24
0
0.003195412510493947
0.002974973034818559
0.0027817260293976375
0.0015756399978155812
0.0025509255598322677
0.0054603908100007495
0.0023938641514333293
0.005096545979505042
0.0015321071773822098
0.0026081316404569727
0.003409400325733343
0.009212018665901064
0.002533441974077588
0.004166968330976386
0.0028673786184627856
0.004163193043950437
0.004336275161774707
0.008173111515422875
0.009550848648725884
0.004575087619632716
0.004282228699988171
0.0019791388330428388
0.0074036911362543945
0.016526114990010794
0.06890040607984281
0.03854959289777259
0.10396586573984133
9119291112585841e-20
0.009869910605291491
0.1790737901249986
5447355894715044e-21
0.06974608320069041
0.011104899237445386
0.0020427355122587232
55568605979272785e-22
12044222367576083e-22
0.09415153083001114
0.08291371855127196
0.004050038704436416
0.030067839890001405
0.019360913118938984
0.005820480979993209
0.012001626922470298
0.0004827053257769523
0.20400869938061394
1569912998580363e-24
0.06339890819528321
0.0004029189916172814
0.0095625577986236
0.011153677433714421
0.00015704280881416208
0.00017085269259719228
0.19075931775109412
0.0005197888317956368
0.056113397920862
0.1870691493618718
12609137255808573e-22
25861608283038465e-22
0.00014471029519398556
11840197214823624e-21
0.000594214336608703
1532543102997909e-20
14120533231469861e-23
1004403307377115e-21
19076708441460157e-21
0.07225371253514329
0.0727878002513762
4343662905004978e-20
0.0002936547441167861
0.017292607653047864
0.008113426635541952
0.08378794923936804
0.010488607107033327
27828273032626505e-21
0.1192074412195796
0.03741008046584478
8240516516132079e-22
0.19217109494144485
457111811728819e-21
0.003465241347067614
0.0010102450598835071
2299456595301017e-27
0.20552689205490804
0.19268799838938142
0.017589231398348344
0.19328095371562323
0.16698682929099162
0.008684626989906859
0.16117824638963552
20535640172238927e-26
57647663297653675e-22
0.0005094931538472343
9120037356761245e-20
0.11768617312733251
8473119471615088e-22
0.00012875697206686862
0.14393496901227948
0.0009378881651492763
0.011753956288675161
12228852652789378e-21
0.12304394372486456
0.08979591932727043
0.02248069003181371
27447336834955242e-21
0.00015343200235563246
12006678511883335e-23
0.013662412950151396
0.13700412249577182
8326801779893961e-24
102549583607348e-19
9138787157945601e-21
9649540233331284e-20
12087025715688315e-21
0.20547816533039082
0.14091807072734772
0.00453224990702099
0.0014689713032173379
0.040594409574315427
0.0054482027098871925
6637101329577494e-20
0.02778569101194718
8323176461822365e-20
0.0007429156713963659
0.07619838135498876
11000993432612674e-22
0.18170358006829396
0.16698682929099162
0.0018257278023163066
0.0004887915550903417
7563075059149927e-24
0.0010184414296590366
10739430952371992e-24
0.010035097001428385
0.02886807337708817
0.0009033202703574306
0.0003411052380883544
0.000150483085651376
26725940846692867e-22
0.006096896072240785
0.01513292243486383
0.022325430673396488
1106941492663546e-23
0.1683618387536465
0.06711863947622483
0
0
8177435951949907e-20
6712531807786883e-20
1033637414951712e-21
7552908167384997e-22
0.00017699122973669637
0.01018022030104733
0.005369831910120963
15204233501083516e-24
0.00018225156769913905
73286915122327e-19
0.049920897653608944
0.012891969530799434
0.09292961420832124
3845634747122451e-22
0.05687553803325196
0.00764709237577493
0.0001224536744060662
0.13018577498293282
0.0003026559990269836
1652310701176564e-28
8601707112423309e-20
37936181861103977e-22
0.00012470470674068199
0.01770492471092785
0.0034827495177350604
0.00015497096523637554
0.00014113265748118303
3818611327268689e-24
0.0006046502392181723
0.02191910910476332
13347307190233438e-24
0.0018035699606142905
0.0018486604691943713
44185974600416325e-21
0.1012744874719908
45836649341197836e-21
0.20547620021580043
0.004729577237851316
0.15357548914763902
0.003090524906087876
0.0006732710520022887
0.000569058291797897
4737079685016216e-20
0.19938379937588718
11919641357180333e-21
22529866111382216e-21
0.008252662800701444
0.006365558090999892
2199971308560604e-23
8736965232510796e-20
0.0030490086234445024
0.11878647370134726
0.02960340297147147
0.00010010564080225816
0.022994242435775792
0
0
0.10304841766823883
0
0.20434761510016117
0.20529400374535312
0.2053868905898971
0.04970025969043487
0.029086829211074736
0.1704018022585324
0.2053587570473432
0.16990414033491147
0.20539688794595617
0.18170328327440172
0.0007949387620005694
0.01592765568351489
0.12647286543912162
0.2002945629840909
0.1219915048314567
0.00030695488843026367
0.02649878112952162
0.19745616053199297
0.10435271510284187
0.14261940939676085
