1.8106684323194242
1667200397096744e-60
11222664143715362e-37
0
28295378477709623e-23
13610694165761502e-28
28384070653685446e-23
0
285966840136937e-21
0
0.0006833079047593063
0
13.759342365725997
0
11.408621743240628
0
34.20544404755953
25.965173978614427
0.00882544681406322
0.005880760274250102
307420034797318e-111
9.695034039630748
0.2647969059825359
5862215759926054e-39
0
15657329823156434e-26
26575391009046083e-28
0.0007635771013440999
0.003789887226879036
0.0036175209242764257
0.006643907317692657
4986755214778088e-22
33946928726666465e-27
0.0006839867441411652
8017688991442853e-22
5061094118934304e-23
9695356417678828e-31
2071691293939586e-25
25049312990246493e-26
2.4775349463276823
2.4709084859847645
0
1.0670111556955266
0
3.02816715936611
2.956213391143415
4.226009487201755
0
5.077498080677571
0
4.408689177774833
1.4730279972753506
15.245560475740634
17.427940693506216
0.24602456833831862
38.43350732476444
28.32880207748106
1.283871374752927
18487386067693688e-21
0.016516983694650943
0.24845454074341855
32.491826513545725
0.40078124709898477
0.25164016471252826
2.1647085307401586
0.6548542273446779
22.722414199344477
0
22.713549177993624
0
15.825098469993469
0.0003019190988272547
0.0003018956635616771
0.007040828724461518
6.983138195269796
0.17287661174022384
0.08934980962615915
0
0.0004333911766288785
0.46646297110891777
0.05137359602197318
0.023556404638118304
0.01789339479633732
0.0002231876316829382
8391260034334782e-20
0.00105075712728585
1.8299451262947999
0.4340625166181956
0.001935263521383989
0.0003421572463470284
0.0007956606665582291
0.006108057567464307
0.004110660063685509
17370589282908172e-24
0.06210316089890864
1.3969999689730441
0.020121566900755623
17709578487989236e-28
37135826112475377e-23
14520006858665113e-21
0
0.7158192938934795
0.33111478299252173
0.061809750706546825
0
0.23780312977988552
0.013023078812604958
0.05873349251317815
0
0.0003893049388823198
0
0.18372754838869126
0.4703731479684284
0
0
0
0
44830793360523325e-23
0.45439150266313827
5794661101455174e-23
58384025154462784e-24
0.344821877123549
0.1852999665390915
0.23310167364940348
0.5233710540644417
0.0007480288324861875
0.4902961703456569
0.0011939474178895883
0.5435612754585741
10285562347461319e-22
9277424077520273e-20
0.44851160557469316
0.000409966557016321
16311245827858797e-33
0.156906950672985
0.005356726201487661
0.17469104704539176
0.016549067274217927
0.03118055519050002
0.01038603087654932
0.04902585952572878
0.23807953099259951
0.17865070107724934
0.184311686735134
9468749625507918e-34
0.09756488391006887
0.09758778001510296
0.42905811919058745
0.5137813602589923
0.0001877520301075308
0.5137470532854689
0.6337637419864455
10.164614484447482
1.9582963415850139
2.757767405333554
0.1256682840420458
0.41921825334439494
3.1530833633000923
3.5152375914701133
0.7870081077150584
5.1121796542555105
6.1226035218554
2.9112467264665383
2.132992533647154
2.6717159287294536
0.6986068821997595
27.511477251209946
618.9464593977116
5.630942367225605
2965.150495657726
1.115218453014906
23.21811565382721
1.164390278629283
44.90769342677785
1.3060498111675212
1.7912761758416624
1.1152175070428985
0.8224025820883324
1.0391855659050857
3.563099076890103
0
0.0005486073712917607
803598902337356e-23
0
0.003066438798226894
0.0028804890738586496
0.0026979727208425474
0.0015111496600653718
0.0024854130364122488
0.005339535358856742
0.0023009979726018614
0.004983522544257095
0.001470632225872569
0.002528746014852096
0.003320433620726512
0.00902635959209567
0.0024556906395809056
0.0040710512206279656
0.0027843017059652527
0.004069977275188442
0.004309489520606475
0.007996357551507889
0.009296739014463517
0.004471576186880278
0.004178732935738847
0.0019790569607416523
0.007402534105121699
0.016520251477399734
0.06878651940417285
0.03851626725427166
0.10368134783535779
9119273788823953e-20
0.00986784502611217
0.17790536173096225
544735527666268e-20
0.06962914695186348
0.011102278421864483
0.002042648283787971
5556859954776412e-21
12044222065436223e-22
0.0939246339735257
0.08274295408794086
0.004049694575893
0.030047912402290444
0.019352821965012704
0.0058197679415349654
0.011998560651637036
0.00048270046856452813
0.20135012036817737
15699129985290298e-25
0.06330372509577623
0.0004029156078799985
0.009560619960765378
0.011151033304671753
0.00015704229499882222
0.00017085208442677559
0.1875946872418316
0.000519783199239696
0.05604006406901154
0.18571044374445247
12609136924661224e-22
2586160689000157e-21
0.00014470985891903247
11840194294865766e-21
0.0005942069746138764
1532542613797512e-20
14120533189940826e-23
10044032863651535e-22
19076700861425548e-21
0.07212745338922658
0.07265950073124829
43436589749795584e-21
0.00029365294710610517
0.017286178287381826
0.00811203533391824
0.08361316972620007
0.010486271781979507
2782825690228437e-20
0.11881521232029955
0.037378769674214454
8240516374696374e-22
0.19066382896736414
45711180737675987e-23
0.0034649896887879823
0.0010102237645149912
2299456595300906e-27
0.2031248866500361
0.18956632056058348
0.017582575824569284
0.19173731593239593
0.16354478173537768
0.008683031220395526
0.16032812787254067
20535640172151102e-26
5764765637587941e-21
0.0005094877423136263
9120020030163758e-20
0.1173057913984865
847311932208215e-21
0.000128756626692108
0.14330866964356906
0.0009378698133906825
0.011751016619468053
1222884953798744e-20
0.12262066202889399
0.08959196541260651
0.02246971549230406
27447321143211846e-21
0.00015343151189961093
12006678481857473e-23
0.013658427010560937
0.1364521753395355
8326801778449833e-24
1025495617032543e-20
9138785418408286e-21
9649520836205246e-20
12087022672717448e-21
0.20315728913827535
0.14032508374981656
0.004531818578156467
0.0014689262408093663
0.04055729722762919
0.005447578388677613
6637092153485586e-20
0.027768750756325476
8323162030966251e-20
0.0007429041606499346
0.07605659056741244
11000993180546704e-22
0.17838943934289428
0.16354478173537768
0.0018256581497429973
0.0004887865745665883
7563075057958559e-24
0.0010184197870226975
10739430949969778e-24
0.010032961052067529
0.028849748315623987
0.0009033032475069039
0.0003411028132091787
0.0001504826138694915
26725939358985094e-22
0.006096113307831954
0.01512801877767302
0.022314610451759326
11069414924083348e-24
0.16492734906582954
0.0670110242202301
0
0
8177422022079762e-20
6712522421925092e-20
10336373926988027e-22
7552908048568003e-22
0.00017699057707236916
0.01017802153746032
0.005369225507328339
15204233496268716e-24
0.0001822508756562734
7328690393546946e-21
0.049863645593266254
0.012888425568114708
0.0927093105104313
3845634716319954e-22
0.05680006944485362
0.007645857468192488
0.00012245336202273185
0.1296999200851321
0.0003026540901314918
16523107011765578e-29
860169169948832e-19
3793617886360026e-21
0.0001247043827655729
0.01769817981217286
0.003482495301998855
0.00015497046489083732
0.00014113224251405615
3818611326964979e-24
0.0006046426162203357
0.02190868734764916
13347307186522896e-24
0.001803501991148128
0.0018485890529090704
4418593393243759e-20
0.10100662218443308
4583660557783233e-20
0.20304073949770968
0.004729107364798769
0.15283176362532364
0.003090324866605903
0.000673261599422025
0.0005690515402510261
4737075010813399e-20
0.19646513993446607
11919638397906532e-21
22529855538723955e-21
0.00825122296901634
0.006364704403682807
219997130755255e-22
873694933100303e-19
0.003048813936831227
0.1183975491253271
0.029584104236511026
0.00010010543204382131
0.022982749322383797
0
0
0.10276965107977794
0
0.20172113841632228
0.20303204013242176
0.202919072994999
0.049643539849361325
0.029068217276178542
0.16698000177838376
0.20288297733062707
0.16647907728646066
0.20310693948913475
0.18047673875587808
0.0007949255814937499
0.01592221530892401
0.12602034376914825
0.1984626902034443
0.12157691259493388
0.0003069529249071715
0.02648341281427648
0.19575662825521306
0.10406574867305357
0.142007822608953
