1.8783393425631496
30166854227645886e-66
10736772614211145e-39
0
17386997135766264e-23
8449935029309098e-28
17442731650404415e-23
0
17575361090871615e-23
0
0.0006819394255775295
0
13.451881190165064
0
11.94088491249573
0
35.22370768727992
26.048266902650663
0.007041833260476285
0.00301130037618148
27012050640587978e-115
9.630797954171483
0.26324894788226105
542490673817673e-40
0
22769356220574072e-27
3668856553236671e-28
0.0007624790998616222
0.003787317721410084
0.003609488963054145
0.006634464269607215
5011616816986796e-22
3170818554049195e-26
0.0006828423770734092
8025000329609969e-22
4847523550161597e-23
9728990380769327e-31
30154331148061135e-27
3646102834504394e-26
2.5380634544160534
2.5300833960226607
0
1.0972063826239686
0
3.1010214958188085
3.0507758504734097
4.201843014985751
0
5.036790202350179
0
4.406223114222075
1.429075533128997
15.286271891359412
17.49225749256749
0.24797018345614183
38.49597110863876
28.388922336428934
1.2534795661579683
188836978960369e-19
0.0165448698771016
0.24903863593788436
32.37405734778903
0.3997565788679981
0.2535029962780541
2.1534189303793743
0.6038584033553296
22.558758121371145
0
22.550544552669553
0
15.807308048194592
0.000321987737363489
0.0003219664681457161
0.006960843540398271
6.983126447390834
0.17197392175475443
0.08777523343262476
0
0.00045531046014124754
0.44863625467866525
0.05076471376000331
0.02306001029035813
0.019534261048348038
0.00023789845020203538
8696765718900357e-20
0.0010188582213710342
1.8283082191832594
0.437470664018079
0.0019421609797428579
0.0003425617334863261
0.0008533617829820411
0.00622416179892167
0.004277809674763864
16911638892083165e-24
0.06218460502126367
1.4571873908867659
0.019898460573471
18501936266254704e-28
37498802253503945e-23
14731061666148343e-21
0
0.7051196095570222
0.3198487673901336
0.06518659624098877
0
0.234585981600431
0.012161834205363055
0.0581554174508097
0
0.0003749929274402112
0
0.1827495742563697
0.4539714997156209
0
0
0
0
4529083267615495e-22
0.45748134412625585
5930433845731848e-23
58638309588825946e-24
0.3401029820768594
0.1760798422878259
0.23173063046614562
0.5200633465925402
0.0007693677208348147
0.4805158452018921
0.001164160020568997
0.5302597780405537
10271507714237406e-22
9495085010229749e-20
0.45882703167376315
0.00040890620176212746
2748575530883497e-33
0.15355957672982107
0.003970977386150215
0.1714551881716528
0.016449424812360478
0.03137865739824464
0.007607255842534891
0.03998120942780795
0.2354369619306374
0.18135649835776768
0.18184207586324377
1587333391693699e-34
0.09297780079136063
0.09300075598722368
0.42396935693725407
0.5103764421845294
0.00018490855321059372
0.5103501744752339
0.6433458899895317
10.154094657498648
1.9508988356544241
2.739143157498256
0.12683077296217432
0.4188369941463501
3.1328480729603827
3.4782603641277734
0.7929132522484086
5.131212176211426
6.144498712131384
2.7782304636564237
2.1223575285234877
2.6819812677737533
0.7103414892060051
27.43009490907672
618.9226007251541
5.6309243150346
2826.433848829049
1.1152175534463968
23.218080253703334
1.1637303705481474
44.888128868224356
1.3060879626379618
1.7912656445233008
1.1152166072766603
0.8138544295144092
1.0369861169642243
3.8059814114336232
0
0.0005453524035125993
8306109883851094e-24
0
0.0027233456885532355
0.002581966038367147
0.002431843557946849
0.0013135735406063565
0.0022722388685031294
0.004942442395580679
0.0020142486083506257
0.004609103700230184
0.0012818258226444143
0.002276854037984061
0.0030333504384002594
0.00841115928292483
0.0022087987136584107
0.003757397768263073
0.0025195004149022246
0.0037642908258014663
0.004217732087009155
0.0074154943056370486
0.00848072737770369
0.004132815867028069
0.0038423236622434687
0.001978790979330763
0.0073987761351700055
0.016501215160727577
0.06841779702384271
0.03840819028569452
0.10276230682310616
9119217503792906e-20
0.009861136900345242
0.17416148094603873
54473532685983416e-22
0.06925057026404656
0.011093767606880954
0.00204236490240476
5556857865166547e-21
12044221083777665e-22
0.09319120895111266
0.08219056070865435
0.004048576697007634
0.02998325870217958
0.019326556972695606
0.005817451867828465
0.011988603681127441
0.0004826846877189577
0.19294916096004883
1569912998362246e-24
0.06299545853191668
0.00040290461424421066
0.009554326595989628
0.01114244680104865
0.00015704062561383304
0.00017085010848354268
0.177670640227998
0.0005197648993710497
0.05580246176652477
0.18136372890945263
12609135848756752e-22
25861602363996607e-22
0.00014470844146182745
1184018480786767e-20
0.0005941830559710517
15325410243764513e-21
14120533055012143e-23
10044032180968604e-22
19076676233758194e-21
0.07171875575581604
0.07224421189291695
4343646206270791e-20
0.000293647108657397
0.017265305641790248
0.008107516612986079
0.08304782014523075
0.010478687851433285
27828204494535968e-21
0.1175497387606678
0.03727722104401161
8240515915168874e-22
0.18584781462984304
4571117932368305e-22
0.0034641721720151787
0.0010101545785237403
22994565953005507e-28
0.19551280202596705
0.17976879315760402
0.017560969107150187
0.1868065936022303
0.1528437162609238
0.008677848556149633
0.1575969033960328
20535640171865747e-26
5764763388689833e-21
0.000509470160526523
9119963735919841e-20
0.11607838923796761
8473118836246572e-22
0.00012875550456881136
0.14129255972356342
0.0009378101906286731
0.0117414706477414
12228839417937443e-21
0.12125543622856953
0.08893250707438816
0.022434095955109565
2744727016047717e-20
0.00015342991840874438
12006678384302846e-23
0.013645484636055912
0.13467419013109344
8326801773757825e-24
10254949053643618e-21
9138779766618103e-21
964945781481346e-19
12087012786047887e-21
0.19579613418371541
0.1384156266508429
0.004530417465140014
0.001468779841661764
0.04043695248778014
0.005445550450027694
6637062340262068e-20
0.027713782775500545
8323115144991015e-20
0.0007428667632293871
0.07559772806349783
11000992361579221e-22
0.16803329894972713
0.1528437162609238
0.0018254318654432147
0.000488770393092906
7563075054087767e-24
0.0010183494728272778
10739430942164932e-24
0.01002602444635493
0.028790290070554104
0.0009032479421301416
0.0003410949348459159
0.00015048108105066764
26725934525392546e-22
0.006093570783811263
0.015112097660103874
0.022279491514189415
11069414915791493e-24
0.1542448792544765
0.06666256962332584
0
0
8177376763809329e-20
6712491927157929e-20
10336373203986457e-22
7552907662529168e-22
0.00017698845656917664
0.01017088098688859
0.005367255764845537
15204233480625327e-24
0.00018224862721292676
7328686758915132e-21
0.049678085305871617
0.012876917883831104
0.09199713783112656
3845634616242013e-22
0.05655556098675192
0.007641846604449139
0.00012245234708836277
0.12813384843320794
0.0003026478881739336
16523107011765401e-29
8601641622736583e-20
3793616912465076e-21
0.0001247033301695986
0.017676283229015717
0.003481669477926912
0.00015496883926905696
0.00014113089428575913
3818611325978215e-24
0.0006046178496071528
0.021874861036006835
13347307174467286e-24
0.0018032811746369077
0.0018483570389742324
441858018015977e-19
0.10014120307114288
4583646339004731e-20
0.19532536989888868
0.004727581059793806
0.1504401547872246
0.0030896750235895774
0.0006732308887106343
0.0005690296048894757
47370598242642696e-21
0.1872740430675967
11919628783170231e-21
22529821187974358e-21
0.008246546660036061
0.006361931546239471
2199971304277365e-23
8736897666877445e-20
0.003048181481829042
0.11714269335715218
0.029521489049290865
0.00010010475378637695
0.02294544759826896
0
0
0.10186912752780995
0
0.19341844312531825
0.19585348861756804
0.19510392115343148
0.04945970234827796
0.029007828882925028
0.15632969917963668
0.19504328914232175
0.15582040941528263
0.19584160768113537
0.17654853168148432
0.0007948827592648281
0.01590455224360823
0.12456123778577481
0.19262575382034797
0.12023959492048007
0.0003069465454670107
0.02643354233868594
0.19033513485152673
0.10313882478308144
0.14003880938297542
