1.895257070124081
10253757771123716e-66
3359923033298691e-39
0
15397670352116133e-23
7502169086234122e-28
15446840673203445e-23
0
1556363807813688e-22
0
0.000681509617662503
0
13.405791052769327
0
11.949290570587333
0
35.400020550129874
26.06599919207334
0.006658522455619147
0.0025472984075738977
8284860163587343e-115
9.615833746036884
0.2628050804521241
1684320905141647e-41
0
14060772973397204e-27
223793006207001e-27
0.0007621477012114472
0.0037866756142835773
0.0036069404046929618
0.006631608384514928
5017148462618947e-22
31191319509997434e-27
0.0006824537421713241
8025703944468155e-22
479733924756069e-22
9738576448164678e-31
18625037916536836e-27
22520494291825108e-27
2.5539169946743128
2.545871998401277
0
1.1039079466392054
0
3.1040880620366953
3.062851166117649
4.19582386643783
0
5.026767235404053
0
4.405609157035739
1.4171671372773997
15.278532709655986
17.48605923548197
0.24799505129482594
38.472666614770645
28.37683865341577
1.2459372043098405
18829967458851294e-21
0.01653720826497376
0.24891950485126976
32.34407154658195
0.39991786240567495
0.2544375571925744
2.150532242992201
0.5921835325626804
22.515833455871217
0
22.50773717866051
0
15.801351091246458
0.00032683488943236605
0.0003268135507217102
0.006934099333009268
6.9831249864498774
0.17176528481250444
0.08739312473470523
0
0.0004606733322143615
0.44441240363657153
0.050584109325829
0.02293131962781637
0.01996238383296585
0.00024041904231560435
8729167544028258e-20
0.001011423115789322
1.82739373802141
0.4382502762327798
0.0019430003175767267
0.0003426063673843489
0.0008681546452647358
0.006230889522458065
0.004298398887968502
16796945041513323e-24
0.06216246693468395
1.458024002630753
0.019831670331901686
18690243446946256e-28
37585936413763804e-23
14778477848201408e-21
0
0.7023918331791322
0.31709971035916173
0.06605614165366538
0
0.2337649486862139
0.01196088266986646
0.058016801521553925
0
0.0003727867001459787
0
0.18250725749526003
0.44994353536305864
0
0
0
0
4539524743915051e-22
0.45825135977230014
5963447270741111e-23
58870779901012e-21
0.33891140075930304
0.17381774298943706
0.23136343356750574
0.5192080850177317
0.0007737198283446861
0.47827153052194177
0.0011569983212622876
0.5270619048438341
10267862159697283e-22
9537969361325232e-20
0.4613006622109721
0.00040848709484442395
1756388926662164e-33
0.15274156404492967
0.0036819385995855614
0.1706517217024374
0.01642254501855499
0.03142700282974457
0.007032948654610383
0.03797020377150145
0.23476035875743403
0.18196409651913584
0.18119404419682264
10129086266365749e-35
0.09182849562436354
0.09185137649303209
0.4226717421399578
0.509508406713777
0.00018417263301891484
0.5094841964696006
0.6454976692181147
10.148393836898599
1.9493764163814946
2.7357019852577915
0.1271214554799343
0.41862930977668683
3.128679738023866
3.471444383543644
0.7943863994918081
5.131437565581879
6.143185362625795
2.7453730736489494
2.1200313965748516
2.680882725544602
0.7130100983775257
27.404711257184935
618.9166362007169
5.6309198019958915
2792.780777871225
1.115217328554383
23.218071403680803
1.163565451973204
44.88323906053221
1.3060970990641083
1.7912630109252634
1.115216382335211
0.8117294464221831
1.0364369825250486
3.8396189303766253
0
0.0005448255544436005
837343432046599e-23
0
0.002645860709416463
0.002509393397871623
0.0023667851554132835
0.0012669545668743166
0.002219028230656672
0.004842886675930263
0.0019460782108524206
0.004513911181744599
0.0012371694552638112
0.002215361560552518
0.0029621434002096597
0.008254681883997736
0.002148499150028605
0.00367863055158973
0.002454580401896687
0.00368732519966126
0.00418986000401763
0.0072689301889290545
0.008278839066839173
0.004047669995088115
0.003758283300395174
0.0019787244895637574
0.007397836940809105
0.016496459509982287
0.06832592567089517
0.038381218461969256
0.10253382228680033
9119203432589426e-20
0.009859460581549625
0.1732378865999227
5447352766582373e-21
0.06915624814558329
0.011091640922743605
0.0020422940632020084
5556857342764204e-21
1204422083836304e-21
0.09300874930194325
0.08205303954518305
0.004048297275505186
0.029967117025499385
0.019319996296187674
0.005816872993434945
0.011986115729824687
0.00048268074258817827
0.19090427093044135
156991299832055e-23
0.06291862673152059
0.0004029018658821333
0.009552753902193562
0.011140301208430558
0.00015704020827035853
0.00017084961450130514
0.17527277006070105
0.0005197603245045574
0.05574321876456987
0.18029304084856518
12609135579780647e-22
2586160123249549e-21
0.00014470808709969563
11840182436119336e-21
0.0005941770764607843
15325406270214434e-21
14120533021279972e-23
1004403201029788e-21
19076670076846323e-21
0.07161694370723641
0.07214076109009354
4343643014099464e-20
0.0002936456490633577
0.017260091419584685
0.008106387326105366
0.08290708104469902
0.01047679272596513
27828191392614287e-21
0.1172354819840682
0.03725187702231289
8240515800287002e-22
0.18466294001862446
4571117897018482e-22
0.0034639678229615475
0.0010101372827662932
2299456595300462e-27
0.19365477764915828
0.1773995784324152
0.017555571577800085
0.18559385412744916
0.1502796977467443
0.008676553373502613
0.15692139831475954
20535640171794408e-26
5764762826465443e-21
0.0005094657651745488
9119949662413157e-20
0.11577355063358824
8473118714787681e-22
0.00012875522403951522
0.14079297968443366
0.0009377952855304255
0.011739085366727344
12228836887926252e-21
0.12091651143102723
0.08876840233780961
0.022425199896958743
27447257414808304e-21
0.0001534295200386136
1200667835991419e-22
0.013642250959112152
0.13423332558255183
8326801772584823e-24
10254947274473934e-21
9138778353671105e-21
9649442059529827e-20
12087010314381759e-21
0.19399790444253684
0.1379423360686937
0.004530067254576354
0.0014687432441547225
0.0404069221405425
0.005445043583333858
6637054886977112e-20
0.02770005779005898
8323103423538475e-20
0.0007428574141684052
0.07548344565362698
11000992156837359e-22
0.16553960217762115
0.1502796977467443
0.0018253752987507786
0.0004887663478081884
7563075053120069e-24
0.0010183318950369772
1073943094021372e-23
0.010024291044406698
0.028775444666224077
0.000903234116315039
0.0003410929652835324
0.00015048069784840123
2672593331699455e-21
0.006092935318513684
0.015108119999493744
0.022270720419213456
11069414913718529e-24
0.1516841750643006
0.06657573946013155
0
0
8177365449280859e-20
6712484303487784e-20
10336373023236072e-22
7552907566019461e-22
0.0001769879264473481
0.010169096632127545
0.005366763442143862
1520423347671448e-23
0.00018224806510642436
7328685850257461e-21
0.04963180323074739
0.012874042568565936
0.09181995111391877
3845634591222528e-22
0.056494598509036424
0.007640844217309366
0.00012245209335608488
0.12774529411984845
0.00030264633770440193
16523107011765358e-29
8601629103594202e-20
3793616668991377e-21
0.00012470306702199325
0.01767081331749603
0.0034814630525095524
0.0001549684328662763
0.00014113055723069732
3818611325731523e-24
0.0006046116581123679
0.021866412621676663
13347307171453382e-24
0.0018032259747336459
0.0018482990400406276
4418576876894947e-20
0.09992600935611926
4583642784316996e-20
0.19344277901077658
0.004727199560519134
0.14984812333466827
0.003089512584188336
0.000673223211251674
0.0005690241211812061
4737056027634595e-20
0.18504425564040344
11919626379487367e-21
2252981260029514e-20
0.008245377996952415
0.006361238520653507
21999713034585688e-24
8736884750893783e-20
0.0030480233885792998
0.11683106303983506
0.029505855970633234
0.0001001045842227339
0.022936131630748504
0
0
0.10164523230068456
0
0.1913967246241282
0.19409886465520995
0.19319762348668248
0.04941384944319762
0.028992751397171525
0.15377500502911678
0.19313116612402872
0.1532641254388286
0.19406625116123652
0.17557991272586418
0.0007948720540680418
0.01590013953973043
0.12419910866039413
0.1911935427568194
0.11990757031912008
0.00030694495062768694
0.026421089400180873
0.18900338666026903
0.10290838672609329
0.1395508367984546
