1.920633661465478
0
5882578454728622e-40
0
12854436163228365e-23
6286765212653279e-28
12895062896241827e-23
0
12991302489773688e-23
0
0.0006808588251047121
0
13.34908306478026
0
11.935790462247558
0
35.618245328932204
26.08961519250346
0.006127961508665405
0.0019856533135012493
143111743859841e-114
9.593966220320391
0.26212117599286283
29149435539404338e-43
0
6823331810229805e-27
10665638284643667e-29
0.000761642220473707
0.0037857126556840423
0.0036030398347248137
0.0066272515728597915
5025367851200036e-22
30446643782632894e-27
0.0006818558496216111
8026616019421885e-22
4724687805417183e-23
9754230426830617e-31
9040926963032475e-27
10931903088981865e-27
2.577750234823103
2.5696809354861854
0
1.1133383792176332
0
3.105080115869637
3.0734883756365114
4.186811505544518
0
5.011785623986643
0
4.404688858099931
1.3991294619511065
15.26270790854188
17.47151032402128
0.24788609783302684
38.429475839191085
28.35292026748564
1.2346755433370478
1869918644170568e-20
0.01652261285488828
0.24868364674388418
32.29767977114073
0.4000512438297888
0.2559406188607267
2.1461444869632023
0.5753237035554332
22.450865876295907
0
22.442868992977107
0
15.791730911393566
0.00033415859982576624
0.00033413695730430133
0.0068928806038344404
6.983123015497508
0.17146145530020437
0.08682710379204713
0
0.00046868446804152603
0.4381383150460952
0.05029801704944495
0.022735608260330848
0.02061704973107847
0.0002438942625084613
8766450389380668e-20
0.001000576305878347
1.8258082075224427
0.43931813450685864
0.001943939011426843
0.0003426429153646065
0.0008906863612619998
0.006228172909530005
0.0043166367045266215
1662448107225052e-23
0.06210752658776278
1.4563140700723625
0.01972606609130526
18965426571320197e-28
37712755644602846e-23
14846482059297453e-21
0
0.698264423084327
0.3130119431387867
0.06738252169255485
0
0.23246862976940202
0.011666941225082442
0.05781248406328826
0
0.0003700262643593884
0
0.18214551514291377
0.44395558330427537
0
0
0
0
45548465497463597e-23
0.4593821103129924
6012074435981218e-23
59269301871673995e-24
0.3371146051451195
0.1704652273004509
0.23079679679720408
0.5179032169857206
0.0007798796216871183
0.47496433064633675
0.0011464773605302436
0.5223636987656853
10262300317839392e-22
9598240617927028e-20
0.46490753870813295
0.00040781275552155533
8955739000077927e-34
0.15151582051926102
0.0032858830462277936
0.1694509596433588
0.016381125801040678
0.031497320518790464
0.006249333806597732
0.03512666737505193
0.23373480662415355
0.18283864228935692
0.18021752024452106
51537595419644404e-36
0.09011528623212373
0.09013795716600156
0.420707110006344
0.5081934220538962
0.000183039672633805
0.5081723513741712
0.648589978351903
10.138615593276251
1.9472270872202089
2.73100113308594
0.12754817265184049
0.418272828216618
3.122794145497684
3.462141382889455
0.7965533028288565
5.1298164978281955
6.138361336611284
2.6968285500025555
2.116681063852849
2.678075250872488
0.7168714391921643
27.36493277347149
618.9076895218357
5.63091303244461
2743.0509756508386
1.115216991216447
23.218058128653322
1.1633181179313354
44.87590534771789
1.3061105131796598
1.7912590599862173
1.1152160449231145
0.8085510571851898
1.0356138260762615
3.879684032340287
0
0.0005441122718906783
8474305841381232e-24
0
0.002533112165007401
0.002402874091318468
0.0022710644377867996
0.0011994195824414121
0.002140039201473474
0.0046946961087645026
0.001846993993570619
0.00437149488322977
0.0011724067756025572
0.002124942371962415
0.0028567291355716786
0.00802067322740148
0.0020598166762316734
0.0035614233865158738
0.002358944356773112
0.003572674990670507
0.0041446255775920435
0.007050436898506629
0.007980189042957948
0.003920925835070031
0.003633507904903189
0.0019786247591022316
0.007396428372801525
0.016489328603575968
0.06818834989863373
0.03834079623609871
0.10219204766450272
9119182325824916e-20
0.00985694663764394
0.17186167053172186
54473520135585064e-22
0.0690150057955645
0.01108845166092638
0.002042187809004823
5556856559160781e-21
12044220470241109e-22
0.0927357294324699
0.08184718911764793
0.004047878179410274
0.0299429208027175
0.019310159457031233
0.005816004789846205
0.011982384770928597
0.00048267482495246815
0.1878774988310219
1569912998258006e-24
0.06280355469613189
0.00040289774337416907
0.0095503953468747
0.011137083594145874
0.0001570395822572264
0.00017084887353062677
0.17173650688323783
0.0005197534622803198
0.05565447217015127
0.17869884868128133
12609135176316501e-22
2586159953524391e-21
0.0001447075555581249
1184017887849772e-20
0.0005941681073082098
15325400309891253e-21
14120532970681718e-23
10044031754291796e-22
19076660841482243e-21
0.0714644965687315
0.07198586257715311
4343638290572125e-20
0.00029364345968590187
0.01725227303873761
0.008104693690709515
0.08269641946836974
0.010473950680387298
27828171739743336e-21
0.11676567136494871
0.037213893294009294
8240515627964198e-22
0.18289977712673205
4571117843993747e-22
0.0034636613219828885
0.001010111339685376
2299456595300329e-27
0.1909007962730833
0.17390417334334204
0.017547478394205916
0.18378949089251123
0.14651409245971395
0.008674610961975679
0.15591356569985898
20535640171687402e-26
5764761983128962e-21
0.0005094591722176876
911992855219385e-19
0.11531779310139223
8473118532599348e-22
0.00012875480324671705
0.140046919686889
0.0009377729283272299
0.011735508353744421
12228833092910447e-21
0.1204098996677963
0.08852281284204568
0.02241186242365682
27447238296316087e-21
0.00015342892248535684
12006678323331202e-23
0.013637401880470362
0.13357473327940345
832680177082532e-23
10254944605719992e-21
913877623425102e-20
964941842665261e-19
12087006606883516e-21
0.19133147854760224
0.13723543285878143
0.004529541989490199
0.0014686883496039618
0.04036191843061331
0.005444283371751745
6637043707065373e-20
0.027679483055533808
8323085841390616e-20
0.0007428433907975423
0.0753123458872921
11000991849724574e-22
0.16186827448236477
0.14651409245971395
0.0018252904519987859
0.0004887602799438879
7563075051668522e-24
0.001018305528920421
10739430937286904e-24
0.010021691503383735
0.028753190911383363
0.0009032133779891877
0.00034109001096128077
0.0001504801230468313
26725931504397655e-22
0.006091982244819934
0.015102155471545184
0.02225757025078577
11069414910609082e-24
0.14792260713276204
0.06644570623012631
0
0
8177348477517506e-20
6712472867998802e-20
10336372752110503e-22
7552907421254906e-22
0.00017698713126758253
0.010166420686924228
0.005366025042763788
1520423347084821e-23
0.00018224722194992143
7328684487271165e-21
0.04956246095216372
0.012869730799439866
0.09155481069902242
38456345536932996e-23
0.05640327798180561
0.007639340883126673
0.00012245171275865384
0.12716467076252586
0.00030264401201499775
16523107011765293e-29
8601610324914793e-20
37936163037808576e-22
0.00012470267230162642
0.017662611623789723
0.0034811534373310345
0.00015496782326410372
0.0001411300516496139
3818611325361486e-24
0.0006046023709890712
0.02185374611774399
1334730716693253e-23
0.0018031431780469508
0.0018482120450525675
4418571922002342e-20
0.09960408552993336
4583637452290564e-20
0.19065285954459066
0.004726627369329462
0.1489644417361017
0.0030892689410992784
0.000673211695227395
0.0005690158957178883
47370503326957873e-21
0.1817492550775486
11919622773963979e-21
22529799718782455e-21
0.00824362531285264
0.006360199123822299
21999713022303744e-24
8736865376954094e-20
0.003047786264078562
0.11636517128404376
0.02948242187343256
0.00010010432987780787
0.022922164770856325
0
0
0.10131031179607408
0
0.1884037005185674
0.19149635858513023
0.1903730434611539
0.049345149777878586
0.028970149861399033
0.1500210277863595
0.19029807220176886
0.14950811527630298
0.19143334713932245
0.17413693938986569
0.0007948559965431875
0.015893522779371522
0.12365788800695275
0.18906516785130248
0.11941125169854981
0.0003069425583842385
0.026402420991481206
0.18702321533445115
0.1025636946370419
0.13882206425572405
