1.9503573957153986
0
7649821929642909e-41
0
10441869184768582e-23
5129285938907118e-28
10474307094102269e-23
0
10550903651224674e-23
0
0.0006801104761228819
0
13.293391767261827
0
11.902156264762743
0
35.8168446414095
26.112433997366246
0.0055696015483626396
0.001489421077816184
18952086308477578e-117
9.569103569579074
0.2613157273230376
37407181823784227e-44
0
29254581578864786e-28
4479397608696891e-29
0.000761051442700297
0.003784585045569445
0.003598486339886948
0.0066221596101678475
5035047650070962e-22
29617917519312826e-27
0.0006811580743066596
8027739975849709e-22
46434640387922193e-24
9774486906676435e-31
3877520191824339e-27
4688555238611773e-27
2.6055886281730025
2.597544903779526
0
1.1234888854203584
0
3.103323094659905
3.0783706169165255
4.176280014765289
0
4.994290216714233
0
4.403611453634066
1.3779038502239724
15.241098370360996
17.45063392102734
0.2476385695322148
38.37251770045638
28.320800266876358
1.2215695503333277
18508912458729057e-21
0.01650332303706904
0.2483668592938545
32.24209781662959
0.3999309506415242
0.2577698942459763
2.1409104614907792
0.5564827736613536
22.374261487147777
0
22.36632067296804
0
15.779532203408229
0.0003428839562387007
0.00034286178863101257
0.006844295153452484
6.983120739911481
0.1711183138265751
0.08617562846080874
0
0.0004780510361026547
0.430849300182248
0.04994436866605151
0.022502809018352
0.021403103000383644
0.0002476966664130509
8800351139644173e-20
0.0009882901038568122
1.8237498771656695
0.4404070355735369
0.0019447521889074887
0.00034265213738656066
0.0009176539578312617
0.00621226526246424
0.00432530739951779
164226442598895e-22
0.0620168684420556
1.4522873775378298
0.019596109183842567
19278897256592912e-28
3785705447553118e-22
14922125659736018e-21
0
0.693377453369672
0.30828612628316904
0.06897144023603852
0
0.23084347922744394
0.0113327811440224
0.05757699925312239
0
0.00036727368054783216
0
0.18172451933358805
0.4370238723939759
0
0
0
0
4572463953549121e-22
0.4606627169709457
6067930713795972e-23
5977772727228404e-23
0.3349950333960811
0.16660590479878373
0.23011053705962065
0.5163411991122346
0.0007866464961623788
0.47114025736417336
0.0011344796878789882
0.5170053714554599
10255648406092368e-22
9664083302567728e-20
0.468961860739867
0.000406993153417313
40580746163216814e-35
0.15007762376016376
0.00287421426949583
0.16805154303029268
0.016331542869872796
0.03157615561994535
0.005439232775158424
0.03204581407790708
0.23251859127401048
0.18381840870742935
0.17908048702547685
2329491515298013e-35
0.08813364838434158
0.08815597099407405
0.4183790425334058
0.5066331310414597
0.00018166587452919726
0.5066158232061171
0.6520430707464266
10.126108444982467
1.9448500756860498
2.725950564917387
0.12803085290170138
0.41781660044598434
3.116286150476775
3.4521580914899612
0.799013722318734
5.125836071671632
6.129817638111125
2.64132936995123
2.1129044867788505
2.673808208736131
0.7212221318969351
27.316811836589107
618.8972103944955
5.630905103244115
2685.9270986063484
1.1152165960908873
23.218042579553813
1.163028481128451
44.86731685529039
1.3061257959433052
1.7912544314353007
1.1152156497106813
0.8048420939934119
1.03465048995519
3.91772402185233
0
0.0005433341439296306
859229599002988e-23
0
0.0024057842759299904
0.002282044793510929
0.0021621598817729
0.0011240497559398353
0.0020491858669488207
0.004523557627838496
0.0017359582168787226
0.004206146147735626
0.0011000292820086644
0.0020221463393381733
0.002735886150771868
0.007749134251682852
0.00195897352523995
0.003426220104737541
0.0022499650040116786
0.003440246659801448
0.004086991968990614
0.006797840054316146
0.007638101214222283
0.0037746556711462324
0.0034899664739109094
0.0019785079506825947
0.007394778850763744
0.016480980055246917
0.06802755889282584
0.038293503603688245
0.10179317366802232
9119157603423301e-20
0.00985400285709346
0.17026359758148013
5447351131537841e-21
0.06884993467438992
0.011084717227975391
0.0020420633599372126
5556855641322131e-21
12044220039057983e-22
0.09241695878035941
0.0816067320446767
0.004047387345132211
0.02991460448260025
0.019298643884569082
0.005814988023221263
0.011978016156026828
0.00048266789368704656
0.1843931939746772
15699129981847477e-25
0.06266903781257527
0.0004028929147126543
0.009547633499174531
0.011133315967442303
0.0001570388490079417
0.00017084800563187976
0.16768508516900965
0.0005197454246363651
0.05555070247195814
0.17684947915773339
12609134703736853e-22
25861597547244387e-22
0.00014470693296318398
11840174711438264e-21
0.0005941576018650241
15325393328536462e-21
14120532911415707e-23
1004403145443054e-21
19076650024057646e-21
0.07128634703916298
0.07180485202247457
4343632617348263e-20
0.00029364089527738723
0.017243119831730432
0.008102710376660657
0.0824503510379934
0.010470622757893138
27828148720250397e-21
0.11621777330867913
0.037169452001585154
8240515426121601e-22
0.18085597101604678
45711177818855974e-23
0.003463302350268934
0.0010100809532661936
22994565953001706e-28
0.18772480582521936
0.16989746781881063
0.017538003550218444
0.18169832559626886
0.14222323261057226
0.008672336358144435
0.15474131411784858
20535640171562058e-26
5764760995324684e-21
0.0005094514499613048
911990382574563e-19
0.11478624289935643
8473118319201207e-22
0.00012875431037165903
0.13917808139954183
0.0009377467418958951
0.011731319965707027
1222882864779007e-20
0.11981920115481566
0.08823601646046092
0.02239625025825868
27447215902743037e-21
0.0001534282225710592
12006678280481356e-23
0.013631724320996423
0.1328074284945305
8326801768764401e-24
10254941479795414e-21
9138773751763802e-21
964939074541344e-19
12087002264272869e-21
0.188254847235864
0.13641203870953642
0.004528926821193796
0.0014686240539383492
0.04030926908408456
0.005443393066913175
663703061200019e-19
0.027655403193878745
8323065247376038e-20
0.0007428269654864929
0.07511242895463005
11000991490001775e-22
0.15767143674158365
0.14222323261057226
0.0018251910755692027
0.0004887531727184683
7563075049968325e-24
0.001018274647018195
10739430933858706e-24
0.010018647504602296
0.028727146855852047
0.0009031890876850721
0.00034108655058070466
0.00015047944978153623
2672592938129358e-21
0.006090866094190464
0.015095172183026313
0.022242177263264124
11069414906966966e-24
0.14363511424692305
0.06629372055490913
0
0
8177328598447059e-20
6712459473575482e-20
10336372434539714e-22
7552907251691427e-22
0.00017698619987390447
0.010163287233722066
0.005365160280895053
1520423346397702e-23
0.00018224623436125718
7328682890798505e-21
0.04948136316466371
0.01286468223801778
0.09124522377203524
38456345097351177e-23
0.056296501464481966
0.007637580396050052
0.0001224512669643952
0.12648793858301635
0.00030264128794555307
1652310701176521e-28
8601588329401455e-20
37936158760079113e-22
0.0001247022099651837
0.01765300977763594
0.0034807908184660025
0.00015496710923693793
0.00014112945946214803
3818611324928059e-24
0.000604591493114352
0.02183891910541606
1334730716163723e-23
0.0018030462026888193
0.0018481101525746144
4418566118317768e-20
0.09922833305425365
4583631206867986e-20
0.187436137222199
0.004725957246866056
0.1479360053812222
0.0030889835851069516
0.0006731982066983859
0.0005690062613408547
47370436621928644e-21
0.17796433741027332
11919618550796956e-21
22529784630608594e-21
0.008241572858547158
0.006358981888836418
21999713007917822e-24
873684268421177e-19
0.0030475085423679674
0.11582183179852305
0.029454997058989008
0.00010010403196308665
0.022905816129685567
0
0
0.10091942071426324
0
0.18495742020348654
0.1884923688105056
0.18711706713626397
0.049264802947409286
0.028943698968391458
0.14574034688386622
0.18703245830266316
0.1452255669665188
0.18839480113279916
0.17246185012948242
0.0007948371886927831
0.01588577603472373
0.12302695177790471
0.18660230093990912
0.11883252285765172
0.00030693975636067613
0.026380571359535428
0.184730195823945
0.10216142286625977
0.13797328735162373
