2.040198694514302
0
6367499212173361e-43
0
5739911994280036e-23
28563648963357676e-29
5756547581617356e-23
0
5795454127932344e-23
0
0.0006780361803472873
0
13.149487097023805
0
11.777652029085413
0
36.16881120267561
26.149336265268882
0.004229918411346545
0.0006476509806985937
5642463162507924e-119
9.497840898860813
0.25898479941130254
29966068191655967e-46
0
22635649283755943e-29
3265813884643116e-30
0.0007593404444737018
0.003781178814906706
0.003585450453741799
0.006607418059091665
5065383841068443e-22
2736032373028254e-26
0.000679184531150096
8032664031876245e-22
44211423438747976e-24
9846240566044288e-31
30029569209103534e-29
36311117655465135e-29
2.6885880601198577
2.680706015087009
0
1.149039836927265
0
3.0905297866930423
3.07234403604313
4.144608751274443
0
4.941590671686603
0
4.40035667990646
1.313945202640287
15.170727633950275
17.381172592113174
0.24665660196463235
38.191726159633255
28.217020460818212
1.182561346172875
1790303650565377e-20
0.016441437332971418
0.24734396600396888
32.07052441385885
0.39752995263019747
0.26335682673196215
2.124401304222703
0.5046679679502131
22.14004391906294
0
22.13221186903094
0
15.736515672720355
0.0003705363884710506
0.0003705122331292636
0.006701386817436892
6.983112602041091
0.17015502343529557
0.08428546869393833
0
0.0005064064350133742
0.40912277778920036
0.048783220299399334
0.021779566376290412
0.023909929624670822
0.0002583652097958553
8873795257292023e-20
0.0009535223473540884
1.816908909847818
0.44268191644729227
0.0019464317327551387
0.00034256820217296925
0.0010033842925537926
0.006128677593188941
0.004315635911310598
15820159587682056e-24
0.06161762203358793
1.437517605266114
0.0191749261666009
201855531856913e-26
38279170268988947e-23
15130941854105201e-21
0
0.678280673126843
0.2944336420516026
0.07401509274036543
0
0.2252773387728614
0.010381749328699216
0.056877440553548195
0
0.00036013183182309405
0
0.18047052491473956
0.4166053770194637
0
0
0
0
46245249629180636e-23
0.46420686920893145
6231770443756887e-23
6139050236413546e-23
0.32848252789204707
0.15540118546193296
0.22790474389311052
0.5114012945980353
0.0008046196710663426
0.4596684414726955
0.0011000988909650664
0.5016451976720735
10234707480132228e-22
9837947560834633e-20
0.4800443147691708
0.00040452968416064604
3650142112524497e-35
0.1456978174826391
0.0019143991144378399
0.16387093027962427
0.01617581677163581
0.031786105834878134
0.003570749728551546
0.024194757456190374
0.22875957187791673
0.18655582554988367
0.17575818976789623
20802317282625296e-37
0.08235281254842787
0.08237390781773639
0.4111774434985267
0.5017818016413493
0.00017720094342938425
0.5017764278237474
0.6615955972096333
10.085958496290372
1.9380920545937743
2.711950949447453
0.12935963904177383
0.4163508628482026
3.0978133249032
3.424567820699736
0.8058695399461998
5.106325614177468
6.094981725654185
2.483557336708942
2.101965742234357
2.6588469874814793
0.7334985471960135
27.16642957878521
618.865537848159
5.630881136953494
2520.398442315157
1.115215401807292
23.2179955817775
1.1621534794151178
44.8413677488056
1.3061693600495135
1.7912404366040942
1.1152144551644552
0.7937231490005496
1.031744208256949
4.01467837993815
0
0.0005408959451622114
8947894153284008e-24
0
0.002050492783962655
0.0019441132407201614
0.0018557170396866346
0.0009201272079064339
0.0017879555234232808
0.004026608898070042
0.001433053263929856
0.003722056107477918
0.000903613541982112
0.0017333200431415238
0.002390605507822209
0.006954312379304008
0.001675570637839216
0.003035040213576046
0.0019422722508345396
0.0030560697937758647
0.0038882069584303563
0.006063725712033025
0.006661920829126703
0.003351030868334674
0.0030769145845481126
0.0019781549339972413
0.007389795333596288
0.016455771886458314
0.06754386224328646
0.03815091386486457
0.10059699902972566
91190828792806e-18
0.009845110493922574
0.16552312192060512
5447348465592319e-21
0.06835339622712426
0.011073437383586212
0.0020416872532383907
55568528671152205e-22
12044218735788033e-22
0.09146010619895885
0.08088422594991411
0.0040459041386457575
0.029829179839586967
0.019263879289041743
0.005811915881680001
0.011964821504777698
0.0004826469442364343
0.17424966717220208
1569912997963322e-24
0.06226420357743368
0.0004028783202218873
0.0095392905470057
0.011121935895980983
0.00015703663275042564
0.00017084538239640917
0.15601132521111055
0.0005197211312583366
0.05523822870990644
0.17137521922031096
12609133275344115e-22
2586159153842902e-21
0.00014470505115877745
11840162116326038e-21
0.0005941258498284426
1532537222710278e-20
1412053273228159e-22
10044030548086716e-22
19076617327951607e-21
0.07075057743146454
0.07126050191084354
43436156654576784e-21
0.0002936331443755995
0.017215483370823747
0.008096718672377013
0.08171104053553647
0.010460570391932272
27828079142932603e-21
0.11457730674549735
0.03703544860906592
824051481604347e-21
0.17481627229129007
4571117594160981e-22
0.0034622175685690387
0.0010099891145297312
22994565952996952e-28
0.1784428607464466
0.15833954586615956
0.01750939650561486
0.17552122356838457
0.13000287752759174
0.008665464892830451
0.15125144071540936
20535640171183192e-26
5764758009643681e-21
0.0005094281098120927
9119829089371987e-20
0.11319445755411382
8473117674195936e-22
0.00012875282064651002
0.13658461032882943
0.0009376675966964858
0.011718669463109939
12228815212227346e-21
0.11805134686800041
0.08737479794246934
0.022349127881919388
2744714821729108e-20
0.00015342610706860983
1200667815096582e-22
0.01361457801212894
0.13051490736906324
83268017625352e-22
1025493203155619e-20
9138766248340709e-21
9649307078128921e-20
12086989138549978e-21
0.1792530978795477
0.13395320484168913
0.004527067955716084
0.0014684297345615416
0.040150551244300836
0.005440702966217578
6636991031744712e-20
0.027582748022843325
8323003001367717e-20
0.0007427773214666567
0.07451139152147282
11000990402723804e-22
0.1456363175225365
0.13000287752759174
0.0018248907388141182
0.0004887316914441848
7563075044829394e-24
0.0010181813107988733
1073943092349683e-23
0.01000945250348283
0.02864857086927089
0.0009031156731397924
0.00034107609164108166
0.0001504774148257753
2672592296411883e-21
0.006087493722661423
0.015074084509301689
0.02219571596483658
11069414895958536e-24
0.1314167919974694
0.06583644728643102
0
0
8177268513372939e-20
671241898850224e-19
1033637147466804e-21
7552906739178351e-22
0.0001769833847251967
0.010153822103017327
0.005362547347079404
15204233443208527e-24
0.0001822432493634602
7328678065391535e-21
0.049237047326321524
0.012849434774611928
0.0903158330857476
384563437686958e-21
0.05597499198678125
0.007632261712110372
0.00012244991954143698
0.12446430052870935
0.0003026330544744685
1652310701176497e-28
8601521847333413e-20
379361458304559e-20
0.00012470081254329805
0.017624019494218553
0.003479695016550062
0.00015496495107831154
0.00014112766956449852
3818611323618013e-24
0.0006045586154476077
0.021794164932213013
1334730714563195e-23
0.0018027531220927563
0.0018478022122099568
4418548576471304e-20
0.09810119999153562
4583612329854296e-20
0.17803964940735695
0.004723932349649948
0.14487047395928876
0.0030881212442509442
0.000673157438666977
0.0005689771420026586
47370235003604395e-21
0.1669967286264907
11919605786097303e-21
22529739025998523e-21
0.00823537233079672
0.006355304158369484
21999712964435776e-24
8736774094754733e-20
0.003046669270072708
0.11419493852000573
0.029372259333803247
0.00010010313150808135
0.022856472490508973
0
0
0.0997470799037803
0
0.17491940817876114
0.17969613006840293
0.17761038115000302
0.04902274554316896
0.028863896702368937
0.13353015513176886
0.17749874589383305
0.13301281274922871
0.17950073258762642
0.1674961406223266
0.0007947803438401114
0.015862384103716796
0.12113942202424739
0.17935150541465694
0.11710028469258514
0.0003069312872762741
0.02631463974405243
0.17796894327574453
0.1009551048984713
0.13543923987277232
