2.37185374435608
6117024138657071e-65
1881723188910085e-44
0
9363631632607938e-24
4872156123169344e-29
9384128326806078e-24
0
9430440970915836e-24
0
0.0006726670811612065
0
12.714389691102202
0
11.373935339331936
0
36.174722869858165
25.96424247959624
0.0018349902928716077
49077677939445566e-21
132508134261969e-125
9.264996816664027
0.25223030869755286
781787959545675e-46
0
17900272905651773e-33
2131703007449079e-34
0.0007541477213225869
0.003768630707758857
0.003548193148203246
0.006562770067213576
5191310332688436e-22
2119709952883993e-26
0.0006739352755588873
807001215094289e-21
3816285661858202e-23
10184604476958768e-31
2380878830657869e-32
2879017745311915e-32
2.977223007286942
2.970067322532273
0
1.1959639232419779
0
3.0081989539016902
2.9958218763910915
4.029748985420774
0
4.748400352048721
0
4.388355849658329
1.0874477214098026
14.904665577987856
17.11599930123036
0.24275310377449433
37.51752871671859
27.819905099657557
1.0472989960223071
16001399164675005e-21
0.01620520129436943
0.24344785839853683
31.38375831142913
0.37041038288940403
0.28235059621703923
2.052702796071242
0.36059724830308315
21.210743431276466
0
21.20393086880888
0
15.483182504457817
0.0004918893300127264
0.000491855656830635
0.006239646675916506
6.983043384196859
0.16730024141247113
0.07824731945654174
0
0.0006109403577276544
0.3341589401978619
0.04366565388456197
0.018932543702011192
0.035092621680027775
0.0002927346522259498
8979735495883581e-20
0.0008477896111412924
1.787370681109707
0.44088877687328
0.0019487864101614344
0.0003425986237075221
0.001386358215813823
0.0057030698688435135
0.004148305901254422
13746934231079681e-24
0.059182716655012554
1.3893067040602751
0.0173931142734672
2318302184956609e-27
39779564496024425e-23
15768621298838144e-21
0
0.6189418339365229
0.24824402207770363
0.09596075577134525
0
0.19943500568261122
0.007517660666849829
0.05428992986351256
0
0.00033931493869980805
0
0.17610252422471567
0.3479370317971663
0
0
0
0
4809757834094978e-22
0.4723912101248343
6795286665231426e-23
6708966908705829e-23
0.3027925112265367
0.11952326090182692
0.21849383554755822
0.490466010053994
0.0008421764576487089
0.41701989598893474
0.0009883069866533061
0.4516284933473209
1014837426202069e-21
0.00010205703239256552
0.5072705620847276
0.0003964697286129548
4186292209587034e-39
0.1292093631090445
0.00046900586625536723
0.14914891705350514
0.015473675370450466
0.032067513754145446
0.0008351190845156793
0.00834098856307977
0.21426039820407228
0.19427623459278778
0.16505109933742412
233265555134981e-39
0.06379927604787887
0.06381604015318937
0.3828023140462286
0.4819832651999223
0.0001569575820254417
0.4820283488853596
0.6871581004535139
9.930698833386923
1.9122435319562678
2.660283811421219
0.13224199561868333
0.41066937268114695
3.0280327683232464
3.324072985643765
0.8223972772555085
5.0013229157327315
5.939818738067245
2.025249720515978
2.061395556391174
2.599814372381583
0.7692405998632398
26.56039954241016
618.7486306004613
5.630792664702338
1992.9189401370086
1.115210993042107
23.217822087226082
1.1589290499959186
44.74570481305449
1.3063022613802169
1.7911887233132802
1.1152100454291236
0.7538749284065037
1.021085994989023
4.319000378580318
0
0.0005249822659323803
10240857491744416e-24
0
0.0010893473499607145
0.0010277543844958844
0.0010084332115813041
0.0004212348479467837
0.0010200364183508331
0.002507402765976039
0.0006741104581197661
0.0022268050599696743
0.00041823465129320456
0.0009381013631388079
0.001388640708072509
0.004466217450009345
0.0008965493956752233
0.001854591368920593
0.0010808022318527176
0.001886882992555153
0.0029927003561796383
0.003812955063609765
0.0038361456958857626
0.0020671083363541696
0.0018501385344260623
0.0019768522950963496
0.0073714274187738505
0.016363047705148466
0.06578785730003178
0.03762911694879192
0.09630168688058052
9118807035506751e-20
0.009812353185171352
0.149138062022641
54473386240907865e-22
0.06655120184876184
0.011031896405674231
0.002040299430442657
5556842625960358e-21
12044213924682726e-22
0.08801281869568076
0.07827200200405929
0.004040433489838744
0.029515936184681034
0.01913608493555281
0.005800588917965519
0.011916238325789802
0.00048256961583850104
0.14140324449558467
15699129971459135e-25
0.060792246973298984
0.00040282444827950627
0.00950855507306618
0.011080026254251047
0.00015702845156122404
0.000170835698899319
0.11952773739203063
0.0005196314604917602
0.054099855427342025
0.15259379804479026
1260912800233999e-21
25861569356504866e-22
0.00014469810456623874
11840115620758791e-21
0.0005940086497951462
1532529433002728e-20
14120532070996263e-23
10044027202259714e-22
1907649662861593e-20
0.06880738408421341
0.06928649108726308
4343553087014113e-20
0.0002936045331846829
0.017113844583152165
0.008074638245364994
0.07903877353673931
0.010423544923722937
27827822295204784e-21
0.1087194138075274
0.0365449363201257
8240512563900409e-22
0.15421534297124487
457111690116331e-21
0.0034582159672533275
0.0010096501581110609
2299456595297939e-27
0.14797955686841063
0.12207779460839668
0.0174041952094356
0.1544818883277239
0.0933075974822321
0.008640145541970278
0.13903625563401362
20535640169784548e-26
5764746987819729e-21
0.0005093419573791563
9119553200448107e-20
0.10750706461068185
8473115293117072e-22
0.00012874732137762803
0.12742219520622433
0.0009373754848395194
0.011672087320284687
12228765614093738e-21
0.11174809870177486
0.0842677097280893
0.022176029491662468
27446898353449143e-21
0.0001534182978050894
1200667767285072e-22
0.013551467839323067
0.12238933751970184
8326801739539682e-24
10254897152836488e-21
9138738549015333e-21
9648998221140051e-20
1208694068420607e-20
0.14959325391947015
0.12525389791512195
0.00452021243631452
0.0014677126144531237
0.03957002667739159
0.005430783790271128
6636844920678378e-20
0.02731618571824546
8322773220174672e-20
0.0007425940860386959
0.07233397197981832
11000986388966754e-22
0.10863560607061526
0.0933075974822321
0.0018237824538754398
0.0004886524000860327
7563075025858687e-24
0.0010178368281001065
10739430885245263e-24
0.009975581572374272
0.028360359064634365
0.000902844710200122
0.0003410374845562908
0.0001504699028913524
26725899274710465e-22
0.0060750605530998664
0.014996492762675338
0.02202503989356824
11069414855320181e-24
0.09464995001058209
0.06417553798916452
0
0
8177046709202195e-20
6712269537312242e-20
10336367931239545e-22
7552904847203001e-22
0.00017697299280676728
0.010118957222064089
0.005352912545395388
15204233366540233e-24
0.0001822322304715905
7328660252112581e-21
0.04834553943757422
0.012793304089455457
0.08696615612701397
38456338863877646e-23
0.05480393765036381
0.007612659495145556
0.0001224449455695618
0.11727027009228083
0.0003026026620153449
16523107011764056e-29
8601276428866373e-20
37936098099941523e-22
0.000124695654004314
0.017517411626320423
0.003475652778367406
0.00015495698435439288
0.00014112106223645028
3818611318781882e-24
0.0006044372608650571
0.021629744714264015
13347307086547417e-24
0.0018016716083201038
0.0018466658744086654
4418483820197062e-20
0.09405005960923292
45835426447927797e-21
0.14725149875632443
0.004716464818837154
0.1340938187528748
0.003084939940559007
0.0006730069621820702
0.0005688696589589175
473694907237614e-19
0.1320469564784146
11919558664489297e-21
22529570674387287e-21
0.008212523045145702
0.006341745984658401
21999712803918923e-24
8736520896936177e-20
0.0030435730423445675
0.10838456713789399
0.029068835075611362
0.00010009980748948227
0.022675235912488115
0
0
0.09553601571325894
0
0.14235655980977635
0.15063299197130406
0.14651181147458706
0.048139428524124124
0.02857120204321209
0.09667144629769181
0.1463243715091156
0.09617489335271132
0.150152795490685
0.15037143641823367
0.0007945705325389439
0.015776329140232633
0.1144188283584335
0.15494084354792248
0.11092143614016291
0.0003069000251189886
0.026072672589478575
0.1550830131712752
0.09662395155884196
0.1264810735526875
