2.883470471905859
18138139261014206e-63
2081137042025161e-44
0
13220722216125122e-25
7320376219050995e-30
13241370281265138e-25
0
1328579798728525e-24
0
0.0006685694684106469
0
12.198932760880917
0
10.905892224929435
0
35.11275339794392
25.18720755411301
0.0007460550193622113
2649106545617234e-21
9119080099195596e-135
8.93416073594756
0.24854373889880627
738970702536438e-46
0
8474399134329835e-37
768731883104341e-38
0.0007483754622966885
0.0037493542455072594
0.003512311206138432
0.006513359642553692
541141840557964e-21
15116894229217295e-27
0.0006698911033572256
8157535359463332e-22
3214140727391714e-23
10800445766199908e-31
10950144526683524e-37
15600693821868646e-36
3.354236817927876
3.3485916886724274
0
1.1837742758987184
0
2.8378758827165673
2.8297591797876334
3.858715533523935
0
4.456539125917499
0
4.36988166015787
0.7840547717341875
14.469093168212611
16.672684670539486
0.23618333369601016
36.42051776753028
27.136104516958504
0.8661131678855115
13757875346581553e-21
0.01580085850011302
0.2368189223238276
30.02640697643208
0.30663438614641453
0.3020065036750773
1.903731978383302
0.22222070688998655
19.41232154671378
0
19.409768156247274
0
14.685215713072074
0.0007467131578642067
0.0007466561423484677
0.005716803894376649
6.977975073578069
0.16435498980665975
0.07168773024789306
0
0.0007573918407289185
0.23937265315438677
0.03465988032310416
0.014405997395586578
0.059554001289060306
0.0003413115203545027
8980337874180399e-20
0.0007294716635573772
1.7339096375045495
0.4189753732711324
0.0019466963583033342
0.0003497080628301175
0.002264333901326694
0.004958168036828195
0.0036958525922379196
1102937549563562e-23
0.054226142940656565
1.3325343411331783
0.014349935574596028
2712089256604762e-27
42060788729942113e-23
1679212182101225e-20
0
0.5204115954480173
0.18865010026467482
0.14083503118680007
0
0.15563415917344273
0.0045761398649137005
0.049520224390957004
0
0.0003166822613123457
0
0.17031302451968316
0.2609648672591166
0
0
0
0
5089427764502094e-22
0.4687725507620883
7583164329347936e-23
7502940538180887e-23
0.25724099227231606
0.07816199079045198
0.2017524007549565
0.4509966397532897
0.0008268644492243377
0.35313831750193947
0.0008354168169371841
0.38297174670663225
999296096629377e-21
0.00010130439308328968
0.5178966992568292
0.00038663793964107947
1891318236031638e-43
0.10393355895216337
0.00016611218635135034
0.12874066680861088
0.014039940056160813
0.031189309379221652
0.00028067252609996355
0.0016969746826906683
0.19158695101461382
0.20040352645331466
0.15209371095153337
10275789221982248e-45
0.042704422742224274
0.0427157778134953
0.33499875389095685
0.4450278395570492
0.00011828022191126265
0.4451634008292496
0.7019313376987373
9.69678304057877
1.8639685234216312
2.5722947656066637
0.12980650028350854
0.40207199663888094
2.9016138174566675
3.1577686733415895
0.818504566736106
4.808222909927337
5.6804335933249455
1.5867441464722702
1.9927131051662417
2.501104561733294
0.7994267844811362
25.365599080903653
618.5683307986461
5.630656188627261
1387.312233698434
1.1152041920400386
23.21755445411915
1.1539725263763478
44.59853362223977
1.3064482433305287
1.7911088465332856
1.1152032429285097
0.696068530839127
1.004859976877833
4.685175199137749
0
0.00047790752862154873
12121218119683965e-24
0
0.00037095186001140276
0.00034696617064024
0.00035527188784200976
0.00011496730528970638
0.0003736652858402231
0.0010961521340335772
0.00018979593360483765
0.0008737069835210774
0.00011484550469540097
0.0003289275822940479
0.0005428645422242525
0.002048120951538337
0.00030611717045246997
0.0007842775924431377
0.00039693014963005974
0.0008103598830090203
0.001697984769248579
0.0016974071155194015
0.0014654380648142441
0.0008894152205219676
0.0007654957710075107
0.0019748445042196573
0.007343182256052502
0.01622103341215575
0.0631681231578264
0.03683814556582409
0.09003255141743863
9118381530567653e-20
0.009762034823593729
0.12698544776025056
5447323442457803e-21
0.06386384670663875
0.010968119997089704
0.002038160401206482
5556826827817487e-21
1204420650299352e-21
0.08294804885675557
0.07440682052447185
0.004032008877066943
0.02903915999918152
0.018940607796614026
0.00578315902850104
0.011841679680907786
0.00048245035203161387
0.10245298099818602
1569912995884969e-24
0.058589532452581916
0.0004027413586308187
0.009461336104914226
0.011015685227040117
0.00015701583195531287
0.00017082076204819052
0.07925146557810755
0.0005194931631810522
0.05238961808187868
0.12757682765220896
1260911986811836e-21
25861535138328262e-22
0.00014468738928827805
11840043896263076e-21
0.000593827900366876
1532517416544862e-20
14120531050886297e-23
10044022040932192e-22
19076310437263025e-21
0.06591392665450706
0.06634804994709362
4343456554209533e-20
0.0002935604025416038
0.016958230417650988
0.008040694634888304
0.07508686232267824
0.010366685654204462
27827426082175245e-21
0.1002648098863928
0.0358009737834374
8240509089707381e-22
0.12709413157692007
4571115832133511e-22
0.003452052097339819
0.0010091275012440832
22994565952952346e-28
0.11086408689687034
0.0817323309274604
0.01724314814622706
0.12686337607830456
0.05594028606304614
0.008601232488419205
0.12209905742862626
20535640167627016e-26
576472998540774e-20
0.0005092090857415253
9119127625863828e-20
0.09928888856148657
8473111620025585e-22
0.00012873883857244216
0.11447874681621201
0.0009369250465718664
0.011600591788651004
1222868910356275e-20
0.1026782218713155
0.0796899487154534
0.021911630546795523
27446512913692548e-21
0.00015340625188171858
12006676935302281e-23
0.013454686255592539
0.11083554496484585
832680170406641e-23
10254843348562182e-21
9138695819728976e-21
9648521792477237e-20
12086865938090978e-21
0.11317024370106797
0.11292904888838554
0.004509657349533774
0.0014666070595164638
0.038690917571584826
0.0054155177542792934
6636619533567519e-20
0.026910025393301264
8322418768234413e-20
0.0007423115125913819
0.06909917309219933
11000980197279649e-22
0.06911955012876819
0.05594028606304614
0.001822074114514811
0.0004885301091144096
7563074996594162e-24
0.0010173056517786656
1073943082623775e-23
0.00992355633723558
0.027921434566445923
0.0009024268775822483
0.0003409779371799043
0.00015045831558881627
26725862731066907e-22
0.006055930716175977
0.014877580949220277
0.021764322358276023
11069414792630782e-24
0.05704931738883471
0.061695188991071195
0
0
8176704562110168e-20
6712038997887288e-20
10336362465088789e-22
7552901928610538e-22
0.0001769569632530767
0.010065408694323657
0.005338083673941836
1520423324827045e-23
0.00018221523384791266
7328632773130039e-21
0.047001837129036585
0.01270719642641692
0.08204088735954337
38456331297622865e-23
0.05304531435482942
0.007582519469455911
0.00012243727303208292
0.10697952519548294
0.00030255578407607737
16523107011762662e-29
8600897855892342e-20
37936024470155008e-22
0.00012468769677272858
0.017354219815012454
0.0034694263599609975
0.0001549446955536265
0.0001411108702663481
3818611311321592e-24
0.0006042501049908218
0.021378536611927422
13347306995402584e-24
0.001800004519058399
0.001844914310680304
44183839279268974e-21
0.08812632644340067
4583435149507918e-20
0.1098651975998509
0.004704968422473275
0.11902039144889802
0.003080038833359572
0.0006727749005588135
0.000568703893603333
473683426079352e-19
0.09192062680309283
11919485974259702e-21
22529310974792087e-21
0.008177399614207737
0.006320887618200525
2199971255630287e-23
8736130324060123e-20
0.0030388029185067613
0.09999581103659981
0.02860690327759456
0.00010009468001825151
0.022398471563574107
0
0
0.08938593343440845
0
0.10360343867785488
0.11474318786562276
0.10887206860874263
0.04680792036739038
0.028125496403039216
0.05873515812822811
0.10862357130604346
0.05831929075894852
0.1140066014433479
0.1273239212705899
0.0007942469826702366
0.015644493961111037
0.10477534606449172
0.12363726874105688
0.1020230900968249
0.00030685180582730687
0.025703766066343732
0.12541416702492172
0.09030420690930682
0.11381003643687283
