2.8971057764551267
38160856974053255e-64
62388151514914034e-46
0
12665328278040718e-25
7023971525374575e-30
12684970043022528e-25
0
12727138323886494e-25
0
0.000668493204045073
0
12.188070647693616
0
10.89440626377139
0
35.07825983729601
25.16261250885167
0.0007315453260989769
2480311283453887e-21
6056843130980411e-135
8.918676974042954
0.24841811777325512
22070007906161987e-48
0
5676843482488168e-37
52823519380957245e-40
0.0007482397492594009
0.003748841830699985
0.0035115292075324073
0.006512200365346573
5417472593323257e-22
14987770037582896e-27
0.0006698159429379725
8159973078420388e-22
3200917963181807e-23
1081763571230657e-30
7568216108975269e-37
33424296319126223e-37
3.3630666724839435
3.357410063764725
0
1.1825975505941788
0
2.8330024257523454
2.825173643341098
3.854256169977642
0
4.448905733298562
0
4.369390907597013
0.7766453202972912
14.454242986337578
16.65677488700184
0.2359620903971015
36.38116108641335
27.10301249391049
0.861719076387299
13687013466340637e-21
0.01578167362608903
0.23650882985008378
29.98243279562935
0.3048600523744183
0.302280319551318
1.8990992075819817
0.21940732504269608
19.35413076855702
0
19.352094226476204
0
14.654540238179163
0.0007542279451789417
0.0007541749631138208
0.005699295555845509
6.970786874930716
0.16418110339875236
0.07150875591351154
0
0.0007606780165193268
0.2372532448803631
0.03441831258857973
0.014288531389442744
0.060332032988018355
0.0003426915323144447
8981497488561323e-20
0.0007268405536326579
1.7323985944003604
0.4181873040759599
0.0019465668221972272
0.0003498216423306448
0.0022921565228145764
0.004935430648638751
0.003681836202032318
10964231027268349e-24
0.05408775926178045
1.3311343984374073
0.01426796931797031
27216763841206923e-28
4212108691251755e-22
1681271810741e-17
0
0.5177354076385209
0.18720908210122703
0.14219692034238113
0
0.15450221951328838
0.004516350629586277
0.04936683462438506
0
0.0003162261943353223
0
0.17017705527730959
0.25893318492131295
0
0
0
0
5096779706502764e-22
0.46839873597405646
7603097768320814e-23
7523017844150689e-23
0.25593112586249
0.07725616474025988
0.2012866736037187
0.44984532280555206
0.000825035313562782
0.3514998777345144
0.0008315414366984432
0.3812267756295278
9988496068655798e-22
0.00010114882425056022
0.5177736557345204
0.00038640414658588527
1264709005232982e-43
0.10328123704626521
0.00016471851494790962
0.12823416021745446
0.013997880512390842
0.03115044426609939
0.00027800615012476225
0.0016319443378877507
0.190991679555063
0.20048985036431952
0.15179086059681451
6867521124486228e-45
0.04224759794843501
0.0422588683711097
0.33367642012834536
0.44393075107975993
0.00011719794172623283
0.4440688330016331
0.7019731736530296
9.690849001873213
1.8625669500890918
2.5698426741122917
0.12962534241907403
0.40185332922171063
2.898012470634406
3.153217965096073
0.8178962360203443
4.802747241768469
5.673210888395504
1.5776363077518165
1.990804970431862
2.4983228314900336
0.7998678481233359
25.32626971389422
618.5635262744652
5.630652551393382
1373.9835688218077
1.1152040107843464
23.217547321363064
1.1538407184702695
44.594617932602496
1.3064514344512366
1.7911067165359094
1.1152030616328457
0.6945875096619295
1.0044310765978035
4.6896306659810705
0
0.0004763432041122822
1216871464760881e-23
0
0.00035999568725440144
0.00033664150637657136
0.00034509196013697866
0.0001109337712203138
0.0003631306710857857
0.0010710144889424181
0.0001832557818069945
0.0008506617280745024
0.00011080637362214418
0.0003194675309476278
0.000528781876285918
0.0020036135384636404
0.00029706494194528033
0.0007655371084682338
0.0003860043104782206
0.0007913129644005816
0.0016692539185380983
0.0016592665427747413
0.0014263107447645685
0.0008685880134978191
0.0007467947010816647
0.0019747910216794647
0.0073424309652698385
0.01621726544157399
0.06309974956277704
0.03681729409776652
0.08987117536399017
911837019053488e-19
0.009760697304602908
0.12644241032512005
5447323037846536e-21
0.06379372935667113
0.01096642531978359
0.0020381034237625085
55568264067753995e-22
12044206305195138e-22
0.08281712963165194
0.07430646213273114
0.004031784589781056
0.029026559163062907
0.01893542546543217
0.005782695214682763
0.011839698983465255
0.0004824471738868877
0.10157694358556571
15699129958513626e-25
0.05853193198302439
0.00040273914440943796
0.009460080866236826
0.011013975569430904
0.00015701549563896145
0.000170820363977991
0.07838826558272854
0.0005194894778670272
0.05234478521695593
0.12696945339981391
12609119651329998e-22
25861534226366403e-22
0.00014468710372192269
11840041984710445e-21
0.0005938230838931997
15325170962906673e-21
14120531023698935e-23
100440219033756e-20
19076305475026756e-21
0.06583849975269584
0.06627146522391131
4343453981504025e-20
0.0002935592264887186
0.016954102497036067
0.00803979194476864
0.07498428656172124
0.010365174525587205
27827415522618554e-21
0.10004871371475416
0.035781354718298665
8240508997115275e-22
0.12644065133822427
4571115803642369e-22
0.0034518879719372215
0.001009113575406411
22994565952951623e-28
0.11001414031055501
0.08086304098124343
0.01723887646476843
0.1261991613040098
0.055182699922474134
0.008600197802018084
0.12167707251383979
20535640167569516e-26
5764729532270261e-21
0.0005092055449999612
9119116283974981e-20
0.09907867883768594
8473111522132559e-22
0.00012873861250141313
0.11415239756609549
0.0009369130447208994
0.011598692335551622
1222868706445616e-20
0.10244684435231713
0.07957140876592814
0.021904627238235108
27446502641255587e-21
0.00015340593085387744
1200667691564558e-22
0.013452116368512054
0.11054302146602525
8326801703120999e-24
10254841914606545e-21
9138694680936198e-21
9648509095305884e-20
12086863946008325e-21
0.11233177989147503
0.11261772283947886
0.004509376379090681
0.0014665776063198747
0.03866775722372669
0.0054151114805973035
6636613526789088e-20
0.02689928367210733
8322409321798764e-20
0.0007423039830832504
0.06901496961302825
11000980032262534e-22
0.0682916069580596
0.055182699922474134
0.0018220286067696433
0.0004885268503069446
7563074995814222e-24
0.0010172914989764871
10739430824665117e-24
0.009922173509884604
0.027909830017565855
0.0009024157444018562
0.00034097635030091945
0.00015045800678313277
2672586175712815e-21
0.006055421704099835
0.014874424715167507
0.02175741625460991
1106941479096002e-23
0.0562847329280677
0.06163041247531541
0
0
8176695443605351e-20
6712032853796061e-20
10336362319408232e-22
7552901850825965e-22
0.00017695653606281502
0.010063985434295174
0.005337689026194331
15204233245118394e-24
0.0001822147808857018
7328632040777958e-21
0.04696654117810224
0.012704909482517984
0.08191351030249361
3845633109597157e-22
0.052999224794004464
0.007581717830069809
0.0001224370685547576
0.10671798451973355
0.00030255453481249514
16523107011762627e-29
8600887766618693e-20
37936022507819714e-22
0.00012468748470827483
0.017349891386010688
0.00346926056985145
0.00015494436805315491
0.0001411105986460968
3818611311122764e-24
0.000604245117816731
0.02137188162869955
13347306992973445e-24
0.001799960109897387
0.0018448676517820134
4418381265688457e-20
0.08797366271468147
4583432284642049e-20
0.10901094226136099
0.004704662411034307
0.1186427399367752
0.003079908318547994
0.0006727687168853703
0.0005686994763846159
4736831200941617e-20
0.09103749523389902
11919484036969027e-21
22529304053473985e-21
0.008176465583374525
0.00632033265300022
21999712549703557e-24
873611991498315e-19
0.003038675890336606
0.09978135350413678
0.02859469309294214
0.00010009454336753304
0.022391141803835196
0
0
0.08922755832964722
0
0.10272973978019549
0.11391394621198539
0.10801389120518048
0.046772942237073595
0.028113713328727932
0.057960320244812485
0.10776446645268804
0.0575469392772698
0.11317288843476145
0.12676060373547232
0.0007942383614143746
0.015640995481370133
0.10452977054527292
0.12289582370084728
0.1017959674184345
0.0003068505208190938
0.02569400592956031
0.12470643625670275
0.09014155579965688
0.11349029613565706
