2.9033523282558376
1399187315864961e-63
4078188053060697e-45
0
1242031826669555e-24
68930853170222885e-31
12439514550120917e-25
0
12480701677933046e-25
0
0.0006684592935728939
0
12.185970358612115
0
10.889498117400464
0
35.06239591422018
25.151302466445188
0.0007250756016406139
2407297113516579e-21
5027830308974757e-135
8.895745180713687
0.24792303197629567
14402061515741837e-48
0
4751349415816057e-37
4410236426390603e-39
0.0007481780996700683
0.0037486071082660968
0.0035111763901046608
0.006511673828656896
5420251421575327e-22
14929306333740187e-27
0.0006697825380137001
8161094646426491e-22
3194948743622912e-23
10825527708936774e-31
6335484973207297e-37
16288351745696568e-37
3.367279327891971
3.361488682033266
0
1.1820451727486718
0
2.8307196054203825
2.8233552472395935
3.8522150494613103
0
4.445411651699199
0
4.369168555260166
0.7725660715402766
14.444197802428814
16.64543905956126
0.23582722823000174
36.34955841905477
27.056666473475378
0.8597137199348329
13617818576408202e-21
0.015755079473927312
0.23609027502203303
29.962032954614738
0.30404572887711073
0.3023739702696742
1.8969655307322544
0.218130113217289
19.325770870148254
0
19.324632593856222
0
14.640372181685041
0.0007567425836448791
0.000756719090049528
0.005674252235012645
6.950722425586714
0.1638158797253297
0.07128988684666691
0
0.0007620935688364774
0.23632268331716685
0.03430687535555816
0.014234761008847255
0.06068576932059811
0.0003433158539608224
8981789530087643e-20
0.0007256413307541858
1.7316660988686368
0.41782357380996593
0.0019464664570714551
0.0003491734358167059
0.002300561978363264
0.004916297798879494
0.0036752508033324294
10934494342945523e-24
0.054023124474396854
1.330534065225766
0.014230073148011784
27259808118543893e-28
4214866441424613e-22
16788743547172518e-21
0
0.516509404693126
0.1865505212192908
0.14281146571089962
0
0.1539848723751091
0.004489551668607584
0.04929691042669334
0
0.00031612669854396797
0
0.17011511221855352
0.25800707488400054
0
0
0
0
5100113728997364e-22
0.4682224671864929
7612205221379926e-23
7532197261353087e-23
0.25532957292584063
0.07684326238696382
0.20107312318641915
0.44931660951761476
0.0008232183194492953
0.3507498576648978
0.0008297692677722789
0.3804287337356148
9986445420747736e-22
0.00010095796537178939
0.5177112897858265
0.00038629002462839044
1057502708238609e-43
0.10298578297279228
0.00016411496999246388
0.1280027511697208
0.013978088752673588
0.03113167352362102
0.0002768466251780654
0.0016031377461777174
0.19071923185979095
0.2005239911711731
0.1516488298166314
5740823845512476e-45
0.04203874562308428
0.042050062657732
0.3330699968487427
0.4434261839895994
0.00011670198834903723
0.44356548741228646
0.7019731228402919
9.687879268287148
1.861922555854587
2.5687154112741792
0.12954030074790734
0.40174385511350635
2.896357975781877
3.1511274674471306
0.817608404831165
4.800125882195324
5.669740824663539
1.5734561692710458
1.9899289645506846
2.4969751808576666
0.800047926983704
25.307519432173525
618.5613252573103
5.630650885118966
1367.9203378205063
1.115203927748215
23.217544053733782
1.1537803401820061
44.59282420717611
1.3064528856189335
1.7911057407337583
1.1152029785784037
0.6939100460208525
1.004234651644695
4.684625357700275
0
0.0004756112807748615
12190421179500912e-24
0
0.0003550767484564383
0.0003319977126611822
0.0003405088131181334
0.0001091283459088639
0.00035838296277611304
0.0010596501876310306
0.00018032613356821893
0.000840258608844517
0.00010899796738385102
0.00031520895572089363
0.0005224263812457173
0.0019834484950922823
0.00029299226003711115
0.000757063707746086
0.0003810807688510055
0.0007826977994513957
0.0016561546808465688
0.001642000323017606
0.0014086607982544087
0.0008591673079033172
0.0007383433149834081
0.001974766520953404
0.007342086812580435
0.016215539566133863
0.06306845124480201
0.036807745648046224
0.08979734304452494
9118364995488619e-20
0.009760084626899873
0.12619441237242854
5447322852487632e-21
0.06376163319053793
0.01096564904837393
0.0020380773220131814
55568262138892745e-22
12044206214580526e-22
0.08275722246781202
0.07426053156394737
0.004031681844343627
0.029020788344208664
0.01893305182996826
0.005782482746554571
0.011838791704841018
0.00048244571793478597
0.10117812250005813
15699129958359671e-25
0.05850556320044589
0.00040273813004316084
0.009459505876879847
0.011013192436472695
0.0001570153415672851
0.00017082018161595515
0.07799596618823261
0.0005194877895742711
0.05232425937816437
0.12669217212191783
12609119552015772e-22
2586153380858205e-21
0.00014468697289958144
11840041108997615e-21
0.0005938208774023732
15325169495771042e-21
14120531011243964e-23
10044021840358718e-22
1907630320174713e-20
0.06580397431256352
0.06623641006479185
434345280290686e-19
0.00029355868772159503
0.016952211765980444
0.008039378441788394
0.07493734177315388
0.010364482326892568
27827410685117535e-21
0.09994987220646591
0.035772370500981844
8240508954697348e-22
0.12614240481715522
457111579059012e-21
0.003451812786063048
0.00100910719582091
2299456595295129e-27
0.10962694552042497
0.08046789923509837
0.017236919892408827
0.12589603645664907
0.054839072688906226
0.008599723837147842
0.12148424185899029
20535640167543176e-26
57647293246807215e-22
0.0005092039229376604
9119111088078425e-20
0.09898252708950661
8473111477286192e-22
0.0001287385089347799
0.11400320262459039
0.0009369075465317433
0.011597822269487846
12228686130308825e-21
0.10234102081043246
0.07951716262181775
0.021901419657854658
27446497935288672e-21
0.00015340578378609675
1200667690664053e-22
0.01345093922595346
0.11040926973822174
832680170268789e-23
10254841257688527e-21
9138694159237003e-21
9648503278533534e-20
12086863033403408e-21
0.11194974374044041
0.11247538618115083
0.004509247667869186
0.001466564113535479
0.03865715172765417
0.005414925370284515
6636610774989323e-20
0.026894364149467328
83224049942386e-18
0.0007423005337202683
0.06897642892651679
11000979956665549e-22
0.0679156324684258
0.054839072688906226
0.0018220077593209983
0.0004885253574022159
756307499545692e-23
0.0010172850154164803
1073943082394467e-23
0.009921540078846984
0.02790451539849764
0.0009024106441591537
0.0003409756233286607
0.00015045786531450587
2672586131095119e-21
0.006055188531789928
0.014872979017349833
0.021754253189661423
11069414790194619e-24
0.05593789530419337
0.06160076003383544
0
0
8176691266275379e-20
6712030039091163e-20
10336362252669631e-22
7552901815191605e-22
0.00017695634036044608
0.010063333483257088
0.005337508241473735
15204233243674385e-24
0.000182214573376821
7328631705275743e-21
0.0469503803904701
0.01270386193429409
0.08185522289991473
3845633100359188e-22
0.05297812380381462
0.007581350614511027
0.00012243697488052797
0.1065983821917776
0.0003025539625065258
16523107011762612e-29
8600883144564499e-20
37936021608842463e-22
0.00012468738755826633
0.01734790882382188
0.003469184621388131
0.00015494421802016517
0.00014111047421267597
3818611311031678e-24
0.0006042428331260054
0.021368833566054835
13347306991860618e-24
0.0017999397657140965
0.00184484627698616
44183800460748466e-21
0.08790381336770144
4583430972201623e-20
0.10862181577531847
0.004704522228931523
0.11847013216898455
0.00307984852946578
0.0006727658840643281
0.0005686974527973037
4736829799175024e-20
0.09063575726853433
11919483149465188e-21
22529300882707815e-21
0.008176037724495855
0.006320078430811345
21999712546680308e-24
8736115146422111e-20
0.003038617698467144
0.09968326074366177
0.028589101152216332
0.00010009448076570858
0.022387784724457804
0
0
0.0891550979050982
0
0.10233194891744589
0.11353606150468402
0.10762300890035012
0.046756926925452455
0.028108316962193517
0.0576087767357186
0.10737316935933382
0.05719653717967715
0.1127929901207359
0.12650337200416692
0.0007942344119099864
0.01563939303297339
0.10441746078313162
0.1225576425106285
0.10169208781607135
0.00030684993213800994
0.025689535892183625
0.12438354871036705
0.09006714059448108
0.11334411814675427
