2.906725065756474
8337922159507165e-64
3239875649206417e-45
0
12290403922060407e-25
6823651817497358e-30
12309364845760224e-25
0
12350034297572758e-25
0
0.0006684420845049881
0
12.190935983764922
0
10.887197804697308
0
35.053816339835706
25.145184538307625
0.000721701928867075
23699678139920943e-22
4548394605387959e-135
8.708176677443175
0.24286375246936875
11430976307954091e-48
0
4316024862264866e-37
4000819830697901e-39
0.0007481451762504363
0.0037484803792104484
0.003510990069451036
0.00651139269471833
5421740008191417e-22
1489821906091039e-26
0.0006697652965795978
8161681621323324e-22
3191813124041748e-23
1082976698029425e-30
5755596182910606e-37
12053807123541972e-37
3.3704641520295837
3.3638167048488854
0
1.1817375850510468
0
2.8288963945941634
2.823027860567995
3.8511137829672175
0
4.443525771566829
0
4.369074207708779
0.7624178052588034
14.428118305975525
16.62602027531436
0.23565833816919093
36.257648659582
26.702587020856253
0.8586373483991445
133321775100849e-19
0.015551658030688783
0.23297881348005087
29.950903307459132
0.3036042483322898
0.3023475423626308
1.8958189647596957
0.21744357272888143
19.30599445125556
0
19.308456347384286
0
14.633053640683055
0.0007486965454000145
0.000749864962454284
0.005478202510128066
6.754179363545424
0.16045822034740226
0.06965790027625035
0
0.0007626436682192011
0.23594534250232121
0.03424487226649017
0.014205624177195564
0.060863008390092614
0.00034356411335359797
8979606119869049e-20
0.0007249925916165977
1.731187911178936
0.4176264945098696
0.0019463303975162862
0.00034109053850542314
0.002257574463516812
0.0048110643987307015
0.0036714502016657966
10918450943924719e-24
0.053985671208007575
1.3302554165730627
0.014208849041850845
27281447128036302e-28
4216356655261e-19
1640712114581274e-20
0
0.5158476218999117
0.18619393264218187
0.1431088870477074
0
0.15370587229889626
0.004476237210932546
0.04926196759867454
0
0.0003163042222915901
0
0.17008175583663626
0.25750819420876564
0
0
0
0
5101789588959463e-22
0.4681259238111859
7617105472450043e-23
7537148205279671e-23
0.25500438883037124
0.07661901159225876
0.20095778593836022
0.44903303337154826
0.0008121656654126147
0.3503434596532274
0.0008288132247872238
0.37999818322941215
99853368466582e-20
9961871300972019e-20
0.5176762437001334
0.00038621245136855265
9600959839455914e-44
0.10283589371008196
0.0001637977506060857
0.12787796938895787
0.01396639779612253
0.03111991162936403
0.0002762359159321536
0.0015878338334094108
0.19057219529686095
0.20053317395956008
0.15156411130644817
52111070154045774e-46
0.04192388801469537
0.04193566895034999
0.3327424008965659
0.44315323457741823
0.00011643412947093388
0.4432942953312084
0.701943017820963
9.685733969108073
1.8615734918513396
2.5681040213990514
0.12949382436105208
0.4016647101096406
2.895462109481737
3.149994082109324
0.8174504988219715
4.798478010787908
5.667530658585194
1.5711309622712333
1.9894538594656945
2.496094560682921
0.8001097067696684
25.295672061932468
618.5601368524116
5.630649985437812
1364.6577128403653
1.11520388291403
23.21754228942366
1.1537477410907597
44.59185574043799
1.3064536645750813
1.79110521385899
1.11520293373433
0.6935445242595711
1.0041286107323348
4.654056307861579
0
0.000475193568421518
12202127213825675e-24
0
0.0003524451612698007
0.0003294921954949445
0.0003380341166552513
0.000108157913670748
0.00035581853236297075
0.0010535071179232406
0.00017875050195073893
0.0008346300839301311
0.00010802577279697928
0.00031290970885876064
0.0005189878715523907
0.0019724971856366824
0.0002907944452043471
0.0007524718833025904
0.00037842038752838056
0.000778027776837618
0.0016489998759221301
0.0016326321639353436
0.0013991157274665848
0.0008540603400264103
0.0007337648386900238
0.0019747532922584662
0.007341900998898339
0.016214607780403057
0.06305155861415188
0.036802591126903025
0.08975750354529748
9118362190497925e-20
0.009759753836207825
0.12606071165548235
5447322752405711e-21
0.06374431003246653
0.010965229934424633
0.0020380632288809226
5556826109743136e-21
1204420616565445e-21
0.08272489445778006
0.07423574380555736
0.004031626369483052
0.029017672948987425
0.018931770342695376
0.005782368030632308
0.011838301861454516
0.0004824449318158199
0.1009634360675842
15699129958276546e-25
0.05849133068730034
0.0004027375823514652
0.0094591954340194
0.01101276961803234
0.0001570152583785204
0.00017082008315222807
0.07778496649805841
0.0005194868780067017
0.052313180087480524
0.12654270983555227
1260911949839246e-21
25861533583005285e-22
0.00014468690226395348
11840040636168857e-21
0.0005938196860421953
15325168703611922e-21
1412053100451908e-22
10044021806333644e-22
19076301974321987e-21
0.06578534031580455
0.06621749023580427
4343452166540085e-20
0.0002935583968223002
0.01695119098008789
0.008039155185530689
0.07491200681671221
0.010364108603192736
27827408073177473e-21
0.09989654473084537
0.035767520537470676
8240508931794388e-22
0.12598166339086167
4571115783542743e-22
0.0034517721911920428
0.0010091037512705073
22994565952951114e-28
0.10941845199648007
0.08025535135972231
0.01723586356109418
0.12573267127661192
0.054654426448632464
0.008599467937363514
0.12138025274399676
20535640167528953e-26
5764729212595684e-21
0.0005092030471301578
9119108282628628e-20
0.09893065010824573
8473111453072028e-22
0.00012873845301547232
0.11392272800330923
0.0009369045778755067
0.011597352516728174
12228685625929183e-21
0.10228392833390251
0.07948788855767902
0.02189968796536365
27446495394368574e-21
0.00015340570437898243
1200667690177838e-22
0.01345030368726352
0.11033711967206541
8326801702454038e-24
10254840902994928e-21
9138693877552896e-21
9648500137850841e-20
1208686254065529e-20
0.11174400915200118
0.1123986083151529
0.004509178173588696
0.0014665568283485468
0.038651426649035925
0.005414824885306498
6636609289194344e-20
0.026891708296688726
832240265763449e-19
0.0007422986712920631
0.06895562837512297
11000979915848022e-22
0.06771349160259237
0.054654426448632464
0.0018219965031344443
0.0004885245513312705
7563074995263996e-24
0.0010172815147269222
10739430823555671e-24
0.009921198083508146
0.027901646265666342
0.0009024078903670591
0.0003409752308108921
0.00015045778893057232
2672586107004424e-21
0.006055062637424186
0.014872198491629794
0.021752545528552044
11069414789781353e-24
0.055751514604209976
0.06158475554809143
0
0
8176689010785892e-20
6712028519331464e-20
10336362216635065e-22
7552901795951333e-22
0.00017695623469380346
0.01006298148905182
0.005337410631860458
15204233242894718e-24
0.0001822144613354272
7328631524126064e-21
0.04694165691315818
0.012703296361320855
0.08182376868409556
38456330953712766e-23
0.05296673411474507
0.00758115234904601
0.00012243692430247927
0.10653386033789293
0.0003025536534984434
16523107011762604e-29
8600880648952591e-20
37936021123452392e-22
0.00012468733510352157
0.01734683846152815
0.0034691436147782813
0.00015494413701202985
0.0001411104070266519
3818611310982497e-24
0.0006042415995430783
0.021367187988370204
1334730699125976e-23
0.0017999287812549968
0.001844834736069712
4418379387561827e-20
0.08786612225739557
45834302635680915e-21
0.10841229020249604
0.004704446541319709
0.11837703946223377
0.0030798162476770403
0.0006727643545275388
0.0005686963601928825
4736829042311104e-20
0.09041958204430346
11919482670270038e-21
22529299170697554e-21
0.008175806717439716
0.006319941171378883
2199971254504794e-23
8736112571705949e-20
0.0030385862790516575
0.09963033703816694
0.028586082317368366
0.0001000944469647531
0.02238597232607228
0
0
0.08911599838783166
0
0.10211780810106379
0.11333254939729091
0.10741254590992234
0.0467482819638215
0.028105403700868527
0.057419853030366425
0.10716248502498112
0.05700823034653363
0.11258839982027984
0.1263647004381284
0.0007942322794389877
0.015638527881827048
0.10435687088616315
0.12237543339271743
0.10163604356768412
0.00030684961428843505
0.02568712268188646
0.1242095578330925
0.09002698669728765
0.11326526969426966
