2.907202573094182
772687884444773e-63
31362819286664524e-46
0
1227215095113825e-24
6813891345510951e-30
12291072863096795e-25
0
12331668185272226e-25
0
0.0006684434342297147
0
12.194838763044611
0
10.886940634907363
0
35.052601014368896
25.14431743358053
0.0007212706436177758
2366076335758835e-21
448440339222422e-134
7.829523775552069
0.21887056192521695
11063973425303082e-48
0
4257701480388918e-37
3945955543681558e-39
0.0007481405655672474
0.003748462437433075
0.003510964364875223
0.006511353332238213
5421897543285824e-22
14893912891491436e-27
0.000669762984140219
8161684569438908e-22
31913887185552656e-24
10830260961051666e-31
5677854138840179e-37
11574666829629119e-37
3.372049692033428
3.364204148476237
0
1.181687218765889
0
2.827420978137524
2.8233418250495643
3.8509582801297433
0
4.443258802118286
0
4.369166308615059
0.7271059655507871
14.414665307494062
16.60932532276433
0.23554033484713455
36.120145991318424
25.296645144125577
0.8585033783777625
12505923657206387e-21
0.014741664020250095
0.22069461201926263
29.94932170969691
0.30354138707739675
0.3022640964133505
1.8956993345977744
0.2173467016630062
19.29846834372675
0
19.305711904387355
0
14.632598298677063
0.0007094999644782076
0.0007241960401050503
0.0046537125788962
5.811930260556922
0.14457779346251143
0.06214557146449276
0
0.0007625126866209897
0.23603498796656036
0.03423517803134107
0.014201435508790376
0.06087281566465095
0.00034342872898649704
8974819331725902e-20
0.0007248976904458736
1.7310796382162634
0.4175985528405493
0.0019462923677092403
0.0003029592393072566
0.0020236803836011672
0.004335161046619448
0.003670812141077328
10916175253297716e-24
0.053979138230880463
1.330246243021986
0.014205468842483818
27283736490653207e-28
42166004662083204e-23
14587570407465777e-21
0
0.5157540322431113
0.18614142370568632
0.1431135362606225
0
0.15366639273320498
0.00447553536153448
0.04926063756670175
0
0.00031645067079795247
0
0.17007703776875668
0.2574375773051287
0
0
0
0
5101934894876614e-22
0.4681121676802679
7617794761003306e-23
7537848766796308e-23
0.25495832804359525
0.0765862684996408
0.20094147176738483
0.4490022198760987
0.0007692795493615046
0.35028414506334526
0.0008286779162729218
0.37993724235951987
998517981960561e-21
9435691937236813e-20
0.5176713746765765
0.0003861934411938636
9470403719071809e-44
0.10282462497932718
0.00016375330775148187
0.12786031226635278
0.013964256302382502
0.031117477173443573
0.0002761502822797935
0.0015856807183683807
0.19055138193103033
0.20053005154654874
0.15154809689780369
51400305361194066e-46
0.04190641336312597
0.04191871135490144
0.33269601079431416
0.44311456157549295
0.0001163961335393146
0.44326118807909026
0.7019245913050451
9.685162795102544
1.861523913431022
2.568016999007549
0.12948720840328945
0.4016436162853559
2.895334892771037
3.1498327909792696
0.817427983025104
4.798129868900277
5.667050843924326
1.5707650034901341
1.9893847526319643
2.4958939683778056
0.8001016678761749
25.292507567705684
618.559968599935
5.630649858062258
1364.1964243546734
1.1152038765664707
23.217542039635173
1.1537431258326118
44.591718628006056
1.3064537726733891
1.7911051392645894
1.1152029273853703
0.6934927892343846
1.0041135985167542
4.611433747200502
0
0.00047512413438512347
12203783678251633e-24
0
0.00035207367373950397
0.00032912737034096305
0.0003376733310940629
0.00010801751787844476
0.0003554448060741312
0.0010526137889299621
0.00017852233048049616
0.0008338068522024861
0.00010788509279819524
0.00031257454887516654
0.0005184847826555359
0.001970882275857606
0.00029047432746739563
0.0007517979875928244
0.0003780320815371491
0.0007773420628578939
0.0016479329236493661
0.0016312537602960677
0.001397720368808606
0.000853310349329932
0.00073309314347183
0.0019747514193659724
0.007341874692043772
0.016214475863842726
0.06304916734540385
0.036801861415527735
0.08975186455468102
9118361793371437e-20
0.009759707004242111
0.12604179395045736
5447322738236256e-21
0.06374185782496007
0.010965170598167361
0.002038061233603347
5556826094998276e-21
12044206158727565e-22
0.08272031852513202
0.07423223505897833
0.004031618515493547
0.029017231902827886
0.018931588918574906
0.005782351789500487
0.011838232511768345
0.0004824448205183278
0.10093307790532934
1569912995826478e-24
0.05848931594831746
0.0004027375048101208
0.009459151482787823
0.011012709757315832
0.00015701524660077798
0.0001708200692118794
0.07775513962833933
0.0005194867489484022
0.05231161168698909
0.12652156343331863
12609119490800549e-22
2586153355106845e-21
0.00014468689226346533
11840040569226437e-21
0.0005938195173713232
15325168591459173e-21
14120531003566981e-23
10044021801516423e-22
190763018005449e-19
0.06578270256772106
0.06621481203031718
4343452076444198e-20
0.0002935583556372186
0.016951046463652714
0.008039123577730973
0.07490842062215906
0.010364055693016365
27827407703382773e-21
0.09988899700297423
0.03576683393973296
8240508928551818e-22
0.12595892240898499
4571115782544986e-22
0.0034517664438670132
0.001009103263596952
2299456595295109e-27
0.10938896584345106
0.08022530454024483
0.017235714012453225
0.12570955940600992
0.05462833478894027
0.00859943170805446
0.12136553730932961
20535640167526934e-26
5764729196726845e-21
0.0005092029231347095
9119107885437138e-20
0.09892330763714993
8473111449643821e-22
0.00012873844509849892
0.11391133911343294
0.0009369041575781748
0.011597286011343834
12228685554519837e-21
0.1022758478372148
0.07948374484867923
0.021899442805889624
27446495034628772e-21
0.00015340569313664035
12006676901089999e-23
0.013450213711034041
0.11032690858004171
8326801702420931e-24
1025484085277792e-20
9138693837672466e-21
9648499693197573e-20
12086862470892716e-21
0.11171491211391493
0.11238774245117382
0.004509168334774692
0.0014665557969251546
0.038650616169137994
0.005414810658938129
6636609078837651e-20
0.026891332306056656
8322402326821486e-20
0.0007422984076125268
0.06895268396983534
11000979910069136e-22
0.0676849214498579
0.05462833478894027
0.001821994909505317
0.0004885244372090097
7563074995236684e-24
0.0010172810191052893
107394308235006e-22
0.009921149665251271
0.027901240081795748
0.0009024075004898033
0.0003409751752388259
0.00015045777811624768
2672586103593698e-21
0.006055044813691984
0.014872087989228103
0.02175230377117438
11069414789722843e-24
0.05572517732439741
0.061582489992004864
0
0
8176688691456976e-20
6712028304166093e-20
10336362211533345e-22
7552901793227323e-22
0.00017695621973367687
0.010062931655212081
0.005337396812575668
15204233242784332e-24
0.00018221444547277291
7328631498479152e-21
0.04694042198674227
0.01270321629034532
0.0818193164181959
3845633094665095e-22
0.052965121776794744
0.00758112427932486
0.0001224369171417134
0.10652472858290812
0.00030255360974954784
16523107011762604e-29
8600880295627496e-20
37936021054731563e-22
0.00012468732767705585
0.01734668692650684
0.0034691378091604463
0.00015494412554301767
0.00014111039751455354
3818611310975535e-24
0.0006042414248943804
0.021366955020082845
13347306991174695e-24
0.0017999272260964501
0.001844833102129149
44183792943305066e-21
0.08786078731022122
4583430163240782e-20
0.10838265855153324
0.004704435825674593
0.11836386544314133
0.0030798116772950378
0.000672764137978195
0.0005686962055036853
47368289351554074e-21
0.09038901796095444
11919482602426279e-21
22529298928313608e-21
0.008175774012319503
0.006319921738626214
21999712544816832e-24
8736112207181389e-20
0.0030385818307621325
0.09962284644685548
0.028585654940821725
0.00010009444217926322
0.02238571574116557
0
0
0.08911046412013503
0
0.10208752658584061
0.11330376593965533
0.10738278214004193
0.04674705815172796
0.028104991269909875
0.05739315559788869
0.10713269006523962
0.05698162028223213
0.11255946422352198
0.12634507980474183
0.000794231977527265
0.01563840539883629
0.10434829549712062
0.12234965838785117
0.10162811139979842
0.0003068495692877748
0.02568678104135367
0.1241849441302683
0.0900213032129479
0.11325411087696638
