2.907236272166767
7685485486581775e-64
3129097417591503e-45
0
1227086623683279e-24
6813203351184796e-30
12289783544401262e-25
0
12330373318569804e-25
0
0.0006684450944931852
0
12.195344653086128
0
10.886924427288625
0
35.052515240965576
25.144256184114642
0.0007212434294849402
23660002667060466e-22
4479923521350157e-135
7.468483594243577
0.20898074416766196
11038514751296959e-48
0
4253615329521202e-37
3942108609842489e-39
0.0007481402410370908
0.0037484611712331937
0.0035109625603144236
0.006511350561790633
5421895957514412e-22
14893610478881578e-27
0.0006697628227536485
8161665654485103e-22
319135907785102e-22
1083027044781687e-30
5672407460061594e-37
11542028254866748e-37
3.3723163246149457
3.364234891482541
0
1.1816826389164787
0
2.82708810555271
2.8233905612573436
3.850947359619536
0
4.443239961481138
0
4.369204728562781
0.7141792720859492
14.412171494682712
16.60622029179942
0.23551925594642256
36.08944940761848
24.786442676395914
0.8584994577188299
12227630022871724e-21
0.014447385608618793
0.2162402449450208
29.949210855477105
0.30353694318040825
0.3022459288315652
1.8957042809576132
0.2173398977025928
19.297206429557665
0
19.3054929809857
0
14.632670167411192
0.0006952323474240851
0.0007165944869698254
0.004344992404628205
5.4189828374181745
0.13803217040028243
0.05909344291561337
0
0.0007624724691543154
0.23606196581669084
0.03423443719339983
0.014201136017887405
0.060871139034739494
0.0003433871855803262
8973641699474626e-20
0.0007248905089657326
1.731069474276834
0.4175965803124212
0.0019462945290659652
0.00028755347408260495
0.0019278023724886672
0.004139234850249674
0.0036707614751762224
10916014380521537e-24
0.05397860504135228
1.330252609301516
0.014205207461784634
27283849993642905e-28
42166282087634907e-23
1385125417608583e-20
0
0.5157474389225309
0.18613736634244188
0.143108065353147
0
0.15366360683061972
0.0044756574611044065
0.049261197080800186
0
0.00031646974603696815
0
0.1700767048136091
0.2574325859057875
0
0
0
0
5101938097673961e-22
0.4681111958035732
7617843202356644e-23
7537898202370033e-23
0.2549550771978135
0.0765838934773926
0.2009403231813125
0.4490028776571064
0.0007537379203686485
0.3502796818398539
0.0008286683684663556
0.379932941560286
998516873703411e-21
9244945840118597e-20
0.5176710556402517
0.00038619159654476105
946125203571454e-43
0.10282520200866559
0.0001637501753703762
0.1278590662393382
0.01396407502050441
0.031117257864412946
0.0002761442459838716
0.0015855288689491356
0.19054991310789865
0.20052955699555158
0.15154671619075533
5135043074582194e-45
0.04190510376363591
0.04191747940280174
0.33269273681843614
0.44311183203624094
0.00011639344121237798
0.4432605159201702
0.7019224142558249
9.685105845111073
1.8615204107365972
2.568010845658902
0.12948674105658897
0.4016415123673121
2.895325905319412
3.1498213864954976
0.8174263920778572
4.798098139484141
5.6670065631685125
1.570736867277694
1.989379665817234
2.4958750716355906
0.800100060923956
25.292091312387985
618.5599567258733
5.630649849072997
1364.163875784368
1.1152038761185052
23.217542022006878
1.1537428001212062
44.591708951601476
1.3064537799887601
1.7911051340002453
1.1152029269373058
0.6934891382849021
1.0041125390697898
4.602356954891357
0
0.0004751186031142343
12203900570281023e-24
0
0.0003520474598302756
0.0003291009142649217
0.0003376471486135354
0.0001080073871774534
0.00035541770092380746
0.00105254913416293
0.00017850585431254838
0.0008337469697747176
0.00010787494010128151
0.0003125502285495753
0.0005184481757830543
0.001970764059618398
0.0002904511066840012
0.0007517488390683868
0.0003780038780341596
0.0007772920341844637
0.0016478541674720649
0.0016311530336969998
0.0013976189025302263
0.0008532556241493071
0.0007330441668153521
0.0019747512871906045
0.007341872835496591
0.01621446655415043
0.06304899859008473
0.03680180991823405
0.08975146660820264
9118361765345074e-20
0.00975970369918346
0.12604045898060184
54473227372362774e-22
0.06374168476915436
0.010965166410648363
0.002038061092790917
5556826093957688e-21
12044206158238715e-22
0.08271999559790495
0.07423198744285868
0.0040316179612153915
0.02901720077717924
0.018931576115016172
0.005782350643318609
0.011838227617575952
0.0004824448126637432
0.10093093578696555
15699129958263946e-25
0.058489173764987475
0.00040273749933780463
0.009459148381030126
0.011012705532784392
0.00015701524576958867
0.00017082006822806878
0.07775303509206924
0.0005194867398403862
0.05231150100221086
0.12652007120411057
12609119490264762e-22
2586153354881457e-21
0.000144686891557702
11840040564502119e-21
0.0005938195054677342
1532516858354423e-20
14120531003499785e-23
10044021801176458e-22
1907630178828095e-20
0.06578251641821248
0.06621462302570934
4343452070085871e-20
0.00029355835273066865
0.016951036264756844
0.00803912134708191
0.07490816754053264
0.010364051959002538
27827407677285288e-21
0.09988846435955259
0.03576678548504458
8240508928322982e-22
0.12595731766726492
45711157824745724e-23
0.0034517660382620404
0.001009103229180429
2299456595295109e-27
0.10938688522062798
0.08022318447438206
0.01723570345842253
0.12570792849501797
0.054626493895739356
0.008599429151253201
0.12136449886598141
20535640167526792e-26
57647291956069366e-22
0.0005092029143839935
9119107857406188e-20
0.09892278947833529
8473111449401882e-22
0.00012873844453977526
0.11391053540957805
0.0009369041279165848
0.011597281317881099
12228685549480274e-21
0.10227527759733075
0.07948345242332218
0.02189942550438083
27446495009240898e-21
0.00015340569234323581
12006676901041419e-23
0.013450207361174277
0.11032618798947182
8326801702418595e-24
1025484084923396e-20
9138693834857989e-21
9648499661817107e-20
1208686246596937e-20
0.11171285893810234
0.11238697565543877
0.0045091676404219695
0.001466555724134653
0.038650558971871724
0.005414809654943618
6636609063992171e-20
0.026891305771509912
8322402303475055e-20
0.0007422983890039036
0.06895247617939587
11000979909661304e-22
0.06768290562706525
0.054626493895739356
0.0018219947970383574
0.0004885244291550731
7563074995234755e-24
0.0010172809841278475
10739430823496713e-24
0.009921146248243907
0.027901211416449707
0.0009024074729750451
0.000340975171316945
0.00015045777735304958
26725861033529935e-22
0.0060550435558216825
0.014872080190785335
0.021752286709759174
11069414789718714e-24
0.05572331909654033
0.061582330108313994
0
0
8176688668921012e-20
6712028288981252e-20
103363622111733e-20
7552901793035082e-22
0.00017695621867789754
0.010062928138303336
0.00533739583731016
1520423324277654e-23
0.00018221444435329964
7328631496669176e-21
0.04694033483564406
0.012703210639524279
0.08181900221807845
38456330946152584e-23
0.052965007991300835
0.0075811222983674575
0.00012243691663635747
0.10652408415814288
0.0003025536066620621
16523107011762604e-29
8600880270692322e-20
3793602104988173e-21
0.00012468732715294873
0.01734667623229253
0.0034691373994415876
0.00015494412473361638
0.0001411103968432573
38186113109750434e-25
0.000604241412568919
0.021366938578933597
13347306991168693e-24
0.0017999271163444683
0.0018448329868172967
4418379287750903e-20
0.08786041081982063
4583430156160393e-20
0.10838056766628451
0.004704435069441475
0.11836293576993454
0.0030798113547502296
0.0006727641226956846
0.0005686961945868233
473682892759312e-19
0.09038686135560538
11919482597638349e-21
22529298911207872e-21
0.008175771704229612
0.006319920367202964
21999712544800523e-24
8736112181455837e-20
0.0030385815168337336
0.09962231783545775
0.028585624779865294
0.00010009444184153738
0.022385697633338395
0
0
0.089110073563856
0
0.10208538987106086
0.11330173488405815
0.1073806819363878
0.04674697178498259
0.02810496216369403
0.05739127195192621
0.10713058766180895
0.05697974280239419
0.11255742243579961
0.12634369523504171
0.0007942319562204866
0.015638396754893955
0.10434769033375803
0.12234783957637586
0.10162755162717743
0.0003068495661119484
0.025686756930965747
0.1241832072544063
0.09002090212659022
0.11325332340851717
