2.90736345968152
7531235567105526e-64
31021295185254547e-46
0
12266044357289228e-25
6810609008093676e-30
12284921849813203e-25
0
12325487910554655e-25
0
0.0006684720766988013
0
12.198408138018996
0
10.886867583323967
0
35.05219150947075
25.144024516847935
0.0007211568171433886
2367593778169569e-21
44630669913868976e-136
2.896864447078256
0.08207115050170817
10942877973214934e-48
0
4238228620656903e-37
3927588520916487e-39
0.0007481390169254465
0.0037484563923275423
0.003510955698302959
0.006511340111921698
5421735395965138e-22
14892460366404387e-27
0.0006697622038721296
8161361581084474e-22
3191245325696268e-23
10829997481837329e-31
5651897521957554e-37
11420192022356763e-37
3.374711829508303
3.3643649215053517
0
1.1816552485616658
0
2.8235058106866213
2.8237102475568854
3.8509066247852792
0
4.443168853200284
0
4.369755244142356
0.5256280851078773
14.388844581296583
16.577144294424233
0.23532565882590945
35.76379615761992
17.621556260948882
0.8585549184583343
8501854247459097e-21
0.010301265543678053
0.1537109453750895
29.948799082359898
0.3035201794424483
0.3020567353837288
1.895894250737999
0.2173145386523459
19.285259682011898
0
19.304543652834486
0
14.634021668053075
0.0004946950865276306
0.000617332536668871
0.0011823370515462355
0.592941100477176
0.05414167654194758
0.02204399779649441
0
0.0007620216912831456
0.23635761976718567
0.03423144198887712
0.014199993555262113
0.06084152298595011
0.000342902530627528
8960589847928969e-20
0.0007248586207690297
1.7310220484042746
0.4175891327158202
0.00194638917409875
0.0001049328761885408
0.0007353007557321133
0.001625510807244111
0.0036705521749936343
10915405975306884e-24
0.05397637965624364
1.330363405986176
0.014204144750221748
2728410450874606e-27
42168676751928904e-23
5078259625558518e-21
0
0.5157226557226409
0.18611842232420045
0.14303040971976017
0
0.15365309311764594
0.004477721699039579
0.049270279255545196
0
0.0003165855174983326
0
0.17007544805981026
0.25741366479172234
0
0
0
0
5101920811934433e-22
0.46810752616331514
7618025145337198e-23
7538084775134731e-23
0.25494280756880044
0.07657469772547842
0.20093601559041904
0.4490413461265767
0.0005356468945665
0.35026009065149816
0.0008286323445306532
0.3799167086559235
9985126908182795e-22
6568660909832143e-20
0.5176700878392839
0.0003861828172117897
9426772354014944e-44
0.10283971807254651
0.00016373835774385334
0.12785436357012855
0.01396328256249415
0.031116259727446596
0.00027612147141478063
0.001584955804665341
0.19054436949797182
0.20052670546961937
0.15154060459680563
511623372027407e-44
0.04189989093875735
0.041912739363582634
0.3326803800213541
0.4431015298455436
0.00011638318023680085
0.4432793056357957
0.701911049352077
9.684831100893696
1.861507183442684
2.567987598050131
0.12948497654100236
0.40163136059503507
2.8952919663950576
3.149778300511617
0.8174203846454883
4.79795263207583
5.6668019480448715
1.5706223646367135
1.989359024865283
2.4957866923838363
0.8000902616756296
25.288787353862762
618.5599119106244
5.630649815145599
1364.0410375079537
1.115203874427787
23.217541955473916
1.1537415708174554
44.59167243079781
1.306453804538639
1.791105114131484
1.1152029252462157
0.6934753589870652
1.0041085405001524
4.509650708764142
0
0.00047509546715131387
12204341732896476e-24
0
0.0003519485174997072
0.00032899843373739864
0.0003375457071820852
0.0001079683360787474
0.00035531279252998005
0.0010522992618774247
0.00017844230259333188
0.0008335144811131604
0.00010783579879485809
0.0003124560104025559
0.0005183060092093019
0.001970302478145992
0.0002903611135421908
0.0007515575782086987
0.0003778945244200811
0.0007770972858482557
0.001647544449680564
0.0016307603857536514
0.001397225078876178
0.0008530425693718949
0.0007328536129263958
0.0019747507883325476
0.007341865828494287
0.01621443141742671
0.06304836167545003
0.036801615557071565
0.0897499646888912
911836165956758e-19
0.00975969122519459
0.12603542064594245
54473227334621426e-22
0.06374103162372616
0.010965150606069538
0.0020380605613347464
5556826090030289e-21
12044206156393686e-22
0.0827187768127706
0.07423105289405121
0.0040316158692516495
0.02901708330261819
0.018931527791722358
0.005782346317384855
0.011838209145864267
0.0004824447830188603
0.10092285138322728
15699129958260809e-25
0.05848863713777332
0.00040273747868411244
0.009459136674341676
0.011012689588512882
0.00015701524263250237
0.00017082006451495677
0.07774509263479625
0.0005194867054647856
0.052311083256270666
0.12651443937016235
12609119488242607e-22
25861533540307967e-22
0.00014468688889400014
11840040546671525e-21
0.0005938194605410429
15325168553671532e-21
14120531003246184e-23
10044021799893354e-22
19076301741994165e-21
0.06578181385485908
0.06621390968671488
43434520460881835e-21
0.00029355834176072695
0.01695099777199558
0.008039112928140354
0.0749072123639944
0.010364037866047041
27827407578787807e-21
0.09988645407483177
0.03576660260726811
8240508927459302e-22
0.12595126121263925
45711157822088126e-23
0.0034517645074224643
0.001009103099285113
2299456595295109e-27
0.10937903286117846
0.08021518339666826
0.017235663625309334
0.12570177327839127
0.05461954652955949
0.008599419501344699
0.12136057963851007
20535640167526255e-26
57647291913801574e-22
0.0005092028813569195
9119107751611384e-20
0.09892083386048588
8473111448488751e-22
0.00012873844243103252
0.11390750211024865
0.0009369040159674021
0.011597263603765007
12228685530459881e-21
0.10227312541856692
0.07948234875711047
0.02189936020490561
2744649491342161e-20
0.00015340568934875726
12006676900858062e-23
0.01345018339547106
0.11032346836878824
8326801702409776e-24
10254840835858297e-21
9138693824235547e-21
9648499543380515e-20
1208686244738761e-20
0.1117051101529736
0.1123840816513015
0.004509165019787101
0.001466555449407748
0.03865034309790573
0.00541480586565506
6636609007962155e-20
0.02689120562468547
832240221536063e-19
0.0007422983187709796
0.0689516919394319
1100097990812206e-21
0.06767529802114533
0.05461954652955949
0.0018219943725640351
0.0004885243987577928
756307499522748e-23
0.0010172808521155053
10739430823482042e-24
0.009921133351737142
0.027901103227561955
0.0009024073691284648
0.0003409751565149271
0.00015045777447257662
2672586102444522e-21
0.0060550388083522155
0.014872050757829554
0.021752222316446
11069414789703128e-24
0.055716306305023236
0.06158172667677408
0
0
817668858386546e-19
6712028231670407e-20
10336362209814425e-22
7552901792309523e-22
0.0001769562146931604
0.01006291486474786
0.005337392156450942
1520423324274714e-23
0.0001822144401281678
7328631489837935e-21
0.046940005910198576
0.01270318931213849
0.08181781637043697
38456330944271615e-23
0.052964578542688205
0.007581114821814768
0.00012243691472903608
0.10652165199623329
0.0003025535950092302
16523107011762604e-29
8600880176581641e-20
3793602103157744e-21
0.00012468732517485626
0.017346635870097545
0.0034691358530753304
0.0001549441216787626
0.0001411103943096416
3818611310973188e-24
0.0006042413660499913
0.021366876526630333
13347306991146038e-24
0.0017999267021170532
0.0018448325516057437
44183792629180715e-21
0.08785898987897872
4583430129437494e-20
0.10837267658111223
0.004704432215256882
0.11835942704999984
0.0030798101373973735
0.0006727640650162223
0.0005686961533842506
4736828899051427e-20
0.09037872232886782
11919482579567675e-21
22529298846647164e-21
0.008175762993010075
0.0063199151911606825
21999712544738968e-24
8736112084362102e-20
0.003038580332001037
0.09962032276813966
0.02858551094624511
0.00010009444056688778
0.02238562929065381
0
0
0.08910859953626445
0
0.1020773258549335
0.11329406957340729
0.10737275568821882
0.04674664581983245
0.028104852310875506
0.05738416322574351
0.10712265311285367
0.05697265734884133
0.11254971662547811
0.1263384697092625
0.0007942318758041488
0.015638364130848
0.1043454063492845
0.1223409752360621
0.10162543895323935
0.0003068495541257
0.025686665933403695
0.12417665213190343
0.09001938835690569
0.11325035138332616
