2.907453896520695
7423403778228736e-64
30830954833675904e-46
0
12262637731607249e-25
6808768674888139e-30
12281473173127824e-25
0
12322016149543363e-25
0
0.0006684613342486407
0
12.203510436176204
0
10.886834940258066
0
35.05196131632371
25.143859262727478
0.0007211359609885978
23718200744701355e-22
4451144677307199e-135
2.398970628537877
0.06804440519925893
10875300160580074e-48
0
4227321752617493e-37
39172605176157354e-40
0.0007481381462011779
0.0037484529942844315
0.003510950738956606
0.0065113326787599665
5421485969467498e-22
1489161636180113e-26
0.0006697617485282758
8160941766973902e-22
319115881722615e-22
10829533198720994e-31
5637359000914006e-37
11334840400491713e-37
3.3795444424420644
3.364495059834107
0
1.1816252537776266
0
2.8186916734780074
2.8242770431674957
3.8508784341741924
0
4.443118292357279
0
4.370011623404704
0.43302014953248547
14.349745782893718
16.528403182494685
0.23500385253054137
35.19837737665874
14.260742448567221
0.8585710945009689
66322031528073725e-22
0.00834878118944169
0.12436674024812211
29.948521636700065
0.30350824605046633
0.3017960415309208
1.8959659725707823
0.21729662200106317
19.269252150007816
0
19.303621128446924
0
14.636021703473256
0.0004002281431182757
0.0004847790043649148
0.0007907492272950827
0.0056161579785233996
0.04488822538973809
0.018176231762622203
0
0.0007613801466949185
0.23689005916506567
0.03422855634252895
0.014199128359076555
0.060796105695155776
0.00034226056544934814
8943503541311337e-20
0.0007248309663923759
1.730954815277996
0.4175838328350679
0.001946387805752891
8632707348893412e-20
0.0006072903372382637
0.0013476720413959245
0.003670331962527687
109149712094781e-22
0.05397381677488309
1.330414339401452
0.01420308281922335
27283649853362397e-28
4216992054015397e-22
4179850769860942e-21
0
0.5157051543723554
0.18610130783399223
0.14291557335671923
0
0.1536456186836391
0.004481375399548958
0.0492806584472373
0
0.0003167787784009473
0
0.17007455413750952
0.2574001235511544
0
0
0
0
5101798980396085e-22
0.4681049148149039
761815298753767e-22
7538217428345013e-23
0.25493408300214143
0.07656730014167239
0.2009329812086864
0.449056695890555
0.0004333361487501004
0.3502433478307528
0.0008286067391816552
0.37990516431373045
998509716490506e-21
5313536207844243e-20
0.5176697100147576
0.0003861698693950017
9402262463057885e-44
0.10286988073302993
0.00016372995897783653
0.1278510198309462
0.013962319147489062
0.03111492071964309
0.0002761052836195435
0.0015845480885965971
0.19054042774867536
0.20052103751622144
0.15153293001103596
5102793722381569e-45
0.04189516412735909
0.04190916724432042
0.332671593596669
0.44309420414738626
0.00011637571568206757
0.4432846519729012
0.7018913328264753
9.684414688071966
1.8614977659905938
2.5679710284772055
0.1294837210301519
0.4016159688893615
2.8952678036593564
3.149747592155806
0.8174161093302512
4.797753913842412
5.666517756084347
1.570510210622943
1.9893373499275109
2.4956607340576653
0.8000694929114409
25.284307476690913
618.5598800446885
5.630649791021486
1363.953699928877
1.1152038732256002
23.217541908165575
1.153740696720305
44.591646462653536
1.3064538187870132
1.7911051000037825
1.1152029240437633
0.6934655613611265
1.0041056973218283
4.3537195139486515
0
0.0004750706821172627
12204655406677196e-24
0
0.0003518781431156056
0.0003289159932609212
0.0003374638328304772
0.00010793753081871761
0.00035522830320866203
0.001052099865828064
0.00017839202418292726
0.000833325120455651
0.00010780490392104461
0.0003123799966135435
0.0005181900642172223
0.001969917290740944
0.00029028863962585915
0.0007514002004416927
0.00037780597091399915
0.0007769368161614088
0.0016472780150909709
0.0016304348665654891
0.0013969047043307465
0.0008528669287326827
0.0007326969524565403
0.0019747504336189883
0.007341860846160727
0.016214406433462305
0.06304790880042774
0.03680147735695179
0.08974889676260234
911836158435437e-19
0.009759682355559124
0.1260318382543891
5447322730778538e-21
0.06374056720793543
0.010965139368218139
0.0020380601834422652
5556826087237706e-21
12044206155081783e-22
0.08271791020502209
0.07423038838912671
0.004031614381758913
0.02901699977247603
0.018931493431459744
0.0057823432414262944
0.011838196011548436
0.000482444761939831
0.10091710335190282
15699129958258586e-25
0.05848825557132613
0.0004027374639982798
0.009459128350295234
0.01101267825133301
0.0001570152404018733
0.00017082006187474396
0.07773944563430947
0.000519486681021974
0.05231078621953423
0.12651043500019218
1260911948680475e-21
2586153353425932e-21
0.00014468688699997173
11840040533993053e-21
0.0005938194285958657
15325168532430514e-21
14120531003065856e-23
10044021798981e-19
1907630170908189e-20
0.06578131430088499
0.0662134024708183
43434520290245963e-21
0.00029355833396053666
0.016950970401723397
0.008039106941846945
0.07490653319194848
0.01036402784524532
2782740750875105e-20
0.09988502468401389
0.0357664725723685
8240508926845177e-22
0.1259469549402641
45711157820198443e-23
0.003451763418917509
0.0010091030069228988
2299456595295109e-27
0.10937344977421433
0.08020949470593498
0.017235635301981085
0.12569739678736133
0.05461460713376924
0.00859941263977195
0.1213577929439764
20535640167525882e-26
5764729188374702e-21
0.000509202857872979
9119107676385852e-20
0.09891944333952132
8473111447839473e-22
0.00012873844093160835
0.11390534532815699
0.000936903936365806
0.011597251008137379
12228685516935416e-21
0.10227159513675342
0.07948156400321245
0.02189931377375169
2744649484528918e-20
0.0001534056872195297
1200667690072769e-22
0.013450166354654217
0.1103215346199307
8326801702403503e-24
10254840826347522e-21
9138693816682448e-21
964849945916603e-19
12086862434175025e-21
0.11169960069671912
0.112382023911425
0.004509163156382372
0.0014665552540628752
0.03865018960118953
0.005414803171278371
6636608968121942e-20
0.02689113441538936
8322402152706767e-20
0.0007422982688317766
0.06895113431006467
11000979907027574e-22
0.06766988914375903
0.05461460713376924
0.0018219940707411054
0.0004885243771437703
7563074995222304e-24
0.0010172807582479767
1073943082347161e-23
0.009921124181670309
0.027901026299975134
0.0009024072952882331
0.0003409751459899344
0.00015045777242441273
26725861017985538e-22
0.006055035432660461
0.014872029829525494
0.021752176529617237
11069414789692047e-24
0.055711320387857456
0.06158129760963062
0
0
8176688523386602e-20
6712028190919463e-20
10336362208848195e-22
7552901791793613e-22
0.0001769562118598082
0.010062905426580521
0.005337389539173002
1520423324272623e-23
0.00018221443712388268
7328631484980571e-21
0.04693977202875715
0.012703174147296315
0.0818169731824648
3845633094293416e-22
0.05296427318484093
0.007581109505607245
0.00012243691337283284
0.10651992263828987
0.00030255358672347
16523107011762604e-29
8600880109664127e-20
3793602101856217e-21
0.00012468732376833114
0.01734660717056617
0.003469134753530116
0.00015494411950660512
0.000141110392508111
381861131097187e-23
0.0006042413329726524
0.02136683240437322
13347306991129925e-24
0.0017999264075801971
0.0018448322421480948
4418379245260655e-20
0.08785797953122079
4583430110436145e-20
0.10836706596478111
0.004704430185786462
0.11835693223363716
0.003079809271797417
0.0006727640240031722
0.0005686961240871125
47368288787568245e-21
0.09037293550970975
11919482566718505e-21
22529298800741197e-21
0.008175756798892332
0.006319911510732017
21999712544695187e-24
8736112015323485e-20
0.003038579489524568
0.09961890419736827
0.028585430004984896
0.0001000944396605466
0.022385580695630604
0
0
0.08910755144196082
0
0.10207159231382822
0.11328861946028974
0.107367120075601
0.04674641404329325
0.02810477420015465
0.05737910909287171
0.10711701159952994
0.056967619764343606
0.11254423772047041
0.12633475422418933
0.0007942318186240175
0.015638340933521306
0.10434378234972022
0.12233609457270028
0.10162393676054801
0.0003068495456028636
0.02568660122967111
0.12417199131445769
0.09001831200459014
0.11324823816859474
