2.9076560395408695
7187728318603025e-64
30409721564932744e-46
0
12254979877967806e-25
6804664443494543e-30
12273781721372183e-25
0
1231426418132079e-24
0
0.0006684394515061008
0
12.227701216632886
0
10.886821558512647
0
35.051446790784304
25.143489821016914
0.0007212663698574866
23820830180300875e-22
4424659628941492e-135
2.3123488046382707
0.0655676497506834
10725750922350352e-48
0
4203044266972867e-37
3894271001844131e-39
0.000748136202108291
0.0037484453990421275
0.003510940152154599
0.006511316082865277
5421389333559226e-22
14889808087708993e-27
0.0006697608258269021
8160697170593174e-22
3190982196224541e-23
10829416038227982e-31
5604997707622294e-37
11147826252152033e-37
3.3917567317300437
3.3649820066847
0
1.1815574622810623
0
2.8094606657343766
2.8270118777455604
3.8508157262689973
0
4.443005281071619
0
4.370026973721596
0.42652315311960276
14.252667664355561
16.40747417429845
0.2342044808754365
33.9434570528797
13.974187916092664
0.8585107825036695
59830752046496995e-22
0.008184354739496216
0.12180102196515619
29.94794127051536
0.30348122004054245
0.3012031052030424
1.8958839525789357
0.21725634906838628
19.23288112144971
0
19.300698940229548
0
14.639910582180008
0.00039129073938104074
0.0003991432441016162
0.0007460059296467028
0.0007470417993001937
0.04327244814317682
0.017500762385742646
0
0.0007598596694697616
0.23819176380674115
0.034218022075591485
0.0141968950179633
0.060692643618219
0.0003410346390382418
8910800528447849e-20
0.0007247688014652602
1.7306252396505954
0.41757198493075876
0.001946057136977909
8308988059565693e-20
0.0005839456446311844
0.0012986061529862711
0.00366944818651467
1091399074230624e-23
0.053962442929390016
1.3304163555455526
0.014199019952504137
27279247124923355e-28
42170807006448353e-23
4023510591532857e-21
0
0.5156661575673385
0.18606400877106494
0.14265417677391792
0
0.15362891439405205
0.004490168128872038
0.049300879014768643
0
0.0003176967801831867
0
0.1700725548313369
0.25736985031967935
0
0
0
0
5101009067468755e-22
0.4680990647027387
7618432611199883e-23
7538513888818792e-23
0.2549145812894436
0.07654616862633423
0.2009262005904884
0.44904150127059433
0.0004243841381037632
0.3502057819160896
0.0008285494908328049
0.37987935306001563
9985030680721259e-22
52037783016523436e-21
0.5176689641344163
0.00038610515542370925
9347339658898502e-44
0.1029451525560601
0.00016371118990844737
0.12784354625615466
0.013958025811170971
0.03110855970220876
0.00027606910177997
0.0015836351922504626
0.19053161733594018
0.20048889205997428
0.15149796680364583
50723090982561976e-46
0.04187909855660377
0.04189914999163289
0.33265195393375174
0.4430778289206286
0.00011635900121589302
0.4432664091141402
0.7017850072356268
9.68230132693394
1.8614766123564075
2.5679336529838417
0.12948090918560043
0.40153783834329665
2.895213534724261
3.149678330496091
0.8174065290866261
4.796800292619705
5.665140895838963
1.5700950969427188
1.9892848392931437
2.495041723542985
0.7999492336919446
25.271914668431286
618.5598088184483
5.630649737099636
1363.7585045451563
1.1152038705384897
23.217541802422705
1.1537387429543058
44.59158841911492
1.3064538503173846
1.7911050684257963
1.1152029213560606
0.6934436623427308
1.0040993423221136
4.016724222253464
0
0.0004749706502849997
12205356439184416e-24
0
0.00035172056861114805
0.0003286809243730297
0.0003372287102694675
0.00010785242202265015
0.0003549861077903892
0.001051537981120007
0.00017825241272115237
0.0008327732427389207
0.00010771946318011963
0.0003121618480297123
0.0005178514568251588
0.0019687519073255584
0.00029008180896724674
0.0007509340833002144
0.00037755028736038065
0.0007764605148077396
0.0016464353398406217
0.0016294594621360464
0.0013959728266891437
0.0008523451973058607
0.0007322335872655666
0.0019747496407689718
0.007341849709738255
0.01621435058983178
0.06304689655296394
0.03680116845606408
0.08974650979626984
9118361416238956e-20
0.00975966253031665
0.12602383131650985
5447322724780188e-21
0.06373952916519768
0.010965114249588636
0.002038059338783106
5556826080995768e-21
12044206152149422e-22
0.08271597320965067
0.07422890311953406
0.0040316110569402035
0.029016813068067287
0.018931416630159188
0.005782336366097346
0.01183816665398209
0.0004824447148243146
0.10090425662508652
15699129958253594e-25
0.05848740270892194
0.0004027374311727365
0.009459109744542222
0.011012652910686607
0.00015701523541600598
0.00017082005597338144
0.07772682502937996
0.0005194866263877843
0.0523101222937265
0.1265014849527986
12609119483590873e-22
2586153352073951e-21
0.00014468688276646888
11840040505654349e-21
0.0005938193571925073
1532516848495292e-20
14120531002662808e-23
10044021796941723e-22
1907630163551691e-20
0.06578019771930696
0.06621226876376166
4343451990884335e-20
0.000293558316525673
0.016950909224275352
0.008039093561392882
0.07490501513939064
0.010364005446939767
27827407352205986e-21
0.09988182980578511
0.03576618192208716
8240508925472503e-22
0.12593733015936973
45711157815974666e-23
0.0034517609859093575
0.0010091028004763408
2299456595295109e-27
0.10936097157518786
0.08019678089124938
0.017235571994285392
0.1256876150734119
0.054603568287887906
0.008599397302910762
0.12135156439893387
20535640167525022e-26
5764729181656954e-21
0.0005092028053820433
9119107508242922e-20
0.09891633533930141
8473111446388209e-22
0.0001287384375801189
0.11390052466993104
0.0009369037584415772
0.01159722285463533
12228685486705727e-21
0.10226817475736664
0.07947980996148588
0.021899209991912576
27446494693000635e-21
0.00015340568246031318
1200667690043628e-22
0.013450128265362788
0.11031721245702766
8326801702389489e-24
10254840805089177e-21
9138693799799876e-21
9648499270931119e-20
12086862404642459e-21
0.11168728702802226
0.11237742461939475
0.004509158991331811
0.0014665548174311387
0.0386498465099144
0.005414797148854237
6636608879071718e-20
0.02689097525015699
8322402012663811e-20
0.0007422981572084565
0.06894988792185754
11000979904581203e-22
0.06765780086789679
0.054603568287887906
0.0018219933961113545
0.000488524328832446
7563074995210739e-24
0.0010172805484367647
10739430823448287e-24
0.009921103684909796
0.027900854353393158
0.0009024071302417142
0.00034097512246463504
0.00015045776784638863
26725861003546917e-22
0.006055027887373416
0.01487198305101136
0.02175207418795624
11069414789667273e-24
0.05570017755629205
0.06158033857621558
0
0
8176688388205212e-20
6712028099833581e-20
10336362206688482e-22
755290179064046e-21
0.00017695620552674355
0.01006288433056729
0.0053373836890785835
15204233242679505e-24
0.0001822144304087513
73286314741234754e-22
0.04693924926480034
0.01270314025114176
0.08181508853320618
38456330939944696e-23
0.05296359066008228
0.00758109762291613
0.00012243691034146838
0.10651605730574908
0.0003025535682032681
16523107011762604e-29
8600879960091144e-20
3793602098947063e-21
0.00012468732062448818
0.01734654302199046
0.0034691322958449677
0.00015494411465143254
0.000141110388481358
3818611310968924e-24
0.0006042412590387046
0.021366733783317923
13347306991093916e-24
0.0017999257492361583
0.0018448315504533462
44183792057930745e-21
0.08785572125959189
45834300679646195e-21
0.10835452625238896
0.004704425649548821
0.1183513560489309
0.003079807337022701
0.000672763932331448
0.0005686960586026088
47368288333946404e-21
0.090360002240915
11919482537998224e-21
22529298698132886e-21
0.008175742953913389
0.0063199032843026985
21999712544597355e-24
8736111861009435e-20
0.0030385776064350777
0.09961573350301882
0.028585249087164175
0.00010009443763470687
0.022385472077169885
0
0
0.08910520880240205
0
0.10205877795604607
0.11327643839991793
0.10735452451114211
0.04674589598412286
0.028104599609067877
0.05736781378288489
0.10710440285064757
0.056956361444052174
0.11253199232128976
0.12632644982465255
0.0007942316908158899
0.0156382890833409
0.10434015250246936
0.12232518609363804
0.10162057916302845
0.0003068495265527528
0.02568645660548094
0.12416157416009513
0.09001590620512166
0.11324351488637427
