2.9076045111323516
7247109124586976e-64
30516548646612295e-46
0
12256937630325435e-25
6805710105347545e-30
1227574132696196e-24
0
12316239130970182e-25
0
0.000668441545406712
0
12.219957955695506
0
10.886814257962934
0
35.05157794790317
25.143583998242352
0.0007212114101430782
2379544244654344e-21
44313938930179124e-136
2.3123961218610605
0.06557897592114242
10763676049598004e-48
0
42092195840661856e-38
39001183860633215e-40
0.0007481366965417851
0.0037484473351488377
0.003510942746104141
0.006511320303444657
542138150212254e-21
1489024289179272e-26
0.0006697610410467427
8160710651428494e-22
3191021619281077e-23
10829381054639279e-31
5613229273313718e-37
11195010693719388e-37
3.3887111369001874
3.3648321420494023
0
1.1815747272534745
0
2.811579068627466
2.8261345319315407
3.8508317149785087
0
4.443034089032676
0
4.370028349695993
0.4262454235937779
14.277423112076937
16.438298978814277
0.2344084862958362
34.240906646931016
13.978630705009735
0.8585270713192122
6105796932524928e-21
0.008186333592769742
0.12185666352261434
29.94808595012847
0.30348817191563393
0.30135408615723575
1.895907151064813
0.21726662156685628
19.24213955495522
0
19.301559721067935
0
14.639004953885047
0.00039164857023828175
0.00040624501780136266
0.0007464316986492155
0.0007512676744278564
0.04327438513557914
0.01750279239226259
0
0.0007602544248816657
0.2378644183464396
0.03422121467032379
0.014197501527972464
0.06071897918188089
0.00034131832671775643
8918380272021092e-20
0.0007247846404165458
1.7307315250783288
0.41757500506886347
0.001946166891999722
8309863473702813e-20
0.0005842729645997239
0.0012988288008825234
0.0036697225361887104
10914242170342874e-24
0.05396604429458449
1.330415740932954
0.014200265509693572
27280790833894193e-28
4217060448698486e-22
4023916615848676e-21
0
0.515676083249933
0.18607335538133557
0.14272071018449345
0
0.15363317220859388
0.00448793728585343
0.049295763567835695
0
0.0003174027117933284
0
0.1700730646358426
0.25737756700468833
0
0
0
0
5101269111563183e-22
0.46810055830727304
761836238620878e-22
753843832510072e-22
0.25491955257510707
0.07655212624167745
0.20092792912437324
0.44904584339873804
0.0004245801219112936
0.35021535183473246
0.0008285640862486832
0.3798859336089741
998504762857212e-21
52061684833943205e-21
0.5176691525059843
0.0003861260911278744
9361355292732522e-44
0.1029260510739145
0.000163715974708311
0.12784545131070044
0.013959386089353576
0.031110599836125973
0.0002760783262888677
0.0015838680909421574
0.1905338631876941
0.20049950584675835
0.15150909146613825
5080133626475288e-45
0.041883876889382776
0.04190206785434439
0.33265696034942005
0.44308200326364616
0.00011636325487471835
0.44327132857884305
0.7018198450207982
9.682986944057212
1.861482024024547
2.5679432438210337
0.1294816269379938
0.4015631865893904
2.8952274171312236
3.149696102445843
0.8174089754631898
4.797106638854549
5.665583935369306
1.5702213362729023
1.9892978185772963
2.495241405185458
0.7999890618788483
25.27534513400499
618.5598269747746
5.630649750844889
1363.8082592741885
1.1152038712234627
23.21754182937769
1.1537392409897511
44.59160321502386
1.3064538422829348
1.7911050764753569
1.1152029220411845
0.6934492445723306
1.0041009622754902
4.09574878463332
0
0.0004750017015669253
12205177753261567e-24
0
0.00035176078999907387
0.00032874714860568164
0.0003372951128556715
0.0001078761337444328
0.00035505446593880327
0.0010516956331283406
0.00017829137965742197
0.0008329298840424158
0.0001077432757665679
0.00031222344296090584
0.0005179476308780575
0.0019690867566157467
0.0002901400949187273
0.0007510670926748403
0.00037762263022390516
0.0007765965266422917
0.00164668082366502
0.0016297388583665843
0.0013962371498808985
0.0008524942194715613
0.0007323657523440784
0.0019747498428748537
0.007341852548529333
0.01621436482494963
0.06304715458407878
0.0368012471979437
0.08974711825337858
9118361459093364e-20
0.009759667583978256
0.12602587232193405
5447322726309232e-21
0.06373979377174052
0.010965120652589326
0.0020380595540956874
5556826082586904e-21
12044206152896912e-22
0.0827164669660909
0.074229281727748
0.004031611904471639
0.02901686066089526
0.01893143620759899
0.0057823381186911365
0.011838174137531472
0.00048244472683456097
0.10090753123724656
15699129958254866e-25
0.05848762011145011
0.0004027374395403168
0.009459114487343327
0.011012659370281697
0.00015701523668695664
0.00017082005747770157
0.0777300419613893
0.0005194866403146205
0.052310291534684986
0.12650376635505897
12609119484410128e-22
25861533524185856e-22
0.00014468688384563385
11840040512878187e-21
0.0005938193753939829
15325168497055467e-21
14120531002765548e-23
10044021797461556e-22
19076301654269406e-21
0.06578048234604209
0.06621255775592014
4343452000606694e-20
0.0002935583209700053
0.016950924819037386
0.008039096972211002
0.07490540210423216
0.010364011156501783
27827407392110992e-21
0.0998826442045641
0.035766256011714785
8240508925822414e-22
0.12593978354866533
45711157817051356e-23
0.0034517616061088816
0.0010091028531017628
2299456595295109e-27
0.10936415226580269
0.08020002158661477
0.017235588132069123
0.12569010846417472
0.05460638199535351
0.008599401212437408
0.12135315209103612
2053564016752524e-25
576472918336938e-20
0.0005092028187625413
9119107551104344e-20
0.0989171275923817
8473111446758152e-22
0.00012873843843444924
0.11390175348767427
0.0009369038037963547
0.011597230031256326
12228685494411597e-21
0.10226904663763349
0.07948025708172517
0.02189923644696186
27446494731820606e-21
0.00015340568367348814
12006676900510564e-23
0.013450137974718552
0.11031831420629844
832680170239306e-23
10254840810508155e-21
9138693804103424e-21
9648499318914202e-20
12086862412170624e-21
0.11169042578438783
0.11237859701003683
0.004509160053047188
0.0014665549287332057
0.03864993396724487
0.005414798684033647
6636608901771568e-20
0.02689101582298025
832240204836225e-19
0.0007422981856624279
0.06895020563734505
11000979905204808e-22
0.06766088209306124
0.05460638199535351
0.0018219935680816386
0.0004885243411475166
7563074995213687e-24
0.001017280601919873
1073943082345423e-23
0.009921108909748304
0.02790089818430738
0.0009024071723138267
0.0003409751284614842
0.0001504577690133757
2672586100722748e-21
0.006055029810746542
0.014871994975338799
0.021752100275889766
11069414789673586e-24
0.05570301777105545
0.061580583042627715
0
0
8176688422664388e-20
6712028123052341e-20
10336362207239015e-22
755290179093441e-21
0.00017695620714110917
0.01006288970816152
0.005337385180329342
15204233242691417e-24
0.00018221443212050974
7328631476891067e-21
0.04693938252234709
0.012703148891623937
0.08181556894624957
38456330940706745e-23
0.052963764642076396
0.0075811006519388695
0.00012243691111419545
0.10651704260685632
0.0003025535729242646
16523107011762604e-29
860087999821889e-19
3793602099688638e-21
0.00012468732142588722
0.017346559374123015
0.003469132922334919
0.00015494411588906772
0.00014111038950782024
3818611310969676e-24
0.0006042412778852543
0.021366758922831935
13347306991103094e-24
0.001799925917055042
0.0018448317267736791
44183792158537815e-21
0.08785629691156663
4583430078791063e-20
0.10835772262081142
0.004704426805883688
0.11835277745284568
0.0030798078302172647
0.0006727639556995455
0.0005686960752953054
47368288449579446e-21
0.0903632988930802
1191948254531933e-20
2252929872428884e-20
0.008175746483143734
0.00631990538130612
21999712544622296e-24
8736111900345728e-20
0.0030385780864545316
0.09961654173719024
0.02858529520493458
0.000100094438151115
0.022385499765122177
0
0
0.08910580596032416
0
0.10206204431952426
0.11327954335754058
0.10735773511432586
0.046746028042377125
0.028104644114092164
0.0573706928665113
0.10710761681405899
0.0569592310984767
0.11253511367741102
0.1263285666526894
0.0007942317233955408
0.015638302300487728
0.10434107777719707
0.12232796668874295
0.10162143503985717
0.00030684953140882877
0.02568649347164983
0.12416422952068142
0.09001651946292015
0.11324471888260365
