2.9142550469767676
25031100375141834e-65
19407896060062225e-46
0
12000090588672845e-25
6668616874382408e-30
12019171805577176e-25
0
1205992918528112e-24
0
0.000668761089884842
0
14.658845595797482
0
11.047320058059197
0
35.03518745780365
25.131414657830945
0.0007433266263086764
249245911302606e-20
3622810909019408e-135
2.3101587098117675
0.06319309357031
682482775350507e-47
0
3482628171310565e-37
32131894006867723e-40
0.0007482287831341084
0.003748197458705836
0.003512500939012997
0.006512132410780456
5427216032857518e-22
15070067009993333e-27
0.0006700945126299323
8166229027411808e-22
3236587327554919e-23
10843538749127722e-31
4644615001303727e-37
7090972521867675e-37
3.533262056648669
3.4356793467917717
0
1.1792841390800373
0
2.81053940679812
3.054593894441111
3.8487375620297364
0
4.439270785171966
0
4.36980259395602
0.45413497608780556
11.595306714782847
13.148743077933197
0.21065029045659203
25.986253169089796
13.956697825106495
0.8564198408655084
24673317198943e-19
0.008230205501305831
0.12012386817709908
29.871520366492735
0.30170379230442623
0.28267331191375467
1.8929054604259017
0.21587950769721073
18.132984677211983
0
18.626708272353653
0
14.642761649083345
0.00036500558732978827
0.00036530628690124503
0.0007270322850070572
0.0007270630535735778
0.043108198415960315
0.01728829805218621
0
0.000704665315645753
0.2627473247728837
0.03323413631901497
0.014077344036978972
0.057577736360916516
0.00033808965427466084
8816738558659884e-20
0.000722697772719504
1.6914067319580017
0.417188438149112
0.0019050555353411398
8219585117258033e-20
0.000546585878045009
0.0012516553751366261
0.0035546081887847993
10870780018540864e-24
0.052695460442107676
1.3487274097689637
0.013801374656624532
26589342103865554e-28
4215370486622414e-22
39824858579665114e-22
0
0.5144563892764027
0.18502344899167858
0.1347948897144541
0
0.15308833929436524
0.004693787601480826
0.04990299748921768
0
0.000419447132704323
0
0.1700064497541659
0.2563833925447025
0
0
0
0
5069150396371967e-22
0.46786884190534084
7619614966525156e-23
7547755610902327e-23
0.2542774086222041
0.0751231486447183
0.20070452796407567
0.44848444690828654
0.0004183097529896773
0.3489612806629477
0.0008266679374736558
0.379030963693241
9982858386169245e-22
5130859495742071e-20
0.517653324876306
0.0003784895342919493
7676517405632261e-44
0.10462456368398672
0.00016305998052513302
0.12759979651034475
0.013479059471799162
0.03035402052795982
0.0002748180729093005
0.0015538649264036195
0.19024409148467974
0.19633946298375324
0.14754211159669833
4099232914415639e-45
0.04049894366075233
0.04057820221377107
0.3320098202339176
0.4425425413557102
0.00011583231771089118
0.44269026900174707
0.688380578759613
9.426510472102944
1.8604314038483423
2.5655641505601947
0.1293726498927298
0.39205300169228163
2.8925508032557476
3.145307949590972
0.8170224395215614
4.686238859973968
5.506212421741351
1.53061031080175
1.9878942280021628
2.4231281955859143
0.7842605448841993
24.709539090449947
618.5574836252396
5.630647976808193
1357.401622211617
1.115203782817135
23.217538350421442
1.1536749636110386
44.58969361535034
1.306454876027672
1.7911040375581835
1.1152028336153605
0.6927291301644359
1.0038919037162395
1.7027562970473769
0
0.00046422002355241907
12228003647942958e-24
0
0.0003455834824005345
0.00031332718753218473
0.0003216640934298344
0.00010262659043651476
0.0003390275319973661
0.0010153724873350198
0.0001695943177889842
0.0007952314536888547
0.00010246538685779615
0.000297738652554615
0.0004947393924221944
0.001884349122704869
0.00027655076348625054
0.0007183269278771094
0.0003604504277470511
0.0007430127542934776
0.0015811378885952458
0.001559879740750359
0.0013328230482768221
0.0008156615559691341
0.0006999076662435269
0.001974723758164604
0.0073414861678291355
0.016212527666722504
0.06301386041508183
0.036791085736202815
0.08966862156134582
9118355928072611e-20
0.009759015352631267
0.12576272208078745
54473225289625995e-22
0.06370565129300435
0.010964294277496225
0.0020380317648742642
5556825877226248e-21
12044206056421958e-22
0.08265276443430283
0.07418043245440264
0.004031502518940827
0.029010718717500158
0.018928909604358564
0.0057821119238222396
0.011837208309160326
0.0004824431767294964
0.10048576905698445
1569912995809095e-24
0.05845956763960007
0.0004027363595764593
0.009458502375364995
0.011011825691221364
0.00015701507265125872
0.00017081986332209752
0.07731594563322412
0.0005194848428446981
0.052288452903339395
0.12620965597356537
12609119378672947e-22
2586153307938213e-21
0.0001446867445628183
11840039580530394e-21
0.0005938170262174458
1532516693503583e-20
14120530989505078e-23
10044021730369169e-22
19076299233970178e-21
0.06574375705228454
0.06617526928302331
4343450745786548e-20
0.0002935577473609298
0.01694891219304359
0.008038656765487285
0.07485547484084572
0.01036327427545943
27827402241755186e-21
0.09977758834038988
0.03575669487086183
8240508880661181e-22
0.12562353048170374
45711157678087554e-23
0.003451681560715817
0.0010090960610020714
2299456595295075e-27
0.10895439864896501
0.07978284023394601
0.01723350542705439
0.12536870636894207
0.05424442523187446
0.00859889664241568
0.12114840751266744
20535640167497197e-26
5764728962354395e-21
0.0005092010918058217
9119102019178309e-20
0.09881492753629055
8473111399011434e-22
0.0001287383281699898
0.11374326511683622
0.0009368979500809554
0.011596303814333225
1222868449985016e-20
0.10215657845008104
0.07942257010138401
0.02189582227893993
27446489721505563e-21
0.00015340552709463108
12006676890923126e-23
0.013448884890532455
0.11017620736683968
8326801701931944e-24
10254840111105281e-21
9138693248664362e-21
9648493125959383e-20
12086861440544824e-21
0.11128604897168362
0.11222738295296941
0.004509023024368808
0.0014665405635546438
0.03863864788525012
0.0054146005490506655
6636605972006386e-20
0.026885779780261767
8322397440929339e-20
0.0007422945132475861
0.06890921165027804
11000979824718737e-22
0.06726435986439443
0.05424442523187446
0.0018219713727983292
0.0004885227517002901
756307499483327e-23
0.0010172736991231257
10739430822687196e-24
0.009920434586495698
0.02789524169783843
0.0009024017422750482
0.0003409743544764822
0.00015045761839577277
26725860532194905e-22
0.00605478157482944
0.01487045603598599
0.0217487334842769
11069414788858684e-24
0.05533763850868622
0.061549038900967634
0
0
8176683975177309e-20
6712025126313825e-20
10336362136184231e-22
7552901752995458e-22
0.0001769559987824506
0.01006219567043685
0.0053371927148628375
15204233241154035e-24
0.00018221421119181156
7328631119690907e-21
0.04692218670682202
0.012702033752705948
0.08175358754115823
3845633084235259e-22
0.052941314305003574
0.007580709719839438
0.00012243681138189106
0.10638994959664136
0.0003025529636074525
16523107011762604e-29
8600875077246524e-20
37936020039769497e-22
0.00012468721799302186
0.017344449006605638
0.003469052065079319
0.00015494395615324019
0.00014111025702710103
3818611310872702e-24
0.0006042388454521888
0.021363514525257046
13347306989918308e-24
0.0017999042575691598
0.0018448089700545934
4418377917364558e-20
0.08778203130885688
4583428681471697e-20
0.10794596023535862
0.004704277565383844
0.11816946436446928
0.003079744176504948
0.0006727609396928607
0.0005686939208494046
4736827352535477e-20
0.08993880750593117
11919481600417947e-21
22529295348460116e-21
0.00817529099412656
0.006319634736422719
21999712541403534e-24
873610682339168e-19
0.003038516133167333
0.09951228082775648
0.028579343610246912
0.00010009437150070609
0.022381926490857525
0
0
0.08902876658490091
0
0.1016413324915258
0.11287950322286544
0.10694414976077608
0.04672898697073067
0.02809890063670645
0.05700029425755188
0.1066936012821763
0.056590050222687815
0.11213296919054384
0.126055650282905
0.0007942275185001693
0.015636596516158154
0.10422172458821383
0.1219696098526114
0.10151103048657366
0.0003068489046579577
0.025681735761223155
0.12382198317115334
0.08993740360410409
0.11308943034216186
