2.9184374183237187
1286568961328941e-64
1460072278585335e-45
0
11840153479474756e-25
65829588205023105e-31
11859027813926878e-25
0
1189936745070242e-24
0
0.0006694083990494338
0
16.13243266697228
0
11.30715313816021
0
35.02634983615628
25.123747190327993
0.0007527973385156759
24861755106914066e-22
31875282429149e-133
2.3087732530015193
0.06156694975376626
5124093226262616e-48
0
30913912857140883e-38
28442134092198098e-40
0.0007485194235887886
0.0037480403250888636
0.0035158150066321304
0.006514668623656445
5434519003004921e-22
1528636703176727e-26
0.0006707497016504526
8175162833223239e-22
32875310390954053e-24
1085971403937612e-30
4122998599774047e-37
5726325002027044e-37
3.5365363357053905
3.4741409214229755
0
1.1777340522011028
0
2.8449483188459856
3.1478906265505024
3.847398646433223
0
4.4368446759428695
0
4.369651863055713
0.46532796011797756
10.474716239537145
11.803777995793356
0.19821689486998054
24.028751550781713
14.004046638444612
0.8550971933231495
1825055504446102e-21
0.008277205200029515
0.12002365436405227
29.751337746673542
0.2997297270747312
0.2718325417470578
1.891017428481428
0.21493869686537842
17.524540728578145
0
18.007349188940054
0
14.60750412446978
0.00035327932527444097
0.000353519211688583
0.0007216789253878647
0.0007216956049925211
0.04301628929640369
0.017171603415610782
0
0.0006723846739551837
0.2716631478434357
0.032509459587967256
0.013993841055779837
0.05587286500070406
0.0003406194730638878
8872799645548433e-20
0.000721317336645266
1.6616882538530506
0.41695382202038755
0.0018748932604748195
8171510194006194e-20
0.0005264994682503899
0.0012161755529747217
0.0034534397534606775
10839955914155676e-24
0.05174100431003181
1.3783339067644902
0.013507297200919734
26072840193163044e-28
42129135585709864e-23
3960651321162288e-21
0
0.5137329426496696
0.18412918335697137
0.13049600575784293
0
0.15275577131867338
0.004757419996896453
0.05022820837023184
0
0.0004918211650272106
0
0.16996381382100237
0.2557600385987863
0
0
0
0
5065915303807537e-22
0.4676748071333414
7617806960266161e-23
7552892027092587e-23
0.2538730264293957
0.07409002558515494
0.20056373426507706
0.44813360752110815
0.0004178493085967306
0.3481393767192118
0.0008254619267820031
0.3784870807511571
998147965705442e-21
51259916652931435e-21
0.5176533771323085
0.00037290151796017017
6773741990751827e-44
0.10511480372998927
0.0001625966524187541
0.12744553861360444
0.013119633807286233
0.02976948737616724
0.00027393565117956253
0.0015352897924508081
0.19006195059175343
0.19316940284298434
0.14456960484051432
3572868488060803e-45
0.039496626476908506
0.03957782228418203
0.33160157395358686
0.4422025621861285
0.00011550007978979203
0.44234631349606723
0.6781226176293444
9.23366065636767
1.8593308720853092
2.562669688094724
0.1292838588366501
0.38486589515453806
2.889763630801547
3.1399863438595195
0.8166915313839503
4.604119858303336
5.390056612155146
1.501330977173118
1.9866289911615302
2.370732228511365
0.7722526077392762
24.409537346488737
618.5560099503449
5.630646861156986
1353.3880568209725
1.1152037272204027
23.217536162584928
1.15363454285771
44.58849275325621
1.3064555255071577
1.7911033842045674
1.1152027780063658
0.692276636397399
1.0037604537161646
1.2661937865047572
0
0.00045570209706860673
12242049826768235e-24
0
0.00034059799763535924
0.00030270367032930577
0.0003108732325145562
9904066507398713e-20
0.0003279780706764824
0.0009900584417857432
0.00016364813133667698
0.0007690843814493612
9886203851320368e-20
0.00028774104510058917
0.00047863988255938413
0.0018251086650023021
0.00026718612742771225
0.0006955280074152144
0.00034857182809182595
0.000719606882849453
0.001534940361094623
0.001511098989125909
0.0012888859452231116
0.0007899889184886819
0.0006773306842220161
0.001974707354257664
0.00734125576867045
0.016211372426144434
0.06299293147219416
0.03678469686019454
0.08961929193828123
9118352449740663e-20
0.009758605201436505
0.12559751435882047
5447322404855779e-21
0.06368418922920176
0.010963774620817367
0.002038014289056455
5556825748079586e-21
1204420599575105e-21
0.08261272848471891
0.07414972871938812
0.004031433730378343
0.029006856854305568
0.01892732085352421
0.005781969679524862
0.011836600961934644
0.00048244220190608465
0.100221435735406
15699129957987877e-25
0.05844193296722116
0.0004027356804131356
0.00945811745229516
0.011011301441669185
0.00015701496949301177
0.00017081974122214912
0.07705666047369733
0.000519483712459765
0.05227472375269818
0.12602504693806016
12609119312177225e-22
25861532799655146e-22
0.00014468665697107928
1184003899419802e-20
0.0005938155488782946
1532516595271715e-20
1412053098116586e-22
10044021688176287e-22
19076297711898972e-21
0.06572067184931166
0.06615183016337689
43434499566587666e-21
0.00029355738663174963
0.016947646620540335
0.008038379941796351
0.07482409376183904
0.010362810894498063
27827399002813577e-21
0.09971157768905442
0.03575068339509068
8240508852260306e-22
0.12542505297112772
45711157590696385e-23
0.0034516312229320085
0.0010090917896278429
22994565952950533e-28
0.1086975005579181
0.07952159652243412
0.017232195789949504
0.12516700494524763
0.054018028669315946
0.008598579344921952
0.121019825250707
20535640167479563e-26
5764728823363078e-21
0.000509200005764859
9119098540277049e-20
0.0987507103252244
84731113689846e-20
0.00012873825882721735
0.11364370834054036
0.0009368942688306697
0.011595721375378464
12228683874393044e-21
0.10208591311210606
0.07938631351281386
0.02189367545863739
27446486570632392e-21
0.00015340542862581657
120066768848938e-21
0.013448096914066999
0.11008693336704939
832680170164195e-23
10254839671266676e-21
9138692899361336e-21
9648489231352413e-20
12086860829511402e-21
0.11103249575144615
0.11213239208884275
0.004508936852269715
0.0014665315296913102
0.03863155201195232
0.0054144759501613075
663660412954409e-19
0.026882487473797616
8322394543420454e-20
0.0007422922037583843
0.06888344394460229
11000979774102867e-22
0.06701618708625799
0.054018028669315946
0.0018219574148258997
0.0004885217521355817
7563074994594038e-24
0.0010172693581346013
10739430822204826e-24
0.009920010543351584
0.027891685048995217
0.0009023983274633952
0.0003409738677357464
0.00015045752367585124
26725860233457655e-22
0.006054625470096549
0.014869488313451496
0.02174661645220438
11069414788346214e-24
0.05510908829900113
0.06152920978128111
0
0
817668117825467e-19
6712023241733539e-20
10336362091499476e-22
7552901729136512e-22
0.00017695586775053553
0.010061759230350142
0.005337071681245316
1520423324018721e-23
0.00018221407225489484
73286308950558216e-22
0.04691137587460447
0.012701332517239155
0.08171463289151795
38456330780499875e-23
0.05292720067087521
0.007580463881822536
0.00012243674866254555
0.10631010136200601
0.00030255258042253993
16523107011762604e-29
8600871982559913e-20
37936019437860368e-22
0.00012468715294647965
0.017343121975779675
0.0034690012167480785
0.00015494385569908084
0.0001411101737130413
3818611310811716e-24
0.0006042373157551478
0.021361474449439137
13347306989173224e-24
0.0017998906365426072
0.001844794659013214
4418377100774293e-20
0.08773535951031161
4583427802729417e-20
0.10768781399111574
0.004704183713838929
0.11805432836632312
0.003079704146800962
0.0006727590430014994
0.0005686925659713599
4736826413985034e-20
0.089672876421737
11919481006190921e-21
2252929322547816e-20
0.008175004560398614
0.006319464539922398
21999712539379317e-24
8736103630611788e-20
0.003038477172795326
0.09944676940096416
0.028575601421848177
0.00010009432958579642
0.022379679631758284
0
0
0.08898035238529564
0
0.1013776450446538
0.11262865092926999
0.10668487174825832
0.04671827340872813
0.028095289295061315
0.05676858476482472
0.10643405635140474
0.05635910728871346
0.11188080599625627
0.12588432142333547
0.0007942248741481205
0.01563552388233122
0.1041467360068485
0.12174478523833193
0.1014416610067119
0.00030684851050918747
0.02567874419626832
0.1236072355354449
0.08988768505116677
0.1129918819800779
