2.9196803367968087
10563195916109927e-65
1341660286463727e-45
0
11793023198957015e-25
6557700728680189e-30
11811822498186673e-25
0
1185200683688899e-24
0
0.0006696691162905769
0
16.529221863415128
0
11.402940629916868
0
35.02407318627311
25.121466511814788
0.000754847079110746
24808832788352854e-22
306848078491408e-134
2.3083404288774685
0.06109102188043792
4705649721909863e-48
0
2983829245432776e-37
27429029398740142e-40
0.0007486428196400202
0.0037479936292248127
0.0035171584806920667
0.006515744560574415
5437245994265378e-22
15356409646049388e-27
0.0006710128563256732
8178654209022658e-22
33039353768418925e-24
10865635810317007e-31
39795851090966324e-38
5415845312610849e-37
3.5348336591754155
3.4823177769793703
0
1.1772548848940823
0
2.8570374747320324
3.1675286381465053
3.846998704284972
0
4.436114921102215
0
4.3696063799930025
0.46850933793623173
10.21832081005586
11.498442210516442
0.19485973255499553
23.592134941686922
14.022135351693926
0.8547046144877855
16988617762046662e-22
0.008291937788965384
0.12007161179570049
29.70597680962591
0.2990505008434469
0.26875283746494527
1.8904560502889651
0.2146499780050364
17.356045958399122
0
17.826413012406892
0
14.593932964255226
0.0003502767275688246
0.00035050167116575624
0.0007206532642857858
0.0007206666921122189
0.042990275921885396
0.017139216952983132
0
0.0006633539001433162
0.2740149335507269
0.03229309743903714
0.013968856143510356
0.05540388701558835
0.0003416370179080477
8896466322188407e-20
0.0007208967922759204
1.6527515088807154
0.41688609710633634
0.0018659787851471766
8158321543284662e-20
0.0005210116309939153
0.0012055022225206907
0.0034220731156043276
10830891898926966e-24
0.05145431376827396
1.3892272474721428
0.013419457320582352
25920718542027154e-28
42122143388243407e-23
3954696199262158e-21
0
0.5135229818383941
0.18380705562225272
0.1293129575967575
0
0.1526591771907602
0.0047695118859677815
0.05031686715867223
0
0.0005129578082588253
0
0.16995104710922293
0.2555750664078765
0
0
0
0
5066010383773569e-22
0.46760961525662853
7617313104057689e-23
7554306053300519e-23
0.2537527675333214
0.07377918920431818
0.2005218414222291
0.4480296643137315
0.0004179885112547947
0.34789018231111585
0.0008251013473343627
0.3783244537688621
9981069626004859e-22
5127894810728506e-20
0.5176550279466705
0.00037125042382137263
6527183383699485e-44
0.10520410943629806
0.00016245103469609363
0.12739973022581325
0.013011962345624264
0.02959158373747434
0.00027365955999907255
0.001529819201773163
0.19000783475868896
0.1922140110630527
0.14367858578544224
3430007967371102e-45
0.039198744576934355
0.039279486317134564
0.3314800497627739
0.4421014188598335
0.00011540047420848384
0.4422448016014171
0.6750258704099276
9.175869102337161
1.8589352314116103
2.5615962977111315
0.1292543188535058
0.3827060450432653
2.888763508996507
3.1380153023636987
0.8165795068012401
4.579679192540282
5.355788252745951
1.4925639860424724
1.9861864762676873
2.355305160942754
0.7686308254938421
24.324969951205645
618.5555720038385
5.630646529607442
1352.1975931464328
1.1152037106981483
23.217535512403003
1.1536225308781014
44.588135886903366
1.3064557185457846
1.7911031900402088
1.115202761480468
0.6921422191779795
1.003721392670596
1.1795406803755493
0
0.0004530715691127151
12246173007365765e-24
0
0.0003389686614494042
0.00029958889302211117
0.0003077083047180959
9799031260076807e-20
0.0003247380542161505
0.0009825791173094422
0.00016190661264186128
0.0007614075197067363
9780694866365647e-20
0.0002848088834571705
0.000473913487302649
0.0018076987179778301
0.0002644403306436915
0.0006888296900133737
0.0003450860078164768
0.0007127284617383327
0.001521354410893511
0.0014967605801478377
0.0012759907420767844
0.0007824444627980422
0.0006707008666404789
0.0019747024793655456
0.007341187299967467
0.016211029127241726
0.06298671314209207
0.036782798425803225
0.0896046373763459
9118351416049104e-20
0.009758483315894038
0.12554845971840428
5447322367973675e-21
0.06367781251988693
0.010963620193824346
0.002038009095616135
555682570969974e-20
12044205977720853e-22
0.08260083432661182
0.07414060662323183
0.004031413287997272
0.029005709283641275
0.01892684873373915
0.005781927407992933
0.011836420476295658
0.0004824419122081268
0.10014301518206457
15699129957957246e-25
0.05843669331498175
0.00040273547857937956
0.009458003063751844
0.011011145649828013
0.00015701493883642356
0.0001708197049364637
0.0769797737587964
0.0005194833765320781
0.0522706444141209
0.12597023683083533
12609119292416e-19
2586153271652579e-21
0.0001446866309405481
11840038819951582e-21
0.000593815109842875
1532516566079138e-20
1412053097868761e-22
10044021675637394e-22
19076297259569378e-21
0.06571381294377474
0.06614486611854377
4343449722145545e-20
0.0002935572794302203
0.016947270535508478
0.00803829767707957
0.07481477045858062
0.010362673190787396
2782739804026393e-20
0.09969196904113543
0.03574889709758218
8240508843820126e-22
0.125366129825007
45711157564725455e-23
0.003451616263674593
0.0010090905202629495
2299456595295047e-27
0.10862127231729854
0.07944412503995085
0.017231806610753443
0.125107125823171
0.05395093037109815
0.008598485052606636
0.12098163944373524
20535640167474323e-26
57647287820575945e-22
0.0005091996830152999
91190975064163e-18
0.09873163427881668
8473111360061215e-22
0.00012873823821991695
0.11361413882494263
0.0009368931748383039
0.011595548291619693
12228683688519498e-21
0.10206492218744619
0.07937554195862495
0.021893037506456124
27446485634254952e-21
0.0001534053993628345
12006676883102005e-23
0.013447862751864385
0.11006041683637359
8326801701555772e-24
10254839540555299e-21
9138692795555353e-21
9648488073952155e-20
12086860647924297e-21
0.11095725613214621
0.1121041781733851
0.00450891124393479
0.0014665288450156013
0.03862944350921272
0.00541443892237562
6636603582000645e-20
0.0268815091428057
8322393682338018e-20
0.0007422915174250192
0.06887578814686214
11000979759060824e-22
0.06694261165975496
0.05395093037109815
0.001821953266811738
0.0004885214550850118
7563074994522941e-24
0.0010172680680817945
10739430822061475e-24
0.0099198845295662
0.027890628170347504
0.0009023973126510514
0.0003409737230861106
0.00015045749552696576
2672586014467882e-21
0.006054579079617166
0.014869200737493659
0.021745987351647685
11069414788193917e-24
0.055041349791957815
0.06152331818849007
0
0
8176680347064478e-20
671202268167346e-19
10336362078220045e-22
75529017220461e-20
0.0001769558288104472
0.01006162953259246
0.005337035712964657
15204233239899887e-24
0.00018221403096559732
7328630828298694e-21
0.04690816358810495
0.012701124131317664
0.0817030599141914
3845633076211846e-22
0.052923007101779725
0.007580390825137633
0.0001224367300235963
0.10628638359079949
0.0003025524665476169
16523107011762604e-29
8600871062880158e-20
37936019258984835e-22
0.0001246871336159337
0.017342727627898902
0.0034689861057681714
0.0001549438258460938
0.0001411101489537515
38186113107935914e-25
0.0006042368611600316
0.02136086821659692
13347306988951799e-24
0.001799886588661388
0.001844790406074695
4418376858099762e-20
0.08772149435360985
4583427541584534e-20
0.10761121706469358
0.004704155823367274
0.11802013384057146
0.0030796922508608375
0.0006727584793431761
0.0005686921633288854
47368261350663446e-21
0.08959399859993747
11919480829598345e-21
22529292594569732e-21
0.008174919439864831
0.006319413961754735
21999712538777755e-24
8736102681780651e-20
0.003038465594635629
0.09942730900799909
0.028574489411536553
0.00010009431712951336
0.02237901195291912
0
0
0.08896596971304829
0
0.10129941425963294
0.11255421007056117
0.106607940654843
0.0467150900223711
0.028094216164844792
0.05669990698780787
0.10635704647037608
0.05629065742684719
0.1118059774141281
0.12583345075534277
0.0007942240883004181
0.01563520513084539
0.10412446127741433
0.12167805169895057
0.10142105490087491
0.0003068483933760257
0.025677855229194888
0.12354348858021914
0.08987291497386493
0.11296290874789376
