2.9207183552729545
8961355171909573e-65
1250162527296541e-45
0
1175382033868145e-24
65366861667606145e-31
1177255304101278e-24
0
11812598918589046e-25
0
0.0006699103802336286
0
16.84492541853832
0
11.488354882853029
0
35.022313530988576
25.119561112124675
0.0007563232649503589
24757390521846228e-22
29724972761231652e-136
2.307969878604488
0.06069877341159477
4382474824455641e-48
0
28968726910848075e-38
2661047294706983e-39
0.0007487586996765445
0.0037479546317560988
0.0035184038248152563
0.006516754755894367
5439715177372629e-22
15416211694639143e-27
0.000671256173403723
8181857997368406e-22
3317926067214291e-23
10870965480801162e-31
3863643204398776e-37
5180824973845396e-37
3.5329836092697438
3.488104996881108
0
1.1768484348354877
0
2.8677075126869704
3.181513005650446
3.84666414101456
0
4.435502561920462
0
4.369568201219826
0.4711491026008947
10.027991641498426
11.272360097831452
0.19216783161048268
23.27081091957211
14.03841230646536
0.8543769253342933
1608822772035133e-21
0.008304487368777397
0.1201335270770603
29.665121409349418
0.29845795102995537
0.26623089949941847
1.8899871463594549
0.21440599550036044
17.21941155465057
0
17.67818785355758
0
14.581826011053359
0.00034791393081388505
0.0003481273368023663
0.0007199583185492898
0.0007199693138146401
0.042968945653441754
0.01711291042483443
0
0.0006560184224885599
0.2759106390552885
0.03211359856130692
0.013948047855386104
0.05502473370609992
0.00034256928309076066
8918404937664523e-20
0.0007205422723930733
1.6453205075007677
0.4168303444791861
0.0018586239025387872
8147661855190757e-20
0.000516585768368496
0.0011966391272362192
0.003395823872776551
10823414282633679e-24
0.051215992853155375
1.3989309752508212
0.013346582148391871
2579554114454636e-27
42116640093478156e-23
3949895156567929e-21
0
0.5133492777870187
0.18351865940880577
0.12835618794201903
0
0.1525793992441592
0.004777685988195017
0.050388233827642064
0
0.0005303249421384927
0
0.16994035362884446
0.25542068429039855
0
0
0
0
506642491450895e-21
0.4675525537283402
761695707896531e-22
7555450603690724e-23
0.25365230370743125
0.07352006876280037
0.20048683452417404
0.4479429621867908
0.00041818274854516716
0.34768054077400184
0.0008247994188792853
0.37818827484384465
9980727083376332e-22
5130428065171008e-20
0.5176570000520699
0.00036988824673817136
6328496237426723e-44
0.10526312439698987
0.00016232670546192674
0.12736148547063444
0.012922550086961587
0.029442869631501237
0.0002734242539636768
0.001525268457977822
0.18996264454051537
0.19141901734980338
0.14293858724844577
3315277842650752e-45
0.0389520200185424
0.03903209491038041
0.33137848860316926
0.4420169113216375
0.00011531692514604906
0.4421601270022829
0.6724470098744582
9.127887753585815
1.8585809965225302
2.5606267626394366
0.1292285536258108
0.3809106956499925
2.8878686707456183
3.1362359252994234
0.8164811932542544
4.559447346962237
5.327526553831047
1.485282243167187
1.9857937900487466
2.3425936428932626
0.7656161812708193
24.255789899983736
618.5552062547731
5.630646252715157
1351.204184568731
1.1152036968996526
23.217534969406138
1.1536124992164014
44.587837853560565
1.3064558797859251
1.7911030278844007
1.115202747678929
0.6920299804813821
1.0036887721541852
1.1174905967755422
0
0.000450858399039263
1224959810140933e-23
0
0.0003375613133274055
0.0002970203263738054
0.00030509820289592045
97124202954042e-18
0.00032206626851332006
0.0009763907524913388
0.0001604707036791147
0.0007550745706864388
9693705654020071e-20
0.0002823907634864883
0.0004700147606542109
0.0017933355686405347
0.00026217601864816914
0.0006833032926950346
0.0003422107855918633
0.0007070529634591244
0.0015101478301404938
0.0014849296798216812
0.0012653545169705837
0.0007762194936392505
0.0006652320502386694
0.001974698408127781
0.007341130119088711
0.016210742428083784
0.06298152039854864
0.03678121303086591
0.08959240051289326
911835055276575e-19
0.009758381524829045
0.12550750661053794
544732233717173e-20
0.06367248752546413
0.010963491226395094
0.0020380047583450117
5556825677646962e-21
12044205962663002e-22
0.08259090227951311
0.07413298920046617
0.004031396215702527
0.029004750929303404
0.018926454453781247
0.00578189210532606
0.011836269746532783
0.0004824416702681495
0.1000775695894086
15699129957931665e-25
0.05843231780000018
0.00040273531001878927
0.009457907533669764
0.011011015542573466
0.000157014913233699
0.00017081967463262207
0.07691562091328272
0.0005194830959835577
0.05226723781449184
0.12592448065272663
12609119275912494e-22
25861532647100637e-22
0.0001446866092012559
11840038674430356e-21
0.0005938147431844192
15325165416990726e-21
14120530976617908e-23
10044021665165587e-22
19076296881808107e-21
0.06570808530432823
0.06613905068568784
43434495262927584e-21
0.00029355718990131457
0.016946956455968117
0.008038228974669933
0.0748069850287539
0.010362558189477048
278273972363944e-19
0.09967559591091919
0.035747405346636466
8240508836771343e-22
0.12531694160417495
4571115754303594e-22
0.0034516037705592567
0.001009089460159073
22994565952950424e-28
0.10855765156864534
0.07937948287550177
0.01723148159601333
0.12505713996185985
0.053894957364101236
0.008598406305542589
0.12094975795049726
20535640167469947e-26
5764728747561482e-21
0.0005091994134724314
911909664299165e-19
0.0987157058175254
8473111352608886e-22
0.00012873822100981355
0.11358944985617658
0.0009368922611958598
0.011595403743378837
12228683533287944e-21
0.10204739500678592
0.07936654725749197
0.021892504737445074
27446484852243035e-21
0.0001534053749239744
12006676881605594e-23
0.013447667195345974
0.11003827655451098
8326801701483799e-24
10254839431392207e-21
9138692708862194e-21
9648487107353986e-20
12086860496272545e-21
0.11089445913160222
0.11208062087288938
0.004508889857346012
0.0014665266029230044
0.03862768268962775
0.005414407998960027
6636603124721926e-20
0.026880692120808083
8322392963208476e-20
0.0007422909442368942
0.0688693950895153
11000979746498523e-22
0.06688122733507258
0.053894957364101236
0.0018219498026212555
0.0004885212070045345
7563074994463566e-24
0.0010172669907005185
10739430821941758e-24
0.009919779290875442
0.027889745552988857
0.0009023964651353869
0.00034097360228258297
0.00015045747201853873
2672586007053552e-21
0.0060545403370630795
0.014868960573825094
0.021745461974737212
11069414788066726e-24
0.05498484205290121
0.06151839828023822
0
0
8176679652899321e-20
6712022213941524e-20
10336362067129783e-22
7552901716124573e-22
0.00017695579628979215
0.010061521217301186
0.005337005674382233
1520423323965993e-23
0.00018221399648300998
7328630772546745e-21
0.046905481028224526
0.01270095010125456
0.08169339604369823
38456330746767297e-23
0.05291950511365773
0.007580329812674009
0.0001224367144573533
0.10626657984233885
0.0003025523714454555
16523107011762604e-29
8600870294813299e-20
37936019109597636e-22
0.00012468711747210654
0.01734239829668794
0.0034689734859431535
0.0001549438009144934
0.0001411101282761313
3818611310778456e-24
0.0006042364815069696
0.021360361936806332
13347306988766878e-24
0.0017998832080962784
0.0018447868542573248
4418376655431091e-20
0.08770991660162268
4583427323490423e-20
0.10754728919463488
0.004704132530876242
0.11799158400681987
0.003079682316048425
0.0006727580086065056
0.0005686918270638243
47368259021285104e-21
0.08952817726792882
11919480682117752e-21
2252929206766905e-20
0.008174848352464879
0.0063193717219070696
21999712538275365e-24
8736101889368138e-20
0.0030384559252148867
0.09941105965555991
0.02857356075365767
0.00010009430672669872
0.022378454358826225
0
0
0.0889539598623931
0
0.10123412639018942
0.11249207878454205
0.10654373446759166
0.04671243159599592
0.028093319975774116
0.05664261468549848
0.10629277467147581
0.05623355550463648
0.11174352297088481
0.1257909820704321
0.000794223432003395
0.01563493893177481
0.10410586227549727
0.12162234747790775
0.10140384900022394
0.00030684829555276046
0.025677112835421703
0.12349027575479912
0.08986058166170245
0.11293871756013854
