2.9221159591058203
7183821313003726e-65
11367479814195047e-46
0
1170127573014074e-24
6508513371515527e-30
11719913849915078e-25
0
117597619565452e-23
0
0.0006702683496646162
0
17.247319968515267
0
11.610266835890215
0
35.020160521678896
25.116994667086434
0.0007580004922061823
24680039155123108e-22
28480555024196267e-136
2.307456988244881
0.060179836646223936
39821027380412935e-49
0
27837825212211266e-38
2554658698637877e-39
0.0007489328394457305
0.0037479021255396984
0.00352025419678809
0.006518272576624002
5443309834295401e-22
154981245589979e-25
0.0006716169212721918
8186577197267423e-22
33370775990099247e-24
10878682671799532e-31
3712854059141717e-37
4893909748494391e-37
3.5300864261466796
3.49453055824428
0
1.1762926176426578
0
2.8828144656044907
3.197245921118154
3.8462129938974727
0
4.43467407922217
0
4.369516552596058
0.47468735287288905
9.803111270521702
11.005871837902994
0.18869870580025164
22.895036955959302
14.061816822185218
0.8539359637910436
15057216268668801e-22
0.008321703952134272
0.12024443380847936
29.606227829211605
0.2976294009840421
0.26290731519962074
1.889355740281159
0.214073693980838
17.041119451924036
0
17.483414574304675
0
14.564636659695113
0.00034492344842992445
0.0003451225535430386
0.0007192287755150422
0.0007192368671570302
0.04294075130553482
0.017078507884073096
0
0.0006464423448523624
0.2783798443208377
0.03187464779435237
0.013920195614179086
0.05453164269562484
0.0003439321064150209
8950779419747788e-20
0.0007200605579168585
1.6354079619080784
0.41675650961018235
0.001848897790610108
8133796147388878e-20
0.0005108437023435219
0.0011848429614928202
0.0033606755368956335
10813519211595271e-24
0.05089814489623252
1.4127647746036835
0.013249576406720753
25630574871333723e-28
4210987218810948e-22
394366729599869e-20
0
0.5131176831796158
0.18310394872819208
0.12711135718081437
0
0.1524733381632063
0.0047862569214866405
0.050480583059470556
0
0.000553204239182612
0
0.16992591235354668
0.2552129605060859
0
0
0
0
5067446410845388e-22
0.46747201616174394
761658755702247e-22
7556943048596744e-23
0.25351699410019224
0.07317309382308355
0.20043966969488386
0.4478263718863348
0.0004185428156528863
0.3473963117188269
0.00082439174005701
0.37800439335989283
9980265723933192e-22
5135029493003006e-20
0.5176605198037981
0.00036808694493672495
6071028698285181e-44
0.10532307711882788
0.00016215550061293146
0.12731000931244793
0.012803419300565002
0.0292433349776425
0.0002731008217907815
0.0015191675280777051
0.18990180598994813
0.19035783658650443
0.14195265767369594
3167202377842585e-45
0.038624100379103396
0.038702925363244316
0.33124164421083063
0.4419030742547364
0.00011520389286973308
0.4420462054460691
0.6690016937091775
9.06398761693134
1.8580703198315738
2.559218625459287
0.1291923116692697
0.37851668656109
2.8865795318890353
3.133653105071672
0.8163420803420042
4.532590900090738
5.290159806322404
1.475577016621166
1.9852320847007119
2.3258036273891225
0.7615909231898724
24.164752863774737
618.5547138050213
5.630645879903205
1349.8677969237478
1.115203678321149
23.21753423830694
1.153598992572609
44.587436580090596
1.3064560969285592
1.7911028095550428
1.115202729096328
0.6918788883635428
1.0036448530671704
1.0461773056283301
0
0.00044786791684168635
12254183147401255e-24
0
0.0003356043094177232
0.00029362008193489444
0.0003016428531986646
959775320282744e-19
0.000318529632034945
0.0009681693688419988
0.00015856987686306627
0.00074668871790373
9578554801076863e-20
0.00027918958468819966
0.00046485266916093757
0.0017743182790924015
0.0002591785272187784
0.0006759850792937905
0.0003384038948800287
0.0006995366676891404
0.0014953160415327126
0.0014692621111949279
0.0012512725237676225
0.0007679756633768171
0.0006579915241315486
0.001974692926564715
0.007341053130589116
0.0162103564199949
0.06297452948604873
0.03677907853899669
0.08957592725390463
9118349390428071e-20
0.009758244473471225
0.1254523878253047
54473222956995234e-22
0.06366531857553855
0.01096331758508709
0.0020379989185919153
5556825634490615e-21
12044205942388883e-22
0.08257753150696716
0.07412273422308277
0.004031373229419935
0.02900346063649295
0.018925923602235262
0.00578184457361999
0.011836066804724063
0.0004824413445166832
0.09998952020560717
15699129957897222e-25
0.05842642705772583
0.0004027350830663633
0.00945777891204133
0.011010840366619402
0.00015701487876180865
0.00017081963383107818
0.07682932899198143
0.0005194827182490105
0.052262651467740194
0.12586290009225545
12609119253691927e-22
25861532553625545e-22
0.00014468657993114807
11840038478498369e-21
0.0005938142495102661
15325165088733828e-21
14120530973831233e-23
10044021651066188e-22
1907629637318461e-20
0.06570037431221198
0.06613122150625458
4343449262593609e-20
0.0002935570693582801
0.016946533583702
0.008038136473630273
0.07479650388761037
0.01036240335198312
27827396154052304e-21
0.09965355512751199
0.03574539692884817
8240508827280755e-22
0.1252507443212927
45711157513832825e-23
0.003451586949710558
0.0010090880328208812
22994565952950355e-28
0.1084720504851525
0.07929253076148124
0.01723104400091709
0.12498986978556459
0.05381968617701912
0.00859830028043942
0.12090684549489941
20535640167464058e-26
57647287011153946e-22
0.0005091990505560471
9119095480463724e-20
0.09869426355462568
8473111342574957e-22
0.00012873819783787272
0.1135562167284111
0.0009368910310552117
0.011595209124279526
12228683324281824e-21
0.10202380089906024
0.07935443826538527
0.02189178742964118
2744648379933036e-20
0.00015340534201912828
12006676879590804e-23
0.013447403899573187
0.11000847357817305
8326801701386893e-24
10254839284413364e-21
913869259213721e-20
9648485805911693e-20
12086860292086325e-21
0.1108099644336332
0.11204891078529884
0.004508861062278482
0.0014665235841409127
0.03862531202219374
0.005414366363482852
6636602509034965e-20
0.026879592109213816
8322391994961642e-20
0.0007422901724884012
0.068860788317406
11000979729584448e-22
0.06679866745230889
0.05381968617701912
0.00182194513839301
0.0004885208729854132
7563074994383623e-24
0.001017265540099817
10739430821780565e-24
0.009919637597668327
0.027888557227699843
0.0009023953240286888
0.00034097343963094726
0.00015045744036644155
2672585997070787e-21
0.006054488173891767
0.014868637219943635
0.021744754619340053
11069414787895474e-24
0.05490885080347677
0.061511774662561934
0
0
817667871826491e-19
6712021584180196e-20
10336362052197687e-22
755290170815174e-21
0.00017695575250349795
0.010061375381790737
0.005336965230245949
15204233239336845e-24
0.0001822139500551413
7328630697481475e-21
0.04690186943120844
0.012700715788302596
0.0816803862673332
3845633072609826e-22
0.05291479034973766
0.007580247665342557
0.00012243669349873052
0.10623992160336651
0.00030255224339850896
16523107011762602e-29
8600869260676534e-20
37936018908460426e-22
0.00012468709573581593
0.017341954890025154
0.003468956494491707
0.00015494376734621453
0.00014111010043547437
3818611310758075e-24
0.0006042359703367008
0.021359680292965835
13347306988517895e-24
0.0017998786564621294
0.0018447820720473055
44183763825549326e-21
0.08769433055433855
45834270298452175e-21
0.10746127572559419
0.00470410116969493
0.11795315498648236
0.003079668939716812
0.000672757374800027
0.0005686913743117558
4736825588497493e-20
0.08943963080593209
11919480483547647e-21
22529291358242e-18
0.008174752640286978
0.00631931484998098
21999712537598943e-24
8736100822452014e-20
0.00303844290620863
0.09938918547558717
0.0285723104422674
0.0001000942927201929
0.022377703627621186
0
0
0.08893779217810165
0
0.10114628827468196
0.11240847845120361
0.1064573473608897
0.04670885248934069
0.028092113378363665
0.05656556689519394
0.10620629949351143
0.056156764098633224
0.11165948846503188
0.12573382422852175
0.0007942225483559775
0.015634580524464585
0.10408082554472212
0.12154738674963579
0.10138068732516589
0.00030684816384208045
0.025676113299081222
0.12341866540195039
0.08984397857647766
0.11290615436090652
