2.9246874983918234
4787723110574858e-65
9542691813951949e-46
0
11605351065284195e-25
6457064584741349e-30
11623802971524547e-25
0
11663259062743982e-25
0
0.0006710227182792282
0
17.920994209524068
0
11.851887225056037
0
35.01688940242639
25.112269634968875
0.0007602673068463876
24520249015764504e-22
26328291326718385e-136
2.3064688336581107
0.0592580471690087
33384949036299104e-49
0
2587109370486376e-37
2369841901086031e-39
0.0007493057957985303
0.003747805517725769
0.0035241602461884526
0.006521522630404876
5450704812004631e-22
1565128107120698e-26
0.0006723764056664976
8196432504532026e-22
3372884085008141e-23
10894447387584847e-31
34506128479335094e-38
4437282304552912e-37
3.524068503595885
3.502809922251811
0
1.1752467717828528
0
2.912474648790113
3.2184146388972747
3.8453812213700753
0
4.433138603379411
0
4.36942091441239
0.481158217995288
9.47183901656318
10.614572957536518
0.182759287404848
22.35057886682172
14.10859161678293
0.8531253250509337
13580773835189116e-22
0.008354177627024085
0.12051691756563704
29.487872949391523
0.2960341503101983
0.2570075399957275
1.8881939241188272
0.21345219598030554
16.729314418581108
0
17.140748016042973
0
14.531146385039873
0.0003399304738083227
0.0003401065089780004
0.0007184093351840062
0.0007184130647771964
0.04289029984865157
0.01701807490285515
0
0.0006297284390750997
0.2827125175970155
0.03144653310381867
0.01386972554330741
0.05367428110847711
0.000346716499082035
9017644675981771e-20
0.0007191628102478645
1.617602014423157
0.41662458466011737
0.0018316876323752032
8109653797315074e-20
0.0005008939393161959
0.0011637673656298348
0.0032975036136235125
10795976696972984e-24
0.050327241165355065
1.440125134170931
0.013075824257619136
25340693920466422e-28
4209991743329741e-22
3932873029234494e-21
0
0.5126981070867023
0.1822696634879051
0.12494493706760794
0
0.152282483331648
0.004795915321778964
0.050639729572986875
0
0.0005934978634587723
0
0.16989921742077435
0.25483117052792664
0
0
0
0
5070641467187133e-22
0.46731300332948833
761634117314207e-22
7559561431109996e-23
0.25326789740967637
0.07254461891982335
0.20035278730178188
0.44761226976860363
0.00041945135127528
0.3468685291960839
0.0008236380911239826
0.37766444826239515
9979416369963113e-22
5146460244337993e-20
0.5176696196371786
0.00036489965822622295
5626028779307266e-44
0.1053849840186318
0.00016182960278089453
0.12721534652162955
0.012589710637749116
0.028881342048112685
0.0002724868451626444
0.0015080220322824312
0.18978988365540334
0.18845000209303278
0.14018476269767544
29131081377734297e-46
0.038037917188562434
0.03811360951075791
0.3309895579854635
0.44169345354296435
0.00011499428291942413
0.44183669152338906
0.6627985513396047
8.949506705422564
1.8570323907877437
2.5563314230560676
0.1291211033655313
0.3742190403120456
2.8839621708140095
3.1283626480647957
0.8160664380652214
4.4847452315861265
5.224017327874989
1.4581559659253602
1.9841024236732394
2.2961345813837966
0.7543509114520418
24.003883816198616
618.5538077167422
5.630645193943086
1347.4123455106417
1.1152036441373911
23.21753289311155
1.1535741412614757
44.58669826120407
1.3064564966405763
1.7911024078360986
1.115202694905031
0.6916009677056845
1.003564048587238
0.94346426111849
0
0.0004423783595805735
12262539779456254e-24
0
0.00033183816584032356
0.00028757295980619605
0.00029549783722078286
9393722743853954e-20
0.0003122413544817141
0.0009534638981000159
0.00015518842916054546
0.0007317713300878585
9373710336356704e-20
0.00027349660247499586
0.0004556715899043292
0.001740505687502999
0.00025384767436485315
0.0006629680266806883
0.0003316324842698016
0.0006861657237792658
0.0014689761732328659
0.0014413945393899172
0.0012262282329967924
0.0007533110450907336
0.0006451165253090156
0.0019746828407314625
0.007340911476710973
0.016209646203423664
0.06296166849335769
0.036775151476646895
0.08954562498081955
9118347251770176e-20
0.009757992309078109
0.12535103453855975
54473222193922e-19
0.0636521300820189
0.010962998098697274
0.0020379881737062383
5556825555084538e-21
1204420590508526e-21
0.08255293543599236
0.07410386915076998
0.004031330935853798
0.029001086695479773
0.0189249468939545
0.005781757118062279
0.011835693408403998
0.0004824407451466256
0.09982771494952213
15699129957833843e-25
0.058415589861683145
0.0004027346654826398
0.009457542257579154
0.011010518056633688
0.000157014815334827
0.00017081955875777416
0.07667080791351963
0.0005194820232321524
0.05225421381103487
0.125749672811943
126091192128069e-20
25861532381634853e-22
0.00014468652607524927
1184003811799078e-20
0.0005938133411691822
15325164484753312e-21
14120530968703857e-23
10044021625123813e-22
19076295437336245e-21
0.06568618873650167
0.06611681852740423
4343448777396982e-20
0.0002935568475636907
0.016945755541963953
0.00803796627792463
0.07477722281275011
0.010362118462774099
2782739416258305e-20
0.09961301363540191
0.035741701809322686
824050880981842e-21
0.12512903512049375
45711157460100173e-23
0.003451556000186161
0.001009085406576751
2299456595295022e-27
0.10831472397904478
0.07913279086953388
0.017230238871182565
0.1248661896813788
0.05368146453701279
0.008598105201592474
0.12082792794106736
2053564016745322e-25
5764728615656312e-21
0.0005091983828040181
9119093341455787e-20
0.09865482275313117
8473111324112903e-22
0.0001287381552023708
0.11349509440583277
0.0009368887676462031
0.011594851040879815
12228682939718314e-21
0.10198040286652874
0.07933216299513488
0.021890467671255662
27446481862010143e-21
0.0001534052814754487
12006676875883664e-23
0.013446919458572428
0.10995365829354489
8326801701208596e-24
10254839013977748e-21
9138692377367568e-21
9648483411306534e-20
12086859916391251e-21
0.11065466548886861
0.11199058883671895
0.004508808080901241
0.0014665180297099136
0.038620950462048796
0.005414289756583507
6636601376193912e-20
0.026877568246233264
8322390213423626e-20
0.0007422887525018553
0.06884495498567401
11000979698463178e-22
0.06664702650606019
0.05368146453701279
0.0018219365564169962
0.0004885202584031987
756307499423653e-23
0.0010172628710536599
10739430821483974e-24
0.009919376892703405
0.027886370885468616
0.0009023932244384003
0.00034097314035816487
0.0001504573821277725
26725859787028694e-22
0.006054392196762834
0.014868042279150945
0.021743453171725942
11069414787580376e-24
0.05476930400787096
0.06149958931459277
0
0
8176676998572491e-20
6712020425442833e-20
10336362024723178e-22
755290169348202e-21
0.0001769556719383667
0.010061107055375898
0.005336890815333979
15204233238742384e-24
0.00018221386462961346
7328630559364156e-21
0.04689522495300678
0.012700284672443756
0.08165645417353541
38456330688068e-20
0.05290611645620774
0.007580096519621268
0.00012243665493565035
0.10619088890245401
0.0003025520077970117
16523107011762592e-29
8600867357903511e-20
37936018538375426e-22
0.00012468705574185615
0.017341139067809087
0.0034689252310678457
0.00015494370558184374
0.00014111004920971116
3818611310720577e-24
0.0006042350298034695
0.021358426150379212
1334730698805977e-23
0.0017998702816539587
0.0018447732729903888
44183758804729514e-21
0.0876656600405489
4583426489548965e-20
0.10730319382012489
0.004704043466829171
0.11788247971034253
0.003079644327913892
0.0006727562086211424
0.0005686905412656611
47368250114280914e-21
0.08927693734191242
11919480118186016e-21
22529290052922555e-21
0.008174576536352588
0.006319210209080729
21999712536354348e-24
8736098859366201e-20
0.0030384189518650796
0.0993489503692356
0.028570010058561683
0.00010009426694874609
0.02237632237581069
0
0
0.0889080519149972
0
0.10098486847456235
0.11225481922575235
0.10629858124721411
0.04670226778213523
0.02808989341921689
0.0564240755328683
0.10604737213794488
0.0560157446327735
0.11150503316639213
0.12562872376475007
0.0007942209224800278
0.015633921089754754
0.10403477461794393
0.1214095824760448
0.10133808452227308
0.0003068479214994555
0.02567427429089418
0.12328701348272621
0.08981343752915574
0.1128462638087724
