2.929949110654977
2095859059521495e-65
6670940276726429e-46
0
1141233029913691e-24
6353485981207003e-30
11430370686752603e-25
0
11468950893468639e-25
0
0.0006729193079005915
0
19.052702629571876
0
12.393747672071306
0
35.01319621129641
25.1025908851501
0.0007623202215233645
24154069221372554e-22
22433113311407146e-136
2.304260731420029
0.057531084591536726
2327455137497159e-48
0
2226932276297665e-37
20321740679034044e-40
0.0007502638710473312
0.0037476078556438006
0.0035340007585985115
0.006529869444221982
5468720272577418e-22
15964064388472304e-27
0.0006742832639957074
8220923874732484e-22
34461943524858824e-24
1093248976494514e-30
2970337472828533e-37
370313708486174e-36
3.510953616793607
3.509168080778883
0
1.173037356132438
0
2.978179506501177
3.2401845063441352
3.8436747101074644
0
4.429959412479646
0
4.369223543234443
0.4941621791478265
9.047802240369762
10.11600048707021
0.172240147143796
21.681192921469673
14.214318551383391
0.85146937183674
11662533701128057e-22
0.008422526312551193
0.12126453297135768
29.217685063839316
0.29261958257624276
0.24579851619627685
1.8858175142029334
0.21214970175226192
16.151666680999714
0
16.504447061726264
0
14.459776494852298
0.0003313920157819591
0.0003315310715518204
0.0007182665439629099
0.0007182644247218002
0.04279196674944604
0.01690479424837035
0
0.0005991247759686548
0.29087584724915944
0.030633982240807413
0.013771156392160033
0.05210588370013317
0.0003532124690910543
9175533045205865e-20
0.0007172943404110678
1.5837126356635869
0.41637172618603135
0.001800007128402664
8065197398251229e-20
0.0004827857280560782
0.001124306367512648
0.003179083334581263
10763625965644148e-24
0.04924006323437297
1.5012062376265423
0.012746392880153135
24817033210389335e-28
42093058158658576e-23
3913178894850238e-21
0
0.5118640638710532
0.18034635134468666
0.12097187392256085
0
0.15191051813271972
0.004798013891468616
0.05092509842157896
0
0.0006674292295103386
0
0.16984414256966454
0.2540516511471078
0
0
0
0
5081892554392247e-22
0.466946788925959
7618211685871263e-23
756456545305287e-22
0.25275767976451635
0.07132140808778288
0.20017455407527843
0.447175745134612
0.0004220025473611673
0.34577805742080764
0.0008220815125670369
0.37696228449350233
997767657367936e-21
5178133519007559e-20
0.5176988994173574
0.00035903327932054947
48212595127010424e-45
0.10537419563380913
0.0001611237064983169
0.12702186503909652
0.012183068788676178
0.028177565561628547
0.0002711630759217198
0.0014855459280147464
0.1895609511469175
0.18481544599189492
0.1368293830533968
24606998622948343e-46
0.03692915247256178
0.03699647145040117
0.33047261713091747
0.4412638824177084
0.00011455911631512458
0.44140781483964237
0.6509462398590313
8.732712615565674
1.8545392199889152
2.5493329734982604
0.12895835904460096
0.3660500274058848
2.877687277569028
3.115566216422889
0.8154281810906957
4.395265076350044
5.101854938185842
1.4249796132690307
1.9814279534812538
2.2415401501491354
0.7405487213408926
23.70406822728602
618.5519537786786
5.630643790404152
1342.402170250471
1.1152035741941972
23.21753014071497
1.1535232947999912
44.5851876291263
1.3064573154150432
1.7911015858767332
1.1152026249464113
0.6910326518099502
1.003398735243117
0.8085037493106598
0
0.0004314455275573991
12279321190997587e-24
0
0.0003236236564228908
0.0002762000645123977
0.00028394384103582317
9009259758292958e-20
0.00030042499449722826
0.0009255077043118799
0.00014881984778699237
0.0007037200714863542
8987865469310193e-20
0.00026279236908369506
0.00043841534223676524
0.0016770514781182164
0.00024382212455389062
0.0006385077269768748
0.00031889882142528627
0.000661036461688467
0.0014197438919511833
0.0013890473475240855
0.0011791544727290638
0.0007257532153824491
0.0006209353715595542
0.0019746622043245446
0.0073406216480149085
0.016208193130204822
0.06293536187208085
0.03676711764281
0.089483655608896
911834287587569e-19
0.009757476377218969
0.12514391124272173
5447322063260213e-21
0.06362515369185885
0.01096234442838128
0.002037966188831818
5556825392612203e-21
12044205828758524e-22
0.08250263237943044
0.07406528439218248
0.004031244400605535
0.02899622999344966
0.01892294861363501
0.005781578179853307
0.011834929440974083
0.00048243951878119707
0.09949746161429154
15699129957704162e-25
0.058393422198763256
0.0004027338110682497
0.009457058058650698
0.011009858609361444
0.00015701468555731166
0.00017081940515080627
0.07634747734372906
0.0005194806011649132
0.052236953813366314
0.12551831642914887
12609119129152272e-22
2586153202972565e-21
0.00014468641588105606
11840037380358237e-21
0.0005938114826218612
15325163248952208e-21
14120530958212756e-23
10044021572043265e-22
19076293522502245e-21
0.06565717325280321
0.06608735844701964
4343447784639026e-20
0.00029355639375153435
0.01694416370639707
0.008037618052665708
0.0747377873999681
0.01036153557695209
27827390087849294e-21
0.09953011330401575
0.03573414243607692
8240508774088834e-22
0.1248803750329997
4571115735015811e-22
0.0034514926754008585
0.0010090800330545095
22994565952949943e-28
0.10799352981899614
0.07880695010295931
0.01722859161693417
0.12461350976020524
0.05339975525731737
0.008597706065638781
0.12066661565786976
20535640167431038e-26
5764728440798963e-21
0.0005091970165230256
9119088964845081e-20
0.09857417225897835
847311128633779e-21
0.0001287380679661509
0.11337013486608152
0.0009368841365146308
0.011594118402883439
12228682152865087e-21
0.10189166391223878
0.0792866051719781
0.021887767568881465
27446477898070422e-21
0.00015340515759743628
12006676868298508e-23
0.01344592830091375
0.10984158614604791
8326801700843782e-24
10254838460640955e-21
9138691937928612e-21
964847851172006e-19
12086859147683681e-21
0.11033758710992668
0.11187135120514048
0.004508699677939337
0.001466506664885027
0.03861202783277529
0.005414133015009592
6636599058294722e-20
0.026873427706281285
8322386568229766e-20
0.0007422858470837289
0.06881256983775712
11000979634786126e-22
0.06633782672233224
0.05339975525731737
0.0018219189970094698
0.0004885190009123493
7563074993935564e-24
0.0010172574099549519
10739430820877123e-24
0.009918843487073345
0.027881897956879963
0.0009023889284935854
0.00034097252801860414
0.00015045726296602526
26725859411203737e-22
0.006054195823233189
0.014866825048280297
0.021740790529717703
11069414786935655e-24
0.054484882293057126
0.06147466446361624
0
0
8176673479920503e-20
6712018054557367e-20
10336361968507747e-22
7552901663466389e-22
0.00017695550709461312
0.01006055805648747
0.0053367385586289605
1520423323752606e-23
0.00018221368984103979
7328630276763088e-21
0.046881632656280585
0.012699402614280356
0.08160750869855733
3845633061025447e-22
0.05288837328141749
0.007579787270591375
0.00012243657603198385
0.106090633875586
0.0003025515257346674
16523107011762574e-29
8600863464651502e-20
3793601778114657e-21
0.000124686973910477
0.017339469938098213
0.0034688612640278033
0.00015494357920618418
0.0001411099443970193
38186113106438536e-25
0.0006042331053882065
0.02135586028566393
13347306987122403e-24
0.0017998531461268685
0.0018447552694196465
44183748531659745e-21
0.08760702666851748
45834253840519996e-21
0.10698046762735916
0.004703925403521491
0.11773800335919836
0.0030795939704534566
0.0006727538225152975
0.0005686888367784724
4736823830689811e-20
0.08894497281430173
11919479370621645e-21
2252928738211592e-20
0.008174216222891892
0.006318996109315098
21999712533807783e-24
8736094842708588e-20
0.0030383699396041796
0.09926667629290521
0.02856530383336784
0.00010009421421795247
0.022373496469826677
0
0
0.08884723151555961
0
0.10065539066194183
0.11194107219698485
0.10597446826794392
0.04668879774188223
0.028085351719804936
0.05613567280658222
0.10572293248675556
0.055728308077774215
0.1111896685238443
0.12541395198576266
0.0007942175957946414
0.015632571910728525
0.10394061355822193
0.12112810860055201
0.10125097094599796
0.00030684742564415177
0.025670511916903317
0.12301807869412856
0.08975098001112398
0.11272382106473718
