2.9410569587660786
37280901541650054e-67
31330582056509145e-47
0
11019717393277588e-25
61426610085310914e-31
11036872356439274e-25
0
11073539166012755e-25
0
0.0006781318970080706
0
20.619941901338294
0
13.600830708364402
0
35.01915541124412
25.082116425057837
0.0007597817688270034
2333366658114862e-21
16062217512058054e-136
2.298849322644802
0.05463933438054712
10867869024317841e-49
0
16227710617411408e-38
14689545000240416e-40
0.0007529601522272798
0.003747190597148421
0.003561094886232582
0.006553353767415732
5516664620671026e-22
16564461603551144e-27
0.0006795156960378479
828746552065735e-21
35887397678172985e-24
11032720640571713e-31
21646643435918686e-38
26354648522026242e-38
3.4855412370118994
3.4991065020509504
0
1.1683065907150314
0
3.1219860772820134
3.251081152373615
3.840063168038365
0
4.423151900133093
0
4.368803929960703
0.5195113581016555
8.756021037129665
9.77508270252025
0.15593938697115034
21.303936618497023
14.449493308837075
0.8479832477724378
9873525576522798e-22
0.008564975883209446
0.12317348046383093
28.617972245033467
0.2855451887096443
0.2257814554963976
1.8808100340426155
0.209343289949263
15.158224207053522
0
15.414983157968717
0
14.320714443887372
0.00031849733461171404
0.00031858584987965973
0.0007213173997565587
0.0007213107817174334
0.04260122740012374
0.01670272464095783
0
0.0005488001616394312
0.30549939884761396
0.029249044950249457
0.013590248252695216
0.0494949999510497
0.0003682899371641813
954509280020358e-19
0.0007133405353362602
1.5260937505995793
0.41591667705103397
0.0017507588929598402
7988851846938329e-20
0.0004527601693151288
0.0010609608406213632
0.002994177266170902
10715285856730724e-24
0.047384314070116895
1.6358989612163348
0.012187108301150953
2405651304326255e-27
4215582439701688e-22
3880019897480327e-21
0
0.5101953212470424
0.17595750990200795
0.11430146766781796
0
0.15121045010219014
0.004763476218574654
0.0513774703546472
0
0.0007851611040847655
0
0.1697262008269871
0.2524131987981564
0
0
0
0
5120944692453751e-22
0.4660242358599996
7635889073663468e-23
7575285134956406e-23
0.25167809385609596
0.06910285099893022
0.1997958457619476
0.4462597693943058
0.00042866116207171184
0.34350661793075926
0.0008187326044943572
0.3754515658105764
9973994740866756e-22
5259819754110133e-20
0.5178058462402084
0.0003499263548667976
35035283667229926e-45
0.10505746383578934
0.00015951217495038957
0.12661431830182454
0.011484103782078446
0.0269160433621886
0.0002681601018861171
0.0014395477874734918
0.18907793636256
0.1786410937932445
0.1311406562801407
17442056012183177e-46
0.03504555281117208
0.03509421220051035
0.32937684377204657
0.440354048203072
0.00011361860645007985
0.4404999900873531
0.6306864183520647
8.367481160156544
1.8479442360304283
2.530810055465949
0.1285527312792681
0.3521968016790632
2.861153510405908
3.0818725168738736
0.813809164104504
4.249599018343778
4.907864537368637
1.3681206050345953
1.9744624247976756
2.1556820759876616
0.7170899395430194
23.207430373763607
618.5480399276811
5.630640827378663
1331.886228282524
1.1152034265363573
23.217524330101046
1.1534159596299818
44.58199868503718
1.3064590488121726
1.7910998506074283
1.115202477256004
0.6898343552135799
1.0030498298057426
0.6792605588580872
0
0.0004107902405964325
1231344650124729e-23
0
0.00030533780432959564
0.0002568121151324299
0.0002642720381295958
834940343618999e-19
0.00028035159584250595
0.0008769406632653
0.0001379016234564657
0.000656007647525556
8325999982291891e-20
0.0002445656400962856
0.0004091082822141147
0.001569949308019121
0.00022673327321771718
0.0005970447403998635
0.00029722729111954325
0.0006184365309692946
0.0013378965156138434
0.0013004700610881638
0.0010991580008596236
0.0006790502636530226
0.0005799734161124235
0.0019746186392848226
0.007340009825011411
0.016205125958930998
0.06287986176131183
0.03675016308998624
0.08935297217683286
911833363788312e-19
0.009756387277318824
0.12470777416094282
54473217336482575e-22
0.06356824107389497
0.010960964585703939
0.002037919777097979
555682504961507e-20
12044205667624304e-22
0.0823965376741376
0.07398389364308727
0.004031061721181438
0.028985979626611848
0.01891873071472904
0.005781200439598176
0.011833316782779817
0.0004824369297977521
0.09880384362960745
15699129957430392e-25
0.05834665142072544
0.00040273200731048993
0.009456035942319096
0.011008466572597644
0.00015701441158290927
0.00017081908086988322
0.075669361345096
0.0005194775990357482
0.052200534760415106
0.1250312942711052
12609118952548063e-22
2586153128680622e-21
0.00014468618324914604
11840035823134134e-21
0.0005938075590410639
15325160640039092e-21
14120530936064872e-23
10044021459984334e-22
1907628948007554e-20
0.06559596042620279
0.06602520804434069
434344568881742e-19
0.0002935554357059527
0.01694080365568489
0.008036882959993335
0.07465460314528785
0.010360305147889541
27827381485635548e-21
0.09935532798860992
0.035718189009220476
8240508698659719e-22
0.12435704751162747
45711157118058184e-23
0.0034513589935582767
0.0010090686890459693
2299456595294936e-27
0.10731857766298421
0.07812346338721148
0.017225114597331226
0.12408175227704782
0.052809881068285464
0.008596863506137541
0.12032677439044746
20535640167384212e-26
5764728071655687e-21
0.0005091941321640806
9119079725340487e-20
0.09840412655628071
8473111206590333e-22
0.00012873788380099194
0.11310678302166158
0.0009368743597564879
0.01159257187468867
12228680491730663e-21
0.10170457961433887
0.07919051344288257
0.021882068446417848
27446469529755107e-21
0.0001534048960775164
12006676852285397e-23
0.013443836096877146
0.1096053643790642
8326801700073621e-24
102548372924856e-19
9138691010224214e-21
9648468168156784e-20
1208685752485675e-20
0.10967117998899886
0.11162004406133552
0.004508470835800795
0.0014664826727661569
0.03859319793993954
0.00541380213103245
6636594164954647e-20
0.026864688660957238
8322378872825747e-20
0.0007422797134605852
0.06874425121179886
11000979500356792e-22
0.06568977432488872
0.052809881068285464
0.0018218819277048895
0.000488516346220075
756307499330019e-23
0.0010172458810650674
10739430819595994e-24
0.009917717502714026
0.02787245746356921
0.000902379859343915
0.000340971235305365
0.00015045701140264646
26725858617795552e-22
0.00605378127780922
0.014864255665911406
0.021735170467304384
11069414785574579e-24
0.053889277604764474
0.061422078502163684
0
0
8176666051660166e-20
6712013049357467e-20
10336361849830725e-22
7552901600100058e-22
0.00017695515909163756
0.01005939915720918
0.005336417142071754
15204233234958267e-24
0.00018221332084349042
7328629680160867e-21
0.046852950743846634
0.012697540692662447
0.08150427568655075
38456330445981466e-23
0.05285093500684164
0.0075791344529599
0.00012243640945774374
0.1058792950948405
0.00030255050805001835
16523107011762539e-29
8600855245569712e-20
3793601618255237e-21
0.00012468680115551955
0.01733594674739408
0.0034687262263723936
0.00015494331241346353
0.00014110972312603658
38186113104818825e-25
0.0006042290427538899
0.021350444472375392
1334730698514352e-23
0.0017998169716609675
0.0018447172624584047
4418372684407584e-20
0.08748337385593992
4583423050225948e-20
0.10630234074177466
0.004703676168491689
0.11743357895323293
0.0030794876629632933
0.0006727487852085279
0.000568685238433406
4736821338021074e-20
0.0882482068277857
11919477792430348e-21
22529281743747406e-21
0.008173455613295248
0.006318544144742029
21999712528431704e-24
8736086363104137e-20
0.0030382664718719187
0.0990932102556869
0.028555371014757493
0.00010009410289747934
0.022367531840238503
0
0
0.08871896949242164
0
0.09996335227141209
0.1112815941017115
0.10529347144491677
0.046660373747280603
0.028075766099046592
0.05553165439683845
0.10504126024295647
0.05512633199366652
0.11052682471414145
0.1249617498967699
0.0007942105728379182
0.015629724026239123
0.1037421088778372
0.12053602712301739
0.10106731034989809
0.00030684637884114194
0.02566257093786815
0.12245225243620257
0.08961926784865057
0.1124657669422875
