0.0039050137016073956
35.758793068902825
126.0079177641988
0
141.5900552515475
0.0019633469191550393
228.2156088554177
0
138.85220525457257
0
34.62790424133558
0
13.379745228178933
0
33.84470450317897
0
31.30014956910149
16.905625149459752
69.42108235351654
0.06952028154506099
1222898267667326e-20
1.7678279492278797
2.389913603738027
0.9940289281032478
0
10.529931819530997
0.5664394597279249
0.7320005046410013
0.003792104409165744
3.6442100066495593
6.240405955213298
17.7959798803556
11.060974482095025
0.8713257488455958
58.575627184085825
1.3944365005466466
1142513143679354e-20
41.432512031014824
65.18620407994594
0.0013571272592320506
40.49035976131904
0
2.9440672192213206
0
7.956935232299605
28.097971079230415
4.572677882396663
0
18.052004884187383
0
0.08130257888689638
0.012386784162514706
29.567830591374502
35.97714459399224
18.611796912506893
65.93606398859191
60.95806383899744
0.04812435214833582
0.11920709214018527
0.010771434915052915
20.338224320815524
49.62667199901343
1.0675570112702448
0.7298200587409813
0.0013856516117041182
0.09988779542327399
118.11484134993033
0
234.1698743009765
0
11.188282623130604
0.01676837906071597
24.99273175435822
15.385143480788187
0.2882633251181449
1.1741139084002894
3.019875599938413
0
5108252256197697e-20
0.0002962068728624837
0.12316862876245839
0.0028630101454722202
0.01592187905060108
0.00818922635905652
0.0005135682408643894
0.0015733441786410943
0.3782566839379399
0.6773826450132492
0.05547156844616244
0.13742752912497708
0.000215005565036282
0.14657682685915038
0.029320148486910523
2.212329278153309
0.05270799375459514
0.09614638290689836
0.03238673761188283
0.05316676367334366
0.55755541238047
0.00063971601151727
0
1.2756420968522455
1.4469193527161037
0.07498940999241023
0
2.3963466890602954
15394509909678523e-21
0.002339993617575048
0
0.0004576160685666726
0
0.2135449515530685
1.02417979203325
0
0
0
0
1.7328130035930314
0.5720250302461201
1.1814591685235607
5.8050998820574495
0.3020543483415287
1.509407405206365
0.146772705219034
0.008869473034087276
0.019062021638363555
6.007017352700517
0.00378590743046361
1.6441802621410277
9795808713017767e-22
0.07155430878845445
2.009431044315148
0.48260847773704396
0.5443566993230767
0.0038002398421212984
0.8502519007118314
0.1894033380027153
0.001112190579082858
0.02896675079741352
0.9739084005753321
2.341215051949575
0.13486515809281271
0.12081544538329257
0.38812374103738395
0.03761216629450366
0.5405680871763794
0.5583137657666725
0.3996382380835606
0.5893232051332266
0.13785040998341477
2.8506071030541458
0.3706948232028278
11.806197902699436
1.9881812908415415
3.075093390342617
0.18538126019568973
0.47807515122863686
3.2449078539963643
4.193202309962204
0.9893910810721068
5.757367902496741
5.638317521903267
6.694281103458394
2.1789325400567265
4.449880990126185
0.6258220191702962
43.68493654236812
619.5838085693334
5.63142436881871
10656.209265680664
1.115242471099287
23.21906083099717
1.1821483856755577
45.43321768302841
1.2566392848417207
1.79063323144037
1.115595862586094
0.41667499791799695
1.0996655792568981
39.30661247000594
0
0.0009199543152915321
21421269861114984e-27
0
29946210881633047e-27
0.03527034934254311
0.05709989084969351
0.0920809031081372
0.04571228535667752
0.05143514105035365
0.10116107112029855
0.054366679514958965
0.08701457883763285
0.05407103198454483
0.04513910510542848
0.08305777060316753
0.04650251121757574
0.046568139488484095
0.051586241599904985
0.043169853942448475
0.06930708582981313
0.09594333738060291
0.12013955367738866
0.04352739888284203
0.05618212964993348
0.001986171703838704
0.007503578017355087
0.017036708512564034
0.07940101374367287
0.04151705643026911
0.13150463590756375
9120776686127466e-20
0.01004864429348996
0.31391221006919506
5447408890773932e-21
0.08053922853911903
0.011331941203098182
0.002050228914526038
55569157461099816e-22
12044248275025567e-22
0.11579209198985052
0.09894669231732703
0.004079655525016825
0.0318266356016696
0.020067431749869784
0.005881947532604287
0.012267484192724129
0.0004831219963422824
0.6282442574306546
15699130029820262e-25
0.07211612451921658
0.0004032092407993603
0.009730189708233005
0.011382749600986083
0.0001570868729100463
0.00017090484910560843
0.8006691521722236
0.0005202720305608109
0.06277197980657337
0.3495119599827091
12609165650551477e-22
25861727731290337e-22
0.00014474770911602325
1184044759353229e-20
0.0005948459409010526
15325850507777087e-21
14120536792438006e-23
1004405109079977e-21
19077358413745833e-21
0.08394415041075891
0.08467520604085299
4343999903970916e-20
0.0002938088723146452
0.017852890681154025
0.008233617594349065
0.1002173081217513
0.010690799418223174
2782965618702983e-20
0.15813709977661003
0.04019476312810327
8240528643751428e-22
0.37750252625541525
4571121849026203e-22
0.0034868882681186415
0.00101207273271743
229945659531045e-26
0.5631820447422539
0.7818002884555355
0.018169393950671176
0.3844093240075994
0.9961026009494008
0.008822554954088263
0.25365342488709136
20535640179770534e-26
5764825681834023e-21
0.0005099573874945402
9121523173475607e-20
0.15534019440717153
84731322935442e-20
0.00012878659017340747
0.2091980357905627
0.0009394630996210141
0.012008776939611712
12229119738959043e-21
0.16534351708476167
0.10912755049287992
0.023441930599619795
27448682379662882e-21
0.00015347406305127057
12006681086494413e-23
0.014008555136929118
0.19366979646336455
8326801903722874e-24
10255146182309809e-21
9138936318332327e-21
9651203613115577e-20
1208728664249691e-20
0.544222013932831
0.2023023428949576
0.004569387918804477
0.001472840390564783
0.04390629066694896
0.005502003006434573
6637888194097963e-20
0.029277363264046438
8324413949611508e-20
0.0007439033406719173
0.08939339549637326
11001015046397244e-22
0.8807448218412286
0.9961026009494008
0.0018317101571950585
0.0004892188061344372
7563075161305603e-24
0.0010202989205264437
10739431158353413e-24
0.010219948483183859
0.030483459527674853
0.0009047811131296276
0.0003413132270014017
0.0001505235447761205
26726068412666034e-22
0.006164390510293034
0.01555935962388221
0.023273009178406134
11069415145469567e-24
0.9857314193312601
0.0770191775913052
0
0
8178630477164875e-20
6713336660958202e-20
10336393230615623e-22
7552918355527591e-22
0.00017704720233983472
0.01037053388310122
0.005422084325008243
15204233913935977e-24
0.00018231091769462605
7328787436203606e-21
0.055082658459672355
0.013199504311097432
0.11390430064951833
3845637388328245e-22
0.06373402203981825
0.007753726506508654
0.00012248046313304594
0.17939102157806142
0.0003028197248302807
1652310701177045e-28
8603028819652445e-20
37936438887297447e-22
0.00012473248958774267
0.01829293965562889
0.003504616774425611
0.0001550138741002653
0.00014116824397868404
3818611353310807e-24
0.0006053042418036961
0.02283142561994138
13347307508398958e-24
0.0018094076382672427
0.0018547944346334125
4418946187456793e-20
0.12709432200080464
458404020499795e-19
0.5711967971963565
0.004770041301992962
0.23286255293531097
0.0031077258280179823
0.0006740820710076345
0.0005696375110119576
4737480498483661e-20
0.7060598265143071
11919895107145926e-21
22530772697782646e-21
0.00837706230608034
0.0064391862194423674
21999713949975998e-24
8738328838045488e-20
0.0030657486294467795
0.157359781970341
0.03130589637582353
0.00010012354271700121
0.024001416548289127
0
0
0.12999221748853185
0
0.6195938969737048
0.530837112145027
0.5790669428762093
0.05481276904856956
0.030727869398758156
0.9702343306797626
0.581022224647372
0.9740281191133561
0.5371575254408353
0.32478010429433857
0.0007960697568795264
0.016401129124345343
0.17198030561052158
0.4403744091651226
0.1633442489363014
0.00030712330029298483
0.02785027782269632
0.41436307994614646
0.1321451988565558
0.20616399796135212
