0.004637897728540829
35.941117872445936
124.41255109167142
0
136.29121099576994
0.001512053187812446
202.49084811461015
0
140.64564094824516
0
34.57803743750058
0
9.008568268583081
0
33.696991813264795
0
31.686602006481458
16.507449050582114
56.88544089150828
0.06708456927643482
6093206548741558e-22
1.706196040305074
2.450860214690139
0.9714902413491906
0
10.48396420650725
0.5504854453437956
0.5607490816493637
0.003812940824817825
3.723548858828167
4.802711633747468
15.399793266230041
9.723944038772661
0.942705306070214
48.180640118487666
1.5799220174709987
948155088783368e-20
40.65127202226656
63.50972302758649
0.000975367971427169
38.90490602675579
0
2.9516407385788996
0
7.989619459953652
22.297879758965507
4.572829606583823
0
17.944099140572884
0
0.07954100547711451
0.011685497403618385
29.567599753619476
35.97714506338058
18.629651197016788
40.835356015407676
60.9574277141377
0.04739984921597192
0.12263333905497467
0.010771157939653052
20.318912539466456
49.50301808494802
1.079390056232167
0.5730802240872259
0.001519560471088521
0.1095415368736138
90.43330948301403
0
208.18141591062005
0
11.600601150321266
0.012782587043794159
24.505111111581016
15.38449190058498
0.2820692492396459
1.1932842381862228
3.019671951716176
0
4245786885608426e-20
0.000279451416953176
0.12594529447376052
0.003017769767968968
0.012167893247159112
0.008429140732263357
0.000551059540822566
0.0015590692957641735
0.40290019421386286
0.6770669475703438
0.05633752617471626
0.1425532966025341
0.00016617937899509632
0.15151849990569582
0.029735564744636685
2.20595698967081
0.05624184473241029
0.09365893284449722
0.03396324999767667
0.0553390420706497
0.5445850247388784
0.0006707076343523564
0
1.2753959377004782
1.4366102500004703
0.05711755037374542
0
2.39220058971259
15041755473967718e-21
0.002353296641612656
0
0.00026448455200299615
0
0.213525245894454
1.0238466318547408
0
0
0
0
1.8901573963300953
0.5729636056421044
1.1778863425048123
5.790523906780637
0.3031578122642996
1.5240914123388039
0.1482360571832039
0.008668098602469986
0.019997780566063234
5.885053100445643
0.0037998140943911792
1.6480518314532284
979806534036408e-21
0.07122379028504708
2.0298484630066937
0.5028444770915801
0.5451954378663383
0.0038002352525817094
0.8488473507234049
0.18951792681165286
0.0012084765571124913
0.029543761536744165
0.9711856428970557
2.3378867239939805
0.13519805211582267
0.12299490785436905
0.3975149456485228
0.038302144944883
0.5555122641158404
0.5523951271148186
0.39990748728926145
0.5892615550662789
0.13770997597031592
2.782336355149367
0.3769240786786817
12.109872702488525
1.9884119313617923
3.0734953948515122
0.18589620359796458
0.48874946081711784
3.2455390858048863
4.189585916834386
0.9910995795518168
5.8773255467627905
5.848793827696242
6.735102015201759
2.178409209612007
4.553916300755791
0.637010712486048
44.08139064356766
619.5835499060585
5.631424173294284
10650.681271619702
1.1152424613566394
23.219060447593705
1.1821411277606921
45.43300327075935
1.2574105553523056
1.790785000409257
1.1152664768370901
0.4457856710893347
1.099640346355604
40.92538991866435
0
0.0009382602054207728
26399765638762033e-27
0
3772930351725335e-25
0.036303627521572325
0.05874035470797842
0.09453740796448065
0.04699217608874895
0.05231607488324377
0.10400866690322313
0.05587185951494251
0.08938112649753284
0.05561197616051269
0.046421479528687574
0.08545459875435057
0.047836903973954334
0.04787920247699165
0.05307282141922078
0.04437626845356398
0.07115195368175313
0.09862210061405893
0.12384301181855394
0.04476037140765279
0.05779126256243717
0.001986168812680283
0.007503536752189425
0.017036495780562724
0.07939639196216132
0.04151579299737971
0.13149195589800813
9120776076451547e-20
0.01004857028770901
0.3138399106711215
5447408869026138e-21
0.08053447328207772
0.011331847087567182
0.002050225833870679
5556915723479028e-21
12044248264394071e-22
0.11578226159222212
0.09893951454074194
0.004079643327020053
0.0318258931543622
0.020067136595180616
0.005881922176263011
0.012267373895362536
0.00048312182528182805
0.6279543494523935
15699130029802202e-25
0.07211231201024493
0.0004032091216485968
0.009730120318881989
0.011382654639584796
0.00015708685482518063
0.00017090482769917625
0.8001979841852074
0.0005202718321812091
0.06276909136624677
0.3494223209422542
12609165638899279e-22
2586172768227294e-21
0.00014474769376070308
11840447490784723e-21
0.0005948456815755816
1532585033563604e-20
14120536790976718e-23
10044051083406218e-22
19077358147015887e-21
0.08393898452046808
0.0846699497673982
43439997656732226e-21
0.0002938088090493527
0.017852657077417178
0.008233567908891322
0.10020994478274958
0.010690715651399237
27829655619418588e-21
0.1581187620299582
0.040193578898307145
8240528638774688e-22
0.3773979444876194
45711218474948284e-23
0.0034868793573190203
0.00101207198202807
22994565953104466e-28
0.5629491282409238
0.7813510964103378
0.01816915199039937
0.38430087771082927
0.9953728407114532
0.008822497906464449
0.2536062286998888
20535640179767452e-26
5764825657477931e-21
0.0005099571969029141
9121522563699887e-20
0.1553224997637882
8473132288282531e-22
0.00012878657801779783
0.20916593821598017
0.0009394624527820794
0.012008671245384408
12229119629355234e-21
0.1653234694167991
0.10911881933487917
0.023441527828765085
27448681827485895e-21
0.00015347404578869972
1200668108543789e-22
0.014008411308918538
0.1936422885971987
8326801903672062e-24
10255146105233842e-21
9138936257121737e-21
9651202930465159e-20
12087286535420724e-21
0.5440045307884802
0.20227232721250046
0.0045693726164472235
0.0014728388007413606
0.043904877621148204
0.005501980820110176
6637887871177754e-20
0.029276734997150035
8324413441753013e-20
0.0007439029350985601
0.08938753703527935
11001015037527716e-22
0.8801745346027771
0.9953728407114532
0.00183170769823441
0.0004892186307293055
7563075161263687e-24
0.001020298157584171
1073943115826889e-23
0.01021987193262315
0.030482778428091824
0.0009047805131676893
0.0003413131416241799
0.00015052352817091085
26726068360317403e-22
0.0061643626603047775
0.01555918218752745
0.023272612191569293
11069415145379765e-24
0.9850168025927414
0.07701482897181847
0
0
8178629986938634e-20
6713336330655434e-20
10336393222785411e-22
7552918351346744e-22
0.00017704717936704883
0.01037045506001704
0.005422062778538484
15204233913766544e-24
0.00018231089333554557
7328787396839577e-21
0.05508043438323173
0.013199376617010629
0.11389478823812546
38456373872443854e-23
0.06373104437452755
0.007753682444110639
0.00012248045213870796
0.17936742154881902
0.00030281965762490046
1652310701177045e-28
8603028277229385e-20
37936438781822753e-22
0.0001247324781853858
0.018292694393567465
0.0035046077727841052
0.00015501385648956464
0.00014116822937341713
381861135330012e-23
0.0006053039732793787
0.022831043555687446
13347307508268386e-24
0.0018094052388218215
0.001854791913303507
441894604434588e-19
0.12708247842164178
4584040050993892e-20
0.5709571973383034
0.004770024626185736
0.23282277953230798
0.0031077187497756563
0.0006740817379941306
0.0005696372732002167
4737480333997184e-20
0.7056935523139471
11919895003014902e-21
22530772325744505e-21
0.008377010874292436
0.0064391558310922
21999713949621296e-24
8738328278426866e-20
0.0030657417411309165
0.15734162410782523
0.031305178026545845
0.00010012353537003867
0.024000994321394308
0
0
0.12997982753058376
0
0.6193119262520486
0.5306302050933641
0.5788206880646815
0.05481056671552733
0.030727177332969913
0.9695420451385833
0.5807743022933293
0.9733303996304348
0.5369456572201473
0.3247027091273131
0.00079606929242978
0.016400931969271348
0.17195861572981708
0.4402320592109414
0.16332468329270872
0.0003071232311638279
0.027849709313983912
0.4142370611919896
0.1321323949876914
0.20613282500464272
