2.9584755063499095
257992306811162e-66
9579582827389134e-47
0
10441784183830929e-25
5832082137953334e-30
1045773199676411e-24
0
1049175732086698e-24
0
0.0006880524406635048
0
21.829832073542853
0
15.316768686457056
0
35.06169671139438
25.04992520239478
0.0007478152253254597
22057967902778625e-22
961122583843359e-135
2.2889967642435307
0.05178329435233604
3294730754354881e-49
0
9879118442605031e-38
8836679193569783e-40
0.0007581774276207363
0.0037465363550621945
0.0036126908604087508
0.006598789419374241
5606348336864395e-22
1725944931341173e-26
0.0006894617026179028
8413390683745575e-22
3760440011472747e-23
11219213808605292e-31
13179588048826138e-38
15947437625902237e-38
3.4572236238728675
3.470334547898904
0
1.1615858156994765
0
3.3211757711299517
3.2868090387745963
3.834397837795774
0
4.412491372132759
0
4.368147503922567
0.5507833155852395
8.794440146626876
9.821987617353699
0.14144457485674267
21.52954187258839
14.776358543976658
0.8425354818928842
9029316409214655e-22
0.00875648928321309
0.1259859483101705
27.84531779139372
0.2762615351434657
0.20302018109015685
1.8729928792183475
0.2050435646366895
14.068284419364119
0
14.226612375350046
0
14.16565663954741
0.0003067283019258767
0.00030677230854999737
0.0007277056134239124
0.0007276996086519017
0.04233679690501309
0.016457376649645142
0
0.0004991054030905656
0.3221920485844929
0.027850660308302536
0.013377822985519296
0.046866306940679225
0.0003904252350698894
0.00010086286283675404
0.0007075578812190582
1.4694788747164884
0.4153992051482335
0.0017135583141359198
7902264679069863e-20
0.00042205341127483865
0.0010091830142923669
0.0028637061798064867
10694979150532956e-24
0.04553042078277703
1.8241457878925202
0.011629080326900824
23657708696715776e-28
42473088174551995e-23
3843717358908767e-21
0
0.5077682963052021
0.16997398384786389
0.10739205298044951
0
0.15032637953402506
0.004679811839169014
0.05178914622384413
0
0.0008910958875188649
0
0.16953793451317078
0.24986308878392402
0
0
0
0
5203417545457143e-22
0.46430869027442784
7702817028307798e-23
7600462769595298e-23
0.24997824716409045
0.06655119050825584
0.19919466395939733
0.4448331250732636
0.00043873302023214237
0.34027775994300447
0.00081334116172897
0.37301977151089516
9968195048273078e-22
5381827854148565e-20
0.5180743794812004
0.00034311163502807277
21569328151483646e-45
0.10435683141437713
0.0001568799592516442
0.12597772402579596
0.010756814043597514
0.025511882872477645
0.00026327400356814364
0.0013711786039744803
0.1883211744339158
0.17263534594476804
0.12552676632553889
10473405112749885e-46
0.03313584432745332
0.033163948996287045
0.3276492672251198
0.43891915023132644
0.00011211427331897953
0.43906850703184214
0.6107528244884712
8.01294435542034
1.8353451454833771
2.4961612340833663
0.1278063672505832
0.3386390373440888
2.829787236448348
3.019496393708726
0.8107818536830409
4.121357363841594
4.744104026873177
1.3103669952299617
1.9612786608316946
2.0852778488497377
0.6943232368306165
22.732737629708716
618.5419025511833
5.63063618097325
1315.5614957426303
1.1152031949897385
23.217515218307145
1.1532476642621383
44.576998466063856
1.306461778706132
1.7910971294170372
1.1152022456583137
0.6879593138657265
1.0025029451256182
0.614099556245868
0
0.00038551030286365396
12363994254137506e-24
0
0.00027828306269236014
0.00023624720961175434
0.0002434846828689087
763746970545984e-19
0.0002592945751515158
0.0008242554877454921
0.00012614208855445396
0.0006058036439885219
7612038056737253e-20
0.00022529949077962808
0.00037839688352004654
0.0014596977270147301
0.00020861380809097596
0.0005538830509275094
0.0002743814753279077
0.000574113460389583
0.0012576100019535117
0.0012087750461009892
0.0010151301714160198
0.0006304956601660552
0.0005373423674334162
0.0019745503255833166
0.007339050509809049
0.016200317404947474
0.06279292891872355
0.0367235918919673
0.08914842778338022
9118319151530569e-20
0.009754679672085174
0.1240269131783755
5447321216773966e-21
0.06347909719245813
0.010958801163003936
0.0020378469996035647
5556824511751089e-21
12044205414944927e-22
0.08223044205767736
0.07385644244302045
0.004030775272802379
0.02896991301683314
0.01891211839479686
0.005780608143543225
0.01183078836787867
0.00048243286996364873
0.09772588412126905
1569912995700109e-24
0.0582733841904559
0.00040272917880047047
0.00945443335368113
0.011006284032659658
0.0001570139819564484
0.00017081857235654537
0.07461809483079565
0.0005194728913424899
0.05214347607839674
0.12427138255782315
1260911867560977e-21
25861530121812173e-22
0.00014468581845286974
11840033381205032e-21
0.0005938014064093136
15325156548925597e-21
14120530901334125e-23
1004402128426138e-21
19076283141027505e-21
0.06550008566233276
0.06592786581485947
4343442402299149e-20
0.00029355393337242655
0.0169355360016532
0.008035730374640242
0.07452434582567173
0.010358375969619433
27827367996253217e-21
0.09908185977324985
0.035693186305485694
8240508580377079e-22
0.12354081445411072
45711156754095385e-23
0.0034511493735035065
0.0010090509004249677
2299456595294844e-27
0.1062686491135733
0.07706358404025024
0.01721966359221103
0.12325245293410682
0.05189797474024037
0.008595542429736229
0.11979578537750055
20535640167310753e-26
57647274927911654e-22
0.0005091896091477779
9119065236616892e-20
0.09813806328979541
8473111081535977e-22
0.0001287375950066494
0.1126950444138517
0.0009368590287361773
0.011590147133118095
12228677886856734e-21
0.10141189859168492
0.07904006358468174
0.02187313447054861
2744645640715567e-20
0.00015340448598123567
12006676827174756e-23
0.013440555904890822
0.10923596049208473
8326801698865904e-24
1025483546066665e-20
91386895554635e-19
964845194812935e-19
12086854980053926e-21
0.10863426232369744
0.11122709809407723
0.004508112005012536
0.0014664450508000582
0.038563688712454726
0.0054132833027271355
6636586491569543e-20
0.02685099042559354
832236680544775e-19
0.0007422700952454354
0.06863725529077482
11000979289554148e-22
0.06468626803041067
0.05189797474024037
0.001821823799742572
0.0004885121833470707
7563074992303846e-24
0.0010172278025324289
10739430817587019e-24
0.009915952070464426
0.02785765998061054
0.0009023656379236294
0.0003409692081730867
0.00015045661691946377
2672585737362857e-21
0.006053131273933012
0.014860227434979738
0.021726360405176975
11069414783440242e-24
0.05296837517008927
0.061339707450382155
0
0
8176654403197395e-20
6712005200561885e-20
10336361663729736e-22
7552901500733426e-22
0.00017695461337918086
0.010057582121520955
0.005335913158170174
15204233230931635e-24
0.00018221274220894348
7328628744611246e-21
0.04680800911143974
0.012694621507559928
0.08134265581331683
3845633018838014e-22
0.05279228028886608
0.0075781108633921354
0.00012243614824817108
0.10554873585190301
0.00030254891219529096
16523107011762493e-29
8600842356998484e-20
37936013675749325e-22
0.00012468653025380546
0.01733042336849073
0.003468514480386415
0.00015494289404877415
0.00014110937614511437
3818611310227891e-24
0.0006042226720709731
0.02134195453959519
13347306982040399e-24
0.00179976024686714
0.0018446576641867759
4418369283515077e-20
0.08728982153168123
4583419390486172e-20
0.1052475947558227
0.004703285362205691
0.11695778612980216
0.0030793209664097647
0.0006727408861336415
0.0005686795958071398
4736817429195599e-20
0.08716656160689736
11919475317621973e-21
22529272902056575e-21
0.008172263021232074
0.006317835470720043
21999712520001338e-24
8736073066000318e-20
0.003038104228132838
0.09882180316397178
0.028539802020133894
0.00010009392833277791
0.022358181728560227
0
0
0.08851821072932736
0
0.0988877143596929
0.11025526124257248
0.1042343809690759
0.04661583607430939
0.028060741188739993
0.054597535141579404
0.10398114903041132
0.0541954219192039
0.1094953471877587
0.12425591921619397
0.0007941995600552756
0.015625259218361904
0.10343159085052714
0.11961338868279582
0.10077997727991925
0.0003068447373253434
0.025650123398073977
0.12157019927701193
0.08941311518190412
0.11206229359684866
