2.9731522713023217
2780630161080641e-68
3530137134061705e-47
0
9985003309603487e-25
5586362318551721e-30
1000012317661299e-24
0
10032324306684913e-25
0
0.0006967461074609772
0
22.30512829521947
0
16.476090761820597
0
35.11968445482345
25.022747533415572
0.0007351092454871025
2098120689290221e-21
62772230673589345e-137
2.2800733862035463
0.050383910116011926
12064795493792303e-50
0
6502887567893625e-38
5764774248006035e-40
0.000762779294726502
0.0037459851624913262
0.0036578838610545118
0.0066388648588191525
5684947643250428e-22
17637231607410622e-27
0.0006981724849015663
8523834088858675e-22
3860931383510852e-23
11382731039525802e-31
8676173594684243e-38
10492527254963346e-38
3.443438880145469
3.4520150941599455
0
1.1570238002275104
0
3.4519170947040485
3.3506940131039373
3.829630053132738
0
4.403724462394144
0
4.367598945054887
0.5688700427267281
8.889949037223184
9.93557283899872
0.13542839739338616
21.79581758265955
14.98926609783715
0.8379595986533989
8827057565123179e-22
0.00888001469792741
0.12784265661008767
27.41127486085478
0.270215016761682
0.19008557600620435
1.8664352070331496
0.20164633349180883
13.45937649801692
0
13.56466637326419
0
14.084346421861143
0.0003017285884021309
0.0003017502161269623
0.0007317637535372645
0.0007317597575766427
0.04213853047447053
0.016294390322004648
0
0.0004750473635429952
0.3312316387198907
0.02714469979930513
0.013246960959199248
0.04563699532229145
0.0004057860002393794
0.00010457056607702159
0.0007032891460477896
1.442860450704278
0.4151057036467756
0.0017056248332624506
7849066196350837e-20
0.0004066806108703495
0.0009932244671667912
0.0028461662204671175
1071700641685388e-23
0.04462294970253171
1.949214842436043
0.011353714922099778
2380345770092487e-27
428988102566181e-21
3822300114385541e-21
0
0.5058474903600914
0.16628361434081185
0.10392698144665513
0
0.1497412981253365
0.004606694991514893
0.051954005887431244
0
0.0009370281133280269
0
0.16937730789658229
0.247732174435051
0
0
0
0
5278440044060278e-22
0.46272791640572025
778775913067414e-22
7635990772261635e-23
0.2485393440936615
0.0650046852880192
0.19868183203858736
0.44363471282189726
0.0004455961377734282
0.3379701228595371
0.0008087228000923476
0.37093710119273515
9963282008372852e-22
5463841338971805e-20
0.5183617161998957
0.0003417416824425296
14476093093757856e-45
0.1037622661592745
0.0001547500665336285
0.1254436888624928
0.01036748883747857
0.024702843551954626
0.00025931214949927937
0.0013168157535755592
0.1876840676655076
0.1698927541852292
0.12283032564373456
69457214772631705e-47
0.0321536835119289
0.0321720754924338
0.3261874621525177
0.43770232528964276
0.0001108437143060399
0.4378546000627753
0.6014882405303789
7.847978882899221
1.8238269707961139
2.465603680759979
0.12712363466407747
0.332293425573617
2.8013458640412843
2.96516983038248
0.8079854974774323
4.073355831132818
4.68614025381884
1.2810904112193966
1.9492545628550886
2.0624314797708014
0.6840155033796435
22.511825283117727
618.5367312813959
5.630632265942563
1301.9617987288636
1.1152029998899675
23.21750754076639
1.1531058786451953
44.572785746544376
1.3064640848054967
1.79109483649858
1.11520205051551
0.6863832420716117
1.0020423748797533
0.5964226351473705
0
0.00036932766056726747
12404400826415633e-24
0
0.0002591529036804265
0.0002245250778338488
0.00023170406359244956
7222036847296474e-20
0.0002475113126824315
0.00079377567294288
0.00011929032784625553
0.0005775541023276514
7195191754063482e-20
0.0002143758160937077
0.00036122650538436866
0.0013997858535527085
0.00019829098314924954
0.0005300212274780325
0.0002614911369411142
0.0005496397776530594
0.001217818240550786
0.0011585464524995666
0.0009679610575131768
0.0006037176896983167
0.0005137550608823332
0.0019744927666979725
0.007338242293835584
0.01619626685350891
0.06271977312600323
0.03670121807212432
0.0889764434166082
9118306945433632e-20
0.009753241086047157
0.12345611021322461
54473207812587925e-22
0.06340408213574127
0.010956978607339182
0.002037785679735689
5556824058550126e-21
12044205202038776e-22
0.08209075081469605
0.07374922327158524
0.004030533928897302
0.028956382300054748
0.018906548687293797
0.0057801091255043425
0.011828658359854399
0.0004824294491980175
0.0968267366163219
15699129956639363e-25
0.05821172108150395
0.0004027267955301141
0.009453083232835415
0.011004445373351934
0.00015701361995665148
0.00017081814388739602
0.07374364986097486
0.000519468924701172
0.05209544718964117
0.12363467189865683
12609118442263203e-22
25861529140195135e-22
0.00014468551107840353
11840031323650432e-21
0.0005937962222877554
1532515310177846e-20
1412053087207021e-22
10044021136198263e-22
1907627779978484e-20
0.06541941094303719
0.06584595724446674
4343439633100264e-20
0.0002935526675210704
0.016931098779115236
0.008034759341368962
0.07441476822366037
0.010356750734308811
278273566301847e-19
0.0988520214666915
0.03567213276235532
8240508480712828e-22
0.12285722162930203
4571115644742249e-22
0.00345097275877094
0.0010090359120817818
22994565952947665e-28
0.10539196339632534
0.07618170615232861
0.01721507194671577
0.1225579943529259
0.05114184272240992
0.008594429456183831
0.1193501965797074
2053564016724885e-25
57647270050433965e-22
0.0005091857981122379
9119053028522137e-20
0.09791443847526012
8473110976165919e-22
0.00012873735167075098
0.11234927964246105
0.0009368461111040829
0.011588104453950195
12228675692005832e-21
0.10116594122834
0.07891351733329978
0.021865609587012058
27446445350136033e-21
0.00015340414043739126
12006676806016675e-23
0.013437792655861782
0.10892566960928615
8326801697848287e-24
10254833917187117e-21
9138688329690922e-21
9648438281251542e-20
12086852835818563e-21
0.10776817594665784
0.11089707819454721
0.0045078096784874015
0.0014664133515036595
0.03853884192850152
0.005412846179670268
6636580026027622e-20
0.026839453795887046
8322356637560156e-20
0.0007422619910911058
0.06854723044793061
11000979111933086e-22
0.06385262952671754
0.05114184272240992
0.0018217748229057433
0.0004885086757624884
7563074991464337e-24
0.0010172125699173936
10739430815894273e-24
0.009914464771671393
0.02784519780778239
0.000902353655213175
0.00034096750013279934
0.00015045628453107506
2672585632530088e-21
0.0060525836386979065
0.014856834118914147
0.021718939871231625
11069414781641862e-24
0.05220465563686463
0.06127038784811963
0
0
8176644588284587e-20
6711998587220376e-20
10336361506922148e-22
7552901417007692e-22
0.00017695415356640574
0.01005605135280672
0.005335488541270967
15204233227538818e-24
0.00018221225465633032
7328627956322774e-21
0.04677017502410659
0.012692162340481978
0.0812067246786951
384563299713268e-21
0.052742908706656606
0.007577248500202495
0.00012243592815496595
0.10527100985930295
0.00030254756754409084
16523107011762465e-29
8600831497179753e-20
37936011563532063e-22
0.00012468630199408376
0.017325770768280048
0.003468336074507804
0.00015494254153804345
0.0001411090837817083
381861131001388e-23
0.0006042173042234493
0.021334803593324254
13347306979425729e-24
0.0017997124522799056
0.0018446074485310555
4418366417945241e-20
0.0871270679507552
4583416306813397e-20
0.1043670003016932
0.004702956096351562
0.11655838268307711
0.003079180515886564
0.0006727342304919584
0.0005686748414071544
4736814135644924e-20
0.0862654719722266
11919473232363505e-21
22529265452102984e-21
0.008171258285310908
0.006317238407891135
21999712512897964e-24
8736061861955165e-20
0.0030379675292454993
0.09859369429428229
0.028526690267215736
0.00010009378124583149
0.022350306414071805
0
0
0.08834940528281869
0
0.09799037814093807
0.10939783085874134
0.10335027155524255
0.046578341897530115
0.02804808753035085
0.0538226604291673
0.10309621542564976
0.05342325669364366
0.10863370657540136
0.12366428625433905
0.0007941902808684384
0.01562149818780745
0.10317067181510377
0.11884146352719918
0.1005385063633074
0.00030684335420067785
0.025639639861832826
0.12083192058265378
0.08923978033564763
0.11172345319974106
