2.983242547207105
6056943609590887e-69
1777277905228002e-47
0
9684549931435434e-25
5424574030713459e-30
9699172885847287e-25
0
9730276035464572e-25
0
0.0007025055791300917
0
22.491822647644938
0
17.126628184174013
0
35.16648611769552
25.004043260442185
0.0007258773196404981
20230889215300123e-22
46930911942514e-134
2.2738038647964802
0.04973895141169235
6050515528194976e-50
0
48780700414255956e-39
4300218586833854e-40
0.0007658320272263206
0.0037456062537295862
0.0036877998621210554
0.006665450367772367
5737374896033725e-22
17814525077263454e-27
0.0007039419752157902
8597237511536915e-22
3912363641116156e-23
114920872526047e-29
6508696424362452e-38
7870808991034633e-38
3.4380360905276635
3.4437620822310677
0
1.1544609167694166
0
3.5236067813205416
3.4033018131957005
3.826356136038109
0
4.397857062167061
0
4.367224182439774
0.5775445103270178
8.948086704176445
10.004920767299552
0.13316684664650974
21.950869617747557
15.104773010997674
0.8348216877055424
8776294332152862e-22
0.00894682707440578
0.12885196551030023
27.2022693099733
0.26678684123644275
0.18358742474373546
1.8619365729192365
0.19943728619210205
13.15422052944491
0
13.233571535948895
0
14.045294430177544
0.00030003924055427696
0.00030005014543715635
0.0007335951725633992
0.0007335925573403716
0.042011753153273206
0.016197361837399987
0
0.00046450123050120447
0.335288817833834
0.02680822192147758
0.013173229613420157
0.04516037244180499
0.00041460614033291855
0.0001066677597364597
0.0007006649921631929
1.4313002011203302
0.4149566806233923
0.0017069825648911435
7819122782722567e-20
0.0003998966353229848
0.000989758341356273
0.0028585225926646154
10744223187931885e-24
0.04420664976326964
2.018653585782072
0.011225782855221807
24051105884586696e-28
43242453565304307e-23
3810594908213851e-21
0
0.50457114311585
0.16431501001010274
0.10241574712040462
0
0.14940145550993
0.004557500110314609
0.052005785753270965
0
0.0009558200946590306
0
0.16926626848912493
0.24627646763332853
0
0
0
0
5329103522655529e-22
0.4616062633880645
7855394330746435e-23
7669195021972906e-23
0.2475466140610338
0.06413982235751155
0.19832662803067452
0.4428105371644725
0.00044943468047044363
0.3365835191692062
0.0008055372960174979
0.36950074393046667
995988996700383e-21
55091764057655684e-21
0.5185750132479481
0.0003420668996060626
11040699916702851e-45
0.10336666441904774
0.00015338535171672505
0.1250777859134343
0.010171054762049983
0.024272506009324617
0.00025676115985036855
0.0012810171993881663
0.18724632157914725
0.16875210267667137
0.12162022444191674
5269721907085691e-46
0.031674143815560815
0.03168836788747287
0.32518008089145045
0.43686160983419275
0.00010997507009987312
0.43701588698586546
0.5975521304078494
7.776829207933249
1.815836584896691
2.445098291793681
0.12664126546537452
0.3295493194754179
2.7817422657245623
2.9290664931850343
0.8059998014749029
4.058586792107698
4.669396478486743
1.2670923482812195
1.9409108566270838
2.0572202999557523
0.6797854329499854
22.414495724145187
618.5331760584961
5.630629574360545
1292.6936469953791
1.1152028657588946
23.217502262458595
1.1530084111454715
44.56988973281786
1.306465670509117
1.7910932600862084
1.1152019163548506
0.6853017198101896
1.0017258556151587
0.591265462000143
0
0.00036009688361417935
12431259399481013e-24
0
0.0002480663483136491
0.00021815902455721742
0.0002253355137344131
6992482513653422e-20
0.00024121028934414275
0.0007771080579664579
0.00011550711920001446
0.0005623709842434881
6964700757097242e-20
0.00020846830027927934
0.0003520473668289972
0.0013685241878690743
0.00019268686301833883
0.0005173867201760781
0.00025454861287898834
0.000536696400034209
0.0011989417379660462
0.0011321626281616416
0.0009426590853688212
0.000589570210082218
0.0005012533753708172
0.001974453195937593
0.007337686696984342
0.016193482686887743
0.06266952796390984
0.03668584397866391
0.0888583966677018
9118298553751468e-20
0.009752252181215915
0.1230652077590448
544732048184213e-20
0.06335256071301495
0.010955725776149497
0.0020377435233968574
5556823746974484e-21
12044205055665806e-22
0.08199485076459372
0.0736756003955792
0.004030368013345056
0.028947083598350434
0.01890272046491966
0.005779766075591638
0.011827194201793357
0.0004824270974357162
0.09621337618747582
15699129956390676e-25
0.05816936554837748
0.00040272515703992543
0.009452155136595421
0.011003181473256605
0.0001570133710822752
0.00017081784931547927
0.07314842061879723
0.0005194661976528357
0.052062452993148774
0.12319882667400295
12609118281837437e-22
2586152846533344e-21
0.00014468529975883679
11840029909081856e-21
0.0005937926582304381
15325150731865252e-21
14120530851951268e-23
1004402103440487e-21
19076274127681375e-21
0.0653640047203322
0.06578970414042373
4343437729277055e-20
0.0002935517972514295
0.016928048863026995
0.008034091824061675
0.074339527097917
0.01035563353295532
27827348816015283e-21
0.09869431697527119
0.035657665655528525
8240508412193655e-22
0.1223894470030179
45711156236584877e-23
0.003450851341385289
0.0010090256077249875
2299456595294713e-27
0.10479344094036636
0.07558127612876986
0.017211915900686707
0.12208282519222796
0.05062840215382539
0.008593664370463182
0.11904481607490698
2053564016720629e-25
5764726669716829e-21
0.0005091831780418502
9119044635466472e-20
0.09776099207497395
8473110903724004e-22
0.00012873718437758763
0.1121121819386868
0.0009368372303353366
0.011586700320858491
12228674183046065e-21
0.1009971916613037
0.07882663433211975
0.02186043773130632
27446437748437618e-21
0.00015340390287644975
12006676791470496e-23
0.013435893251702264
0.1087128560588833
8326801697148676e-24
1025483285604507e-20
9138687486972371e-21
9648428885284277e-20
12086851361656973e-21
0.10717675026236942
0.11067075769955034
0.004507601840762454
0.0014663915586348708
0.03852176905157635
0.005412545678044281
6636575580971206e-20
0.026831525238398633
8322349647144639e-20
0.0007422564195363306
0.06848540687164711
11000978989818616e-22
0.06328574349271017
0.05062840215382539
0.001821741152094194
0.0004885062643126974
7563074990887175e-24
0.0010172020976268747
10739430814730511e-24
0.00991344238315745
0.027836633298034676
0.0009023454171920403
0.0003409663258600649
0.00015045605601448378
26725855604575614e-22
0.0060522071682142
0.014854501663609007
0.021713839724374174
11069414780405477e-24
0.051685995695964625
0.061222776068860535
0
0
8176637840538866e-20
6711994040551867e-20
10336361399116934e-22
755290135944625e-21
0.00017695383744581597
0.010054999084466582
0.005335196636753655
15204233225206258e-24
0.00018221191946466553
7328627414374499e-21
0.04674418182971052
0.012690471939460862
0.08111340381339986
3845632982210263e-22
0.052708992530172055
0.007576655682435673
0.00012243577684111694
0.10508049725869503
0.0003025466430998574
16523107011762445e-29
8600824031062328e-20
3793601011138276e-21
0.00012468614506576747
0.017322572830206183
0.003468213425789347
0.0001549422991873814
0.000141108882782218
3818611309866748e-24
0.000604213613855939
0.02132988870769797
13347306977628145e-24
0.0017996795942374405
0.0018445729260607054
44183644478670565e-21
0.08701535092698334
4583414186789568e-20
0.10376586926783084
0.004702729739448397
0.11628458428553548
0.003079083959867903
0.0006727296547764975
0.0005686715727802218
4736811871330164e-20
0.0856513821545531
1191947179874852e-20
2252926033026132e-20
0.008170567601021273
0.006316827959927507
21999712508014395e-24
8736054159182459e-20
0.00303787355232838
0.09843717495434498
0.028517679431526465
0.00010009368012368122
0.022344893744530372
0
0
0.08823353831091134
0
0.0973781873666631
0.10881221859735522
0.10274680017000112
0.04655258214611939
0.028039391450299548
0.05329632288969359
0.10249219616649549
0.05289878443446349
0.10804526506068102
0.1232591734878576
0.0007941839014903771
0.01561891300445187
0.10299167188647643
0.11831365665821497
0.10037283080737744
0.0003068424033060868
0.025632434916266364
0.12032695638730781
0.08912080758851045
0.11149109492999991
