2.9905492075290887
20136925297359654e-70
10813187510582429e-48
0
9473220431057987e-25
53106848087335395e-31
9487510026255453e-25
0
9517876151498617e-25
0
0.0007064842215531693
0
22.583670400920887
0
17.532156374869352
0
35.20236748694053
24.99049083677017
0.0007190819110028464
1968342786491188e-21
3804223998974098e-136
2.269232594423565
0.04937978079036995
3671574733838855e-50
0
39612711869611175e-39
3478742341514738e-40
0.0007679405045986486
0.0037453318935539706
0.003708450749547188
0.0066838132167746705
5773852072945057e-22
17910322992902346e-27
0.0007079271432164446
8648107698804481e-22
3942590726063787e-23
11568375296669273e-31
5285630339373041e-38
6391712404623234e-38
3.4357229516497063
3.4396995148954623
0
1.1528548019573275
0
3.567546430050018
3.442353189022283
3.823987461610199
0
4.393694023527087
0
4.366953858202976
0.5822239483783259
8.984216392996366
10.048164165935093
0.13213807191108404
22.0469015130939
15.17485503964712
0.8325539916897778
8760733294974702e-22
0.00898729793269775
0.12946448891651594
27.083896298320084
0.2645937128609099
0.17981439913312983
1.8586815804621946
0.1978953239777113
12.97646887366002
0
13.041039930037911
0
14.022790753629836
0.0002994800586461662
0.00029948491104985544
0.000734458342261864
0.0007344566510323366
0.04192366824638334
0.016132600017944244
0
0.00045903256540210323
0.33732911708429675
0.026614968564761726
0.013125510287184644
0.04495799625215115
0.00042020842479360864
0.00010798251732758962
0.0006989010182156505
1.4252279190042831
0.41486803095205993
0.0017100405913755051
7799827761389007e-20
0.0003964181358925181
0.0009893063199604862
0.0028738179575591018
10767147720918531e-24
0.043975592423650955
2.061669127628071
0.011153914943464955
24277199659485774e-28
43505834420517733e-23
3803192169770181e-21
0
0.5036628367253521
0.163099561094401
0.10165600931563072
0
0.1491797021409675
0.004522542191124975
0.052021080342084296
0
0.0009652304580409981
0
0.16918568489752045
0.24522703543775803
0
0
0
0
5364563385214745e-22
0.46078456223472125
7907024438787794e-23
769755386278416e-22
0.24682600217958514
0.06358234653180597
0.19806835997513259
0.44221294737542016
0.00045181714243857447
0.33566399909896244
0.0008032348561986098
0.3684626060732271
9957426380997302e-22
553705601765291e-19
0.518732311825178
0.00034268500714055065
9084048140892247e-45
0.10308662881110521
0.00015245734682027535
0.12481345764206085
0.010053572978559121
0.024006301885333224
0.0002550180266998232
0.0012558509244908007
0.18692947422518316
0.16818079327593902
0.1209625078839273
4323822178396755e-46
0.03139289766106991
0.03140495058402039
0.324449613934734
0.43625070978219993
0.00010934954010927602
0.43640643203615787
0.5955356316269371
7.73964830674255
1.8101117169225502
2.430777552458891
0.12628883034237787
0.32811362863573
2.7677595812989533
2.904017534673655
0.8045447651076317
4.053774047444385
4.664409588879206
1.2590285062006852
1.9349281341104234
2.056670922979287
0.6776983106301849
22.362048967198465
618.5306016316293
5.63062762530904
1286.023522994482
1.1152027686307195
23.21749844028416
1.1529378372556998
44.56779276306359
1.306466817925565
1.7910921185450084
1.1152018192052493
0.6845195881270547
1.00149671729777
0.5893793329073448
0
0.00035415178989410095
12450307001670143e-24
0
0.00024098221513780264
0.0002141132089978445
0.0002212996177496096
684508909554587e-19
0.00023724506598715627
0.0007664733273974709
0.00011307876858348575
0.000552783879380699
6816635164662981e-20
0.00020472369524718746
0.00034627152883421393
0.0013491668450342073
0.00018912592615043887
0.0005094864783382424
0.00025015937984712084
0.0005286093701498542
0.0011880879835673588
0.0011157529544631535
0.0009267034897031165
0.0005807369476378743
0.0004934306561159505
0.0019744245421017305
0.007337284399510925
0.016191466890164853
0.06263316911909302
0.03667471517379915
0.08877301338419137
9118292477096774e-20
0.009751536149247213
0.1227829168674599
5447320265025884e-21
0.06331527869865204
0.01095481865431095
0.002037712997318289
5556823521353571e-21
12044204949672914e-22
0.08192547671070088
0.07362233382811594
0.004030247873363386
0.028940352003876155
0.018899948822378346
0.005779517675947814
0.01182613407577334
0.0004824253944638408
0.09577165104197452
15699129956210594e-25
0.05813871392259166
0.00040272397056600003
0.0094514831321741
0.011002266337298224
0.00015701319086539487
0.00017081763600776037
0.07272039931743274
0.0005194642229272794
0.052038573987529556
0.12288417800057425
12609118165668505e-22
258615279766466e-20
0.0001446851467364255
1184002888475198e-20
0.0005937900774069118
15325149015742857e-21
1412053083738256e-22
10044020960693333e-22
190762714686056e-19
0.0653239127690456
0.0657489996446945
43434363506641825e-21
0.00029355116706564823
0.01692584067363385
0.008033608490111555
0.07428509031976734
0.010354824610407277
27827343157550806e-21
0.09858027567683438
0.035647193268215874
8240508362576942e-22
0.12205183007443422
4571115608391127e-22
0.0034507634222149335
0.0010090181461081967
22994565952946744e-28
0.10436215646924236
0.0751494436776485
0.017209630877763303
0.12173989191779497
0.050259825787570725
0.008593110392304135
0.11882416911285713
20535640167175473e-26
5764726426897184e-21
0.0005091812807815963
9119038557817185e-20
0.0976500272390037
847311085126672e-21
0.00012873706323591016
0.11194080505047693
0.0009368307995666465
0.011585683653726832
12228673090364815e-21
0.10087517096518434
0.07876377956037421
0.021856693404812222
27446432243829472e-21
0.00015340373085193776
1200667678093719e-22
0.013434518005868399
0.10855901121658344
8326801696642066e-24
10254832087641523e-21
9138686876735568e-21
9648422081398613e-20
12086850294174084e-21
0.10675050898183462
0.11050716086981448
0.004507451345442666
0.001466375777991093
0.03850941080969426
0.005412328086548677
6636572362179282e-20
0.026825785402957575
8322344585186454e-20
0.0007422523850386452
0.06844067344426255
11000978901392002e-22
0.06287838923482306
0.050259825787570725
0.0018217167704751773
0.0004885045181196603
7563074990469234e-24
0.0010171945144060353
10739430813887796e-24
0.009912702107909153
0.02783043313352844
0.0009023394518498638
0.0003409654755377741
0.00015045589053923415
26725855082677645e-22
0.006051934569677255
0.014852812893923347
0.021710147308314276
11069414779510177e-24
0.0513136387043232
0.06118832210134022
0
0
8176632954304703e-20
6711990748179756e-20
1033636132105207e-21
7552901317764347e-22
0.00017695360853411571
0.010054237175294363
0.005334985270227958
1520423322351718e-23
0.00018221167674308122
732862702193412e-20
0.04672536842499596
0.012689248011782122
0.08104589443104777
3845632971404509e-22
0.052684446462254585
0.007576226434915112
0.0001224356672705037
0.10494275684168494
0.00030254597368484123
16523107011762428e-29
860081862463503e-19
37936009059839535e-22
0.0001246860314295628
0.017320257479325668
0.0034681246150160697
0.00015494212369450135
0.00014110873723285824
3818611309760205e-24
0.000604210941568269
0.02132633040382021
1334730697632646e-23
0.0017996558011540078
0.00184454792774579
4418363021277069e-20
0.08693454283411799
4583412651619671e-20
0.10333273544246847
0.004702565834675683
0.11608672053101407
0.0030790140427550687
0.0006727263413881539
0.000568669205884747
47368102316750976e-21
0.08520943263221502
11919470760626596e-21
22529256621388507e-21
0.008170067493015404
0.006316530759345358
21999712504478062e-24
8736048581386424e-20
0.0030378055027421563
0.09832398991158302
0.02851115620188742
0.00010009360689827422
0.02234097509241208
0
0
0.08814973055765889
0
0.09693727122624574
0.10839011769730654
0.10231200995618972
0.04653393765943197
0.02803309605058498
0.05291840263052544
0.10205701865669375
0.05252221600950443
0.10762114829671594
0.12296664832254267
0.000794179282030391
0.015617041265558372
0.10286224676476832
0.11793292036744621
0.1002530308039374
0.0003068417147376787
0.02562721887091899
0.11996261506197611
0.08903475500993309
0.11132313931786962
