0.007245954006205094
35.90965883287552
118.75275078466545
0
121.93376750749873
0.0007341800812469061
133.4070854531836
0
142.18324837850335
0
37.64556885763989
0
10.599382632945154
0
33.114167375491604
0
32.84434468757446
15.48999370839527
45.15140387938552
0.0700625779169943
2312760595248989e-25
1.6845145838284228
2.443333374982821
0.8937337136540807
0
10.317781319175875
0.49618609190170027
0.45756442295308947
0.0038429116046828386
3.8575387719360434
3.929976445576818
5.4590919542441325
5.374233848428699
1.0669780368506459
14.471851822935351
1.474254336651524
6054564668756955e-21
37.8404405443441
57.84800765709384
0.000544545957225306
33.31041367127586
0
2.937018451297503
0
8.761481754024178
23.571821922269027
4.572708182037312
0
17.566585798194975
0
0.0839034095124721
0.012224548292758621
29.566774423230502
35.97714116402325
18.689405088730165
52.21119834880569
60.956414226026624
0.05093321996148849
0.13533754863355527
0.010771192296762114
20.250592479772262
49.141479675471885
1.114117257577615
0.3202644558056798
0.0021980520904521157
0.13882846035994265
48.54768387211375
0
118.56997980763983
0
12.12407723335234
0.006826426230419748
21.65842298718773
15.378243902408634
0.29686959997036566
1.2223790977013338
3.018491227777166
0
2796484167821731e-20
0.0002924227149281801
0.12432246035198978
0.0035173214782324475
0.006520636257334907
0.009139977009565904
0.0006825711767073371
0.0015083861878597085
0.4577631932672784
0.6759533220726576
0.06072377925058678
0.15821534193660497
0.00010367291532082782
0.15909678964430546
0.02940651466532271
2.1837819828107476
0.06379565234743083
0.09715100685302666
0.036081952444445696
0.05605337298009827
0.5693145121177072
0.0007718470742797798
0
1.2744939768127828
1.40728284850207
0.030441935560872418
0
2.3774984727210002
15776881067770397e-21
0.0025807760937764717
0
0.000328055931832492
0
0.213454326554074
1.0226638548664473
0
0
0
0
1.6442198551718572
0.5761620340101885
1.165373859917747
5.738195852104858
0.3070153016062349
1.5132061399404637
0.15251148492510105
0.009116465532028085
0.023222965675909295
5.469442846153253
0.0038433847896302193
1.6607952973008524
9806107056128207e-22
0.07004912580846688
2.081290437756686
0.5204589036319067
0.5336715606144791
0.0038007029014834968
0.8439145820678696
0.1899231014146942
0.0014027123343300643
0.029213260529254825
0.9616493136633264
2.3241934171946848
0.13638112446881612
0.1219897558166498
0.3954306963338539
0.03748538376721522
0.5516786201288845
0.5537775693841024
0.4008703906956025
0.5890429204777161
0.1371459619333075
2.9076528906962285
0.37492570725389185
12.057911323594208
1.9893441580814117
3.068531066005337
0.18765961306244222
0.4869281697933532
3.2480935629619134
4.178365841018339
0.996924624741841
5.836615686455985
5.9874803646684125
6.3425413197625495
2.178994104895441
4.4362245751443
0.6340618410613715
42.53502951521094
619.5826294224466
5.631423477497067
10631.032487590435
1.1152424266862515
23.219059083206243
1.1821152999559648
45.43224026702522
1.2600002818344638
1.7910711506153771
1.1152414879516077
0.5315967845298866
1.0995505566150119
47.025912817563174
0
0.0009395139945393572
4435323868462469e-26
0
6860557242343715e-23
0.03537965250795868
0.05713403076418028
0.09167494166417707
0.045788613080012586
0.05107688002350887
0.10115033878515686
0.054162120666279887
0.08669838618556495
0.0540477541668971
0.045159242482053344
0.08315377704266416
0.04652315710076471
0.04659442626270695
0.05172508788026788
0.04319177203905428
0.06904029571678351
0.09591863716441748
0.12134470113243911
0.043621542386009626
0.05619322281941067
0.0019861585241781787
0.007503389906956916
0.01703573876960248
0.07937994697675672
0.04151129723078576
0.13144684246962832
9120773906846525e-20
0.010048306933624976
0.3135827595752379
5447408791633989e-21
0.08051755340309402
0.011331512172429411
0.0020502148710242565
55569156429440435e-22
12044248226560585e-22
0.11574728570449819
0.09891397577947462
0.004079599919271926
0.0318232512064774
0.020066086286802242
0.00588183194354838
0.012266981396930813
0.0004831212165430434
0.6269237616074346
1569913002973794e-24
0.07209874637161776
0.00040320869763650754
0.009729873392513994
0.011382316714401174
0.00015708679046802008
0.00017090475152182507
0.7985235238691342
0.0005202711262240628
0.06275881358070111
0.3491035160291842
12609165597433518e-22
2586172750783857e-21
0.00014474763911695578
11840447125145131e-21
0.0005948447587355063
1532584972305135e-20
14120536785776542e-23
10044051057095365e-22
19077357197825226e-21
0.08392060365475498
0.0846512473302531
4343999273524222e-20
0.00029380858391228284
0.017851825795113997
0.008233391099624243
0.10018374584005109
0.01069041756236834
2782965359950561e-20
0.15805352219138977
0.040189364956620656
8240528621064355e-22
0.3770260125922195
45711218420452513e-23
0.003486847647347634
0.0010120693106138825
22994565953104324e-28
0.562121047813881
0.7797546846750232
0.01816829097170002
0.38391520656698536
0.9927802346264729
0.008822294898600789
0.2534383465885171
2053564017975646e-25
5764825570803837e-21
0.0005099565186601838
9121520393739708e-20
0.15525954758653143
8473132269558261e-22
0.00012878653476060302
0.2090517550629227
0.0009394601509312617
0.012008295127263454
12229119239316836e-21
0.1652521470846371
0.10908775412102546
0.023440094576190198
2744867986249751e-20
0.00015347398435777338
12006681081678123e-23
0.014007899491558892
0.1935444302221647
8326801903491234e-24
10255145830949715e-21
913893603929646e-20
965120050117163e-19
12087286154377181e-21
0.5432312954794448
0.2021655489013971
0.0045693181615774235
0.001472833143176721
0.043899849495952555
0.005501901868122317
6637886722027338e-20
0.02927449934291364
8324411634477505e-20
0.0007439014918186047
0.08936669210831909
11001015005964425e-22
0.8781480921468368
0.9927802346264729
0.0018316989477528902
0.0004892180065294808
7563075161114506e-24
0.0010202954425666245
10739431157968105e-24
0.01021959952286314
0.03048035477644255
0.0009047783781339362
0.0003413128377992031
0.00015052346907928286
2672606817402845e-21
0.006164263553780311
0.01555855077525284
0.02327119952091542
11069415145060197e-24
0.982477952231911
0.07699935587588928
0
0
8178628242409613e-20
6713335155233295e-20
10336393194920662e-22
7552918336468685e-22
0.00017704709761564118
0.010370174563416558
0.005421986103519423
15204233913163635e-24
0.00018231080665084354
7328787256757933e-21
0.05507252046711979
0.013198922212208499
0.1138609436170299
3845637383387345e-22
0.06372044912151255
0.007753525644779441
0.00012248041301403712
0.1792834631762508
0.0003028194184665631
1652310701177045e-28
8603026346951727e-20
3793643840647826e-21
0.00012473243760873084
0.018291821625587953
0.003504575739543738
0.00015501379381977675
0.000141168177398824
3818611353262089e-24
0.0006053030177041471
0.022829683985778493
13347307507803748e-24
0.001809396700131458
0.001854782940874482
44189455350684615e-21
0.12704034056691882
4584039502951906e-20
0.5701053672449312
0.004769965283785619
0.23268129617103575
0.003107693561126677
0.000674080552926713
0.0005696364269192353
4737479748652246e-20
0.7043916618670693
11919894632452093e-21
22530771001801902e-21
0.00837682785062802
0.00643904769164312
21999713948359055e-24
873832628695673e-19
0.0030657172283529532
0.1572770241555085
0.03130262182762496
0.00010012350922498992
0.02399949183626803
0
0
0.1299357459475515
0
0.6183095398429125
0.529894555302127
0.577945209710515
0.054802730165267904
0.03072471465974867
0.9670824676639226
0.5798928984291986
0.9708515320732751
0.5361923761750212
0.3244274386497231
0.0007960676396314906
0.01640023038836467
0.17188145185685064
0.4397258628438122
0.16325507559568833
0.00030712298515950454
0.027847686301233802
0.41378891902963205
0.13208684093666576
0.20602193050243137
