0.0078014842484852446
35.863975355102674
117.55054914064962
0
119.85397137321655
0.0006850066839129808
127.4031494129358
0
141.99983272046273
0
39.04259952850713
0
11.868903709499905
0
33.00312570988015
0
33.05487120568428
15.292556266699249
44.93669322980389
0.07218494060239329
11051315011049703e-26
1.716251081639483
2.428778936776883
0.8772619296748442
0
10.281857460348393
0.48470424507801224
0.4559586192109176
0.0038449678084318513
3.8678911911224283
3.9163562582402456
4.149854273139798
4.563255731767806
1.0767413574326827
10.802980097520855
1.3469359872873685
5620166480303118e-21
37.23795898377303
56.70085525870317
0.0005213432021098897
32.1398481912289
0
2.925462413250942
0
9.096142962329797
24.81890911866247
4.572659006798644
0
17.487404417242242
0
0.08673368213205337
0.012659184621280998
29.56659802853391
35.97713947552804
18.70139632916866
60.59916304039564
60.956194274868196
0.05282350482056093
0.13521532602792546
0.010771341078321122
20.23617529939421
49.06183274383194
1.1202588921034968
0.2976578065795628
0.002399870221969896
0.14405595757968095
44.89034426558384
0
102.2544102735797
0
12.1700061698529
0.006311134534637674
20.44386514241885
15.37631261711589
0.30658333050646547
1.2261005262110904
3.018201662275651
0
26797324692860016e-21
0.0003028403598571035
0.12332646562983922
0.0036190862850070155
0.0060298610673016236
0.009272166549566105
0.0007102584025849345
0.0014970233732197686
0.4668112747427524
0.6757189504729021
0.06251477343575966
0.1612939751610715
0.00010094084154893646
0.15989356791097462
0.029169185997983064
2.1785088266876147
0.06504171698824329
0.10009410022425896
0.03628553292815934
0.05567043956880189
0.5869169196223518
0.000792820132591105
0
1.27430220785791
1.401538743939261
0.028134664153193652
0
2.3743914053499178
16284921942195657e-21
0.0026795448705751695
0
0.0003839721356603363
0
0.21343932683878913
1.022415203415883
0
0
0
0
1.4952723395368372
0.5767954662877592
1.1625675003984794
5.726956994094372
0.30782321966332493
1.5073056323178873
0.1533095707711486
0.00941877284209813
0.023892922006476816
5.381137322140285
0.0038517678023040785
1.6633092246689472
9807821452258543e-22
0.06979994081906371
2.0896833096986405
0.5195678705185626
0.5304259617380225
0.0038008832648349956
0.8428705676772761
0.19000888475353575
0.0014326860097144346
0.0290067036088509
0.9596494705314657
2.3211843587683405
0.1366327408236153
0.12127737717167858
0.39294514351069115
0.03712848873617775
0.5475879004786389
0.5500223950231427
0.4010759113643777
0.5889965028584849
0.13698789557002866
2.998746985350246
0.37314178706569695
11.98153906343528
1.9895124012631733
3.0674961656331776
0.18801039278664997
0.48424731092137013
3.2485542564436196
4.176029782699128
0.9980789008835402
5.801828091684817
5.978357266398881
6.231708186093392
2.1792169217585244
4.385392265575382
0.6309901224465073
42.0896833087978
619.5824333545828
5.6314233292884674
10626.851874391905
1.1152424193012695
23.219058792584278
1.1821097985652886
45.43207774471484
1.260531968882495
1.7911067380336083
1.1152414788463934
0.5469883825877564
1.0995314318918226
47.599492891576325
0
0.0009359788890135319
48156760983862517e-27
0
137171148953174e-21
0.034929515154073484
0.056383607494460496
0.09043488104304906
0.04521534808218989
0.05057472876836917
0.09982908034184693
0.0534130823530267
0.08552267435000728
0.05332903128140463
0.04457109898216425
0.08206958818577678
0.04591111313773133
0.0459944316620338
0.05107289724397918
0.04263906561481232
0.06811841260806603
0.0946730275210153
0.11993509428640257
0.04307549066614018
0.055451796598963085
0.001986156332677881
0.007503358628491025
0.017035577526475897
0.07937644454504185
0.04151033967082526
0.13143723506254915
9120773444708863e-20
0.0100482508386573
0.31352801221237814
5447408775149038e-21
0.08051394983565126
0.011331440834953263
0.0020502125358856206
5556915625789651e-21
12044248218501843e-22
0.11573983701430668
0.09890853673542715
0.004079590673243984
0.031822688485471096
0.020065862572478815
0.005881812723665797
0.012266897794241912
0.0004831210868784541
0.6267044593646632
15699130029724253e-25
0.07209585714614074
0.0004032086073196726
0.009729820796657507
0.011382244735786085
0.00015708677675959652
0.00017090473529563725
0.798167307582061
0.0005202709758514557
0.06275662457362143
0.3490356464262379
12609165588601082e-22
25861727470683092e-22
0.0001447476274775416
11840447047261902e-21
0.0005948445621657111
1532584959256746e-20
14120536784668877e-23
1004405105149101e-21
19077356995642433e-21
0.08391668894990774
0.08464726414264008
4343999168693802e-20
0.0002938085359568787
0.017851648732440398
0.008233353438774458
0.10017816620699009
0.010690354068849234
27829653169253118e-21
0.15803962922705242
0.04018846742108514
8240528617291956e-22
0.37694683643120125
4571121840884462e-22
0.003486840892987663
0.00101206874158897
22994565953104292e-28
0.5619448195793845
0.7794150618491649
0.01816810757528221
0.38383310652040215
0.9922288683467014
0.008822251657419705
0.25340260114096624
2053564017975412e-25
5764825552341781e-21
0.0005099563741908918
9121519931526396e-20
0.15524614172521964
8473132265569891e-22
0.00012878652554658597
0.20902744148098054
0.0009394596606251848
0.01200821501356978
12229119156236525e-21
0.16523695901352914
0.10908113820330644
0.023439789296879
2744867944394426e-20
0.00015347397127265345
1200668108087727e-22
0.014007790474079634
0.19352359224305457
8326801903452715e-24
102551457725257e-19
9138935992898486e-21
965119998371891e-19
12087286073212827e-21
0.5430667341708553
0.2021428118205521
0.004569306562476353
0.0014728319380873372
0.04389877855219677
0.005501885051063731
6637886477252045e-20
0.029274023158397226
8324411249517995e-20
0.0007439011843924472
0.08936225265296273
11001014999241268e-22
0.8777170519226102
0.9922288683467014
0.0018316970838578982
0.0004892178735716092
7563075161082728e-24
0.0010202948642539806
10739431157904035e-24
0.010219541499033365
0.030479838550289403
0.0009047779233607279
0.0003413127730828573
0.00015052345649244612
2672606813434788e-21
0.006164242443754748
0.01555841628429747
0.023270898625422903
11069415144992127e-24
0.9819380091845584
0.07699606042351367
0
0
8178627870815446e-20
6713334904861981e-20
1033639318898532e-21
7552918333299576e-22
0.00017704708020214942
0.010370114817087646
0.005421969771461349
15204233913035214e-24
0.00018231078818653352
7328787226919778e-21
0.0550708349066332
0.013198825423522926
0.11385373582711829
3845637382565775e-22
0.06371819250227824
0.007753492246074505
0.00012248040468026993
0.17926558466162631
0.0003028193675245546
1652310701177045e-28
8603025935792091e-20
3793643832652782e-21
0.0001247324289656833
0.01829163572661752
0.003504568916326278
0.00015501378047077263
0.0001411681663279541
3818611353253988e-24
0.0006053028141615947
0.022829394400416158
13347307507704781e-24
0.0018093948813489456
0.0018547810297036655
4418945426589595e-20
0.12703136677872512
4584039386215976e-20
0.5699240870255441
0.004769952643625415
0.23265117055084197
0.0031076881958331435
0.0006740803005011449
0.0005696362466569231
4737479623970584e-20
0.7041146625180434
1191989455352019e-20
22530770719794913e-21
0.008376788866103723
0.0064390246575840165
2199971394809019e-23
8738325862762764e-20
0.0030657120070225856
0.15726326743939217
0.03130207737024845
0.00010012350365595252
0.02399917181087511
0
0
0.12992635826095011
0
0.6180962357446552
0.5297379896806438
0.5777588991723985
0.054801061081981815
0.030724190122391068
0.9665593708347892
0.5797053274662647
0.9703243358663008
0.5360320597688445
0.32436883468801425
0.0007960672875768644
0.016400080951674015
0.17186502000396814
0.4396181154669633
0.1632402526087249
0.00030712293275926447
0.02784725540744553
0.4136935249508006
0.13207713970392643
0.2059983170756158
