0.010116438187258622
35.65689677360811
112.56216195693267
0
113.4491597803301
0.000594347276037643
115.73690467231386
0
140.58503891967027
0
52.03963444356127
0
16.126645713268164
0
32.60270204397051
0
33.824497805756906
14.501816740904065
43.74575213103951
0.09368179118394163
24187032378997492e-27
2.1432982783275207
2.3642566161281606
0.8084096862169496
0
10.130151497916856
0.4367177914333178
0.45248073423614066
0.003848713000735239
3.8866655944920367
3.8868543001058615
1.5196665065654642
2.174969759376872
1.094912625998775
3.8308494158507935
0.8103457483976437
4368940106653562e-21
34.727270753108385
52.12866068828474
0.0005155396064598034
27.402680623676332
0
2.847278241589831
0
12.14119162391495
27.567132849432763
4.57240638758156
0
17.161880607474355
0
0.11482151956365876
0.01681525720137065
29.565857952839114
35.977125218365515
18.748681053817492
93.11516785202781
60.9549441713449
0.07073863413183164
0.12619771017166298
0.010773127603376908
20.17426666254276
48.69689923012579
1.1420074390185668
0.22477737523318664
0.0038666907861468107
0.16204915810777745
33.410542282526706
0
55.73187313579306
0
12.301529083640036
0.004696861913692618
9.4653888719804
15.363691653588685
0.4023944810421534
1.2397768210228464
3.0169266961434884
0
22787484715223434e-21
0.00040240942861569746
0.11903424106101367
0.004034402177356691
0.004490950449392826
0.009740568000006148
0.0008203861822729982
0.0014463278254517585
0.500874321020609
0.6747541302236357
0.0805484861826057
0.17352476688623966
0.00010621556805639589
0.16213346509086404
0.028023920298450775
2.152970575911904
0.06985636890402229
0.13070620338115244
0.03688665026725929
0.053667926764654914
0.7625436064918614
0.0008798117293240509
0
1.2735116190539717
1.3779543631440392
0.020913370648220193
0
2.3615697361334314
21357440686435964e-21
0.0035927087166611957
0
0.0006149765642248986
0
0.21337760293317756
1.0213938581994677
0
0
0
0
0.8853223902498625
0.5792405693747776
1.1498921581575379
5.679766275618262
0.31113910244782633
1.4814996792729576
0.15634682693994792
0.012436866189702285
0.026634342387578974
5.008615878240476
0.003883862000013003
1.6730457351183488
981496702035711e-21
0.0687587384388854
2.118126084199802
0.5116188114618102
0.5167277086294152
0.0038023745896051077
0.8385325966511801
0.19036439622711238
0.0015451501993029115
0.028107223808155557
0.9514187262580966
2.3086593354411664
0.1376795899122359
0.1181672409655154
0.38200833435782566
0.03560575234738664
0.5297249395198713
0.5322084939766271
0.40193321219361633
0.5888036546244243
0.13601642662890281
3.915728072231771
0.36552242307339156
11.64474775448233
1.9900390349761072
3.0630875002583937
0.1893691465936018
0.47237158025916304
3.2499932719111384
4.166089963147877
1.002536869719801
5.652109325963942
5.917509623437015
5.776216700457425
2.180100552839128
4.17625212494325
0.6174405202488296
40.38531298426339
619.5816163194908
5.631422711687423
10609.448504013466
1.1152423885272595
23.219057581531477
1.1820868739575516
45.43140050312327
1.2627651141529386
1.7912119106097666
1.1152414478009975
0.6028920757978246
1.0994517408871585
47.69844925822329
0
0.0009194568175839867
6383569016015198e-26
0
1161793724191017e-21
0.033043747698846423
0.05324631397778145
0.08527004258794015
0.04281157169178484
0.04846173232231625
0.09430295180714708
0.05029158067637256
0.08062325013056686
0.05032857543836864
0.042112427699412466
0.077536568489752
0.04335347959810509
0.04348449881150889
0.048340720510209864
0.04032647504348886
0.06427544354904656
0.08946730225582498
0.11397066543341328
0.04079289345878669
0.0523548612665567
0.0019861472004877707
0.007503228289181858
0.017034905625551405
0.07936185120111197
0.041506349653847224
0.13139720752893433
9120771518932048e-20
0.010048017088298462
0.31329997697922807
5447408706454484e-21
0.08049893512090804
0.011331143568894945
0.0020502028051417945
5556915554305464e-21
12044248184920218e-22
0.11570880268583122
0.09888587487681677
0.004079552144282202
0.03182034367397325
0.020064930357816445
0.0058817326330354676
0.012266549419029273
0.0004831205465526164
0.6257914290501518
15699130029667184e-25
0.07208381868098103
0.0004032082309599788
0.00972960162715878
0.011381944798098556
0.00015708671963514221
0.00017090466767939378
0.7966846261788754
0.0005202703492331862
0.06274750356895503
0.34875296855469023
12609165551795393e-22
25861727315852263e-22
0.0001447475789748679
11840446722714164e-21
0.000594843743039049
1532584904882717e-20
1412053678005309e-22
10044051028137064e-22
19077356153125143e-21
0.08390037792198908
0.0846306677915269
43439987318542564e-21
0.00029380833612166463
0.017850910912247834
0.008233196503839833
0.1001549186245731
0.010690089488623766
27829651376345044e-21
0.15798174890479158
0.040184727510300076
824052860157196e-21
0.37661707986677856
45711218360473306e-23
0.0034868127469880796
0.0010120663704047417
22994565953104155e-28
0.5612110522832593
0.7780014090067096
0.018167343362723593
0.3834911758204366
0.9899345608524444
0.008822071469074799
0.25325370030730565
2053564017974435e-25
5764825475408424e-21
0.0005099557721723397
9121518005434338e-20
0.15519029052798472
8473132248949918e-22
0.00012878648715079847
0.20892615462433514
0.0009394576174700739
0.012007881176993482
12229118810032004e-21
0.16517368372357027
0.10905357328598685
0.023438517208140452
2744867769978819e-20
0.0001534739167455712
12006681077540018e-23
0.01400733619571727
0.19343678230618117
8326801903292202e-24
10255145529066575e-21
9138935799553175e-21
9651197827438377e-20
12087285734992278e-21
0.5423815261140871
0.20204809149997457
0.004569258228098556
0.0014728269163615945
0.04389431609628101
0.0055018149731352545
663788545724731e-19
0.02927203892997332
8324409645350728e-20
0.0007438999033161348
0.08934375534182784
1100101497122515e-21
0.8759231378472391
0.9899345608524444
0.0018316893168285257
0.0004892173195223265
7563075160950312e-24
0.001020292454366867
1073943115763703e-23
0.010219299711075247
0.030477687474818826
0.0009047760282745879
0.0003413125034030547
0.00015052340404176243
26726067968994737e-22
0.006164154476798611
0.015557855858617357
0.023269644803607006
11069415144708468e-24
0.9796912015653697
0.07698232943934738
0
0
8178626322342988e-20
6713333861538037e-20
10336393164252108e-22
755291832009356e-21
0.00017704700763828505
0.010369865851450466
0.005421901714558121
15204233912500057e-24
0.0001823107112437989
7328787102580998e-21
0.055063811551181056
0.01319842210235884
0.1138237051075498
38456373791422045e-23
0.06370878978890912
0.0077533530716475795
0.00012248036995257702
0.17919110217129855
0.0003028191552438483
1652310701177045e-28
8603024222446123e-20
37936437993365797e-22
0.00012473239294918609
0.018290861086063766
0.0035045404833923335
0.00015501372484405716
0.0001411681201944642
3818611353220236e-24
0.0006053019659787451
0.022828187706783146
13347307507292359e-24
0.0018093873023073608
0.0018547730656716561
4418944974546585e-20
0.1269939788673444
4584038899764901e-20
0.5691692933334958
0.004769899971086472
0.23252567585515563
0.003107665838180843
0.0006740792486178212
0.0005696354954852013
47374791044087985e-21
0.7029615488390788
11919894224602503e-21
22530769544641636e-21
0.008376626415374455
0.006438928673083114
21999713946969762e-24
8738324095101364e-20
0.00306569024927621
0.1572059546851012
0.03129980866007663
0.00010012348044918134
0.02399783827677538
0
0
0.12988724606820354
0
0.6172081666815936
0.5290860618643806
0.5769831696191953
0.05479410638066231
0.03072200441552488
0.9643826148191188
0.5789243521622183
0.9681305331963923
0.5353645200388961
0.32412473965905253
0.0007960658205292575
0.016399458247659673
0.17179656362580517
0.43916940478841376
0.1631784981248171
0.0003071227144019558
0.02784545989872047
0.41329624432762546
0.13203672129977
0.20589994653466667
