0.011145306604491234
35.57536355051812
110.36065217629387
0
111.0933543447952
0.0005734539985420013
112.95205855962506
0
139.74557763045019
0
61.23487392975367
0
17.35887676984666
0
32.44964422565026
0
34.118858384953704
14.172755265922186
42.938008032489435
0.1105145400444788
16436043092488454e-27
2.459686836268383
2.3396680524979327
0.777955208597688
0
10.061681328673046
0.41560859099364345
0.45070291392936224
0.0038493171714715927
3.8891668824460677
3.871771213786695
1.0899340910036395
1.559784503989724
1.097724297498305
2.7366899121159234
0.6291576246298195
4002984141196084e-21
33.61690205075497
50.199095213481336
0.0005121933076624431
25.39127996299173
0
2.799596821610028
0
14.240815830362497
27.9415921297748
4.572271494072721
0
17.019485189902475
0
0.13504329198510567
0.020017624127504546
29.565526371589232
35.97711505754718
18.768321927072364
103.96803570018342
60.95475957202208
0.08353595079812272
0.11892230614280422
0.010774582633516532
20.14595755313943
48.51904884444517
1.149955602814374
0.1883114497487829
0.004899233319526918
0.1682030216802274
27.880382598275393
0
43.71592450965939
0
12.349414284200762
0.003918879531389046
3.415642108013649
15.355886338380634
0.47046061390723504
1.2452958855679859
3.0163353183725055
0
20058175673197743e-21
0.0004791430403285156
0.11735953853917026
0.004216138005511848
0.003748753124962332
0.009885091412388409
0.0008632154534378629
0.001422285476351287
0.5152863835694336
0.6743316593551297
0.09346602792226706
0.17859492452350836
0.00010669251088216059
0.16292617463880824
0.027559034689267507
2.1397214353854994
0.07191278702262964
0.15278606847529477
0.037120323652342746
0.05279540286692023
0.8862385827317657
0.0009176727665935203
0
1.2731644049106146
1.3675872954331796
0.017441137128177474
0
2.3559475844933906
24976432953543045e-21
0.004240136958591978
0
0.0006980031981386283
0
0.2133505574525197
1.0209470175929594
0
0
0
0
0.6802514528671953
0.5802321399665494
1.1437215460364858
5.658604457493937
0.312586948547959
1.4711410336854092
0.15755381959430112
0.014608104981634791
0.02783435158840274
4.842574143183919
0.0038967066634079195
1.6769964607811878
981814216374466e-21
0.06829636412853686
2.1275435178670743
0.5078683401646681
0.5109364247149625
0.003803429260103435
0.8366101799853475
0.19052139195319917
0.0015942258276372555
0.027751845750629358
0.9478055461742413
2.30315151519612
0.1381439370306766
0.11694961237950434
0.37781386448842513
0.03499647507065912
0.5228993018665459
0.5250832337892622
0.4023152936180039
0.588718244710573
0.1353231522982575
4.566144614715203
0.3627968229101769
11.516310096016124
1.9901889123400558
3.061076618484477
0.1899222807835982
0.46781958844069377
3.2504007267224417
4.161562525877185
1.0043458814788357
5.595629678482502
5.896404898741144
5.59012695536935
2.180441472702328
4.096848458829348
0.6122049024982791
39.774524810204674
619.5812531931291
5.6314224371980925
10601.722824021712
1.1152423748499227
23.219057043285805
1.1820766853857054
45.431099510100864
1.263814358589452
1.7912442944847644
1.1152414341206052
0.6241857866820919
1.099416324595229
46.73908516110383
0
0.0009129867079942119
7071743376851364e-26
0
23246478766115703e-22
0.032316614746301056
0.05203380316892636
0.08326579808376147
0.041881226353577945
0.04762499691230259
0.0921633159206976
0.049080289098671626
0.07872313920456017
0.049169087708758476
0.04116216301715813
0.07578644949858168
0.04236531539305694
0.042513846764678155
0.047286503626258844
0.03943187789652441
0.06278425634559703
0.08745345997779845
0.11167571410514991
0.03991663242956561
0.05115848309562892
0.0019861431417500883
0.007503170361326755
0.017034607011424684
0.07935536613171036
0.04150457643607693
0.13137942142701445
9120770663031372e-20
0.010047913200995528
0.313198681231173
544740867592357e-20
0.08049226281316234
0.011331011453150006
0.0020501984803815852
5556915522534714e-21
12044248169995051e-22
0.11569501232218603
0.09887580460638191
0.004079535020415988
0.03181930159098892
0.02006451605409037
0.005881697037549824
0.012266394588777213
0.0004831203064079936
0.625386064883117
1569913002964182e-24
0.0720784688972796
0.00040320806368911654
0.009729504220077375
0.011381811494996678
0.0001570866942465025
0.0001709046376277386
0.796026541047656
0.0005202700707364197
0.06274345021462902
0.34862740744172577
12609165535437309e-22
2586172724703856e-21
0.00014474755741812923
11840446578470728e-21
0.0005948433789831169
15325848807164824e-21
14120536778001632e-23
1004405101775753e-21
19077355778673023e-21
0.08389312959394396
0.08462329267999576
4343998537703362e-20
0.0002938082473060575
0.017850583001950707
0.008233126755940179
0.10014458809748832
0.010689971899514348
2782965057949705e-20
0.1579560311218935
0.04018306543944533
8240528594585296e-22
0.3764706140053259
4571121833897494e-22
0.003486800237727859
0.0010120653165468676
2299456595310409e-27
0.560885241106291
0.777373942141065
0.018167003723015888
0.38333930441029596
0.9889165722256311
0.00882199138654726
0.2531875502468807
2053564017974001e-25
57648254412158195e-22
0.0005099555046087669
9121517149393556e-20
0.15516547422368349
8473132241563264e-22
0.0001287864700860077
0.2088811539990312
0.0009394567094025618
0.012007732808160858
12229118656163328e-21
0.1651455691506975
0.10904132444762561
0.02343795185752797
2744867692460775e-20
0.00015347389251131862
12006681076056794e-23
0.01400713429895184
0.1933982126125725
8326801903220863e-24
10255145420862517e-21
9138935713621928e-21
9651196869091628e-20
12087285584672038e-21
0.5420772667757442
0.20200600782772213
0.004569236746316985
0.0014728246844889824
0.043892332928150916
0.005501783827675776
6637885003911923e-20
0.029271157093845063
8324408932387602e-20
0.000743899333949593
0.08933553554370259
1100101495877354e-21
0.8751270200416652
0.9889165722256311
0.001831685864826043
0.0004892170732784021
7563075160891462e-24
0.0010202913833077547
1073943115751836e-23
0.010219192251596761
0.030476731490005925
0.0009047751860153553
0.00034131238354543296
0.00015052338073035334
2672606789550445e-21
0.0061641153807766086
0.015557606787017111
0.023269087571151193
11069415144582398e-24
0.9786942712990594
0.07697622756574499
0
0
8178625634133101e-20
6713333397838559e-20
1033639315325957e-21
7552918314224219e-22
0.00017704697538768822
0.01036975520197477
0.005421871467319781
1520423391226221e-23
0.00018231067704703837
7328787047319317e-21
0.05506069034738777
0.013198242852464147
0.11381036066376679
3845637377620618e-22
0.06370461125058227
0.007753291217148608
0.00012248035451805
0.17915800877647098
0.00030281906089691546
1652310701177045e-28
8603023460959137e-20
37936437845293786e-22
0.0001247323769418573
0.018290516811903485
0.0035045278466068483
0.0001550137001210789
0.0001411680996906958
3818611353205235e-24
0.0006053015890089711
0.022827651418975317
13347307507109059e-24
0.0018093839338546246
0.0018547695261128508
4418944773638595e-20
0.1269773655501895
45840386835644404e-21
0.5688341504181575
0.004769876561255865
0.23246992216572573
0.0031076559014981183
0.0006740787811146486
0.0005696351616314209
47374788734924674e-21
0.7024496602172732
11919894078416876e-21
22530769022351312e-21
0.008376554216061578
0.00643888601376421
21999713946471793e-24
873832330947419e-19
0.0030656805792162764
0.15718048905477008
0.031298800397225886
0.00010012347013506254
0.02399724561873837
0
0
0.12986986665097303
0
0.6168138789969804
0.5287965737560372
0.5766387353320526
0.054791015685611115
0.03072103304016215
0.9634167419033457
0.5785775898304975
0.9671571025407252
0.5350681026165767
0.32401631194903674
0.0007960651685089668
0.016399181497909383
0.17176614732192008
0.43897012485752135
0.16315105918695885
0.00030712261735431286
0.027844661932003557
0.41311979764640944
0.13201876153507486
0.20585624137396163
