0.012045566469569769
35.51263779019299
108.44490093513991
0
109.10560014891732
0.0005575459193291789
110.79833607612272
0
138.9229613345358
0
66.84098241601394
0
18.18987426916841
0
32.32448045613741
0
34.35602652365664
13.898615025713351
42.14828312390759
0.12191625792148772
12129620827820613e-27
2.630672523079423
2.321095839431248
0.7515775840364718
0
10.001240750603156
0.39744594917238957
0.4489869534233793
0.003849645137112512
3.890099390177609
3.8572114682612626
0.8609141363242409
1.1776279372564062
1.0991083758253755
2.1580629734694496
0.5050229602440987
37443445074505725e-22
32.65121613798703
48.559744531430084
0.00048206935520668813
23.689360469730943
0
2.753058410810441
0
15.461263902070888
28.06953245419741
4.572110397041904
0
16.896043428838578
0
0.14731641115937608
0.022237326650083596
29.565237742443376
35.97710832164637
18.78484421012616
111.6342234926295
60.95507721339393
0.09143174670181496
0.11132647471215044
0.010775537759893298
20.12314286957033
48.35722296721054
1.156172038479656
0.15997127187028493
0.00567531081137993
0.17276238638348337
23.616449840384604
0
35.61634536958074
0
12.383820814521725
0.003319622992203828
0.9229476772769474
15.350492272976112
0.5113657609982352
1.249476951228709
3.015809266730205
0
1776258125019684e-20
0.000532357885808157
0.1160538177152151
0.004374130247160771
0.0031764615908524813
0.009974997912339537
0.0008965865432521636
0.001400712578738649
0.527797871046594
0.6739650487318434
0.10094318395877211
0.18280755665096257
0.00010061431671904908
0.16358877890768517
0.027198308871760328
2.127345376053472
0.07367650141986601
0.1659066939158057
0.03732366408922163
0.052083465071807666
0.9586933793531657
0.0009499808739386925
0
1.2728621650012335
1.3585752746710518
0.014767641662473767
0
2.3510658746404567
27144042699287607e-21
0.004640157442038073
0
0.0007592421113052505
0
0.2133270604918678
1.0205591330767976
0
0
0
0
0.539910721638746
0.5810559238891377
1.1380979623961338
5.639991120505403
0.31384097510920084
1.4629166511684148
0.15854000758069203
0.01592122994149112
0.02887900661140946
4.698510641234313
0.003907254837259773
1.680268195961152
982091931136319e-21
0.06790240824080034
2.13421117530772
0.5048762768171571
0.5060780230965731
0.0038041183627431597
0.8349309572390293
0.19065825568773492
0.0016379140883207468
0.027472728890896834
0.9446647784287716
2.2983701426567813
0.1385497480421385
0.11600263490107998
0.3746191695121559
0.03450889767717911
0.517700050523868
0.5196168235270037
0.4026501874302451
0.588643663200065
0.1345788414909523
4.94654437080797
0.3608460413949581
11.419068856700775
1.990284750691461
3.0593001883257553
0.19038273608360196
0.4643647039492042
3.250659867799449
4.157566215906732
1.0058493334093446
5.553011127183415
5.883859363847534
5.43692950687198
2.180704890048834
4.035474375021238
0.6081993421442133
39.31632862858887
619.5809354577373
5.631422197019939
10594.967469044066
1.115242362882253
23.219056572320852
1.1820677704573774
45.43083614284209
1.2647542647977217
1.7912679906486972
1.1152414221503186
0.6413376276638159
1.0993853363049588
45.41388393176051
0
0.0009080611938175598
7670162956753832e-26
0
3918773208258964e-21
0.03174909933943086
0.051084839913346926
0.08168994186671082
0.041153035544301844
0.04695876706791237
0.0904864121330325
0.048127952354633345
0.077230066611678
0.04826129178369632
0.04041846690139055
0.07441805142187105
0.04159204948162627
0.04175400889584193
0.04646322654326374
0.03873147657891119
0.061612219342810186
0.08587605487066795
0.109893912548508
0.039235063753554594
0.05022225544811967
0.0019861395903614204
0.007503119674820406
0.017034345728357794
0.0793496921306926
0.04150302493267057
0.13136386056278954
9120769914118346e-20
0.010047822300486559
0.3131100743178871
54474086492090215e-22
0.08048642499755775
0.0113308958531368
0.0020501946962238854
5556915494735308e-21
1204424815693553e-21
0.11568294710223437
0.09886699396100934
0.004079520037092014
0.03181838979637258
0.020064153545347508
0.005881665891676598
0.01226625911390979
0.0004831200962815466
0.6250315866401629
15699130029619627e-25
0.07207378816223903
0.00040320791732716897
0.0097294189896811
0.011381694856063223
0.0001570866720314461
0.00017090461133254463
0.7954511624932912
0.0005202698270518714
0.0627399037443833
0.3485175785511708
12609165521123985e-22
2586172718682657e-21
0.00014474753855598554
11840446452257723e-21
0.0005948430604343591
15325848595710272e-21
14120536776206605e-23
1004405100867544e-21
19077355451027428e-21
0.08388678782058448
0.0846168399846241
43439983678213356e-21
0.00029380816959242333
0.01785029608538189
0.008233065727012682
0.10013554976037455
0.010689869010104654
27829649882255074e-21
0.1579335314961907
0.040181611183839505
8240528588471964e-22
0.37634250310261635
45711218320163876e-23
0.0034867892921619796
0.0010120643944221282
22994565953104038e-28
0.5606003114920914
0.776825323774158
0.018166706543480304
0.383206466264608
0.9880266909480465
0.008821921314931992
0.2531296831178887
2053564017973621e-25
5764825411297292e-21
0.0005099552704907559
9121516400357935e-20
0.15514376321272638
8473132235099941e-22
0.00012878645515431765
0.20884178640299572
0.0009394559148442089
0.012007602986936141
12229118521528239e-21
0.16512097282502014
0.10903060784263671
0.023437457186928322
27448676246324884e-21
0.0001534738713063508
12006681074758973e-23
0.014006957641669256
0.19336447043931232
8326801903158442e-24
1025514532618397e-20
9138935638432086e-21
9651196030538301e-20
1208728545314183e-20
0.5418111798690046
0.20196919180494352
0.004569217949840956
0.0014728227316032215
0.0438905977295377
0.005501756575543364
6637884607243486e-20
0.029270385509025113
8324408308544916e-20
0.0007438988357542265
0.0893283438406963
11001014947878385e-22
0.8744310105488908
0.9880266909480465
0.001831682844329207
0.0004892168578150701
7563075160839968e-24
0.0010202904461319535
10739431157414526e-24
0.01021909822548002
0.030475895027892642
0.0009047744490391698
0.00034131227867004855
0.00015052336033287333
2672606783120045e-21
0.006164081171960766
0.015557388852637879
0.023268600003698545
11069415144472085e-24
0.9778227895359503
0.07697088882309217
0
0
8178625031949498e-20
6713332992101543e-20
10336393143641099e-22
7552918309088546e-22
0.00017704694716842083
0.010369658384652047
0.005421845001124654
15204233912054095e-24
0.0001823106471248782
7328786998965347e-21
0.05505795943919903
0.013198086010803278
0.11379868555882017
3845637376289229e-22
0.06370095525436367
0.0077532370948668
0.00012248034101284042
0.17912905706958757
0.00030281897834337333
1652310701177045e-28
8603022794658079e-20
37936437715730776e-22
0.00012473236293544633
0.018290215577328867
0.003504516789456927
0.0001550136784884762
0.0001411680817499009
38186113531921085e-25
0.0006053012591606114
0.022827182177478315
13347307506948674e-24
0.0018093809864636243
0.001854766429004437
4418944597844112e-20
0.12696283068051453
45840384943890445e-21
0.5685410622529826
0.00476985607774833
0.2324211486537709
0.0031076472069267967
0.0006740783720496385
0.0005696348695095235
47374786714406874e-21
0.7020020634551749
11919893950504452e-21
22530768565347286e-21
0.008376491042173289
0.006438848687092011
2199971394603607e-23
8738322622050472e-20
0.0030656721179388555
0.15715821001216623
0.03129791819387464
0.00010012346111020948
0.023996727054962478
0
0
0.12985466156848907
0
0.6164690838992689
0.5285434015957033
0.5763375240015399
0.05478831147044882
0.030720183111914195
0.9625723966771967
0.5782743431755643
0.9663061536395562
0.5348088720037121
0.32392146745734945
0.0007960645979916504
0.016398939345708994
0.17173953747356516
0.43879582909726683
0.1631270539012296
0.0003071225324376504
0.027843963729884624
0.41296546859523847
0.13200304874492336
0.20581800696848013
