0.012730992717718383
35.47022998614726
106.99400240276822
0
107.61362170350313
0.0005461807423729964
109.23768960341846
0
138.24047336005188
0
68.95721391183253
0
18.703326899767145
0
32.23363825086846
0
34.52501235384203
13.699012615490163
41.51796252459562
0.12650929444392742
9713136518351489e-27
2.674157493381324
2.3087180809038674
0.731732703959063
0
9.954892469122434
0.38387386981620264
0.4476205274626147
0.0038498189463594796
3.890302089779192
3.8456164790042484
0.7413330028178461
0.9595507820871422
1.0997396842151852
1.8571313776088312
0.4293221767863844
35773819567304944e-22
31.920871832169087
47.34130398176757
0.0004518959744891086
22.433463759086116
0
2.7152259624947543
0
15.867280201322515
28.078282212547254
4.571955231887694
0
16.802783390770255
0
0.15185357971475685
0.023184129920731173
29.56501953876862
35.97710541277558
18.79703681996659
116.45806099729023
60.955299898693205
0.09447827737290304
0.10482784136013056
0.010775896794839812
20.107347072919964
48.230566010510756
1.1604846878151769
0.14408622686122408
0.006106903411236746
0.17576708645790662
21.227584188782565
0
30.710837490084327
0
12.404561282466998
0.0029844575446894514
0.29483734909903236
15.347689367690055
0.5263900633189911
1.2521821015428254
3.0154044313167323
0
1649471137531404e-20
0.0005550776846229569
0.1151548601282711
0.004493829513946758
0.0028560629659978394
0.010025462039757056
0.0009199665317774753
0.0013840409090949035
0.5372911869302781
0.6736876033633513
0.10340715840564477
0.1858662749356581
9472934308035343e-20
0.16406490157517062
0.026943325948635754
2.117590304530968
0.07499263701092802
0.17051767835315626
0.03747822525882651
0.051576651132636
0.9837207037065353
0.0009739419967276209
0
1.2726328069088548
1.3517377908367028
0.013271895690297441
0
2.347367712491934
27929028872814377e-21
0.004795725141135479
0
0.000799434069163378
0
0.21330926912341108
1.0202655692068632
0
0
0
0
0.45454859868513176
0.5816572487556607
1.1337233783795038
5.6257585168642885
0.3147877970219723
1.4571672650267344
0.15924901497829255
0.016403343084167823
0.029669324290631988
4.5900896021773585
0.003914867748398441
1.6826458890031406
9823032759879437e-22
0.06761071238989887
2.1383493823513557
0.5028105981653586
0.5025060162644017
0.0038044045265030594
0.833654373711164
0.19076214210567127
0.0016717504220731718
0.027279402127595838
0.9422876479076804
2.294753010868976
0.13885839936671035
0.11535310184802351
0.37247159984246725
0.03416463827065127
0.5142012664803072
0.5159229523893625
0.40290527448163393
0.5885869748307011
0.13395925882043372
5.075595705317187
0.3595910742856981
11.354093183346139
1.9903385499189243
3.057941432420129
0.19071937028026853
0.4620520729215892
3.2508042857217645
4.15451157633537
1.0069471145219724
5.524611564442749
5.877949924016814
5.325936253965192
2.1808862203912858
3.9934497163010314
0.6054976816795521
39.00976382199864
619.5806935452766
5.631422014156733
10589.82706536606
1.1152423537704892
23.219056213744683
1.182060982989083
45.430635625283266
1.2654625104913175
1.7912837393055527
1.115241413036563
0.6535669302395425
1.0993617435098835
44.074749755568234
0
0.0009047627300627838
8123732909194752e-26
0
5589649737598138e-21
0.031356878372927596
0.050427234764427266
0.08059319635860138
0.04064849992197302
0.046490368661507055
0.08932293440078173
0.047465262004989746
0.07619148629141803
0.04763191465230761
0.03990314053365924
0.073470650519905
0.04105626226652368
0.041227409129391455
0.04589393912930658
0.03824602172736816
0.06079673238976298
0.08478219732140081
0.10866913232004459
0.03876488749471744
0.049573523821591706
0.0019861368864630548
0.007503081084123944
0.017034146799292976
0.07934537241759358
0.04150184371134754
0.13135201430302024
9120769343922309e-20
0.010047753092582455
0.3130426289344126
54474086288695014e-22
0.08048198057365184
0.011330807840136889
0.0020501918151037794
5556915473569817e-21
12044248146992472e-22
0.11567376191110816
0.0988602863714434
0.004079508629352187
0.031817695605489166
0.02006387754831197
0.005881642178413017
0.012266155969106267
0.00048311993629870985
0.6247618340831879
15699130029602736e-25
0.07207022461876111
0.0004032078058923573
0.009729354098750913
0.011381606052076604
0.0001570866551176844
0.00017090459131231003
0.7950133683464633
0.0005202696415190898
0.06273720372088659
0.3484339818909648
12609165510226324e-22
25861727140983276e-22
0.00014474752419501333
11840446356163573e-21
0.0005948428179026352
15325848434716204e-21
14120536774839933e-23
10044051001760657e-22
19077355201569584e-21
0.08388195973849077
0.084611927458877
4343998238479131e-20
0.000293808110424005
0.017850077640273854
0.008233019262033682
0.10012866883485405
0.010689790674385144
27829649351399532e-21
0.15791640322024292
0.04018050399997823
8240528583817489e-22
0.37624499319241644
45711218305841777e-23
0.0034867809586155173
0.0010120636923492958
22994565953104e-25
0.5603834731472027
0.7764078846400881
0.018166480284677145
0.38310535883159685
0.9873497035591668
0.008821867965237921
0.2530856339862354
20535640179733316e-26
5764825388518374e-21
0.0005099550922415955
9121515830068559e-20
0.15512723524833555
8473132230178992e-22
0.00012878644378585432
0.20881181827283665
0.0009394553098958311
0.012007504146555503
12229118419021807e-21
0.16510224850271643
0.10902244930213584
0.023437080569104818
27448675729904135e-21
0.00015347385516163486
1200668107377086e-22
0.014006823142511633
0.1933387842808736
832680190311092e-23
10255145254099048e-21
9138935581185183e-21
9651195392093291e-20
1208728535299935e-20
0.5416086782240214
0.20194116587713853
0.004569203638916003
0.001472821244746316
0.04388927665624238
0.005501735826817231
6637884305234084e-20
0.029269798065075518
8324407833573031e-20
0.0007438984564459922
0.08932286871876673
11001014939583196e-22
0.873901464554095
0.9873497035591668
0.0018316805446323226
0.0004892166937689188
7563075160800762e-24
0.0010202897325997855
10739431157335473e-24
0.010219026637876594
0.030475258190405915
0.0009047738879317841
0.00034131219882163513
0.00015052334480295017
26726067782241633e-22
0.006164055126696942
0.015557222927101435
0.023268228793811494
11069415144388098e-24
0.9771597942943927
0.07696682434018587
0
0
8178624573468075e-20
6713332683187642e-20
10336393136317931e-22
7552918305178426e-22
0.00017704692568326456
0.010369584671948427
0.005421824850779685
15204233911895646e-24
0.00018231062434319944
7328786962150332e-21
0.0550558803124225
0.013197966598320012
0.11378979734696547
3845637375275556e-22
0.06369817184791242
0.00775319588831529
0.00012248033073044908
0.17910701739373264
0.0003028189154900204
1652310701177045e-28
8603022287359884e-20
37936437617086047e-22
0.00012473235227145792
0.018289986231228336
0.0035045083709546467
0.00015501366201817415
0.00014116806809041119
3818611353182114e-24
0.0006053010080257737
0.022826824919947787
13347307506826564e-24
0.0018093787424268352
0.001854764070978315
441894446400037e-19
0.1269517654567532
4584038350357547e-20
0.5683180164766619
0.0047698404823839635
0.23238402107600323
0.003107640587201818
0.0006740780606020709
0.0005696346470982691
4737478517605563e-20
0.7016614702443419
11919893853116421e-21
22530768217400473e-21
0.008376442944112595
0.006438820268019637
21999713945704338e-24
8738322098670226e-20
0.0030656656758350086
0.15714124964891035
0.03129724653189542
0.0001001234542390038
0.023996332246226902
0
0
0.1298430861462937
0
0.6162066982603073
0.5283507264809137
0.5761082977757138
0.054786252665476834
0.030719536022158635
0.9619300380849317
0.5780435683974917
0.9656587730841621
0.5346115871336805
0.3238492748076073
0.000796064163620074
0.01639875498192447
0.1717192804336173
0.43866317283087997
0.16310877948795824
0.00030712246778510124
0.02784343215504809
0.41284800653347803
0.13199108683223565
0.205788901396482
