0.016860260118880765
35.303307430957126
98.43623473191937
0
98.92296663059062
0.00048416916512102715
100.33437112515367
0
132.94237524277762
0
70.95204429384582
0
20.427413813293725
0
31.740154311043007
0
35.36879078547888
12.670970185119222
37.70383675956361
0.1300479456495298
26680779262561554e-28
2.547041143004675
2.2617595020717225
0.6187791033815155
0
9.669669413108881
0.3085955504131111
0.43928316208328544
0.00385026460967217
3.887063050160664
3.774849807377504
0.44515361107180196
0.35540192417955974
1.099992354531955
1.1156140496495026
0.19398894781963935
29125293743491776e-22
27.657827555479013
40.51126228581094
0.00037114758942647286
15.701713160993942
0
2.464232737050458
0
15.700691494254544
27.159297593354058
4.570756461027445
0
16.25427128686539
0
0.1553868920252898
0.024275554784354114
29.56371319319667
35.97709960332533
18.864183512101103
128.46522205478004
60.955438894484445
0.09781564298157705
0.05127576078908966
0.01077602934509335
20.02393897974705
47.42559732864447
1.180131685405201
0.11389966225907007
0.007785368157835075
0.18724563567883457
16.5889028550964
0
17.98573032042574
0
12.499129625725212
0.002339724410731351
0.0025382816254728856
15.33722059403359
0.537869624726931
1.2639595712070433
3.0129126936015083
0
15379139054241418e-21
0.000581463424602473
0.11121856079556632
0.005205519415324084
0.00223804197259064
0.010123351589089787
0.0010380017944496623
0.00128239453890665
0.5944854120869587
0.6720406562928557
0.10330472425996001
0.20149652656847436
8261598346005412e-20
0.16624756834360901
0.02556657286315862
2.056467430608393
0.08232014646491388
0.17208526817857897
0.03840965600378121
0.049141002548990856
0.9878016305153027
0.0011035821347859512
0
1.271256721168817
1.3110138907977928
0.010382301322273945
0
2.325316249093306
28415276897475944e-21
0.004976785957164302
0
0.0009492721874448015
0
0.2132037010909693
1.0185227256046612
0
0
0
0
0.19232230507106962
0.5848592557937309
1.106779026472758
5.538889363055001
0.3203496817248929
1.430791588613478
0.16285552803288544
0.01675329534866277
0.03426817055479063
3.975534465865657
0.003953763625532612
1.695026295502951
9835736596610013e-22
0.06593684920923935
2.148541958607454
0.494275628866662
0.4830127329551999
0.0038047980074873053
0.8260037512940085
0.1913822316007483
0.0018878921470532437
0.026417939948922643
0.9282419168603814
2.2733431115179528
0.14071159508158748
0.11257192210960777
0.3639971222499149
0.03250382819376707
0.5002488180180842
0.501108472603417
0.40443926804403363
0.5882472078086515
0.12994625526862502
5.07088882686119
0.35513224400358645
11.104523079190665
1.9904165281240904
3.0498079723393055
0.1925192071076885
0.4531386074322941
3.2509951707200306
4.136263534926844
1.0127979226492851
5.416327315075292
5.900911800861805
4.743822252903627
2.1816888052536485
3.8104612789259953
0.5947540269008014
37.76031697706465
619.5792361749606
5.631420912519629
10558.912052994838
1.1152422988777744
23.21905405354611
1.18202009353319
45.42942765026615
1.269273271980754
1.7913511030062337
1.1152413581318523
0.7150394242865079
1.0992196224523705
27.012879628426674
0
0.000892219347135092
10829802902151239e-26
0
28152098708641434e-21
0.029587283802240617
0.04743022009854884
0.07551768953097743
0.03835305515196077
0.04426117612733554
0.08399886796822933
0.04440146831096539
0.07139290716720818
0.044757060217877655
0.03755562489134508
0.06916714643514242
0.038615289659603945
0.03882780738580535
0.04332046124065574
0.036033568775455695
0.0570252014774798
0.07978632148210855
0.10326558198259311
0.03664703701056896
0.04661727145335623
0.0019861205972327837
0.007502848603347516
0.017032948424393072
0.07931935380456073
0.04149472829787624
0.13128067054621065
9120765908846105e-20
0.010047336168033978
0.31263661967654605
5447408506336536e-21
0.08045521087250009
0.011330277630945455
0.0020501744582303773
5556915346060884e-21
12044248087091706e-22
0.11561844226890054
0.09881988693834266
0.004079439905480462
0.03181351385704989
0.020062214917933186
0.005881499322752016
0.012265534604083448
0.0004831189725026105
0.6231392040128739
1569913002950098e-24
0.07204876021045775
0.00040320713456748497
0.009728963180359994
0.011381071077876994
0.0001570865532228143
0.00017090447070288155
0.7923810240421828
0.0005202685238007226
0.06272094021479108
0.3479307880388707
1260916544457466e-21
2586172686480592e-21
0.00014474743767910604
11840445777256022e-21
0.0005948413568017367
15325847464826985e-21
14120536766606614e-23
10044050960103371e-22
1907735369874107e-20
0.0838528794217873
0.08458233857654285
4343997459272769e-20
0.00029380775397128844
0.017848761700743825
0.008232739344944858
0.10008722553594815
0.01068931876247832
27829646153324816e-21
0.15781325529411377
0.04017383455040675
8240528555777158e-22
0.3756580908884516
45711218219560116e-23
0.00348673075459579
0.0010120594628068697
22994565953103783e-28
0.5590789302914936
0.773897815152991
0.018165117275549265
0.3824968135474565
0.9832810786160092
0.008821546573294953
0.25282042747049427
20535640179715916e-26
5764825251289542e-21
0.0005099540184024401
9121512394430046e-20
0.15502770177823486
8473132200533343e-22
0.00012878637529794543
0.20863136987076492
0.0009394516654658523
0.012006908711870205
1222911780148426e-20
0.1649894910089355
0.10897331207872532
0.02343481180869678
27448672618790118e-21
0.00015347375789978546
12006681067818102e-23
0.01400601289595557
0.19318411331064142
832680190282462e-23
10255144819832192e-21
9138935236308146e-21
965119154585957e-19
12087284749703122e-21
0.5403903319906119
0.20177240933678164
0.004569117425430594
0.0014728122873887623
0.0438813188515058
0.005501610830285745
6637882485815306e-20
0.02926625932961066
8324404972163023e-20
0.0007438961713535771
0.08928989160970896
11001014889609842e-22
0.8707180573250903
0.9832810786160092
0.0018316666904481126
0.0004892157054939164
7563075160564572e-24
0.001020285434022232
10739431156859227e-24
0.010218595377642522
0.03047142192167514
0.000904770507615673
0.00034131171778493686
0.0001505232512448433
26726067487295202e-22
0.006163898222488591
0.01555622336625006
0.02326599261011332
11069415143882125e-24
0.9731751605224209
0.076942342896115
0
0
8178621811402835e-20
6713330822173567e-20
1033639309220042e-21
7552918281622371e-22
0.00017704679624859848
0.010369140609781618
0.005421703459051927
15204233910941093e-24
0.00018231048709779575
7328786740362747e-21
0.05504335652615115
0.013197247235139693
0.11373626607806693
38456373691688113e-23
0.06368140612607548
0.007752947649071164
0.00012248026878544646
0.17897429940112267
0.0003028185368378854
1652310701177045e-28
8603019231204e-17
379364370228129e-20
0.00012473228802757077
0.01828860462427592
0.0035044576551353443
0.00015501356279487162
0.00014116798580049797
38186113531219e-22
0.0006052994950965704
0.022824672783533673
13347307506090937e-24
0.0018093652235579233
0.0018547498653990189
4418943657675047e-20
0.12688512475851682
45840374826573325e-21
0.5669761544691247
0.004769746531079403
0.232160475937334
0.0031076007077689384
0.0006740761843269724
0.0005696333072104478
4737477590844595e-20
0.6996131012861786
11919893266414049e-21
2253076612123718e-20
0.008376153189016003
0.006438649063414717
21999713943705846e-24
8738318945630007e-20
0.003065626866447191
0.15703911271586635
0.03129320049063749
0.00010012341284426754
0.023993953906261314
0
0
0.1297733732468805
0
0.614628349053892
0.5271914638287422
0.5747292799047109
0.05477385128115833
0.030715637996703064
0.9580692865250717
0.5766552410466569
0.9617678739343177
0.533424607234431
0.3234146992441814
0.0007960615468061451
0.016397644348492824
0.1715972948962572
0.43786484935553305
0.16299873080707009
0.00030712207829393894
0.027840229961559798
0.4121410771571434
0.13191904667026635
0.2056136454712925
