0.020010365359429575
35.10071167852347
92.17841424322472
0
92.61894887485171
0.0004422453658127204
93.90231831523099
0
127.1750558911547
0
71.4233020666689
0
21.994325461324603
0
31.40934640299292
0
35.85762502453401
12.08091992327194
35.417262957084745
0.12984393369529112
10209147431183297e-28
2.4468916133420926
2.205084136548111
0.5425700494758219
0
9.445315284940285
0.26011501004823656
0.43351049919821044
0.0038503576842989747
3.8824654846667235
3.7258333849306133
0.3882467610727218
0.22669234215710135
1.098596352168104
0.9743448939434469
0.13820349710328209
2612101068709716e-21
24.63315022871171
35.84976348132702
0.0003710538604494409
11.611224505703019
0
2.270783655163213
0
15.288617525814802
26.468821154683628
4.569721656040269
0
15.85114914866935
0
0.15598366145430181
0.024788689174512307
29.56271735754552
35.97709617742912
18.90885301969069
96.45014590708585
60.95546931812511
0.09875157349927023
0.008277855808000383
0.010775958316238034
19.96680594612917
46.77641891973491
1.1894647244307037
0.11200877384936002
0.008942649805434336
0.1909262442022625
16.18499154259158
0
16.464751055541146
0
12.49404396805957
0.0022896667174764095
0.0023012014785025463
15.329720599261776
0.5397261743951596
1.2710553563461429
3.010974710433434
0
16619946767988187e-21
0.0005939467861989263
0.10730730003725157
0.005720054335603425
0.0021887074305716823
0.01002128304422166
0.0011060072547683447
0.001207811377407494
0.6274898275205395
0.6708089201626757
0.10103950294402923
0.2104303904921951
8497381220559713e-20
0.16512340207535053
0.024282305715734965
2.0093068847092868
0.0856454864962719
0.17117427554682774
0.038338435936299625
0.04685525027334209
0.9777619292351142
0.0011838162481199678
0
1.2702100344758558
1.2803140169417782
0.010144039978756294
0
2.308718524579868
2841749643280126e-20
0.00503881830505103
0
0.0011105587935805379
0
0.2131249282194525
1.0172177978218013
0
0
0
0
0.12873083222822715
0.5868629703649998
1.0861766970891855
5.471315031921368
0.32443384029903005
1.4046044643574414
0.16500439834723987
0.016798699262485037
0.037573853646656954
3.5664208912754156
0.00397655219994431
1.7024678968864118
9845380105100175e-22
0.06472878590129286
2.1433733030963364
0.48406282519354027
0.4670490105581996
0.0038048790370579493
0.8202153429350529
0.19184869248291297
0.0020122839720502824
0.025560429796243463
0.9178355131733278
2.25694036834253
0.14211749503625595
0.10967706519529503
0.35434829570717596
0.030995479300751253
0.4847412969729911
0.4876498641818067
0.40560454292837356
0.5879900199116365
0.12674462170686
4.9979123632496325
0.3492628782170286
10.812276677963444
1.9902528843949723
3.043704064788353
0.19365140414798698
0.4426383358384556
3.2505250906510135
4.122610286975049
1.0164646837085771
5.294527389676117
5.838372435791254
4.303116578101752
2.181597581855273
3.6452885654861626
0.5825798083680099
36.64258623247057
619.5781243892837
5.631420072110936
10535.388535657023
1.1152422570016256
23.21905240558981
1.1819889010359688
45.42850614073945
1.271677797612303
1.7913835430381853
1.115241316246551
0.7513253811482247
1.0991112144543063
5.337804197723902
0
0.0008755202709674955
12868515332498818e-26
0
6608336260894223e-20
0.027963354397818885
0.04471765158610458
0.07102554196980318
0.03625711076707751
0.042279125027734364
0.07919254215219564
0.0416917545909685
0.06713318131287556
0.04216745523192227
0.03543031036246364
0.06525973369567521
0.03640734662253364
0.03665220993043797
0.04095902545415772
0.034027019021651325
0.05367447430258675
0.0752752588279777
0.09809963279739399
0.034694914796704425
0.043946516671118305
0.001986108170714055
0.0075026712549609844
0.017032034273626043
0.07929951065302289
0.04148930096373229
0.13122627040183218
9120763288321225e-20
0.010047018119324154
0.3123272404350996
5447408412859493e-21
0.08043479498661481
0.011329873165527977
0.00205016121724486
5556915248787803e-21
12044248041395043e-22
0.11557625821613957
0.09878907841661778
0.004079387478695549
0.03181032408502797
0.020060946635304784
0.005881390344405859
0.01226506060285605
0.00048311823725020146
0.6219041782529244
15699130029423362e-25
0.07203238989870214
0.00040320662243283994
0.009728664969965686
0.011380662977590415
0.00015708647549004734
0.0001709043786933022
0.7903787428145513
0.0005202676711255442
0.06270853606551297
0.34754740390269845
12609165394490804e-22
25861726654117776e-22
0.00014474737167851978
11840445335623294e-21
0.000594840242170209
1532584672492505e-20
14120536760325642e-23
10044050928324175e-22
19077352552274352e-21
0.0838307016222841
0.08455977298486167
4343996864837626e-20
0.0002938074820435443
0.017847757871677694
0.008232525810247866
0.10005562111065695
0.010688958767791424
27829643713601276e-21
0.15773461186683724
0.040168747354027826
8240528534385951e-22
0.3752109748452223
4571121815373822e-22
0.0034866924558073662
0.001012056236216439
2299456595310364e-27
0.5580857726659337
0.7719884097720884
0.018164077541904702
0.3820332210602431
0.9801885132478501
0.008821301400039085
0.25261829555550935
2053564017970266e-25
5764825146601418e-21
0.0005099531992014187
9121509773476197e-20
0.15495181335957514
8473132177917497e-22
0.00012878632305041613
0.20849381558012062
0.0009394488852393369
0.012006454490877576
12229117330381765e-21
0.16490352318381865
0.10893584152635642
0.023433081181069966
27448670245406504e-21
0.0001534736837014203
12006681063276899e-23
0.014005394812519972
0.19306620226363935
8326801902606205e-24
10255144488541887e-21
9138934973210874e-21
965118861167402e-19
12087284289464936e-21
0.5394627321640583
0.201643764419415
0.004569051656612771
0.0014728054541021352
0.043875249030008355
0.00550151547575783
6637881097830786e-20
0.029263560012733333
8324402789272199e-20
0.0007438944281237488
0.08926474246140381
11001014851486541e-22
0.868297322877139
0.9801885132478501
0.001831656121540098
0.0004892149515672709
7563075160384389e-24
0.0010202821547670813
10739431156495921e-24
0.010218266393235103
0.030468495661838756
0.0009047679288733937
0.0003413113508156431
0.00015052317987195978
2672606726228863e-21
0.006163778527242122
0.015555460871781088
0.023264286831198654
1106941514349613e-23
0.970146321675479
0.07692367190785102
0
0
8178619704299383e-20
6713329402457141e-20
10336393058544385e-22
7552918263652098e-22
0.00017704669750649306
0.010368801859678584
0.005421610854448241
15204233910212893e-24
0.0001823103823970979
7328786571167057e-21
0.05503380438756067
0.013196698478996223
0.11369544547056618
3845637364510145e-22
0.06366861898247687
0.007752758279481078
0.00012248022152931806
0.17887311860454372
0.0003028182479748392
1652310701177045e-28
8603016899746938e-20
37936436569458173e-22
0.00012473223901768735
0.01828755070427159
0.0035044189659164658
0.00015501348710016878
0.00014116792302380456
3818611353075967e-24
0.0006052983409267748
0.0228230311139244
13347307505529745e-24
0.0018093549104502432
0.0018547390284239962
4418943042551597e-20
0.12683430991470282
4584036820712665e-20
0.5659546154469228
0.004769674859441359
0.23199008407154123
0.0031075702851836866
0.0006740747529714932
0.0005696322850487693
4737476883844104e-20
0.6980544785004911
11919892818834879e-21
22530764522131637e-21
0.008375932149512103
0.0064385184591619704
2199971394218125e-23
8738316540262568e-20
0.0030655972601563147
0.15696123988292252
0.03129011422807084
0.00010012338126536615
0.02399213969421292
0
0
0.12972021635045888
0
0.6134269885930264
0.5263088046804231
0.57367948490223
0.05476439249165385
0.030712664632222424
0.9551344474028652
0.5755983666398715
0.9588101585882962
0.5325208651354688
0.32308356559668255
0.0007960595505161049
0.016396797127182963
0.17150429373655834
0.43725680728023
0.1629148276058844
0.0003071217811621088
0.027837787343308062
0.4116025941311153
0.13186411563998574
0.20548004788410673
