0.02332137025451305
34.638240660398054
85.89046502933836
0
86.30868700941994
0.0004024747430938719
87.47025914731343
0
119.01345008111633
0
71.95450842220369
0
24.407316051407065
0
31.14231593724101
0
36.26938159682591
11.602975043545765
33.553709990538856
0.12941067823344335
37898286673098057e-29
2.36802705696133
2.0815109516270573
0.4723268220336421
0
9.203479216053875
0.21739003664843579
0.42824075712630744
0.003850392192285613
3.8770278812185994
3.681074174206879
0.36667390494535335
0.1766233386341713
1.09669680647363
0.9213829565483829
0.11869551351165479
23780498091599407e-22
21.735982724066353
31.43228313273225
0.0003848837189275368
8.266358227060138
0
2.0809354969971614
0
14.841452320925324
25.86740615631189
4.568582199424054
0
15.440862872436167
0
0.1568262798324646
0.025995562711193045
29.561670597088177
35.97709243857858
18.95040421007263
90.60298435298962
60.95555423089906
0.09968043468876243
0.004405851069191407
0.01077591065578774
19.91173202193679
45.95214112099772
1.1953065665954277
0.1111924614719288
0.010139569685654876
0.19211307751552872
15.949173759513785
0
16.06894495255852
0
12.3373173127272
0.002263595361194996
0.00227367137664602
15.321732645880338
0.5424216757547847
1.2780648245858937
3.0089195142173377
0
17545060174057532e-21
0.0006230875439699218
0.10023535895283738
0.00621077184824115
0.002162270713238769
0.009799356306864583
0.001159174552789512
0.0011347810644717644
0.6400233974735687
0.6695407101763121
0.0963371326377849
0.21767540662957294
8756641127586567e-20
0.15951299544519246
0.022367723215712926
1.960201187267373
0.08556351167704276
0.17081616047212841
0.03684897647814286
0.04315731047429685
0.9683024812580932
0.0012527093520028768
0
1.2691433680208881
1.2438633833498076
0.010012267384009893
0
2.2915408746510333
28460388055590108e-21
0.005109105676225738
0
0.001423224866894635
0
0.2130448612798646
1.015880169230031
0
0
0
0
0.10121346553392195
0.5885142241787962
1.0648108794340272
5.399074675531736
0.32858435381313406
1.3569801340275813
0.16687127567751261
0.016872147827518315
0.04087751557650348
3.194288213433536
0.00399543295408649
1.7087228719726348
9855455587461967e-22
0.06351708270491062
2.130407731646765
0.4623792800101021
0.44631447192425805
0.0038049326183082883
0.8141499543815779
0.1923328927145692
0.002042875864751563
0.024004331674100897
0.907188536230048
2.239161732586688
0.14358686218770128
0.1041155710954003
0.334212337212362
0.02863320177836971
0.45329167280608784
0.4561851107057756
0.4068175846400178
0.5877215636548314
0.12325874583807929
4.926343376289751
0.33546631473709226
10.187043307334422
1.9895395748835374
3.0364313512127024
0.19458697636695954
0.4199444093381435
3.248537963335393
4.106390475687823
1.0194922065605065
5.039033370090288
5.571725441980391
3.7956384593570656
2.181371456117093
3.3747136959371145
0.5569293367694326
34.60622145740555
619.5769558184703
5.631419188776363
10510.719982647995
1.115242212986546
23.21905067346005
1.1819561161897276
45.427537582913644
1.2738404363661273
1.7914080536543897
1.115241272221852
0.7825012772649327
1.0989972804674475
3.185883165419603
0
0.0008366796032020302
14936929436918892e-26
0
0.00012869874577065016
0.02534263881524605
0.040421409516437266
0.06411253800144864
0.03290019048803705
0.03920931437424401
0.07161018593384255
0.03752376770875883
0.06055867899073541
0.03809024002739984
0.032059821611209585
0.05904032820094592
0.03291157024857472
0.033196198098274246
0.03715237804781953
0.030837163153538263
0.04849678808348872
0.06814671561925653
0.08933667383966683
0.031525478771958285
0.03972365003780866
0.0019860951095630143
0.0075024848525722795
0.01703107348316346
0.07927865931284513
0.041483597179847426
0.1311691159301212
9120760533947169e-20
0.01004668383631813
0.3120023888664524
5447408314607872e-21
0.08041334189160027
0.0113294480565719
0.002050147300034437
5556915146546251e-21
12044247993364323e-22
0.11553193609563686
0.09875670662449142
0.004079332374805224
0.03180697173201119
0.020059613658333416
0.0058812758018894976
0.01226456241055285
0.0004831174644441076
0.6206087087951976
1569913002934175e-24
0.07201518744088387
0.0004032060841403137
0.009728351537568309
0.011380234048315313
0.0001570863937869226
0.00017090428198415252
0.7882796435815193
0.000520266774899314
0.06269550098696931
0.3471448928037503
12609165341848786e-22
25861726432668203e-22
0.00014474730230681782
11840444871433066e-21
0.0005948390706082863
15325845947230776e-21
1412053675372386e-22
10044050894921795e-22
1907735134724899e-20
0.0838073973578598
0.08453606128737913
43439962400402815e-21
0.0002938071962266687
0.017846702830338554
0.00823230137469201
0.10002241316604653
0.01068858039852689
2782964114926287e-20
0.15765199377000896
0.04016340101051082
8240528511902127e-22
0.3747415948324231
45711218084554255e-23
0.0034866522012641627
0.001012052844830766
22994565953103492e-28
0.5570437886609875
0.7699865545106391
0.018162984765363415
0.3815465550566402
0.976948471140003
0.008821043711279187
0.25240601343389785
20535640179688694e-26
5764825036566082e-21
0.0005099523381590355
9121507018651261e-20
0.1548720887893434
8473132154146488e-22
0.0001287862681342339
0.20834933311109163
0.0009394459630145341
0.012005977087912054
12229116835216533e-21
0.16481321261639137
0.10889647095816392
0.023431262294988722
27448667750796486e-21
0.00015347360571322318
12006681058503733e-23
0.014004745188298737
0.19294234618403142
8326801902376636e-24
10255144140330101e-21
9138934696675254e-21
9651185527618425e-20
1208728380571893e-20
0.5384894690910048
0.20150863704584787
0.004568982529505398
0.0014727982718221511
0.043868870081926026
0.005501415252535824
6637879638951729e-20
0.029260723089731645
8324400494885277e-20
0.0007438925958584171
0.08923831639159713
11001014811415987e-22
0.8657601973383942
0.976948471140003
0.0018316450128639035
0.0004892141591331525
7563075160194997e-24
0.0010202787080269764
10739431156114056e-24
0.010217920616527364
0.03046542023873633
0.0009047652184232019
0.0003413109651028825
0.00015052310485356074
26726067025789237e-22
0.006163652720761295
0.015554659471249723
0.02326249406008432
11069415143090415e-24
0.9669729378993256
0.07690405213502988
0
0
8178617489570834e-20
6713327910225404e-20
10336393023169267e-22
7552918244763952e-22
0.00017704659372094227
0.010368445818979553
0.005421513521533347
15204233909447493e-24
0.0001823102723486099
73287863933292766e-22
0.05502376613596843
0.013196121718329847
0.1136525556387439
38456373596135227e-23
0.06365518147063057
0.0077525592423423545
0.0001224801718594821
0.17876683139869978
0.0003028179443576736
1652310701177045e-28
8603014449205446e-20
3793643609294718e-21
0.00012473218750452
0.01828644301808349
0.003504378301007528
0.0001550134075392059
0.00014116785704066157
3818611353027685e-24
0.0006052971278071872
0.022821305719133322
1334730750493989e-23
0.001809344070637665
0.001854727637991104
44189423960092395e-21
0.1267809215090626
458403612495759e-19
0.5648828826101637
0.004769599528152593
0.23181112380718433
0.0031075383090083844
0.0006740732485091606
0.000569631210679555
4737476140731875e-20
0.6964199878646881
11919892348394462e-21
22530762841347812e-21
0.008375699826139687
0.0064383811868197775
21999713940578756e-24
8738314012035568e-20
0.00306556614195687
0.15687943112087782
0.03128687065487367
0.00010012334807350263
0.023990232964523232
0
0
0.1296643678002956
0
0.6121667966679086
0.5253826543795937
0.5725781358419916
0.054754452331057794
0.03070953970582999
0.9520593941613831
0.574489597550559
0.9557111744657817
0.5315726125093301
0.3227358839025699
0.0007960574522658585
0.016395906679069625
0.171406596636754
0.43661861803676194
0.1628266853887149
0.00030712146885382294
0.02783522019310977
0.41103736507180183
0.1318064035227014
0.20533972002762327
