0.023642053782321242
34.59749954305931
85.29864728118486
0
85.71542701026397
0.00039884058389271827
86.86555981197986
0
118.09545836492657
0
72.00672313204062
0
24.569904586984162
0
31.120462130640743
0
36.304844556031334
11.563937433785664
33.37701924612649
0.12939053627414573
3446628610913839e-28
2.361490742861024
2.0711365785945333
0.4660505127641589
0
9.17974080100012
0.21367284569419373
0.42777351690527743
0.003850393717813396
3.8764849278911186
3.677105010875806
0.36546621234177074
0.17379718032129332
1.096500966681287
0.9184469527487362
0.1178299386703904
23580605270205376e-22
21.47244298049469
31.030121742694742
0.00038615269412875075
7.990415925574143
0
2.0635361426896615
0
14.796909019376756
25.770941970847666
4.5684697585740865
0
15.401833603797776
0
0.15691498336365303
0.026106668683634336
29.561569212906534
35.97709207159943
18.954156947482073
90.55684397464331
60.95556464000613
0.09976698643643957
0.00425920320635669
0.01077590701562758
19.90665310146554
45.863418951159304
1.195696748651677
0.11111841622344139
0.010254372814532764
0.19213204090500063
15.927881395217234
0
16.042532703672396
0
12.324044346335839
0.0022612817419206226
0.0022712349048761796
15.320955288039976
0.5427074541009622
1.2787154006483585
3.0087197682237967
0
1763127436570006e-20
0.0006257723048326087
0.09963701711286527
0.006257626941842795
0.0021599156831435587
0.009772999252452173
0.0011633978911466142
0.0011280494428539724
0.6412570321958232
0.6694193117304302
0.09594336880366384
0.21828093291600298
8778737817437274e-20
0.15898149119620725
0.022194122057973414
1.9554830693939338
0.0855397483197767
0.17080726219014786
0.036719068119916626
0.042841486315353054
0.9674195080737693
0.001258639633490494
0
1.2690420882284943
1.2400708227031316
0.010000486308159712
0
2.289892106739789
28465884016878467e-21
0.0051160128279611715
0
0.0014477901501272633
0
0.2130372648975287
1.015752472893376
0
0
0
0
0.09971328055508674
0.5886505229268243
1.0627610040595568
5.39201207653883
0.3289787977401671
1.3527993938130876
0.16703515248740053
0.016880141900935133
0.04118855173787098
3.161263907247504
0.0039970241058424096
1.7092530385892106
9856427676900798e-22
0.06340269531289759
2.1288538378586535
0.46052578888357015
0.4444227165005812
0.003804936145791644
0.8135631348418659
0.19237945945343746
0.0020464335404406135
0.023870648545523468
0.9061725455411946
2.23746013622089
0.14372869589703488
0.10364027561595693
0.3325187808334787
0.028429565586127404
0.45066668898752393
0.4534758129654601
0.4069342686742213
0.5876956637233124
0.12291526535331238
4.919525537105912
0.334291825021677
10.134674650466652
1.9894374673017745
3.0356666986959557
0.19466425966920461
0.41802925664663837
3.248254495911947
4.104688136428767
1.0197424614653121
5.018038826613697
5.549981060766751
3.752903371191266
2.1813251119012635
3.3528826663926696
0.5547506513243281
34.43520006650706
619.5768426380205
5.631419103222028
10508.33380892582
1.115242208723517
23.219050505696647
1.1819529408998826
45.42744377546892
1.2740330086470173
1.7914100527503127
1.1152412679578916
0.7852129374296315
1.0989862461506927
3.111251163350056
0
0.00083329498294705
1513242035121216e-25
0
0.00013599614836807503
0.0251259568916786
0.04006561836780518
0.06353825591179844
0.032621579385664116
0.03894809426553095
0.07098108250402062
0.037177676207825576
0.06001276527052071
0.03775261175665036
0.03178064952055349
0.05852575167740706
0.03262216677118455
0.03290974480629162
0.03683734388471654
0.03057265700745487
0.04806635632277301
0.06755583981663876
0.0886113863747054
0.031262992869277265
0.03937414555485826
0.001986093844544985
0.007502466799031736
0.01703098042979973
0.07927664007179713
0.04148304478814654
0.13116358162267322
9120760267175518e-20
0.010046651460317201
0.3119709436984125
54474083050918265e-22
0.0804112643809895
0.011329406883985697
0.0020501459521042277
5556915136643765e-21
12044247988712363e-22
0.11552764423114881
0.09875357185573111
0.004079327037821561
0.03180664706252554
0.020059484559104116
0.005881264708125802
0.012264514159791705
0.00048311738959493794
0.6204833810374106
15699130029333844e-25
0.07201352153507427
0.0004032060320046554
0.009728321180974421
0.011380192505728002
0.00015708638587366374
0.0001709042726175032
0.7880766341230012
0.000520266688096447
0.06269423863353316
0.34710593282961194
12609165336750205e-22
2586172641121996e-21
0.0001447472955879041
11840444826474461e-21
0.0005948389571381415
15325845871908107e-21
1412053675308445e-22
10044050891686646e-22
19077351230537666e-21
0.08380514059457968
0.08453376507171112
4343996179526266e-20
0.0002938071685442224
0.017846600648849683
0.00823227963757231
0.10001919743469091
0.010688543752723323
27829640900896868e-21
0.15764399418927968
0.0401628832344271
8240528509724483e-22
0.3746961647785712
4571121807785352e-22
0.0034866483024818904
0.0010120525163626552
22994565953103476e-28
0.5569429719075554
0.7697929430972325
0.018162878929254753
0.38149945252993966
0.9766352300860986
0.008821018753533938
0.2523854625737319
2053564017968734e-25
57648250259087375e-22
0.0005099522547638543
9121506751835939e-20
0.15486436933799524
8473132151844174e-22
0.0001287862628153922
0.208335344749022
0.0009394456799863328
0.01200593085061145
12229116787257881e-21
0.16480446831900167
0.10889265852346129
0.023431086136392436
2744866750918395e-20
0.00015347359815976917
12006681058041433e-23
0.014004682271300974
0.19293035446882453
8326801902354401e-24
10255144106604455e-21
913893466989172e-20
965118522891586e-19
12087283758866274e-21
0.5383952981472718
0.20149555425214533
0.004568975834335374
0.001472797576192638
0.04386825230559379
0.005501405545629216
6637879497653712e-20
0.029260448337463028
8324400272665135e-20
0.0007438924183967294
0.08923575734092902
11001014807535001e-22
0.8655148611199835
0.9766352300860986
0.0018316439369495706
0.0004892140823829359
7563075160176654e-24
0.0010202783741975912
1073943115607707e-23
0.010217887127348054
0.030465122388698525
0.0009047649559061327
0.00034131092774514486
0.00015052309758774296
26726067002883366e-22
0.006163640536057325
0.015554581854726534
0.023262320430661836
11069415143051121e-24
0.9666661354192412
0.07690215215058033
0
0
817861727506591e-19
6713327765697053e-20
1033639301974305e-21
7552918242934562e-22
0.0001770465836689167
0.010368411335721188
0.005421504094559908
1520423390937336e-23
0.00018231026168999512
73287863761050056e-22
0.05502279399004943
0.013196065858185344
0.11364840245348068
38456373591392657e-23
0.06365388014670319
0.007752539965103226
0.000122480167048769
0.1787565404303003
0.00030281791495120235
1652310701177045e-28
8603014211861137e-20
3793643604679527e-21
0.00012473218251527322
0.018286335737990052
0.0035043743624801386
0.00015501339983342355
0.00014116785064994267
3818611353023008e-24
0.0006052970103120297
0.02282113861495644
13347307504882762e-24
0.0018093430207636757
0.0018547265347876908
44189423333891366e-21
0.12677575183097936
4584036057571047e-20
0.5647791890364534
0.004769592232091441
0.23179379815360854
0.003107535212010597
0.0006740731027963897
0.000569631106622882
4737476068758611e-20
0.6962618846065493
11919892302830507e-21
22530762678557458e-21
0.008375677325071974
0.006438367891622208
21999713940423547e-24
8738313767167122e-20
0.0030655631280566372
0.1568715098936116
0.031286556520224856
0.00010012334485874387
0.023990048298486263
0
0
0.1296589599312761
0
0.6120448798437065
0.5252930397834911
0.5724715783342373
0.05475348968420572
0.030709237061608385
0.9517620898345353
0.5743823225243349
0.9554115585185585
0.5314808603429679
0.32270222947690436
0.0007960572490425654
0.01639582043832199
0.17139713725443195
0.4365568564580578
0.16281815101025426
0.000307121438605584
0.027834971567338593
0.4109826617151294
0.13180081522454998
0.20532613382777865
