2942776916905171e-22
35.301246804486134
134.6960581539779
0
4713.215135217975
0.0023354087450361666
246.32430235280268
0
83.25553430092187
0
421.7395887741103
0
15.221596492515303
0
34.20859803263391
0
28.63822690084069
14.48745064848837
67.75865135575918
978.2686657101227
2002303747603839e-20
15.81815120595766
0.6601587513787261
1.118930343216141
0
10.769395490610204
0.6551441042683922
8.467558652163182
0.0035006920300631535
2.832504638898997
59.69628152445921
14.420828246956603
653.0882954470687
0.36102784518408604
47.509525302378584
3.526599381534556
0.00011381187191997845
45.49104719020248
74.78892868518997
88.07241764990015
46.2373095637823
0
2.861009786922732
0
273.970005656073
21.946853923980758
0.27680072671468675
0
10.097144158734677
0
0.0625282071738127
32.23736587501585
23.920079742748765
28.139394684690505
18.582994788968627
1.3344089826301286
1411.4341906668833
2.0714670371821238
0.035458673868415024
0.4817097988055334
10.688264405437486
51.37668027412518
0.9952364716239356
2.3986297577430866
8610485448084695e-21
1356585462065941e-20
154.8750933555129
0
253.73198553627546
0
9.217279948928688
0.032454306715324614
313.4890861967449
1.433279188897259
0.012488845632486154
0.30636594697173736
0.3272626616393515
0
8012218927594335e-20
9.518141166095791
0.11720839647146553
0.0020149680737322575
0.04663541179006104
0.008373417804056434
0.0004757175532083232
0.0016476148495009658
0.2659515191954137
0.678952019250624
1.2192719767294817
0.0006280163155395824
0.002152267000246616
0.03379797335226638
0.02279781938032967
2.301825429494931
0.03658172249209367
3.585231675319306
0.02548948111141729
0.04166862887801579
10.919626371374958
13360598336212136e-21
0
1.2752960974188532
1.5564019876865314
0.22577975125467367
0
2.413965008809817
0.05197616437742239
0.056796447565931454
0
0.00028364666807878427
0
0.21363277768461172
1.0258051827204717
0
0
0
0
2.9035069188763445
0.5682541305173177
1.2167315518420094
5.881743058336265
0.2960260353686537
1.4784208889192656
0.13592026284301914
0.4003750256466184
0.0014098192573553218
6.680299846420852
0.0036932402841301152
1.621125080860426
9783735897004525e-22
0.034593742828486033
1.8314164865687463
0.35391994163628404
0.5492790035271039
0.2346533780316364
0.8580579176698858
0.18878722023569675
0.0007316578935261909
0.027897493025647847
0.9890851312357325
2.3602192604228187
0.13308787328248117
0.11603065933421118
0.36626403179358913
0.03637187173627572
0.5057266522720668
1130.6415560664052
0.30842678740560836
0.589667462451882
0.1633434004310327
90.21316230091726
0.326242695858659
11.094542607211137
1.9907705440288652
3.091756024125813
0.1833263539678685
0.45278017701382034
3.2520714163332984
4.23104593602588
0.9825237700033291
5.419260169947689
4.962072681569232
6.728745942110202
0.052273953032436836
4.176456928465886
0.5988051213944626
45.16212106655985
619.5851866984932
5.631425410549839
10685.710166578652
1.115242523006966
23.219062873725605
1.1821870557388088
45.43436006329886
0.7395805245125935
1.3070742336502859
97.73672728361102
0.20249254876351616
1.0998000262235579
32.767321527023974
0
0.0008801634590884577
18915888710148812e-31
0
14982506029897384e-105
0.03313033510358647
0.05380734237418954
0.08737935223932791
0.043022843006980435
0.04970285950278287
0.09550670464745571
0.0516200961837514
0.08247232851048254
0.050972488010126875
0.0425541001873364
0.0781855063759659
0.04381862118459734
0.043913628548996546
0.04847879573518766
0.040726258027661014
0.06563576432187758
0.09053549231419145
0.11231927431476608
0.04051659943990992
0.05294118251203882
0.001986187107659805
0.007503797877103168
0.01703784196828829
0.07942564258461828
0.04152378849946504
0.1315722141139252
9120779934409353e-20
0.01004903859672673
0.3142976935710098
5447409006643632e-21
0.08056456871981439
0.011332442652693963
0.0020502453279715015
5556915866685015e-21
12044248331668958e-22
0.11584448125722864
0.09898494344098882
0.00407972051511588
0.03183059156509763
0.020069004372330713
0.005882082630034585
0.012268071860740163
0.00048312290773317465
0.6297911105448079
15699130029916514e-25
0.07213644051418559
0.00040320987562113096
0.009730559414830873
0.011383255557456751
0.0001570869692641066
0.00017090496315659277
0.8031841601340519
0.0005202730875051436
0.06278737131579018
0.34998993397124817
12609165712633029e-22
2586172799244931e-21
0.00014474779092738075
11840448140959151e-21
0.0005948473225584001
15325851424924325e-21
14120536800223623e-23
10044051130191723e-22
1907735983485144e-20
0.08397167902309974
0.08470321634529401
4344000640804738e-20
0.0002938092093848717
0.01785413534576627
0.008233882317646333
0.10025654824268773
0.01069124572901909
2782965921119554e-20
0.15823483697832014
0.040201073152597584
8240528670266949e-22
0.378060214276274
45711218571851474e-23
0.003486935744189091
0.0010120767323109471
2299456595310469e-27
0.5644246217660968
0.7841978872842963
0.018170683140702994
0.38498762913276097
0.9999997057223516
0.00882285890329972
0.2539050286904899
20535640179786938e-26
5764825811600391e-21
0.0005099584029453844
9121526422289234e-20
0.15543450336080702
8473132321577727e-22
0.0001287866549370774
0.20936913092069218
0.0009394665459098697
0.012009340081637097
12229120322915178e-21
0.16545036967637453
0.1091740808483032
0.023444076631762126
2744868532159673e-20
0.0001534741550242391
12006681092123447e-23
0.01400932146045381
0.19381642100603477
8326801903993602e-24
1025514659296151e-20
9138936644455118e-21
9651207250197117e-20
12087287212986226e-21
0.5453822049063024
0.20246233800070354
0.004569469448818119
0.0014728488609848914
0.043913819974527236
0.005502121214055303
663788991457891e-19
0.029280710823051483
832441665542203e-19
0.0007439055015225275
0.08942461515738119
11001015093653085e-22
0.8837894793879916
0.9999997057223516
0.0018317232583022422
0.0004892197406732959
7563075161528944e-24
0.001020302985402263
10739431158803745e-24
0.010220356345184197
0.030487088602250717
0.0009047843096625886
0.0003413136818815026
0.0001505236332467447
26726068691573417e-22
0.006164538893857936
0.015560305017907124
0.023275124391481307
11069415145948025e-24
0.9895475614365872
0.07704235066114783
0
0
8178633089032835e-20
6713338420772555e-20
10336393272334075e-22
7552918377802699e-22
0.00017704732473617152
0.01037095385327147
0.005422199123494375
1520423391483861e-23
0.00018231104747698122
7328787645930502e-21
0.055094509589872276
0.013200184670915315
0.1139549950465454
3845637394102916e-22
0.06374988903372386
0.007753961269975409
0.0001224805217095951
0.179516812096543
0.00030282008289285055
1652310701177045e-28
8603031709618927e-20
37936439449254196e-22
0.00012473255033816944
0.018294246438321005
0.0035046647344967653
0.0001550139679280294
0.00014116832179384434
38186113533677305e-25
0.0006053056724715128
0.02283346132088359
13347307509094623e-24
0.0018094204222823252
0.0018548078680387535
44189469499348795e-21
0.12715744179888896
4584041025513436e-20
0.5724750528640518
0.0047701301497045006
0.2330745754873515
0.003107763540327779
0.0006740838452669731
0.0005696387780464629
4737481374848251e-20
0.7080144991798611
11919895661943743e-21
22530774679958e-18
0.008377336333886966
0.006439348127395842
21999713951865884e-24
8738331819627949e-20
0.00306578532983998
0.1574565602442486
0.031309723933699296
0.00010012358186075809
0.024003666248466785
0
0
0.13005824963084003
0
0.6210983691754582
0.5319408492208118
0.5803807265457445
0.05482450431036572
0.030731556906199536
0.9739310874817061
0.5823449107788043
0.9777539258314981
0.5382877443050199
0.3251927676728232
0.0007960722314174163
0.016402179583215746
0.17209591285654488
0.44113360916678773
0.16344853188946398
0.0003071236686052203
0.02785330696551986
0.41503513950452975
0.13221343727350415
0.206330163273401
