0.03549838431002076
33.71514270053106
66.0364943488736
0
66.43434150515473
0.0002894088091942085
67.19085283262189
0
77.0062028254936
0
74.00874892502527
0
27.011821205621924
0
30.544723437308004
0
37.27146602008804
10.880107144399105
28.585989293959283
0.13056207301479728
12643275093699572e-30
2.2062768101347787
1.8643452690207192
0.2935242513915464
0
8.26737281847443
0.11914560720661635
0.41506070924475885
0.0038503370300483532
3.8553889133404415
3.5690744932690865
0.34782878476994816
0.13222379111888385
1.088530610508811
0.8760604255866382
0.11918950906990175
1795598246895488e-21
13.946149879542851
19.22902869637026
0.0004217576116580694
2.0935228728127475
0
1.5699752989787532
0
13.01456896080552
21.21535044558378
4.564162998541259
0
14.047358576287985
0
0.16075126066488626
0.028913706839857733
29.557820817183877
35.97707813358003
19.064580257820715
90.24640459984543
60.95610310259257
0.10271114950667161
0.0022709133406937122
0.010775845751797205
19.746297011527776
42.11272970070685
1.1969898207154201
0.11055041323694212
0.014373205590381695
0.19075481318667065
15.496896634737011
0
15.513258340654419
0
12.120364401940456
0.0022259592196733733
0.002230385251460083
15.291948973303773
0.5551987734178222
1.2982283489356898
3.0012895962479176
0
2122099943696144e-20
0.0006939203827745148
0.08668151145170908
0.007952682584798695
0.002120954332850014
0.008457209589549161
0.0012257748659217705
0.0009310201231189988
0.7050423341790724
0.6650696048669523
0.08843057504836453
0.23239461214319007
9477868051054735e-20
0.14406098601905593
0.017424483787571398
1.786746798588202
0.08576292688811535
0.1721116064492806
0.03413799659379289
0.035468253472083676
0.9369499224674991
0.0014070082158383975
0
1.2653748966072005
1.0915752050673118
0.009790262640201948
0
2.230395806383712
2877012231004755e-20
0.005362654999687003
0
0.0018881369583074014
0
0.21276981624986827
1.0111698886381675
0
0
0
0
0.08721843080039424
0.5916225174733205
0.9892656852327985
5.122859337963391
0.34267759782283175
1.2544186100434622
0.1717629101500603
0.01724561547053865
0.0515777863480426
2.2673466068541095
0.004034377283383487
1.7217795805749758
9891807525735508e-22
0.0594728643678529
2.0506771200313487
0.4217126738979965
0.38871528092267615
0.003804526042317634
0.7920512681763965
0.19406070510841938
0.002301739634379075
0.020842615219374343
0.8702466566113888
2.1772652730726705
0.14890972704874975
0.09338700019161805
0.2982669521334163
0.023493368721054786
0.3978621354984308
0.39846870227646375
0.41116407629005175
0.5867504505824316
0.10981952390582832
4.668731622956169
0.31079625612631023
9.095840501727976
1.9833764392508866
3.003496803144426
0.19634435473159192
0.37957165591026665
3.23150625132012
4.033572287238217
1.0252330905067468
4.646490024146536
5.213851913922727
2.771146131219769
2.177328009546922
2.949052292125706
0.5105072303956825
30.99127373119404
619.5726581381884
5.631415940102952
10420.49127755412
1.1152420511105599
23.219044303138837
1.181835549881924
45.42397565699722
1.279624184796367
1.7914578490815343
1.1152411103104876
0.8596204095022026
1.0985783625661025
2.246161146733822
0
0.000757438537283968
2195329524484651e-25
0
0.0005562130612901991
0.020504395518988285
0.03238623800991874
0.0509526949282668
0.026601657099582968
0.03294274316229741
0.05731376731415931
0.029576315100974943
0.04805161744845117
0.030455052310310052
0.02576232283295136
0.047477200476228304
0.026383408793047458
0.026729156423307653
0.030097565585855423
0.024862829844988856
0.03861925451976715
0.05478883038356704
0.07329616083637451
0.025658245558178073
0.03184523003559967
0.0019860470747885078
0.007501799352947414
0.01702754041214569
0.07920202066195986
0.04146262689167197
0.1309591307035309
9120750404083587e-20
0.010045454526113069
0.3108105730126862
5447407953263998e-21
0.08033449219916085
0.011327884753697452
0.00205009611697019
5556914770528469e-21
1204424781671981e-21
0.11536907702876975
0.0986377428191912
0.004079129723444246
0.03179464568895651
0.020054712077869373
0.00588085456352113
0.012262730363013959
0.00048311462227511114
0.6158674785424881
15699130029041618e-25
0.07195195660964228
0.0004032041044467165
0.009727198901663955
0.011378656697155657
0.0001570860933044651
0.00017090392631354678
0.7806075427243805
0.0005202634788258325
0.06264758466423291
0.34566856747913444
1260916514824514e-21
25861725618234285e-22
0.00014474704717604332
11840443164262406e-21
0.0005948347619283732
15325843087074034e-21
1412053672944419e-22
1004405077207648e-21
19077346915480077e-21
0.08372174605184123
0.08444891301629627
43439939421990714e-21
0.00029380614506899824
0.017842823199388264
0.0082314760117737
0.099900377767287
0.010687188970076734
278296317182958e-19
0.15734851797290134
0.040143744670993596
8240528429212509e-22
0.3730203825075633
45711217830113616e-23
0.003486504159531255
0.0010120403722948894
22994565953102895e-28
0.5532283492074647
0.7626688008319711
0.018158966383199915
0.3797620508375868
0.9651242935703904
0.008820096063853113
0.25162682834021016
2053564017963731e-25
5764824631884801e-21
0.0005099491714818098
912149688712946e-19
0.15457923525010697
8473132066722884e-22
0.00012878606616701342
0.20781882491028927
0.0009394352159106364
0.012004221487364191
1222911501412788e-20
0.1644814990878902
0.10875179861200611
0.023424574119824716
27448658576272217e-21
0.00015347331889327761
1200668104094929e-22
0.014002356298706638
0.1924875188389186
832680190153233e-23
10255142859697897e-21
9138933679649337e-21
9651174185273293e-20
12087282026627224e-21
0.5349251403675575
0.20101245219051786
0.004568728306996277
0.0014727718575673955
0.04384541794794274
0.005501046673321105
6637874273577106e-20
0.02925029199093282
8324392056732911e-20
0.0007438858573023374
0.08914119546188891
11001014664046927e-22
0.8564929119396055
0.9651242935703904
0.001831604158624279
0.0004892112447777995
756307515949847e-23
0.001020266031914312
10739431154709621e-24
0.010216649040455859
0.030454112303157133
0.0009047552501628486
0.0003413095465555106
0.00015052282895574023
26726066156006167e-22
0.006163190059362895
0.01555171248384946
0.023255901902910464
11069415141598335e-24
0.9553910865478273
0.07683193875261315
0
0
817860934438095e-19
67133224221884e-18
10336392893068786e-22
755291817529827e-21
0.00017704621202522812
0.010367136499134531
0.005421155571441311
15204233906632544e-24
0.00018230986761949108
7328785739288254e-21
0.054986863807039855
0.013194000759564468
0.11349495712814174
3845637341605026e-22
0.06360578619054666
0.0077518272795142
0.00012247998918692924
0.17837647769238524
0.0003028168277353974
1652310701177041e-28
8603005436757778e-20
379364343404639e-20
0.0001247319980526839
0.01828236981373309
0.0035042287501175643
0.00015501311493504755
0.0001411676143721044
3818611352850118e-24
0.0006052926662900673
0.022814961288179687
13347307502770548e-24
0.0018093042051875174
0.0018546857475458822
4418940018195575e-20
0.1265847660845121
45840335661524564e-21
0.5609587561126236
0.004769322489517325
0.23115414121834216
0.0031074207117901165
0.0006740677155172389
0.0005696272594467031
4737473407759554e-20
0.6904416082855288
11919890618237276e-21
22530756659863542e-21
0.008374845456684274
0.0064378763600554546
21999713934685217e-24
873830471388113e-19
0.0030654517000373084
0.15657892639101423
0.031274944528974294
0.00010012322600256393
0.02398322181246382
0
0
0.1294591781173638
0
0.6075543668699056
0.5219905114254169
0.5685458168480421
0.05471791052500028
0.03069804977476565
0.9408350629386023
0.5704301736371469
0.9443998269008377
0.5280996875501172
0.32146041642195816
0.0007960497354952595
0.016392632258651497
0.17104777060683493
0.4342795258630438
0.1625029312606231
0.00030712032026798203
0.02782578091917644
0.40896526819683937
0.13159437056190243
0.20482445453815804
