0.03540518201431265
33.71777271655649
66.16600986619335
0
66.56390487556281
0.0002900930519117641
67.32322411809615
0
77.27553516553498
0
73.99264686537785
0
27.006701536494763
0
30.54827723798024
0
37.265671849078814
10.880893425640807
28.611034947835726
0.1305403985183183
12950464001620855e-30
2.20703500372173
1.8649153350920125
0.2944855053597032
0
8.274778222598874
0.1196251131522203
0.41513225034923823
0.0038503381068079397
3.855560810712504
3.569682621690759
0.34790379098263674
0.13240296661980183
1.0885974358128856
0.876242858984525
0.11911126130926435
1799065032693705e-21
13.98943660485813
19.29961191982578
0.0004215542329584285
2.1165900388534133
0
1.572749166328185
0
13.029184030980288
21.2512975081251
4.56419758459563
0
14.05733475906124
0
0.16071827187250964
0.028901214740649172
29.557850282676082
35.977078245023655
19.063899692268613
90.24739614164069
60.95609810959427
0.10268940323784097
0.0022766089642841437
0.010775845863018522
19.747372064449088
42.142400097899475
1.197044577195783
0.11053845194343978
0.014341731489610281
0.19074736228217684
15.497771985692305
0
15.51469229451663
0
12.119995241708995
0.0022258789857082127
0.002230340910971222
15.29217826106792
0.5550908267267263
1.2981066418052467
3.0013482048481004
0
2118807868336989e-20
0.0006936139602831547
0.08672996326289639
0.007939523809495235
0.002120918960038615
0.008468942730500903
0.001225858045408082
0.0009321669500790636
0.7043902231420194
0.6651029180779178
0.08844671520638403
0.2323299464720926
9472627126638659e-20
0.14414310740572844
0.017451548354047858
1.788028326285815
0.08574817056453876
0.1720941100513527
0.03414366996708172
0.03550184131539815
0.9371815923620739
0.0014062652735931018
0
1.265403859759464
1.0926897026077742
0.0097903208545499
0
2.230854121723307
28767239406267554e-21
0.005360822270389947
0
0.001887067593855147
0
0.2127718460623386
1.011205239378595
0
0
0
0
0.08718126968070211
0.591611152880991
0.9898272525924363
5.125035161225156
0.34257634347772126
1.254831136627463
0.17173275476984864
0.017242378171191102
0.05150451386627804
2.272265615782093
0.004034209376217624
1.721723365367093
989153407084567e-21
0.05950190421024958
2.051390292956543
0.4218337319226145
0.38906449279448874
0.003804534599044921
0.7922184392559843
0.19404779249444828
0.002298806332411599
0.02085492884125317
0.8705175966222644
2.1777198707818237
0.14886949008766398
0.09342303636877691
0.2983671839803729
0.02351745748695356
0.398020077671281
0.39863776442716825
0.4111313861715463
0.5867577878821848
0.10992400054566713
4.670745588627241
0.31085628393871195
9.098676053651083
1.9834327839600665
3.003761275248066
0.1963380205550108
0.37967785035459356
3.23166152229915
4.034152984808185
1.0252117721082425
4.647021859498646
5.213675524458291
2.775469785815328
2.1773684739154153
2.9500332709029222
0.5106307929916563
31.0014621514709
619.572691032319
5.63141596496814
10421.178933773983
1.115242052349551
23.219044351896972
1.181836472644094
45.424002918750816
1.27958938372134
1.7914576036635141
1.1152411115497491
0.8591823150557646
1.0985815683370592
2.2476750615210057
0
0.0007577207267852218
21901745313051794e-26
0
0.000551784871193421
0.020522501622919954
0.03241727457440937
0.051005303797922674
0.02662587632770525
0.03296918839163179
0.057369731488779566
0.029608342729661157
0.04810168354429358
0.030484675609009738
0.025786537011818246
0.04752128231539999
0.026408556643937042
0.026754025622392784
0.030124142170117548
0.024885801736610227
0.038658833506309706
0.05484041336769899
0.07335403252379692
0.025680141755482444
0.031875537415452196
0.001986047442440012
0.007501804599491591
0.017027567451322282
0.0792026069691583
0.04146278735701151
0.1309607366433117
9120750481617046e-20
0.010045463934624584
0.3108196778038523
54474079560297065e-22
0.0803350954172964
0.011327896718325242
0.0020500965087181158
5556914773406491e-21
12044247818071837e-22
0.11537032267218479
0.09863865281813979
0.004079131274490046
0.03179474001377056
0.020054749589787976
0.005880857787545307
0.012262744384380733
0.00048311464402887616
0.6159036297854674
15699130029043915e-25
0.07195244036456343
0.00040320411959916173
0.009727207723366566
0.011378668769297298
0.0001570860956043416
0.00017090392903583015
0.7806659801191675
0.0005202635040537453
0.06264795127441383
0.3456798433263199
12609165149726973e-22
25861725624467926e-22
0.0001447470491288006
1184044317732901e-20
0.0005948347949066891
1532584310896554e-20
14120536729630023e-23
1004405077301673e-21
19077346949400626e-21
0.08372240129038157
0.0844495797037779
43439939597866365e-21
0.00029380615311449555
0.01784285289069887
0.008231482328748582
0.09990131125483731
0.010687199619317052
27829631790479966e-21
0.15735083854247245
0.04014389508315665
8240528429845412e-22
0.3730335265165933
4571121783206109e-22
0.003486505292611879
0.0010120404677585115
229945659531029e-26
0.5532574529260536
0.7627245456150489
0.01815899713633244
0.379775677603302
0.9652142495621823
0.008820103316715521
0.2516327830421345
20535640179637706e-26
5764824634982212e-21
0.0005099491957193344
9121496964675612e-20
0.15458147463301783
847313206739202e-21
0.00012878606771285988
0.20782288026091272
0.0009394352981679997
0.012004234923673647
12229115028066407e-21
0.16448403547055798
0.10875290519712559
0.023424625303553718
27448658646493586e-21
0.00015347332108858202
1200668104108365e-22
0.014002374581608171
0.19249099599112265
8326801901538791e-24
10255142869499796e-21
9138933687433605e-21
9651174272087022e-20
12087282040244307e-21
0.5349523317751582
0.20101624532239804
0.004568730252749744
0.0014727720597390661
0.04384559740185698
0.005501049494315385
6637874314643415e-20
0.029250371815951238
8324392121318102e-20
0.0007438859088786984
0.08914193841937823
11001014665174883e-22
0.8565634652198385
0.9652142495621823
0.0018316044713172566
0.0004892112670840731
7563075159503802e-24
0.001020266128936087
10739431154720371e-24
0.010216658772438622
0.030454198837625235
0.0009047553264590298
0.0003413095574129834
0.0001505228310674473
26726066162663448e-22
0.006163193600419694
0.015551735037832583
0.023255952351877853
11069415141609757e-24
0.9554792045458124
0.0768324904481826
0
0
817860940672382e-19
6713322464193561e-20
1033639289406457e-21
7552918175829958e-22
0.00017704621494670612
0.010367146519979416
0.00542115831108481
15204233906654087e-24
0.00018230987071726542
73287857442942525e-22
0.054987146161728485
0.013194016991988924
0.11349616254944483
38456373417428623e-23
0.0636061641141061
0.00775183288166097
0.00012247999058509536
0.17837946220196427
0.00030281683628195636
16523107011770412e-29
8603005505738595e-20
37936434353877324e-22
0.0001247319995027383
0.01828240098640273
0.003504229894748839
0.000155013117174624
0.00014116761622947658
3818611352851477e-24
0.0006052927004381858
0.02281500984145838
13347307502787151e-24
0.0018093045103124716
0.0018546860681697966
4418940036395245e-20
0.1265862662957866
45840335857374255e-21
0.560988687425478
0.004769324609896963
0.2311591626544018
0.003107421611856821
0.0006740677578663276
0.0005696272896891504
4737473428677591e-20
0.6904871710573545
11919890631479818e-21
2253075670717633e-20
0.00837485199565712
0.006437880223825556
21999713934730324e-24
8738304785048731e-20
0.00306545257595418
0.1565812242527182
0.03127503579371702
0.00010012322693688861
0.023983275467711306
0
0
0.12946074739580696
0
0.6075895378762629
0.5220163913731241
0.5685765719294164
0.05471819012163834
0.030698137701832218
0.9409204688965495
0.5704611350837987
0.9444858929744213
0.5281261827972861
0.3214701596218815
0.0007960497945587764
0.01639265731842854
0.1710505141897462
0.4342973814896839
0.16250540681324266
0.00030712032905918797
0.02782585315477969
0.4089810881924132
0.13159599215620477
0.20482839344165582
