0.03620206073086217
33.697080381862904
65.07049152198437
0
65.46798527709707
0.0002843250658556531
66.20347826751596
0
75.04322036249361
0
74.1303492044521
0
27.046708823836376
0
30.51813104832267
0
37.31459879743961
10.875897603108251
28.402140199608027
0.13073049825245373
1056037292725798e-29
2.2007116495293344
1.8604365866686754
0.28643426233430186
0
8.21136042284173
0.1156278161402347
0.4145316832847918
0.0038503286411196397
3.854088283640986
3.564577495846964
0.3472691393791241
0.13088648678362808
1.08802425535173
0.8746967640752165
0.11977603083057632
17698170901003422e-22
13.626452120721313
18.706572429668775
0.0004232605738794937
1.9270317176217362
0
1.549533966870664
0
12.904178440032462
20.945464891323937
4.563901640594461
0
13.972379104697424
0
0.16100103313333222
0.029003759826390304
29.5575983535937
35.97707729166442
19.06963571018086
90.24482621787054
60.95614104767441
0.10287468342635354
0.002230246570819803
0.010775845017168169
19.738264156182456
41.89021581950733
1.1965565215808005
0.11064799981616226
0.014610375389183979
0.1908305590108872
15.491349332991033
0
15.503587866778823
0
12.123967621781386
0.0022267180237483353
0.002230878887672598
15.290217535182544
0.5560162193419159
1.2991334657898506
3.0008470492832915
0
2147222945852742e-20
0.0006961316769699157
0.08633516234131393
0.008051968934720405
0.002121366936505925
0.00836842562666369
0.0012249286877534069
0.0009225555047614283
0.7100363489661826
0.6648184683647586
0.08832497855174201
0.23286606746266186
951747010270795e-19
0.14345563655230778
0.017224163031312193
1.7770944489086553
0.0858810405274294
0.17224541295015305
0.0341010039128784
0.03522324624025075
0.9352004231881748
0.001412454468636313
0
1.2651558955577773
1.0832376564346815
0.009790500252313993
0
2.2269396361024927
28791999133881037e-21
0.005376425216428671
0
0.0018954192243304773
0
0.21275451611014318
1.010903188039868
0
0
0
0
0.08752740709352202
0.5917036542062422
0.9850335662160281
5.106401824897971
0.34343892209933563
1.2514458495789542
0.17198819658059009
0.017270157881851222
0.05212674450904975
2.2310747393531942
0.0040355968145991735
1.7221875235073023
989386955813964e-21
0.05925434986239207
2.0452626781304617
0.4208693436865208
0.3861122212531374
0.003804458323733121
0.7907903523985448
0.1941580419072437
0.0023243165942148664
0.02075395348159748
0.8682065811200395
2.173840983929192
0.1492132592958728
0.09313180309438511
0.29757330488513584
0.023316635743475103
0.39676370195263777
0.3972892010232582
0.41141063445674086
0.5866951011962086
0.10903057241846384
4.65347991561699
0.3103912652780793
9.076420887202508
1.982950304135898
3.0015021798883974
0.1963894912414541
0.378844191306507
3.230332140545982
4.029194807140886
1.025385546255264
4.643354023996804
5.216246476725661
2.7397552405535897
2.177018431172607
2.9423943847935434
0.5096603453251117
30.920463941495967
619.572409787881
5.631415752371037
10415.300944172692
1.1152420417561888
23.21904393501541
1.1818285830598194
45.42376983155233
1.2798832733452714
1.7914596585686227
1.1152411009540721
0.8628722580170145
1.0985541593289152
2.2360265040765954
0
0.0007554316338592346
22341899636175879e-26
0
0.0005902153801777602
0.020373853996587594
0.03216178166290307
0.05057106937722225
0.026426626277749495
0.03275041904070328
0.05690857471263302
0.029343801492991164
0.047688361550521134
0.030240719044544805
0.025587291678167003
0.047158794716317905
0.02620158250652272
0.026549402973749477
0.02990583299512552
0.024696800998749522
0.03833209720210819
0.05441583438166369
0.07288061483503433
0.025500456159483424
0.031626123629794035
0.0019860442990254448
0.007501759741708633
0.01702733626801277
0.07919759418843031
0.041461415399972036
0.1309470065095017
912074981870675e-19
0.010045383492227585
0.31074184053612225
5447407932382922e-21
0.08032993805432859
0.011327794421282563
0.0020500931592795997
5556914748799428e-21
12044247806512002e-22
0.1153596728672471
0.09863087260699323
0.004079118013082662
0.031793933546564984
0.020054428865515526
0.005880830222227183
0.012262624502349438
0.0004831144580344299
0.6155946054910633
15699130029024274e-25
0.07194830436969371
0.00040320399004592164
0.009727132298153762
0.011378565553017769
0.00015708607594042124
0.00017090390576033547
0.7801664821305474
0.0005202632883553764
0.06264481683019676
0.34558344681386477
12609165137057313e-22
25861725571170373e-22
0.00014474703243274565
11840443065609678e-21
0.0005948345129424699
15325842921793396e-21
1412053672804113e-22
10044050764977581e-22
19077346659380276e-21
0.08371679917278435
0.08444387970220385
4343993809413134e-20
0.00029380608432557915
0.01784259903187831
0.008231428318831611
0.0998933302269403
0.010687108568759011
2782963117330604e-20
0.15733099879989756
0.040142609078823645
8240528424434104e-22
0.3729211603150514
4571121781541019e-22
0.0034864956047955162
0.0010120396515457665
2299456595310285e-27
0.5530086658253445
0.7622480597431673
0.018158734199031194
0.3796591846697204
0.9644453972515032
0.008820041305005376
0.25158187494684936
20535640179634349e-26
5764824608499375e-21
0.0005099489884887732
91214963016568e-18
0.15456232897808717
8473132061670911e-22
0.00012878605449588844
0.2077882096067898
0.0009394345948685801
0.012004120043844645
12229114908892144e-21
0.1644623506858916
0.10874344426859292
0.023424187686781166
27448658046101586e-21
0.00015347330231875182
12006681039934865e-23
0.014002218263749412
0.19246126840101774
832680190148354e-23
10255142785693661e-21
9138933620878186e-21
9651173529830519e-20
12087281923818374e-21
0.5347198901110255
0.20098381639201865
0.004568713616603377
0.0014727703311741556
0.04384406309635178
0.005501025374888587
6637873963526877e-20
0.02924968931985578
8324391569115368e-20
0.0007438854679014314
0.08913558633996978
1100101465553087e-21
0.8559604228975047
0.9644453972515032
0.001831601797797081
0.0004892110763656852
756307515945822e-23
0.0010202652994011577
10739431154628461e-24
0.010216575564380404
0.03045345897670568
0.0009047546741276349
0.00034130946458170826
0.00015052281301237332
2672606610574378e-21
0.006163163324484367
0.015551542202553226
0.02325552101723241
11069415141512113e-24
0.9547260587672513
0.07682777358431919
0
0
8178608873692896e-20
6713322105049851e-20
10336392885550636e-22
7552918171284038e-22
0.0001770461899680993
0.010367060842166324
0.005421134887204383
15204233906469874e-24
0.00018230984423132696
7328785701493009e-21
0.05498473207869856
0.013193878205563182
0.11348585662230325
38456373405643647e-23
0.06360293294384436
0.007751784983491564
0.00012247997863078908
0.1783539462858967
0.00030281676320896827
16523107011770412e-29
8603004915953304e-20
3793643423919267e-21
0.00012473198710478796
0.018282134462097775
0.003504220108174701
0.0001550130980262684
0.00014116760034896326
3818611352839858e-24
0.00060529240847217
0.02281459471473554
13347307502645187e-24
0.0018093019014987605
0.0018546833268402558
441893988078825e-19
0.12657344007790325
45840334182861323e-21
0.560732826531529
0.004769306480702233
0.23111623294572897
0.003107413916303716
0.0006740673957821189
0.0005696270311165741
4737473249828589e-20
0.6900977068290658
1191989051825622e-20
22530756302652486e-21
0.00837479608766804
0.006437847188703833
2199971393434465e-23
8738304176566456e-20
0.003065445086881575
0.1565615786459972
0.031274255489655324
0.00010012321894842195
0.023982816719744518
0
0
0.12944733069441874
0
0.6072888918191548
0.52179515948077
0.5683136699723187
0.054715799619229614
0.030697385934401727
0.9401904989524499
0.5701964692487278
0.9437502819708895
0.5278996915907525
0.3213868648883533
0.0007960492895664258
0.01639244305881646
0.17102705800298904
0.4341447397488184
0.16248424207971246
0.0003071202538944711
0.027825235547131035
0.40884584713445865
0.1315821281857121
0.2047947182999751
