697327301559481e-20
35.16088297103317
134.68152879314414
0
4481.785566115357
0.002538514561272769
254.09656867254412
0
83.53968686527593
0
593.1385480092679
0
17.26778004017874
0
34.207360329039766
0
28.642899511728867
14.570856560198228
70.4844090667797
958.8455143396577
6266596978809443e-20
53.17569020440403
1.940901584157817
1.1187553369532663
0
10.768993601520497
0.6550347425766181
8.449484640480458
0.003501826973461058
2.8350826612391122
59.59295264061691
14.582472699971849
613.3095367437825
0.36209364611520656
48.22688014381071
3.448189053003685
0.00011107076513845133
45.48428628242507
74.77151739276775
87.61625850151063
46.2500813515829
0
2.8603302032280253
0
273.0839175974885
25.244647890408586
2.900192250661678
0
10.208780656978343
0
1.0992221557109845
32.22610232361381
24.053799077429105
28.318919618786357
18.582129151996245
3.2528647531985277
1410.5899731971672
2.0708036730579855
0.03636965610772677
0.47972203926407286
10.731188749267284
51.37494852899639
0.9952362884769558
2.3988783543411447
0.00020153043682633745
0.00031761202778044943
221.41236701806733
0
254.01443650724488
0
9.14324351620817
0.0325778051897381
312.7181138019594
5.593693081636349
1.1861825257163106
0.9267020910959183
2.041314624895326
0
8038306190825732e-20
9.43282815959602
0.11509797444829219
0.0020105923224189655
0.046673744312611495
0.008366511498726982
0.00047515149775068533
0.001647541821680138
0.26204743173644524
0.6789492084747921
1.2018785551307327
0.00982678440101842
0.008816421368728154
0.10013364372609691
0.022548976747142662
2.301550844920945
0.03602880855850558
3.583938388631132
0.02503892454885639
0.04092018390662761
10.917043497442153
0.0001558535949416159
0
1.2753088702527369
1.5562521088745096
0.22597157053696815
0
2.4139492128584075
0.05128096529947303
0.05667381754500774
0
0.0005038221859418818
0
0.2136326177034821
1.025802117157238
0
0
0
0
2.8392139003636245
0.5682627175679603
1.2166312432249795
5.881613665115776
0.29603656654519556
1.465803191705605
0.13593595834382247
0.4002095242875537
0.0016088471001927162
6.679479954216212
0.00369339911999034
1.6211679957762795
978375798651305e-21
0.03474519029395896
1.8316523713036308
0.3494432294650117
0.5462210510450027
0.23315149294439244
0.8580461355739256
0.18878828229935435
0.0007147282435962112
0.02744817876241338
0.9890543379700889
2.3597736250523638
0.13309100164969098
0.11437127926174057
0.3598005148161742
0.0357574716285369
0.4955947632389435
1122.0952971098811
0.3101118191569529
0.5896666326655211
0.16321230345808424
90.14832393434833
0.3221955483037914
10.890204472343093
1.9907702196185888
3.0917339355353475
0.18333101713379457
0.44544381070859745
3.2520704815763013
4.230995584217998
0.9825393887248206
5.333626898028704
4.863648120116212
6.6235429191166535
0.8764427559874438
4.08983896971414
0.590713421677814
44.44810337728255
619.58518434121
5.6314254087679645
10685.659635828566
1.1152425229181777
23.219062870231543
1.1821869895928552
45.434358109240826
0.7882442450327782
1.5347053913961295
97.12170288789342
0.20297647726149193
1.0997997962320263
33.33478789532672
0
0.0008680812955457554
4451481254983629e-29
0
8230123273826951e-76
0.03232868363538593
0.05250529173132894
0.08532354995133078
0.04201383621492038
0.04888058497456449
0.09322515338617886
0.050371383837531515
0.08051096083212764
0.04973910986499331
0.041533304503680375
0.07629364742980346
0.04275826882952347
0.04286952992040477
0.04732002826899704
0.03976379145835758
0.06410156006897416
0.08838623951413303
0.10960316709817361
0.0395612069111427
0.051660064533260774
0.0019861870813115746
0.007503797501029106
0.017037840029455804
0.07942560045063596
0.041523776983375706
0.13157209849223025
9120779928853185e-20
0.010049037922260586
0.3142970338001778
5447409006445436e-21
0.0805645253688058
0.011332441794948984
0.002050245299896306
5556915866478774e-21
12044248331572068e-22
0.1158443916255181
0.09898487800008524
0.004079720403949885
0.031830584798029984
0.020069001682265754
0.0058820823989487216
0.012268070855514086
0.0004831229061742455
0.6297884614142691
15699130029916355e-25
0.072136405758932
0.000403209874535272
0.009730558782438324
0.01138325469200254
0.00015708696909929362
0.00017090496296150919
0.8031798514926805
0.000520273085697246
0.0627873449854992
0.34998911584225395
12609165712526838e-22
258617279920026e-20
0.00014474779078744294
11840448140022773e-21
0.0005948473201950817
15325851423355552e-21
14120536800210303e-23
10044051130124345e-22
19077359832420652e-21
0.08397163192789357
0.0847031684259537
434400063954439e-19
0.000293809208808315
0.017854133216702057
0.008233881864831713
0.10025648110961848
0.010691244965591682
2782965920602274e-20
0.158234669747955
0.04020106235849903
824052867022159e-21
0.37805925965173975
45711218571711925e-23
0.0034869356629810516
0.0010120767254696566
2299456595310469e-27
0.5644224940077922
0.7841937799368863
0.018170680935474345
0.38498663920345977
0.9999930267512979
0.008822858383387774
0.25390459811093125
2053564017978691e-25
5764825811378426e-21
0.0005099584012084617
9121526416732155e-20
0.15543434199712558
8473132321529776e-22
0.00012878665482629956
0.20936883814422694
0.0009394665400150055
0.012009339118364049
1222912032191633e-20
0.16545018684681867
0.10917400124151844
0.023444072960821384
2744868531656457e-20
0.00015347415486691995
12006681092113812e-23
0.014009320149626981
0.19381617011102553
8326801903993139e-24
10255146592259086e-21
9138936643897287e-21
9651207243975908e-20
12087287212010405e-21
0.5453802182975482
0.20246206422218638
0.004569469309360358
0.0014728488464962547
0.043913807094596836
0.005502121011859826
6637889911636036e-20
0.029280705096748384
832441665079376e-19
0.0007439054978264025
0.0894245617470611
11001015093572255e-22
0.8837842625466912
0.9999930267512979
0.00183172323589281
0.0004892197390747722
7563075161528563e-24
0.001020302978449308
10739431158802976e-24
0.010220355647525192
0.030487082394375132
0.000904784304194932
0.0003413136811034329
0.0001505236330954163
2672606869109635e-21
0.006164538640045834
0.015560303400768196
0.023275120773259973
1106941514594721e-23
0.9895410213548443
0.07704231101782145
0
0
8178633084565256e-20
6713338417762401e-20
10336393272262715e-22
7552918377764599e-22
0.0001770473245268133
0.010370953134900907
0.005422198927130291
1520423391483706e-23
0.00018231104725498936
73287876455717625e-22
0.05509448931641997
0.01320018350713465
0.11395490831487277
38456373940930396e-23
0.06374986188996919
0.007753960868408073
0.00012248052160940037
0.17951659685744834
0.0003028200822803868
1652310701177045e-28
8603031704675658e-20
37936439448292962e-22
0.00012473255023425617
0.018294244202998623
0.003504664652460837
0.00015501396776753764
0.000141168321660742
38186113533676354e-25
0.0006053056700243622
0.022833457838676373
1334730750909343e-23
0.0018094204004152794
0.0018548078450609242
44189469486306656e-21
0.12715733380615515
45840410241099495e-21
0.5724728639761844
0.004770129997729697
0.23307421265948516
0.0031077634758207456
0.0006740838422321106
0.0005696387758792067
47374813733492356e-21
0.708011151110041
1191989566099476e-20
22530774676567512e-21
0.00837733586515666
0.0064393478504499385
21999713951862654e-24
873833181452797e-19
0.0030657852670638386
0.15745639465487984
0.03130971738628874
0.00010012358179380294
0.0240036624001903
0
0
0.1300581366546884
0
0.6210957926698281
0.5319389593282293
0.5803784767849954
0.05482448423513735
0.030731550598365985
0.9739247521944951
0.5823426457645572
0.9777475407126832
0.538285809044614
0.325192061367522
0.0007960722271847301
0.016402177786355734
0.1720957150448225
0.44113230944364995
0.16344835345737035
0.00030712366797522414
0.027853301783910923
0.4150339890212077
0.13221332052208815
0.20632987893448054
