12845610596488853e-21
35.03776208892438
134.66873720113762
0
4284.146474407429
0.002702727319194873
259.8221995725086
0
83.79753623767375
0
665.0008874923523
0
18.74657964356531
0
34.20636125032334
0
28.64702116876243
14.642036643347657
72.55901674511657
942.2101821521454
0.00014947218068348558
56.62144171537956
2.017151854801924
1.118601085301584
0
10.768640230321342
0.6549382951846392
8.433569658431416
0.003502833135870945
2.837357388651675
59.501897672441984
14.69349072387419
579.9345026383927
0.36303962173451504
48.73229849184922
3.3808382418043137
0.00010846082599965024
45.478341340342666
74.75621177060076
87.191491756464
46.26118459330153
0
2.8597641079031577
0
272.2846945142501
26.587814536510987
3.586173701183705
0
10.306151067977996
0
1.6526194939130983
32.2276550808006
24.169662556033913
28.474700322505473
18.581374011073535
5.129724895779679
1414.490516609337
2.069463837246429
0.03734261527413643
0.47889741996072904
10.805745737374048
51.37333087681405
0.9952401442379227
2.3982921365775263
0.0003682999665233308
0.0005808439182028655
249.87288725589167
0
254.23593394771956
0
9.080062804772844
0.03275951042012038
312.07406725778435
6.106809236499314
1.9770164190358717
0.9785299631060268
2.3708897404888605
0
803734978951538e-19
9.358733318664061
0.11329513359506808
0.0020067418035534463
0.046694051663604706
0.008360474482275273
0.0004746580402673812
0.0016474772898556493
0.2586949870436001
0.6789467496312235
1.186661388713885
0.01607782123216015
0.009608739796468055
0.10475742967145445
0.022333651118758013
2.301308297736746
0.03555425392983522
3.5817580333687897
0.024653977220261348
0.040281552831049956
10.913152765078017
0.00021743067779895448
0
1.2753200005456233
1.5561185911811022
0.22607278880323395
0
2.413935396883028
0.050656228948406004
0.056563332478515235
0
0.0006512292889957502
0
0.2136324783584539
1.025799473161361
0
0
0
0
2.783364613312293
0.5682701110504716
1.2165428797840776
5.88149989402504
0.29604582518578954
1.4548301119082923
0.13594979699017867
0.3999203431496288
0.0017827625729396606
6.678756912460162
0.003693538940814571
1.621205719577838
9783777382550655e-22
0.035011064390624354
1.8318608810254526
0.34558654910643527
0.5435468090508747
0.23180673631519297
0.8580357500223815
0.18878921607099353
0.0007004233466853302
0.02706295043753729
0.989027376986483
2.3593801434231394
0.13309375051195305
0.11294379268778233
0.354275328476794
0.03523149110073064
0.4869728188235742
1114.5691730902597
0.31156460834225286
0.589665907174589
0.16309702221261904
90.07108921845605
0.31870407578812016
10.715785303647836
1.9907695698551324
3.0917138191837643
0.18333503193742523
0.4391553840593606
3.252068653503201
4.2309497293753004
0.9825528372897607
5.260218333198995
4.779875855210536
6.533266193972399
1.2748191558808304
4.016232423274877
0.5837423088580086
43.83575089713107
619.5851822686287
5.6314254072012995
10685.615208142983
1.115242522840113
23.219062867159472
1.182186931435703
45.43435639118486
0.8244052755682763
1.6089471970565437
96.5780760271667
0.20340151861069497
1.0997995940178928
33.819926867059145
0
0.000857675868325869
8150831678904406e-29
0
23768873015458353e-71
0.031651864677894874
0.05140591442144576
0.08358552766836623
0.04116071214737376
0.048176211324294164
0.09129760924374296
0.049316995445322
0.07885357253286082
0.04869771523893454
0.040671062575481656
0.07469627264944204
0.041862970530317824
0.04198725233776042
0.046341097739420224
0.03895027360439612
0.0628041568986491
0.08656996373263805
0.10730979959981952
0.03875366514550972
0.050578364389598486
0.00198618705814556
0.007503797170375519
0.017037838324786597
0.07942556340541695
0.04152376685814829
0.1315719968348655
9120779923968071e-20
0.010049037329253337
0.3142964537145179
5447409006271177e-21
0.08056448725354806
0.011332441040798478
0.0020502452752119015
5556915866297441e-21
12044248331486886e-22
0.11584431281916267
0.09898482046286297
0.004079720306210001
0.03183057884825824
0.02006899931709452
0.005882082195772335
0.012268069971694572
0.0004831229048035965
0.6297861322425031
15699130029916215e-25
0.07213637520126885
0.00040320987358055774
0.009730558226423217
0.01138325393107388
0.00015708696895438588
0.00017090496278998707
0.803176063247909
0.0005202730841076977
0.06278732183526645
0.34998839652462405
12609165712433478e-22
2586172799160984e-21
0.00014474779066440613
11840448139199491e-21
0.0005948473181171945
1532585142197624e-20
14120536800198593e-23
10044051130065102e-22
19077359830283446e-21
0.08397159052064745
0.08470312629410903
4344000638436261e-20
0.0002938092083013922
0.017854131344776442
0.008233881466705941
0.10025642208460374
0.0106912442943675
2782965920147467e-20
0.15823452271503533
0.04020105286806348
8240528670181713e-22
0.3780584203242728
45711218571589243e-23
0.0034869355915809397
0.0010120767194546256
2299456595310469e-27
0.5644206232367872
0.784190168673413
0.018170678996583096
0.38498576883528157
0.9999871544719083
0.008822857926268381
0.2539042195353563
20535640179786888e-26
576482581118327e-20
0.000509958399681316
9121526411846241e-20
0.15543420012233147
8473132321487614e-22
0.0001287866547289009
0.2093685807282688
0.0009394665348320954
0.012009338271430666
12229120321038114e-21
0.16545002609872625
0.1091739312493159
0.02344406973324014
2744868531214017e-20
0.00015347415472860107
12006681092105342e-23
0.014009318997115772
0.19381594951820766
8326801903992732e-24
10255146591641503e-21
9138936643406826e-21
9651207238506071e-20
12087287211152447e-21
0.5453784716280641
0.20246182350966077
0.004569469186745655
0.0014728488337574885
0.043913795770247184
0.005502120834084576
6637889909048592e-20
0.029280700062042253
8324416646724468e-20
0.0007439054945766777
0.08942451478741542
1100101509350119e-21
0.8837796757964654
0.9999871544719083
0.0018317232161898847
0.0004892197376693104
756307516152823e-23
0.001020302972336098
10739431158802299e-24
0.010220355034126214
0.030487076936258694
0.000904784299387633
0.0003413136804193349
0.00015052363296236455
267260686906769e-20
0.006164538416887977
0.015560301978939869
0.023275117592030915
11069415145946491e-24
0.9895352711892224
0.07704227616244705
0
0
8178633080637248e-20
6713338415115804e-20
1033639327219997e-21
7552918377731099e-22
0.0001770473243427405
0.01037095250329181
0.0054221987544821465
15204233914835708e-24
0.00018231104705980868
73287876452563494e-22
0.05509447149150635
0.013200182483910045
0.1139548320582995
3845637394084356e-22
0.0637498380245195
0.0077539605153401706
0.00012248052152130667
0.17951640761413565
0.0003028200817418935
1652310701177045e-28
8603031700329415e-20
37936439447447844e-22
0.00012473255014289308
0.018294242237648233
0.0035046645803328263
0.00015501396762642922
0.00014116832154371516
3818611353367552e-24
0.0006053056678727671
0.02283345477703426
1334730750909239e-23
0.0018094203811892331
0.0018548078248582498
44189469474839694e-21
0.12715723885635322
4584041022875968e-20
0.5724709394588459
0.004770129864109703
0.23307389365273407
0.0031077634191045704
0.000674083839563785
0.0005696387739737017
4737481372031266e-20
0.7080082074174769
1191989566016039e-20
22530774673586505e-21
0.008377335453037425
0.0064393476069522755
2199971395185982e-23
8738331810043944e-20
0.0030657852118695064
0.1574562490647626
0.031309711629644854
0.00010012358173493432
0.02400365901669112
0
0
0.13005803732334778
0
0.6210935273512986
0.53193729769356
0.5803764987470069
0.05482446658450702
0.030731545052364074
0.9739191820876174
0.58234065431539
0.9777419267930315
0.5382841075216348
0.32519144036773107
0.0007960722234632481
0.01640217620651221
0.17209554112406042
0.44113116669814323
0.16344819657562937
0.00030712366742131604
0.027853297228113215
0.41503297749050233
0.1322132178714459
0.20632962893700557
