0.05575474435393845
33.92752590489806
46.17107169168277
0
46.55590828295584
0.00019127372605828952
46.85238352809756
0
48.304296087805376
0
77.32291940830406
0
26.558139572865695
0
29.826894475045844
0
38.24289109234002
11.480702493377997
25.82098369234496
0.13702419227703455
1999018518499894e-31
2.1111045804431443
1.9109857310205618
0.17321225444757501
0
6.607032681010289
0.06379542806134077
0.4047737582211248
0.0038499562165051
3.8160420634992116
3.481611999664348
0.33412404632711173
0.1009609057525708
1.0728264420623215
0.8416628829719847
0.12798917324082393
12948108759059556e-22
8.292323385710421
9.917670617330545
0.0004501248539686596
0.18367372378413055
0
1.235610001818385
0
10.071355205369585
14.731883179681686
4.556539119406575
0
12.121414453570674
0
0.16778684675805028
0.02961534338017609
29.551417535697286
35.97705388394932
19.162974453459977
90.17659801594014
60.957304282092174
0.10683715341544485
0.0018918036502660438
0.010775835512965293
19.56397670103612
37.63176371766766
1.1774407427948144
0.11651245517895695
0.020846748290950158
0.20682708873007155
15.777111893804259
0
15.73792027345895
0
12.539702907603022
0.0023125296742505263
0.0023128781228658503
15.242125549468842
0.5782620313559771
1.3169476658097226
2.9885374930090407
0
29818824069510748e-21
0.0007121956152741717
0.08436655268604358
0.010733471392998732
0.0021939935495804536
0.006086795376860064
0.0011201815075683416
0.0007925172198987866
0.8774135891773088
0.6580610135716687
0.09178268836939546
0.23851926505705354
0.00010609491694690888
0.13213863835757278
0.013388987583295472
1.5250902857765878
0.09175269814806979
0.1759036200908162
0.03542557070612021
0.031656665298973166
0.8830078774211896
0.0014886058714358326
0
1.2587812812378156
0.9263457618138634
0.010081167452801092
0
2.1334189273474546
2936155199838916e-20
0.005703878430359421
0
0.0017859469450239446
0
0.21234015380783045
1.0035558614937967
0
0
0
0
0.10470828250297297
0.591505415408818
0.8726154988937417
4.628931474135402
0.36251793781279806
1.2251284365480632
0.17723582443109814
0.017950391962789723
0.06451006132307131
1.6371889796269252
0.004046356594278795
1.725491042519779
994928370518137e-21
0.05352998468075586
1.8828428624227396
0.4257059472841353
0.3264400373611781
0.003800402411050387
0.7567547063375879
0.19675699758376253
0.0031655102100689105
0.02003664568327853
0.8152445312447681
2.082417947997595
0.1574632758095122
0.09279148717249351
0.3035633296640306
0.020261159419558798
0.40357062192554166
0.4031845159762141
0.4181044132546104
0.5851900707497244
0.08747236492270356
4.181903655735524
0.3183000835169587
9.337739774840687
1.9727699270499572
2.952834111769428
0.19622863275832228
0.3886080841988386
3.2023696797614716
3.9235080893007637
1.0251534094369301
4.891440813126263
5.7004309565082565
2.4643422713626224
2.169647953000911
3.028496050310345
0.5205964896094751
31.250163346301722
619.5655090493757
5.631410535966321
10272.109255877294
1.115241781831275
23.21903370616717
1.1816350160918416
45.41805104202339
1.2851902558503134
1.791490500287553
1.1152408409723469
0.9255603835523336
1.0978818501564491
2.354884683526702
0
0.0007507415894701917
3301181977275031e-25
0
0.0019274969947003246
0.019046935966436293
0.02960090955342103
0.04576497529762999
0.024479639563716852
0.03016713937678283
0.052103227262753994
0.026360209327875268
0.043074152531937214
0.027755598157613068
0.023626351711016427
0.043686218807269146
0.02414393831489407
0.024541867826914678
0.02789399866013305
0.022848269846320997
0.03468918787875509
0.050185330436858556
0.06938452767883391
0.02392953446799331
0.02915673532899161
0.0019859671719204396
0.007500659168863671
0.017021664801966343
0.07907469700584059
0.041427766475886335
0.13061056649984984
9120733553165989e-20
0.010043409912188238
0.30883807449539885
5447407352171558e-21
0.08020349764736995
0.01132528469043427
0.0020500109772058524
5556914145026125e-21
12044247522873113e-22
0.11509867077308959
0.09844016492086562
0.004078792636918858
0.03177415200150481
0.020046560993351174
0.005880153903890166
0.012259683373651195
0.0004831098943880299
0.6080605892063565
15699130028542381e-25
0.07184689562363095
0.00040320081126466974
0.00972528180410628
0.01137603327114463
0.00015708559345570797
0.00017090333466013776
0.768010132217139
0.0005202579958816922
0.06256795738063622
0.3432266086627905
12609164826187143e-22
25861724263430386e-22
0.00014474662276915074
11840440324398988e-21
0.0005948275945448655
1532583832922863e-20
14120536689055125e-23
10044050567724324e-22
1907733954327221e-20
0.08357945970599741
0.0843041415874616
4343990119762319e-20
0.00029380439648542196
0.017836371334355023
0.008230103210845698
0.09969770267286851
0.01068487474186569
27829616029968807e-21
0.15684498216404702
0.04011106782553513
8240528291659049e-22
0.3701746562844514
45711217406853856e-23
0.003486257907283883
0.0010120196246773152
2299456595310176e-27
0.546939205234673
0.7506495239729727
0.018152283807816087
0.3768120136932396
0.945771063141617
0.008818519885893383
0.2503359856055473
20535640179551912e-26
5764823958700977e-21
0.000509943903784551
9121480033453439e-20
0.15409330213624994
8473131921294439e-22
0.00012878573019694948
0.20693931981198407
0.000939417338466429
0.012001301629377348
12229111984762896e-21
0.1639311748037275
0.10851156305448059
0.023413452625887548
27448643314535383e-21
0.00015347284177190786
12006681011747633e-23
0.013998383303742886
0.19173329139290243
8326801900127841e-24
1025514072937738e-20
9138931987835549e-21
9651155317407482e-20
12087279067123764e-21
0.5290480991964324
0.2001897580695179
0.004568305441335422
0.0014727279187271621
0.043806433292589146
0.005500433599614611
663786534833134e-19
0.02923294818343329
832437801995666e-19
0.0007438746479064347
0.08897986972105223
1100101441889975e-21
0.8412961005912044
0.945771063141617
0.0018315361999603934
0.0004892063968107436
75630751583398e-22
0.0010202449456568415
10739431152373332e-24
0.010214534134951396
0.03043531094530973
0.0009047386682892356
0.0003413071868269985
0.00015052237000316598
2672606470912948e-21
0.006162420502968774
0.015546811432054865
0.02324494004334355
11069415139116287e-24
0.93643127461865
0.07671212852326018
0
0
8178595794944331e-20
6713313292895129e-20
1033639267664778e-21
7552918059742674e-22
0.0001770455770794541
0.010364958822905126
0.005420560176841397
15204233901949888e-24
0.00018230919435801042
7328784651296662e-21
0.054925531913973535
0.013190473317740018
0.11323327732372752
38456373116480506e-23
0.0635237024586624
0.007750609818627843
0.00012247968531328381
0.17772901498910312
0.0003028149702527926
16523107011770367e-29
8602990444648116e-20
37936431425222843e-22
0.00012473168290179202
0.018275596082545486
0.0035039799876136475
0.0001550126281917249
0.000141167210695933
3818611352554746e-24
0.0006052852446668683
0.022804411288018377
13347307499161868e-24
0.0018092378912937317
0.0018546160652400208
44189360627254594e-21
0.12625913530181868
4584029309604889e-20
0.5544913026099914
0.004768861673735205
0.230065378562557
0.0031072250996692736
0.0006740585115325176
0.0005696206866649406
4737468861486671e-20
0.6806101023652771
11919887740135955e-21
22530746377020423e-21
0.008373424413375035
0.006437036672684838
2199971392488141e-23
8738289246501661e-20
0.0030652613363351096
0.15608031397110878
0.031255115589549035
0.00010012302293891802
0.02397156335920252
0
0
0.12911856589775894
0
0.5999584900135913
0.5163961602437803
0.5619008998152458
0.054657177557213804
0.030678945894337804
0.9224558736322112
0.5637408029241628
0.9258793000818663
0.5223726990541734
0.3193498441971057
0.0007960368988782549
0.016387186736564804
0.17045252987676973
0.43041619383074525
0.1619657944656242
0.0003071184096146517
0.0278100858574501
0.405541467659643
0.1312424108885892
0.2039701775408841
