0.057390967891576
33.97189281374232
45.19567213059487
0
45.5790539736775
0.00018677962801665998
45.85137248650406
0
47.164136767760915
0
77.55802980522034
0
26.455927067008904
0
29.76656578585151
0
38.30582494491514
11.560873847209292
25.748464302593444
0.13756301161460666
15816481324638453e-32
2.1063349147626353
1.9209734433842824
0.1685273007008215
0
6.471025323790785
0.06170840716546242
0.4041941519855507
0.0038499166228932414
3.8127018351546433
3.476682956728493
0.33321240742520447
0.09913266210272247
1.071471401931626
0.8393167932637585
0.1279460702605577
12729414497210434e-22
8.038046398121983
9.526828987998817
0.0004516488286923203
0.15064129307184038
0
1.2235339682761002
0
9.87358910859276
14.324529859506121
4.555917836224068
0
11.985882972694057
0
0.16829657559529418
0.02958775799995081
29.55090038163085
35.977051947446405
19.167548035105817
90.16894544431518
60.9574073743805
0.1071072807839849
0.0018994391228644393
0.010775831486493755
19.552840862408384
37.46130367487458
1.1756051685735802
0.11711936278488426
0.02133461612793242
0.20912449713106687
15.815729313137156
0
15.776281394040984
0
12.582730894405268
0.0023219946836238277
0.0023222344597754402
15.238118583644306
0.5799337995077639
1.3179669092316535
2.9875076859549288
0
30574534076499763e-21
0.0007116466028394432
0.08447221997061508
0.01094755883157201
0.0022021911107752293
0.0059304831396375
0.0011096587138699613
0.0007878876705880324
0.8920195996707049
0.657511933088742
0.09227726517342945
0.23861939665406529
0.00010694165062374492
0.13134131171459185
0.013152042436673693
1.5053975804233317
0.09228573653745357
0.17612556718841374
0.03561470302257589
0.0314645926859854
0.8781383135242028
0.001491080524987034
0
1.2582253734504587
0.9196790892308842
0.010115343935380612
0
2.1257920573781623
29398172084474002e-21
0.005725984918062284
0
0.0017649914494203226
0
0.21230607599949589
1.0029427499984322
0
0
0
0
0.10624688486667182
0.5913251585257949
0.8636507690993503
4.587334502228102
0.36394547692270324
1.2248114553878677
0.17762591033390396
0.01800224216764751
0.06531054325895828
1.6094234345274343
0.004045933009070457
1.725299197369654
9953752583111377e-22
0.053069737436950835
1.8686977856083367
0.42709212143847125
0.3218569870986211
0.003799889546625683
0.7540003574723362
0.19696548676886674
0.003246157636905367
0.020043423285390518
0.8111273120817791
2.074965122782929
0.15813737580938708
0.09300371114436365
0.3049666730120395
0.02005732508648016
0.40546403933385594
0.4050723246001383
0.4186518396929664
0.5850669761678013
0.0857361698678634
4.137671279298588
0.3195985991015897
9.388708537432356
1.9721705401206782
2.949635968022849
0.19612082598586814
0.3905056958692725
3.2007266791306237
3.9166370501102135
1.0248357865079767
4.922101249663792
5.753948838531565
2.4765040593640655
2.1692561948008966
3.0429016390070744
0.5227112273910091
31.346918622239386
619.5649315796612
5.631410099443127
10260.216213303875
1.11524176008003
23.219032850188594
1.1816188193013513
45.41757251028485
1.2855161240644106
1.79149203087356
1.1152408192163463
0.9291408101650553
1.0978256081018873
2.383335069738409
0
0.0007522943110429541
33909563641434835e-26
0
0.0020715687863148676
0.01901036034965919
0.029505999196221912
0.04555290428239718
0.02441074386408853
0.030039707416232835
0.051910598139208605
0.0262274309129345
0.042867216269275726
0.02766052444157773
0.023556544536735446
0.043570239731180904
0.02406900021466047
0.024470853025695093
0.027831150142527822
0.02278336899652963
0.03452575211992699
0.050030534778237705
0.06935319574703382
0.023888730177256165
0.02906770632337112
0.0019859607178432633
0.0075005670771553
0.017021190283405995
0.07906442127547549
0.04142495187786781
0.13058245147951558
9120732192021123e-20
0.010043244775044228
0.3086792918473442
5447407303617842e-21
0.08019292578704915
0.011325074694315108
0.0020500041001282484
5556914094500681e-21
12044247499137416e-22
0.1150768561783688
0.09842422269523676
0.004078765409703539
0.03177249718436954
0.02004590272766768
0.005880097311197119
0.01225943728372063
0.0004831095124912232
0.607434318133774
15699130028502054e-25
0.07183841593839396
0.0004032005452564538
0.00972512696552511
0.011375821388232937
0.00015708555308009787
0.00017090328686895413
0.7670014845651925
0.0005202575529950558
0.06256152984321574
0.3430301121544342
12609164800172654e-22
25861724153995034e-22
0.00014474658848740194
118404400950068e-19
0.0005948270155975516
15325837944909962e-21
1412053668579267e-22
10044050551217617e-22
19077338947776398e-21
0.08356797697454538
0.08429245839949087
43439898110021074e-21
0.00029380425524265193
0.017835850281688766
0.008229992331756827
0.0996813493908282
0.010684687830123529
2782961476273215e-20
0.15680437906623423
0.040108429488778824
8240528280548058e-22
0.3699457403502845
4571121737266471e-22
0.003486238016822641
0.0010120179487906277
22994565953101675e-28
0.5464343263725709
0.7496869657230584
0.01815174412485039
0.3765747247945101
0.9442248355988051
0.008818392581164961
0.25023200626840547
20535640179545013e-26
5764823904324023e-21
0.000509943478284505
9121478672085759e-20
0.15405411724709195
8473131909547342e-22
0.00012878570305873953
0.2068684397737474
0.0009394158944165538
0.012001065806537549
1222911174006357e-20
0.16388680237845665
0.10849218101721661
0.023412554508917795
27448642081756865e-21
0.00015347280323211579
12006681009388845e-23
0.01399806243113641
0.19167249722809163
8326801900014393e-24
1025514055729907e-20
9138931851177964e-21
9651153793342278e-20
12087278828067558e-21
0.5285762045323682
0.20012345145855867
0.00456827128573498
0.0014727243695897372
0.04380328578960496
0.005500384081082559
6637864627388062e-20
0.02923154767261326
8324376886125967e-20
0.0007438737424659693
0.08896685125783571
11001014399097793e-22
0.8400804004188154
0.9442248355988051
0.0018315307106555195
0.0004892060052144592
7563075158246208e-24
0.0010202432424167042
10739431152184617e-24
0.010214363320894204
0.030433792757486776
0.0009047373288885173
0.00034130699621876974
0.0001505223329309691
26726064592256876e-22
0.00616235834563558
0.01554641561313788
0.023244054816020546
11069415138915797e-24
0.9349163054150007
0.07670245891608951
0
0
8178594700478829e-20
6713312555469771e-20
103363926591662e-20
7552918050408578e-22
0.00017704552579130535
0.01036478293935005
0.005420512086225112
15204233901571645e-24
0.00018230913997488923
7328784563413286e-21
0.054920580768795274
0.01319018842699937
0.1132121662847992
38456373092282517e-23
0.06351707670584689
0.007750511485606472
0.00012247966076768215
0.17767681837415816
0.00030281482021366033
16523107011770364e-29
8602989233649715e-20
37936431189741945e-22
0.0001247316574452637
0.01827504903860189
0.0035039598943960824
0.00015501258887471396
0.00014116717808872068
3818611352530887e-24
0.0006052846451833441
0.0228035593163709
13347307498870373e-24
0.0018092325348424948
0.0018546104367108142
441893574321938e-19
0.12623286881032855
4584028965779058e-20
0.5539721552761104
0.004768824452918722
0.2299776570670437
0.003107209299482682
0.0006740577680788424
0.0005696201557465947
4737468494258066e-20
0.6798220923547041
11919887507655069e-21
22530745546415825e-21
0.00837330963800103
0.006436968851052702
219997139240895e-22
8738287997113021e-20
0.003065245960072206
0.15604010753283923
0.0312535144401259
0.00010012300653630905
0.023970621885814825
0
0
0.12909109182513037
0
0.5993490883309073
0.5159468978520949
0.5613675535901567
0.054652274747036815
0.030677403282296088
0.9209870468046615
0.5632039002428733
0.9243992399757474
0.5219128170372832
0.31917996714033864
0.0007960358619993776
0.016386746949172023
0.170404539349547
0.4301056344042169
0.1619224843927759
0.00030711825528063343
0.027808818462891415
0.40526616185292635
0.1312140221906572
0.20390132836429345
