0.06034160387020839
34.051415725990935
43.621713239739464
0
44.00237592749095
0.0001795908183963759
44.235370718299535
0
45.332181821531286
0
77.96539543375586
0
26.264416336630873
0
29.655418167567536
0
38.41542417610629
11.707595076335094
25.651811119074463
0.1385055435324785
1075811853817114e-31
2.098039697597602
1.939073060681311
0.1611737928431317
0
6.2262063612910445
0.0583460145464187
0.40318854676105453
0.0038498433561800468
3.80662349093234
3.468130880392889
0.33164620198995987
0.09611996981973185
1.069002151178664
0.8352709801191041
0.12765681764531459
12390012336416192e-22
7.617477269484334
8.898750316398454
0.00045427199762869094
0.10536801485048881
0
1.2047232021646277
0
9.5366945703871
13.630335774703902
4.55479632723533
0
11.748537510263368
0
0.16918182446423816
0.029531501751175696
29.549967820041537
35.977048470003666
19.17484085137701
90.15464693249679
60.95759457427616
0.10756791006434549
0.0019198747182983128
0.010775821901315671
19.53380464442858
37.211590870925946
1.172286520628396
0.11821214050502538
0.022200073535863795
0.21348705858746803
15.884389818929039
0
15.845269809011924
0
12.65837143020573
0.0023389831981095086
0.002339066723991246
15.230903549339578
0.5828371158782797
1.3196725889166223
2.985651075032207
0
31935432979987765e-21
0.0007104992703362706
0.08466747282494798
0.011328510664337979
0.0022168764549988186
0.005665299856885651
0.0010915171852311615
0.000780922042643898
0.9179790697215364
0.6565273855567233
0.09315462950166274
0.2387290194648368
0.00010842061692042801
0.12988856342396285
0.012742840164067194
1.4704181164039838
0.09321037482002968
0.17647446123389088
0.03595176354998031
0.03111757402826077
0.8691312957972196
0.0014947757822552407
0
1.2572172474477405
0.9095227699609756
0.010176548039907394
0
2.11211199129351
29458064813465343e-21
0.005763727245073296
0
0.0017266317453184755
0
0.21224480170712176
1.0018372044295496
0
0
0
0
0.10890229361184169
0.5909498646531445
0.8476565851025246
4.5117479210970375
0.36645874699960124
1.2241982696408724
0.1783197359553338
0.018092528863849024
0.06666940845139079
1.5636975707221088
0.004044839343399842
1.7248335966228212
9961745534126412e-22
0.05224400577736722
1.8430888206913745
0.4295836631753098
0.3136009073713216
0.0037989071086431715
0.7490704215635029
0.19733805641955535
0.003392544448431145
0.020059801669596315
0.8038215466375596
2.061571812929423
0.15934660133072076
0.09339018281641573
0.3075054622739436
0.019684625888730104
0.4088876393706462
0.40849804800265865
0.41963417853926194
0.5848460966183422
0.08264428868756198
4.056137949459879
0.3219139658853355
9.481140490857937
1.9711999791047148
2.9442515204153668
0.19589761446360718
0.3939414838060242
3.1980659468193333
3.9050888899218936
1.0241715016775939
4.976197596281958
5.849044041442756
2.5078837826970974
2.1686539609326956
3.06760269661371
0.5265145133596082
31.516069154892605
619.5638902178603
5.631409312251848
10238.804036214595
1.1152417208555583
23.219031306584686
1.1815896118529357
45.41670957677969
1.2860719057960694
1.7914945455198608
1.1152407799833017
0.9351620510057408
1.0977241929175396
2.4380981305909146
0
0.0007551866923288395
3553327162884346e-25
0
0.0023422210507803975
0.018943097990026872
0.02933354031861752
0.04517035927712995
0.024284870640892256
0.029808376162248695
0.05156112214179164
0.025989878210707536
0.04249386266895484
0.027488071147667662
0.023429571230799588
0.04335893721152414
0.0239327780581215
0.024341601121318262
0.027714911773096314
0.022665222517472543
0.03423057154165359
0.04974918285379243
0.06929019239232191
0.023813147608009597
0.02890591171148969
0.0019859490791245063
0.007500401009117808
0.01702033460764081
0.07904589421203805
0.04141987673798495
0.1305317663742723
9120729737440755e-20
0.010042946986656701
0.3083931621067839
5447407216059916e-21
0.08017386485334851
0.011324696013782488
0.002049991698609308
5556914003387096e-21
1204424745633434e-21
0.1150375279154703
0.098395480273406
0.004078716310758567
0.031769513236008164
0.02004471571808816
0.005879995257791969
0.012258993517110146
0.00048310882380952206
0.6063065804153278
1569913002842933e-24
0.0718231268750324
0.0004032000655587422
0.009724847748118458
0.011375439305341007
0.00015708548026994556
0.0001709032006861512
0.7651859163991096
0.0005202567543293145
0.06254994060007789
0.3426760502097248
12609164753260183e-22
25861723956647983e-22
0.00014474652666643094
118404396813391e-19
0.0005948259715712284
15325837251860127e-21
14120536679909406e-23
10044050521450728e-22
19077337873906452e-21
0.08354727391320615
0.08427139395568596
4343989254208443e-20
0.00029380400053679505
0.017834910695039313
0.00822979238496268
0.09965186595665029
0.010684350776551096
27829612477498034e-21
0.15673118522086024
0.040103672159800784
8240528260511378e-22
0.3695332892370993
4571121731101071e-22
0.0034862021482265225
0.0010120149266362795
2299456595310152e-27
0.5455250455314274
0.7479542831573047
0.01815077094387615
0.37614719441742656
0.9414428781172555
0.008818163014542397
0.2500446073181011
20535640179532572e-26
5764823806264931e-21
0.0005099427109723087
9121476217103588e-20
0.15398347950534547
8473131888363555e-22
0.00012878565411985485
0.20674068168413057
0.0009394132903369533
0.012000640554012391
12229111298792195e-21
0.16380681501626007
0.10845723773599875
0.023410935002962232
2744863985866183e-20
0.0001534727337325307
12006681005135194e-23
0.013997483813474107
0.19156291456445845
8326801899809808e-24
10255140246986682e-21
9138931604740499e-21
9651151044964364e-20
12087278396972535e-21
0.5277262907280872
0.2000039348733979
0.004568209692874919
0.0014727179693779296
0.04379761040354172
0.005500294784409336
6637863327296237e-20
0.029229022271880876
8324374841465856e-20
0.0007438721096691083
0.08894337960624286
11001014363388513e-22
0.8378925416409759
0.9414428781172555
0.0018315208117193143
0.0004892052990415173
7563075158077432e-24
0.0010202401709354832
10739431151844307e-24
0.010214055295567877
0.030431055169188655
0.0009047349135243221
0.0003413066524912507
0.0001505222660779276
26726064381498074e-22
0.0061622462576069485
0.015545701850114321
0.023242458552365123
1106941513855425e-23
0.932190522306272
0.0766850245928539
0
0
8178592726806769e-20
6713311225655471e-20
10336392627641303e-22
755291803357621e-21
0.0001770454333023562
0.010364465772416443
0.00542042536449374
1520423390088955e-23
0.0001823090419047153
7328784404931366e-21
0.05491165339367761
0.013189674693146946
0.11317410625675689
3845637304864577e-22
0.06350513009459849
0.007750334162774706
0.00012247961650409999
0.1775827298757855
0.0003028145496451565
1652310701177036e-28
8602987049831513e-20
37936430765094352e-22
0.0001247316115389892
0.018274062584255617
0.0035039236601696615
0.00015501251797355456
0.00014116711928747474
3818611352487861e-24
0.000605283564123722
0.022802023018610406
13347307498344713e-24
0.0018092228754825188
0.0018546002867100622
4418935167047472e-20
0.1261855157104914
4584028345750843e-20
0.5530371943468543
0.00476875733257956
0.22981955160160683
0.0031071808068802525
0.0006740564273954207
0.0005696191983317363
4737467832027147e-20
0.6784033628924703
11919887088417458e-21
2253074404856933e-20
0.008373102665155535
0.006436846548697331
21999713922661432e-24
8738285744064919e-20
0.0030652182319320736
0.15596762860298222
0.03125062726135371
0.00010012297695714953
0.023968924200710392
0
0
0.12904156203354403
0
0.59825170575545
0.5151377213408007
0.560407038511522
0.05464343451894652
0.030674621653934715
0.9183441899649784
0.5622369846183093
0.9217361944660912
0.52108452533766
0.3188738526855722
0.0007960339921775195
0.016385953901241146
0.17031803118243272
0.4295461624051203
0.16184441170761912
0.0003071179769670804
0.02780653308988407
0.40477016947426
0.13116284378106205
0.20377722994681854
