0.06624287582747318
34.201824284642896
41.09715127322302
0
41.47214688428853
0.00016823083730546255
41.64111708559348
0
42.40968557922549
0
78.71480336793691
0
25.86962963518084
0
29.42357027893193
0
38.62059067340779
12.000771209765682
25.567140238476483
0.14025767949044882
5686329542297325e-32
2.082049102299823
1.9740175911873907
0.14989319670286613
0
5.740283563508549
0.05276099614249922
0.40128532320296656
0.0038496914836064437
3.7942671391189955
3.4519440383956876
0.32880195474573193
0.09114098291037288
1.0639751245586686
0.8278718920600597
0.12642004292873238
11898464422001856e-22
6.887441883767456
7.872382214379165
0.00045916287396412426
0.05162073653995123
0
1.1758963254254655
0
8.939443466879265
12.389955228347036
4.552549721566695
0
11.300187587516138
0
0.1708166641914913
0.029411730668204825
29.548102826653867
35.97704157471904
19.186139389723614
90.12491889005484
60.95797305481479
0.10838825307321741
0.0019799654585258967
0.0107757932121984
19.499361113063237
36.89201170161878
1.1656688036426124
0.12035454717135785
0.02387513801558378
0.22282347261551383
16.0130476130163
0
15.976633665795175
0
12.798783942868281
0.002371920983138982
0.002371801232469756
15.216517201241766
0.5881987204965003
1.3226298881912213
2.9819399374663824
0
3462347954579271e-20
0.0007080274735676882
0.08500755544787716
0.01207003691890386
0.0022451806499143878
0.005198045199111716
0.001059575046421901
0.0007711288082632629
0.9678948154967627
0.6545792322485503
0.0947850377139599
0.23874197061748226
0.0001111804299441073
0.12691026090146174
0.011987228017397617
1.4024915877502855
0.09488500330210105
0.176967323034989
0.03658541520988935
0.0303959736200594
0.8502778240733412
0.0014999140063518342
0
1.2551848173781863
0.8949475796007123
0.010294148096078374
0
2.0850341482874235
29553595703138303e-21
0.005831236862265338
0
0.0016509895888345426
0
0.21212295121613198
0.9996266525211441
0
0
0
0
0.11365184371511892
0.590019702823489
0.816333438887518
4.358498957142089
0.37125712503556624
1.2223101007879416
0.17967749537035627
0.01826017821274843
0.06907279133852545
1.4849891596763178
0.00404154333137169
1.7234961842902796
9977478585651905e-22
0.050606624526644065
1.7915855043534368
0.43425912460209715
0.297070318740971
0.003796736358889266
0.7393514850147443
0.19807024015185928
0.0036855857025101645
0.020093304233338532
0.7896619414235287
2.034949914881887
0.1617403729671238
0.09411559779496534
0.3123625183633012
0.01890675338350161
0.4153970632685017
0.41504339971029075
0.4215799719774759
0.5844085585063653
0.07662761999245193
3.88693441875003
0.32624995030864284
9.659931007089904
1.9696632967030536
2.934921063034675
0.19534864924937392
0.40056714327070264
3.1938497893820217
3.8851362235441234
1.0225158641914809
5.076310871629024
6.0287571206816315
2.602835988459996
2.1678349077834316
3.1095357851321532
0.5337401761611416
31.814267051729146
619.5618074995094
5.631407737869619
10196.11364482434
1.115241642406619
23.219028219377176
1.1815311991219504
45.41498375895625
1.287076214136459
1.791498777700714
1.115240701517217
0.9457469678937396
1.0975213906574566
2.557111334182518
0
0.0007608436238830501
3879928879487773e-25
0
0.0029210823516152306
0.018784742904524313
0.028954617120904896
0.044361043602152664
0.024003593596518838
0.029319363253131895
0.05080379478774248
0.025496161474939497
0.04170543449139801
0.0271121807100488
0.023148449668924483
0.042885121737663096
0.02363252045460824
0.024054834585555414
0.02744432004657155
0.022402711792431244
0.0336059443844795
0.04912972846178594
0.06906854695157405
0.023631045465629615
0.028548970853285324
0.001985925801891618
0.007500068884073346
0.01701862338515583
0.07900885310841418
0.04140972832347136
0.13043045517586924
9120724828282e-17
0.010042351436370214
0.3078216980622291
544740704094407e-20
0.08013575657656279
0.011323938690703046
0.002049966895796496
555691382115993e-20
12044247370728185e-22
0.11495891170714762
0.0983380206078878
0.004078618114641729
0.0317635461799813
0.020042341909789756
0.0058797911562952715
0.012258106032078938
0.00048310744644906503
0.6040573822265481
15699130028283885e-25
0.07179255850933498
0.0004031991061650311
0.009724289337354697
0.011374675178056095
0.00015708533464974225
0.00017090302832067577
0.7615676627808075
0.0005202551570015102
0.06252676855397063
0.3419690222887862
1260916465943524e-21
2586172356195388e-21
0.00014474640302456813
11840438854003745e-21
0.0005948238835240795
15325835865760555e-21
14120536668142885e-23
10044050461916952e-22
19077335726166736e-21
0.08350588317613483
0.0842292808585931
434398814062133e-19
0.00029380349112574373
0.01783303167022914
0.008229392505947324
0.09959292524726579
0.010683676701303447
2782960790703037e-20
0.15658490001141007
0.0400941591946024
8240528220438016e-22
0.368709766018635
4571121718770271e-22
0.0034861304121413966
0.001012008882354658
22994565953101214e-28
0.5437110205318154
0.744500922540147
0.018148824738452172
0.3752935892552543
0.9359035283416519
0.008817703899225838
0.24967023034206187
2053564017950769e-25
5764823610146754e-21
0.0005099411763513798
9121471307141224e-20
0.15384230117461964
8473131845995982e-22
0.00012878555624214126
0.2064854021592083
0.0009394080821994082
0.011999790094167451
12229110416249489e-21
0.16364695738983592
0.10838738493364972
0.0234076963271194
27448635412472298e-21
0.00015347259473345485
12006680996627894e-23
0.013996326649900958
0.19134393715259795
832680189940064e-23
10255139626361928e-21
9138931111865588e-21
9651145548210884e-20
12087277534782538e-21
0.5260305607291249
0.19976511579148698
0.004568086509646109
0.0014727051690377575
0.04378626183731934
0.005500116195411963
6637860727113348e-20
0.029223972124927992
832437075214714e-19
0.0007438688440861385
0.08889645487862678
1100101429196995e-21
0.8335339030598863
0.9359035283416519
0.001831501014007407
0.0004892038866986914
7563075157739879e-24
0.0010202340280007819
10739431151163685e-24
0.010213439272781464
0.030425580731327
0.0009047300828152763
0.0003413059650372511
0.0001505221323719336
2672606395998047e-21
0.006162022087666006
0.015544274422376008
0.023239266353912477
11069415137831153e-24
0.9267627742834581
0.07665016783384763
0
0
8178588779464076e-20
6713308566027664e-20
1033639256459151e-21
7552917999911473e-22
0.0001770452483246029
0.010363831467665275
0.005420251925193306
15204233899525362e-24
0.0001823088457645257
7328784087967537e-21
0.0548938029966578
0.013188647285468319
0.11309802458179653
3845637296137229e-22
0.06348124361261524
0.00774997952928191
0.00012247952797698366
0.17739470232593438
0.00030281400850887415
16523107011770346e-29
8602982682196772e-20
37936429915799166e-22
0.00012473151972649087
0.0182720898353013
0.0035038511928409026
0.00015501237617133301
0.00014116700168505632
381861135240181e-23
0.0006052814020102701
0.022798950733588026
13347307497293395e-24
0.001809203556917279
0.0018545799868752064
4418934014703882e-20
0.12609086279414267
4584027105694664e-20
0.5511720037378308
0.00476862309473534
0.2295036666799217
0.003107123822459209
0.0006740537460365771
0.0005696172835068472
4737466507565586e-20
0.6755747800833933
11919886249942281e-21
22530741052876648e-21
0.00837268873481239
0.006436601950957776
21999713919805293e-24
8738281237970457e-20
0.003065162776404291
0.15582277172465062
0.03124485370393164
0.00010012291779885669
0.02396552919120139
0
0
0.12894255945399116
0
0.5960629647075055
0.5135231735024194
0.5584909359441286
0.05462575835236336
0.03066905915384926
0.9130812062834796
0.5603081305584039
0.9164330967627321
0.519431883425463
0.3182625042457961
0.0007960302525469798
0.016384367920517836
0.17014514657702923
0.42842940070709473
0.16168837924993557
0.000307117420340731
0.027801962907300734
0.40378000506194145
0.13106054683860668
0.20352925965222052
