0.07775216117286687
34.440319201434725
37.96426110766029
0
38.32821374143352
0.00015448255935158038
38.41574531554674
0
38.801137735451626
0
79.93871051791677
0
25.136474235029393
0
28.936859476461347
0
38.969856750811665
12.530925262993108
25.683047046971748
0.1431245159314743
25052120684444766e-33
2.050892832620504
2.0314313358173717
0.1367296815220664
0
4.8216054921441724
0.04431655615550623
0.39777868638997216
0.0038493856133445174
3.769487185018387
3.4221162315889253
0.324196838371681
0.08482299721838348
1.0538992245872254
0.8157312200630356
0.12250607355684898
11488703905938542e-22
5.719962042569477
6.406800011377027
0.0004679238662545009
0.013059622437459225
0
1.1397715909705666
0
8.045806383096645
10.476626252591814
4.548158759964141
0
10.519932962328811
0
0.17350292864997915
0.029218266211651918
29.544466013940447
35.97702835115586
19.19804361379799
90.06701510054548
60.95872188579439
0.10963459903610064
0.0021349037787414195
0.01077570106082647
19.44352281701217
36.679704231472776
1.153030787700019
0.12423248818343796
0.026931128047925135
0.24199328230973155
16.214395093723557
0
16.186194441027002
0
13.021540855801435
0.0024296210129746104
0.0024293207090377708
15.188625730820608
0.5970095365329389
1.3269920611952963
2.974711633111927
0
39614202387642185e-21
0.0007041653097706937
0.08524407120983502
0.013437677646384457
0.002293904460247835
0.004501711055078368
0.0010170822905727981
0.0007615523188147254
1.0555164910092971
0.65085567404531
0.09725645092022958
0.23831361248372063
0.0001158079009215489
0.12096450675434742
0.010734197364562822
1.2776163766765172
0.09740942991270786
0.1771755064782748
0.0375799726257887
0.028812833247906528
0.8107632867335843
0.0015048706621463238
0
1.2511923672820864
0.8794448728633859
0.010494251111804593
0
2.0333003544973676
29651723662435624e-21
0.0059352277507550176
0
0.0015213298797480354
0
0.21188817151014175
0.995321073646698
0
0
0
0
0.12053339186375378
0.5876041133912672
0.7577964128176429
4.052844769380782
0.3797916888692217
1.2145212593954555
0.18224328807257423
0.01853939013204897
0.07264304581530626
1.3604467104643603
0.00403166272208394
1.7195996607757214
1000720727996047e-21
0.04745965120165017
1.6906578098555254
0.44122989593874895
0.2648311037988911
0.0037918140376710665
0.7209169413676139
0.19944982270539843
0.004241047511519745
0.020106129277512555
0.7637222361654459
1.9836381451557399
0.166314461846742
0.09513563137424219
0.3200645262682006
0.017244862333260426
0.4254181383247027
0.42518084819896845
0.42530040990118434
0.5835712417412334
0.06563430019980838
3.539981911764645
0.33291493887673307
9.955063976051386
1.9679818041786756
2.9216829161277134
0.19393802017983017
0.4114465224769732
3.1892123299709394
3.8569491387424404
1.0181918983990121
5.229517146368214
6.320677071934146
2.8844729325233476
2.1674811831624354
3.1561431420359414
0.5451610045061469
32.18818104948751
619.5577455818243
5.631404667343982
10113.365742799382
1.115241489407208
23.219022198379424
1.181417284737471
45.41161807499527
1.2887135605049953
1.7915047763545302
1.1152405484843617
0.9620565323321131
1.0971259720133386
2.8019071609718247
0
0.0007695684482866086
45231758056256013e-26
0
0.0041580069978698125
0.01833037282498833
0.028004161870543033
0.042494683780275745
0.02327694826924564
0.02821511547124948
0.04896428201649209
0.024389694677228957
0.039898136941678396
0.026184963340342975
0.022431522223024702
0.04164323878374753
0.02287414448484776
0.023320845866276457
0.026695195337293424
0.021728690927233566
0.03216987830937865
0.04756978671844984
0.06805076411312705
0.02309020859548328
0.027644998759825585
0.001985880404952585
0.007499421180960101
0.017015286472857365
0.07893666155680294
0.04138994296415237
0.13023309351908327
9120715253928463e-20
0.010041190032753106
0.30671021317455455
5447406699414622e-21
0.08006148588570278
0.011322461824757168
0.002049918523588399
5556913465761237e-21
1204424720377e-18
0.11480574059074962
0.09822605320335324
0.004078426608979989
0.03175191181979085
0.02003771306627952
0.005879393116330126
0.012256375349652505
0.00048310476018617664
0.5996947346520127
15699130028000222e-25
0.0717329782712051
0.00040319723506041134
0.00972320035781156
0.011373185043796544
0.0001570850506461931
0.00017090269215577723
0.7545601110817592
0.0005202520417378247
0.06248160067035779
0.3405942957456032
12609164476447904e-22
25861722792179672e-22
0.00014474616188542107
1184043724044691e-20
0.0005948198112145537
15325833162442778e-21
14120536645194568e-23
1004405034580788e-21
1907733153741806e-20
0.08342521756416676
0.08414720797568247
4343985968786666e-20
0.0002938024976209207
0.017829367566643474
0.008228612675454605
0.09947807311324684
0.010682362170739172
2782959899322261e-20
0.15629999180482565
0.04007561249436992
8240528142282704e-22
0.36710892017159347
4571121694721439e-22
0.0034859905090801834
0.0010119970942605834
22994565953100617e-28
0.5401904531241725
0.7378116180557415
0.01814502964294122
0.37363436717894916
0.9251936970520472
0.008816808552698271
0.2489416926143994
2053564017945916e-25
5764823227656339e-21
0.0005099381833844591
9121461731220405e-20
0.15356733253236604
8473131763366256e-22
0.0001287853653508759
0.20598843551984622
0.0009393979248212465
0.011998131610732371
12229108695021453e-21
0.1633356348061358
0.10825128001086481
0.02340138120756104
27448626741044827e-21
0.00015347232364310338
12006680980036057e-23
0.013994070102202747
0.19091758411648052
8326801898602638e-24
10255138415953937e-21
9138930150608831e-21
9651134827869306e-20
12087275853248497e-21
0.5227390289312428
0.1993001656493259
0.004567846274228111
0.0014726802047792492
0.04376413712131178
0.0054997679089242735
6637855655964323e-20
0.029214125303883946
832436277673062e-19
0.0007438624752417438
0.08880500851949541
11001014152681905e-22
0.8250983480203228
0.9251936970520472
0.0018314624030293211
0.0004892011322099169
7563075157081549e-24
0.001020222047505579
10739431149836263e-24
0.01021223794681185
0.03041490673622324
0.0009047206615292687
0.00034130462429566303
0.00015052187160469028
26726063137892233e-22
0.00616158491117527
0.01554149087875004
0.023233041851829003
11069415136420894e-24
0.9162677608807823
0.07658223206857916
0
0
8178581080943927e-20
6713303378942964e-20
10336392441625136e-22
7552917934254943e-22
0.0001770448875619606
0.010362594491066262
0.005419913681473419
1520423389686478e-23
0.00018230846323176946
7328783469791161e-21
0.05485900595523667
0.013186643756480551
0.11294978916058208
38456372791162304e-23
0.06343468351198304
0.007749287932183292
0.000122479355322213
0.177028563671735
0.0003028129531303877
16523107011770326e-29
860297416397947e-19
37936428259413846e-22
0.00012473134066423076
0.018268242984113087
0.00350370986369604
0.00015501209961400102
0.00014116677232465114
3818611352233984e-24
0.0006052771852499304
0.022792960028958947
13347307495243003e-24
0.0018091658803995356
0.0018545403966273573
4418931767282276e-20
0.12590646487415852
4584024687206782e-20
0.547552390260354
0.00476836130075091
0.22888884305718132
0.003107012688414936
0.0006740485165973685
0.0005696135490311426
4737463924461495e-20
0.6700920640545023
11919884614659393e-21
22530735210360765e-21
0.008371881502904868
0.006436124937290557
2199971391423495e-23
8738272449714659e-20
0.00306505462404933
0.15554064345517657
0.031233596569610438
0.00010012280242219137
0.023958909267642447
0
0
0.12874969261475808
0
0.5918172614815287
0.5103888554740037
0.5547727778079858
0.054591300869668166
0.03065821347912921
0.9029033965100406
0.5565652923736172
0.9061780535445015
0.5162237906268203
0.3170735578312039
0.0007960229591741257
0.016381275214623504
0.16980847343795522
0.42625972009421415
0.16138450088422404
0.00030711633475199616
0.027793051814290013
0.40185584480102576
0.1308612659922512
0.20304650952350908
