0.10446148589165065
34.7396133657335
35.334869837192294
0
35.67827207335679
0.00014359813380375507
35.6942166670629
0
35.76912299081211
0
81.90775129948089
0
23.941485497898782
0
27.71408766342514
0
39.5240498335175
13.405942416820057
26.451838536823985
0.14759175094278149
12881844627653095e-33
1.9761735085843262
2.1074688488657825
0.1261786410018603
0
2.97833019750489
0.029151578047331428
0.3898429081760575
0.003848688795031185
3.7092135660054586
3.3545925415403186
0.3162360097446989
0.07997586078075564
1.0296215146752972
0.7942320443875952
0.11236543504041567
11946469657017371e-22
3.610652798415541
4.068980117398205
0.00048694517160643335
0.0009677260897553738
0
1.0897686543442067
0
6.89946731536126
7.9076493114282735
4.537949094480817
0
9.115865171374569
0
0.177870760105159
0.02908437225237589
29.536028463305602
35.97699851041235
19.192973897099716
89.95987717674751
60.9604830848506
0.1112787683337747
0.0024757826876700695
0.010775349242145594
19.35123955073944
36.611075365796715
1.1251809998627045
0.13168255486245273
0.033092312622404994
0.2834657977294258
16.451910351652913
0
16.438217105261362
0
13.320467747789953
0.002532088902335469
0.0025316513930023076
15.124574169729433
0.6113517623379124
1.3325197356799483
2.957994391533685
0
49617753177650554e-21
0.0007027837988434857
0.08378094917647981
0.01624959443952912
0.002376087395898057
0.0035916484207971196
0.0009970305742302012
0.0007549458578057109
1.210416754112232
0.6425611862573392
0.09971656925048701
0.2366663786874456
0.00012373621383744858
0.10905674914045702
0.008837375665366297
1.0241899038714988
0.1003427661909626
0.1750079253262472
0.038742925561119676
0.024516363678355236
0.7117313132744334
0.00150822534936869
0
1.2419659789077735
0.8574910870524837
0.010820947576132865
0
1.918650127938959
2956074121913449e-20
0.006077985386996594
0
0.0013344093735545052
0
0.2113595952359302
0.9854054648742113
0
0
0
0
0.12712018699541086
0.5796482117409218
0.6347510812258005
3.3256029630207227
0.3958964617676768
1.1782826284096237
0.1879008785561786
0.01901636307847787
0.07615107134338396
1.1265907890043498
0.003994991054144943
1.7052849625255564
10071528610023286e-22
0.04042906964873008
1.4592958392191027
0.4467237973555544
0.1939219774815054
0.003777581341074546
0.6805440127198442
0.20241810397884377
0.00538463281983181
0.01983743051760326
0.7113305881433153
1.868075275280875
0.1764529058489147
0.09561211628631813
0.3286654312236273
0.013051812728437783
0.43465999307805975
0.4346325257406205
0.43353258027407543
0.5817075792528799
0.04451596883045397
2.726485091928555
0.33985563821929443
10.350793548497233
1.9680750256860666
2.9084860912826667
0.18937792743143894
0.42592284606523606
3.18931145422945
3.828952205940154
1.003886582096335
5.39855602251591
6.709288493547949
3.791211091648446
2.1705166288810958
3.1327495429938734
0.5582077282297033
32.22838966770961
619.5483192886865
5.631397541654627
9923.912976238076
1.1152411343451951
23.21900822559919
1.181152968651197
45.403808373336275
1.2914745934686305
1.7915120661620838
1.1152401933447345
0.9861300483785018
1.0962088822321105
3.2815775461827803
0
0.0007760343962871325
6032878564131672e-25
0
0.007185745026125927
0.016750216691653008
0.025076668976939026
0.03726808817433318
0.020973849009707526
0.025231645342977584
0.043486315984299764
0.02138464852831077
0.034880638774014656
0.023381310631375843
0.020188701772263482
0.03765368185010606
0.020523867240216653
0.021017539372993072
0.024174264069456348
0.01960716681054761
0.028171088239498817
0.04275802744150197
0.06332434010559473
0.021155796540549984
0.024837250753556257
0.0019857750573545703
0.007497918287269602
0.017007545100666734
0.07876938239855576
0.04134406396852337
0.12977623093874385
9120693034992681e-20
0.01003849530851768
0.3041462559600095
544740590683544e-20
0.07988939278014874
0.011319035239202468
0.002049806271753708
5556912640996031e-21
12044246816314115e-22
0.11445106592477472
0.09796670408131639
0.004077982220992253
0.031724928653978565
0.02002697513798728
0.005878469498273616
0.01225235993756102
0.0004830985262973447
0.5896914604777898
15699130027341946e-25
0.07159490227831791
0.00040319289286588705
0.00972067365875339
0.01136972767680617
0.00015708439156789108
0.0001709019120284415
0.7385452947305016
0.0005202448122913714
0.06237690631739251
0.3374252568720838
12609164051793567e-22
2586172100578307e-21
0.00014474560228108652
11840433495904793e-21
0.000594810360810134
1532582688891936e-20
14120536591938963e-23
10044050076356314e-22
1907732181669219e-20
0.08323831891128187
0.08395705139598766
4343980928665808e-20
0.00029380019203085605
0.017820867269175422
0.008226803226105724
0.09921204858018534
0.010679312194101028
2782957830717198e-20
0.15564080793544777
0.04003260465858495
8240527960909539e-22
0.36342060504413
4571121638911896e-22
0.003485665861006907
0.0010119697384401477
229945659530992e-26
0.5321079409812182
0.7225185765038935
0.018136225512577427
0.3698120599825018
0.9008094906131136
0.008814731093592727
0.24725917313718107
2053564017934653e-25
5764822340020029e-21
0.0005099312377450077
9121439508647486e-20
0.15293111151392796
8473131571609425e-22
0.0001287849223551474
0.20483974065589697
0.000939374353258543
0.01199428369082409
12229104700609428e-21
0.1626154360270221
0.10793608272695854
0.02338673242375632
27448606617479924e-21
0.0001534716945320184
1200668094153179e-22
0.013988834787338644
0.1899318136329208
832680189675073e-23
10255135606989455e-21
9138927919843532e-21
9651109949473505e-20
12087271950953354e-21
0.5151795898983548
0.19822533233726533
0.0045672888142871725
0.0014726222724489103
0.04371283588492453
0.005498959733734114
6637843887484343e-20
0.029191286802543157
8324344268400661e-20
0.000743847695426163
0.08859315342454901
11001013829439462e-22
0.8058496306430366
0.9008094906131136
0.0018313728025872802
0.0004891947399931005
7563075155553765e-24
0.001020194245197427
1073943114675573e-23
0.010209450602636573
0.030390150276136993
0.0009046987981529601
0.0003413015128888468
0.00015052126645009244
26726061230091716e-22
0.006160570485598244
0.015535033095719637
0.02321860322104176
11069415133148143e-24
0.8923678919652772
0.07642480706736175
0
0
8178563215199274e-20
6713291341414336e-20
10336392156259993e-22
7552917781887399e-22
0.0001770440503515109
0.01035972443773907
0.0054191288086466284
1520423389069042e-23
0.00018230757550019442
732878203520415e-20
0.054778338256140466
0.013181995387081008
0.11260653093051197
3845637239616008e-22
0.0633267641326227
0.007747683197041605
0.0001224789546473316
0.1761817835617555
0.00030281050395281235
16523107011770258e-29
8602954395987706e-20
37936424415480105e-22
0.00012473092511969375
0.018259318808347982
0.0035033819064759822
0.00015501145781588054
0.00014116624005485067
3818611351844515e-24
0.0006052673996277088
0.022779063607827804
13347307490484709e-24
0.0018090784484242166
0.0018544485237373457
44189265517488245e-21
0.12547957539615573
45840190746844015e-21
0.5392437647747783
0.0047677538170554645
0.2274683753469652
0.003106754797597851
0.0006740363809185196
0.000569604882616548
47374579299187034e-21
0.6575392899717208
11919880819698153e-21
2253072165177897e-20
0.00837000847888348
0.006435018079227997
21999713901307973e-24
8738252055052537e-20
0.003064803652155463
0.15488788174167803
0.031207488030752857
0.00010012253467082106
0.02394355361345198
0
0
0.1283032219493811
0
0.5820805185847587
0.5031886320466231
0.5462392358222945
0.05451141993520137
0.03063305895577845
0.8797189821089958
0.5479754291714578
0.8828194084197644
0.5088549827623052
0.31433148397946753
0.0007960060338747134
0.01637410029479504
0.16902972875430833
0.421266836885997
0.16068149632222578
0.00030711381546682864
0.027772383056354714
0.3974257481828942
0.13039996642703325
0.20193061011174554
