0.12282310415162462
34.82798620861965
34.913180135586146
0
35.24723830007625
0.00014219870621880884
35.25054558963631
0
35.272853283528995
0
82.86010516952747
0
23.47757328122491
0
26.889546783600306
0
39.706199465496496
13.744250331176003
26.930109685352065
0.14964601393363514
12060940704623695e-33
1.9273660806152513
2.131232180854248
0.12419470624922316
0
2.0323073982230957
0.02074135515487278
0.3844099007332197
0.003848238921398699
3.6659629959539632
3.3083470305153906
0.3114510775216313
0.07927447575306162
1.0124562221348563
0.7811246134162653
0.10689510453869848
12545085920833343e-22
2.5094608270312384
2.8666940064301354
0.0004998250660466709
0.0005460201200701546
0
1.060154376540867
0
6.469694952636745
7.0242713308071645
4.53092931870589
0
8.412286519189704
0
0.18001051330277812
0.029149369708435808
29.53022965022598
35.97697839257065
19.174973190750293
89.90595637658346
60.96169758513873
0.11184934150585897
0.0026302233195779124
0.010775042220342021
19.304624987023693
36.41682467953854
1.1065751925403784
0.13601144629380602
0.0367507397804568
0.30713951229882647
16.508627141259392
0
16.499378076917125
0
13.42430835954608
0.0025879898767623252
0.0025874830629054163
15.080918075468137
0.6183943636879871
1.3343244204523297
2.946552386354681
0
5544863073846034e-20
0.0007056315098949361
0.08203972091847944
0.017937657267088954
0.0024180862603325275
0.0032427226754856795
0.0010111704211753282
0.0007520580755494712
1.2880440619629323
0.6370979265844516
0.0998909313279135
0.23553892060705742
0.00012798776048503476
0.10343836849119215
0.008128738138256389
0.8768689626214028
0.10108465008152677
0.17256399293511282
0.038995362567865476
0.02151916333011495
0.6430623012109242
0.0015096642388222645
0
1.2356966107999452
0.8393626393205188
0.010983229022574842
0
1.8440561225804324
29356240489953918e-21
0.006131964858140844
0
0.0012679411026306252
0
0.21100923002390143
0.9786814567975255
0
0
0
0
0.12768778638009995
0.5728170954923315
0.5601050712641608
2.8320620923961504
0.4044084250413964
1.146015213276336
0.19157044219701194
0.0192729595412674
0.07558931370268772
0.9850994234515235
0.0039600918898881525
1.691659278465118
10112178986549408e-22
0.035915485814115765
1.3073749456238044
0.4452739312671101
0.15178317680963072
0.0037659268430175023
0.6545253058072218
0.20428203023401922
0.006059653193318791
0.019549672724682898
0.6808380671849227
1.791913930871799
0.1830433715767928
0.09520147984059205
0.3299775206880683
0.010349526912360718
0.43405690454554907
0.4340966760187631
0.43885193123333427
0.5804884227155391
0.03365735336790382
2.223857783721191
0.34062669390068706
10.477027178965184
1.969431109560423
2.907034015996578
0.18554419280076836
0.4305144525359112
3.1928913671423333
3.8258287299336113
0.9915863628702289
5.430672174539619
6.825401285897321
4.446352445506012
2.1737235391117617
3.0783861723711485
0.5604390886319885
31.965493740976875
619.5418391632556
5.631392643026546
9795.734169704996
1.1152408902539854
23.218998619863026
1.1809712959592522
45.39844028730709
1.2928612563021968
1.7915141800315226
1.115239949200164
0.9961684458060366
1.0955788635227273
3.501268411461918
0
0.0007729983948578735
7071635275514011e-25
0
0.009092342360099127
0.015610793007649533
0.023052961430221855
0.0338058612577731
0.019359417304612422
0.02329147489354005
0.03974130494282706
0.01943212099341994
0.03157194608723544
0.021461215185561613
0.01863283579617019
0.03486123465056693
0.01889813124318515
0.01941845740143382
0.022366530482943445
0.01813298499782723
0.025529014517300802
0.039443486473272706
0.05949760133882033
0.01974019998904462
0.022896103477632074
0.0019857026382342604
0.00749688528121509
0.017002225252440016
0.07865459016761564
0.0413125534505959
0.1294630856983245
9120677760372952e-20
0.010036643210259126
0.30239607842220667
54474053619682535e-22
0.0797713000982048
0.011316680196892531
0.0020497291065639973
5556912074002215e-21
12044246549953322e-22
0.11420787668811994
0.09778880897851053
0.00407767674968139
0.03170639208232504
0.02001959656926133
0.005877834631070311
0.012249600261543292
0.0004830942407887444
0.5829115535549546
15699130026889395e-25
0.07150013461248501
0.00040318990780375456
0.00971893703262626
0.01136735148158514
0.00015708393847888667
0.00017090137572341266
0.7277333248608876
0.0005202398423873757
0.06230503480654676
0.33526378585751376
12609163759860288e-22
258617197777052e-20
0.00014474521757620325
11840430921678928e-21
0.0005948038641130415
15325822576118358e-21
14120536555327814e-23
10044049891118889e-22
1907731513407543e-20
0.08311007630497226
0.08382657547790333
43439774637828304e-21
0.00029379860703816985
0.017815025997184677
0.008225559531098324
0.09902957984854785
0.010677215959320288
2782956408632848e-20
0.1551892579863587
0.04000306522423944
8240527836222568e-22
0.36090654870778394
4571121600545013e-22
0.003485442695664783
0.0010119509328102327
22994565953098213e-28
0.5266217843744673
0.7121894699636397
0.01813017549451362
0.3672070779101275
0.8844200989676647
0.008813303205475475
0.24610910722552534
20535640179269107e-26
5764821729804792e-21
0.0005099264629438514
912142423152737e-19
0.15249526392110063
8473131439784091e-22
0.00012878461781375836
0.2040537754427376
0.0009393581490722674
0.011991639111895705
12229101954607826e-21
0.16212217026412964
0.10771992939163899
0.023376667275787327
27448592783323057e-21
0.000153471262044198
12006680915061607e-23
0.013985236848791265
0.18925708877111702
8326801895477612e-24
10255133675936456e-21
9138926386279775e-21
9651092846584611e-20
12087269268278486e-21
0.5100462748822436
0.1974897905009671
0.004566905621797301
0.0014725824475548075
0.04367760317250619
0.005498404213719607
6637835797125792e-20
0.029175596581167338
832433154467008e-19
0.0007438375350501506
0.0884478045400667
11001013607222901e-22
0.7928779918455425
0.8844200989676647
0.0018313112083231373
0.0004891903456419793
7563075154503479e-24
0.0010201751326351768
10739431144637992e-24
0.010207534853598444
0.030373142865140368
0.0009046837682415507
0.00034129937393455334
0.0001505208504313372
2672605991855341e-21
0.006159873204481786
0.01553059517842269
0.023208682430987098
11069415130898256e-24
0.8763002493640893
0.07631677126664495
0
0
8178550933219775e-20
6713283066095755e-20
10336391960082603e-22
7552917677140664e-22
0.0001770434748043
0.0103577518491763
0.00541858930513955
15204233886445777e-24
0.00018230696522189267
7328781048981735e-21
0.054722951174412594
0.01317880076500997
0.11237115956042074
38456372124611447e-23
0.06325268028406175
0.0077465801970208565
0.0001224786791997495
0.17560200582006946
0.0003028088202503124
16523107011770205e-29
8602940806291275e-20
3793642177292591e-21
0.00012473063944984657
0.01825318631461985
0.0035031564664934306
0.00015501101660626385
0.00014116587414130183
3818611351576767e-24
0.000605260672486136
0.02276951527524678
13347307487213583e-24
0.0018090183448045644
0.0018543853673512584
4418922966276712e-20
0.12518694536568392
45840152162983116e-21
0.533605153359371
0.004767336240616204
0.22649697571667066
0.003106577520142842
0.0006740280382397081
0.0005695989248712514
47374538089089044e-21
0.6490464100322261
11919878210811124e-21
22530712330787925e-21
0.008368721091040992
0.006434257267924138
21999713892421184e-24
8738238034545955e-20
0.0030646311306938017
0.15444072321274255
0.031189552089295643
0.0001001223506026198
0.023933002909411423
0
0
0.12799718914904665
0
0.5754799642258847
0.4982977637253872
0.540449018326743
0.0544565727185523
0.030615778174982122
0.8641268386263751
0.5421472545411603
0.8671114452091772
0.5038503171361877
0.3124601823253467
0.0007959943986007113
0.016369169640334948
0.16849644465939412
0.4178683880210945
0.16019998519070547
0.0003071120835685922
0.02775818300815294
0.3944085897966825
0.1300837845340343
0.20116703204507122
