0.21202070936964626
34.882323353904056
34.76606104350224
0
35.07656030863657
0.0001429661246605212
35.07463843512899
0
35.07507841811883
0
85.43983702354824
0
22.731067258132573
0
24.05201863963318
0
39.021863725231526
13.920654202394623
27.421837290793057
0.15501108987614454
13640243665632117e-33
1.7452874892529855
2.1515051756392163
0.11973096337783101
0
0.3080544567109799
0.0030709321861342527
0.35866766723101284
0.0038462139490666337
3.438632247918014
3.0890397374255345
0.2858488886158865
0.07120062304643786
0.9251520737589063
0.7114931093361658
0.09420793330834766
13284567161407684e-22
0.36681438352132784
0.4161042191291614
0.0005622916202934927
0.0005565357026042934
0
0.9083982821504216
0
5.2807527177235745
5.386367306924674
4.496926306825068
0
6.717917932831533
0
0.18603715566143636
0.029727139018611008
29.502077636476145
35.976882728028954
19.038928912531226
89.75005713357318
60.967531077191786
0.11187110728671856
0.002818393314367433
0.01077320481506872
19.13489734810311
35.03407753575394
1.0101843918438758
0.15358096637622723
0.050670584264847045
0.3788321349178557
16.495381943963856
0
16.490601674128303
0
13.605996973061417
0.0028276812526373167
0.002826868367993841
14.871725867297599
0.6383848159305021
1.3374204403113383
2.8915853235276443
0
7737487488914855e-20
0.0007259861146419461
0.0743845908796764
0.02413190761630004
0.0025834072048712587
0.002407878599237692
0.001072691381185451
0.0007290185221144377
1.50635905320817
0.612303899127517
0.09607499376347543
0.23116546735745597
0.00014497776814864833
0.08911814446806253
0.006676620479223112
0.40349228597015074
0.1008594662804917
0.16190127306958682
0.03844469591247391
0.010442582637930855
0.3598932430788499
0.001521009701575636
0
1.2055563419750417
0.7551863543119045
0.011645815811376914
0
1.5244577606864405
27726384290207266e-21
0.006215422427232445
0
0.001160322632330594
0
0.2094083437744093
0.9469913178336218
0
0
0
0
0.12093349678450635
0.5331757639430258
0.29652936259297263
1.0269517942306399
0.42566083318533915
0.9832149965531225
0.2068947522756438
0.020242577804792734
0.05924242803636577
0.5022583008649658
0.0036976655299324167
1.588530883299028
10273774690390273e-22
0.01977500431186961
0.7426499335959523
0.4198630383646476
0.03686378459718191
0.003694944954427495
0.5444078693270633
0.21157035417509087
0.008515247192088111
0.01847349393289997
0.5772589557141837
1.4632469302190712
0.21088594899921537
0.09339017540615871
0.32119252155581574
0.0025900778510595684
0.4086097831999784
0.40873228742528445
0.4607648805178015
0.5752136305868142
0.01039200884414291
0.8901284530893272
0.33615131528688774
10.594381279574671
1.975072500051385
2.9143755933547633
0.16454594541434922
0.4347754834215783
3.207744025241637
3.8410219325760115
0.9203341528643537
5.384329710657681
6.85189048243989
6.535838941947093
2.186639047270136
2.9132323226840846
0.5464989819864322
30.735483761720626
619.5103607851128
5.6313688463886775
9196.231597368149
1.1152397045013402
23.21895195689399
1.1800891585518654
45.37237207107325
1.2968885591594352
1.7915121398521456
1.1152387631882548
1.014541815526703
1.092523488703867
3.905648079791276
0
0.0007249469300240723
11968514838330392e-25
0
0.014258169184946323
0.01221484379096916
0.016929456554594612
0.023421115095269788
0.014420602804030626
0.017713977764789703
0.028260675056541312
0.01386009425943281
0.021665720143266877
0.015696201670369593
0.013994195461677614
0.026596231431032444
0.01401952728038814
0.014666635870198192
0.01676411609451864
0.013764675314187345
0.017592449307156657
0.02962976740018441
0.04638788018900402
0.01540619387443002
0.017115393274441768
0.0019853508760929923
0.007491869138836483
0.016976406004761743
0.0780993248777592
0.04115982210348642
0.1279525972206395
9120603559243268e-20
0.010027650894042985
0.2940362537630933
5447402715097305e-21
0.07920010504214234
0.011305246773415338
0.002049354292582014
5556909319643918e-21
1204424525601818e-21
0.11303383706438618
0.09692921043097301
0.004076193147768504
0.03161649856925756
0.01998379140361166
0.005874751530052891
0.012236203068191544
0.00048307342306085223
0.5510687620710012
1569913002469101e-24
0.07104155123408379
0.0004031754071962244
0.009710505212848762
0.011355815395001932
0.0001570817374684884
0.00017089877046913253
0.6774207342671622
0.0005202157001181682
0.061957071791945074
0.32495911527628013
126091623416984e-20
25861713811913487e-22
0.00014474334876013803
11840418416537329e-21
0.000594772305277846
15325801625285015e-21
141205363774771e-21
10044048991267167e-22
19077282671097972e-21
0.0824899012555711
0.08319562503913358
434396063201247e-19
0.00029379090753608815
0.017786677325850743
0.008219520547798398
0.09814794150778038
0.010667038661771057
2782949500400317e-20
0.15301427568500608
0.039859877530516355
8240527230514605e-22
0.34893895312231793
45711214141652504e-23
0.0034843587998244848
0.001011859583244413
22994565953093512e-28
0.5007651763017679
0.6640751998205637
0.018100814243262493
0.35481124912361794
0.808947944590986
0.008806370059212093
0.2405979397910351
20535640178892952e-26
5764818765484316e-21
0.000509903268411528
9121350018251343e-20
0.15039559961487917
8473130799399148e-22
0.00012878313841395474
0.20027838785680904
0.00093927943588012
0.011978800493183827
12229088615009839e-21
0.15974717527959179
0.10667603651397436
0.02332783410596061
2744852557945113e-20
0.00015346916110957893
1200668078647399e-22
0.01396777184016425
0.1860133391874543
8326801889293046e-24
10255124295215992e-21
9138918936492648e-21
9651009764102887e-20
12087256236310652e-21
0.48582800508030344
0.19395530240957784
0.00456504459551383
0.0014723890003448994
0.043506852302241765
0.005495706390758962
6637796495686134e-20
0.02909949607524491
8324269735236914e-20
0.0007437881796535338
0.08774511024485013
1100101252773287e-21
0.732774069905777
0.808947944590986
0.0018310120233822993
0.0004891689991964487
7563075149401366e-24
0.0010200822921667273
10739431134350355e-24
0.010198233585503045
0.0302906590931068
0.0009046107590517517
0.0003412889834506695
0.00015051882949964292
26726053547325202e-22
0.006156487054662058
0.015509054565877499
0.023160549206539753
11069415119968699e-24
0.8022686157886527
0.07579412080519973
0
0
8178491269723638e-20
6713242866156713e-20
103363910070864e-20
7552917168298932e-22
0.00017704067892087815
0.010348174693651575
0.005415969253356927
1520423386582606e-23
0.00018230400062320943
7328776258083594e-21
0.054454685970766095
0.01316329284878441
0.1112347467735764
3845637080547463e-22
0.06289402487782826
0.007741224245142279
0.00012247734113125802
0.1728125762973195
0.00030280064124435567
16523107011769963e-29
8602874790172662e-20
3793640893585165e-21
0.00012472925172383217
0.018223424999695932
0.003502061523954285
0.00015500887330317534
0.000141164096609277
3818611350276107e-24
0.0006052279942452079
0.022723188022448205
1334730747132296e-23
0.0018087264000965985
0.0018540785950171763
44189055487070084e-21
0.12377507946621456
4583996472963934e-20
0.5070414420071339
0.004765308245904388
0.2218367824305797
0.0031057164804652653
0.000673987512400191
0.0005695699840488346
4737433789798206e-20
0.6093245284826337
1191986553729167e-20
22530667051060356e-21
0.008362469997596423
0.0064305626561995295
21999713849250678e-24
8738169925639855e-20
0.003063793189066863
0.15228680309764434
0.0311025689099766
0.00010012145643555306
0.023881815502833605
0
0
0.12652088825171434
0
0.5444651386164046
0.4752067441459104
0.5131826012522496
0.05419091847570992
0.030531969695794
0.7922264054629332
0.5147049745336004
0.7946916485336585
0.4802300446763596
0.30352701728936365
0.0007959378788467828
0.016345238480169236
0.16592968355168747
0.4017453600181934
0.15788133773472932
0.00030710367044174046
0.027689304835151477
0.3800744888683215
0.1285587009594535
0.1974985831910184
