0.21640643333672832
34.87848414847373
34.763916334399696
0
35.07347632861213
0.00014300394176059838
35.07160576567785
0
35.07217487665991
0
85.50906633380552
0
22.723341613171872
0
23.96577412894569
0
38.947592514492705
13.898262133424609
27.395829487627466
0.15515659920968014
13695920208624564e-33
1.7380424627882614
2.150847495324065
0.1194968774554112
0
0.2865252938224377
0.0028300042729202746
0.35739765958265407
0.0038461144773899378
3.426769816111594
3.078211846369792
0.2844835544949942
0.07058747413362278
0.920711854132407
0.7078089674108454
0.0938825917656226
13240656371762258e-22
0.33868191681621507
0.38258038987148996
0.0005653726733772747
0.0005596110273447942
0
0.9008524485223997
0
5.238598932245085
5.339348325573015
4.495259701978919
0
6.677586263479646
0
0.18621240472169473
0.0297529609524527
29.500694173896232
35.97687808316194
19.0315892043212
89.74521193561745
60.967813758841665
0.11179761849140796
0.0028149576412202734
0.010773104441110843
19.127282998006336
34.97964615036265
1.0050397061313858
0.15432928578998428
0.05124608860307849
0.38115958689780766
16.4910467420744
0
16.486314609302173
0
13.609687151251379
0.0028393924204964255
0.002838568036480047
14.861546069477972
0.6389741841715835
1.3375034902881011
2.8889093575351787
0
782720961423268e-19
0.0007269316484539886
0.07409476670895822
0.02436909752770418
0.0025910659331719412
0.002384140201800347
0.0010742946688851046
0.000727696836266662
1.5130831409398025
0.6111341589900811
0.09581203358885232
0.2309775520421122
0.00014574834959138003
0.08858886460814534
0.006627322721271237
0.3882897228936962
0.10078271707367153
0.16154694284972837
0.038386973169643145
0.01005708422364613
0.34889270168258274
0.0015216513093412186
0
1.2040753716630197
0.7519464281596245
0.011678444698452759
0
1.5103710536556723
276311922143734e-19
0.006215390573226817
0
0.0011587895299249012
0
0.20933231904858815
0.9454620220224866
0
0
0
0
0.1204764520033446
0.5311850577394782
0.28719931414516325
0.9715104524911335
0.42612574421691507
0.9756704041188903
0.20754685183690802
0.020284102052696665
0.0583820815818722
0.48712310606100767
0.0036814986475150026
1.5821397993123114
10280360711888575e-22
0.019245561416552585
0.7235278353134668
0.4182614337557141
0.03418359092571998
0.0036910635001327114
0.5395899066065508
0.21186161625044017
0.008609411059857202
0.0184413493767377
0.5735130496666176
1.4488422637938994
0.21208487355715314
0.09336922937036435
0.32051148580652417
0.002403590253957432
0.40701016833747455
0.40713364240651373
0.46168047935808276
0.5749793770313214
0.009975540263940529
0.8625275835982291
0.3360068900026191
10.591439860281687
1.9752042007623813
2.9144850937834073
0.16354302779141847
0.43466917589211407
3.2080780509162232
3.8412385092366708
0.9167661633768899
5.380684902553139
6.845674338082289
6.590744264716675
2.187061850038162
2.9096628238620315
0.5453665701864583
30.692531856326998
619.5088130776671
5.63136767634321
9167.720145416113
1.1152396461995406
23.21894966254219
1.1800458020644977
45.37109071877531
1.2970200369225613
1.7915117855274707
1.1152387048737078
1.0147814663948311
1.0923734801010003
3.91029085184158
0
0.0007219133206196175
1220015394515149e-24
0
0.014362498505968557
0.012125767389718243
0.01675629302422792
0.023119437139679795
0.014280396545521311
0.017566858424838832
0.027924407648619653
0.013713214418575818
0.021378023476824982
0.015533993580945262
0.013867547262190657
0.026376313011789023
0.01388381947547928
0.014538057829546407
0.01660342185281096
0.01364742154860571
0.017360889121398757
0.0293637977031289
0.04598528634726586
0.01528764359832331
0.016957177384581665
0.0019853335820380932
0.007491622588579719
0.016975137519547424
0.07807212457848302
0.04115232709352639
0.1278787848245888
9120599910891014e-20
0.010027208962047274
0.29363122662540825
5447402584954322e-21
0.07917212589801942
0.011304684905698133
0.002049335865260279
5556909184215933e-21
12044245192397164e-22
0.1129764234604498
0.09688714059134755
0.004076120215020692
0.03161208520812233
0.01998203256537078
0.0058745999799214915
0.012235544724619855
0.0004830723995048499
0.5495487604470026
15699130024582918e-25
0.07101907933629129
0.0004031746942346826
0.00971009082056204
0.011355248483504837
0.00015708162924861995
0.0001708986423733755
0.6750386872427457
0.0005202145131047856
0.0619400131405889
0.32446069885010237
12609162271969328e-22
25861713518583724e-22
0.00014474325687363642
11840417801677002e-21
0.0005947707536163731
15325800595162003e-21
14120536368732424e-23
10044048947022693e-22
190772810749393e-19
0.08245952774728846
0.08316472485758215
43439598044190784e-21
0.0002937905289673306
0.01778528462467467
0.008219223733652787
0.09810479558370752
0.010666538508291558
27829491607324362e-21
0.15290812453995342
0.03985285042263395
8240527200732777e-22
0.3483608680202106
4571121405001213e-22
0.0034843055148468115
0.001011855091924194
2299456595309328e-27
0.499527109668793
0.6617951847972761
0.018099371817871863
0.35421267366393333
0.8054078907260951
0.008806029306627848
0.2403301692786246
20535640178874457e-26
5764818619732781e-21
0.0005099021279953838
9121346369301875e-20
0.15029311094563064
84731307679123e-20
0.00012878306567433285
0.20009456958398195
0.0009392755658304996
0.011978169590559572
12229087959120467e-21
0.1596313016294543
0.10662497146460283
0.02332543567887021
27448522275133117e-21
0.00015346905781024573
12006680780151514e-23
0.013966913672418762
0.18585529031203774
832680188898896e-23
10255123833979049e-21
9138918570196984e-21
9651005679069607e-20
12087255595547023e-21
0.48466734356967667
0.19378315740507074
0.004564953110966078
0.0014723794894662772
0.04349847395492254
0.005495573776650125
6637794563294226e-20
0.02909575944180107
8324266696163658e-20
0.0007437857530008139
0.08771070408927147
1100101247465583e-21
0.7299392927516775
0.8054078907260951
0.0018309973141297038
0.000489167949645012
7563075149150502e-24
0.0010200777275460985
10739431133844524e-24
0.010197776473573521
0.030286609261735764
0.0009046071694419532
0.00034128847257298045
0.00015051873013390186
2672605323406069e-21
0.006156320610337236
0.015507996214432026
0.023158185138369956
1106941511943131e-23
0.7987944075662815
0.07576851532176651
0
0
8178488336162554e-20
6713240889587031e-20
10336390960228886e-22
7552917143279884e-22
0.000177040541452262
0.01034770402651859
0.0054158404616842315
15204233864812218e-24
0.00018230385485919982
73287760225217804e-22
0.05444152971182499
0.013162530816668516
0.11117916829865836
3845637074061448e-22
0.06287644283178974
0.0077409609958657795
0.0001224772753406417
0.17267657256151078
0.00030280023909954365
1652310701176995e-28
8602871544263677e-20
3793640830467042e-21
0.00012472918349164472
0.01822196292889815
0.0035020076959588445
0.00015500876792066514
0.00014116400921104148
3818611350212155e-24
0.0006052263875464081
0.022720912607719055
13347307470541639e-24
0.0018087120467908373
0.0018540635127511226
44189046923107544e-21
0.12370607213787224
4583995551381854e-20
0.5057700007237701
0.0047652085544391985
0.22161013654778075
0.003105674150480823
0.0006739855198630678
0.0005695685611061998
4737432805488159e-20
0.6074354147915431
1191986491415244e-20
22530664824720574e-21
0.008362162760365926
0.006430381051935515
21999713847128043e-24
8738166576832004e-20
0.0030637519945358443
0.15218167606670271
0.03109829832881408
0.00010012141247079017
0.023879301513931857
0
0
0.12644874136534692
0
0.5429840519486272
0.4740994046109931
0.5118780123891342
0.054177890098750354
0.030527854870348838
0.7888497109700269
0.5133920929942276
0.7912911796343898
0.4790976634884932
0.30309443383104545
0.0007959350999514806
0.01634406272066043
0.16580449285032473
0.40096885847661456
0.15776820260320615
0.0003071032567857714
0.027685922601626903
0.37938329522122405
0.1284841775912233
0.19731994613882994
