0.22777746136784052
34.86718233906096
34.75678606847895
0
35.06393589747175
0.00014308933402126846
35.06213560060775
0
35.06303540062832
0
85.67188538197999
0
22.709521395834965
0
23.762085191749264
0
38.74638260016323
13.833535225614815
27.316476848216023
0.1555020249558737
13822720901154419e-33
1.7197903771487058
2.1488114008586088
0.11889489007287593
0
0.24122952231245703
0.0023223764982575335
0.3540874388552173
0.003845855018339173
3.3957246833406907
3.0499857256879586
0.2809165209733485
0.06896694431021634
0.9091415615180862
0.6981934096631444
0.09309105350814066
13110166851885719e-22
0.27939559884514553
0.31181518117465723
0.0005733808665243435
0.0005676007229421604
0
0.8814652517467582
0
5.134377046038113
5.2235076819009185
4.490941142882245
0
6.583559134867609
0
0.1866329885647278
0.029817971893074974
29.497107533501726
35.976866057264225
19.01247940422733
89.73325037660311
60.96854458193535
0.11158663278118015
0.002803675094871478
0.010772841226388687
19.107610862389947
34.84539192971324
0.9915229590911646
0.15621917800341883
0.05270591266801786
0.3869089624694819
16.479270668590406
0
16.474638841835
0
13.618179828549602
0.002869890057273456
0.002869037223034832
14.835193581977153
0.640392601590201
1.3377062710148804
2.8819829383111597
0
8054054583858448e-20
0.0007293389554483833
0.0733787269380081
0.024960075553369973
0.002610861044147977
0.0023272512648576417
0.0010781067773271476
0.000724327069234693
1.5293937006811362
0.6081163283785097
0.09511685567915082
0.23049277305145255
0.00014773289881226436
0.08725048435351242
0.006503236700214162
0.351558049650259
0.10056792288254696
0.16071056019521562
0.03823094631839229
0.00911867675697243
0.32172382100453234
0.001523281646561206
0
1.2002338171480458
0.7438789493158179
0.01176372661312093
0
1.4744888703886576
27381176606393285e-21
0.006214221840795118
0
0.0011555740893582484
0
0.20913589850102363
0.9415050369308077
0
0
0
0
0.11925926357607983
0.5260765009919222
0.26434320264758726
0.8410958665796452
0.42716949696378476
0.9564029529431084
0.20919618634960552
0.02039076154166198
0.05624960160288757
0.45107577228214296
0.0036384518633627667
1.565101455969619
10296907929628026e-22
0.017975983825650913
0.6775099045118849
0.4140258895156264
0.028067453881001292
0.0036808988676837657
0.5273255807521344
0.21259050176208152
0.008844368823632834
0.018366168123008016
0.5642104694549266
1.412238185413007
0.21512273280125496
0.09334629358736371
0.3187025992669751
0.001976967283034785
0.4028123583891734
0.402937775812901
0.46398711790768793
0.5743819159350577
0.009049336475677289
0.8009917029987463
0.3357228399653578
10.582061273649554
1.9754856351224925
2.9145636235422905
0.1609903772848071
0.43433003047683466
3.2087803216219526
3.841365895904207
0.9076153401934177
5.3715159614856605
6.828948055557186
6.717168366085788
2.1880718020812058
2.9015075020068055
0.5423585938874034
30.58721988441476
619.5048002975883
5.631364642724374
9094.20847832634
1.1152394950383324
23.218943713892852
1.1799333975220094
45.3677686780235
1.2973428456346905
1.7915108071009958
1.11523855367944
1.0152402086477315
1.0919846431996605
3.918704527875306
0
0.0007139588721804508
12796177766688175e-25
0
0.014587504178067048
0.011916777186214332
0.016342744246582813
0.02239363331646153
0.013945629579144444
0.017220389100764424
0.027115430530330418
0.013367406420198623
0.020685994072342322
0.015146785059857884
0.013567372157749528
0.025858299352537577
0.013560766981198447
0.014233947432614526
0.016219010722465534
0.013370620975853365
0.01680334087150525
0.028734195349432716
0.04501585740409044
0.015007147303733016
0.01658188830170881
0.001985288743806745
0.007490983386439076
0.016971849112650893
0.07800164547462905
0.041132900861187816
0.127687606965071
9120590451680575e-20
0.01002606323939816
0.2925836944416775
5447402247527834e-21
0.07909962936803466
0.011303228260633328
0.00204928808883636
5556908833086822e-21
12044245027444623e-22
0.11282770088220159
0.09677814959281134
0.004075931125677448
0.031600645393295136
0.019977473081649346
0.00587420706852344
0.012233837977966525
0.0004830697457036118
0.5456272947078654
15699130024302665e-25
0.07096084872089335
0.0004031728457189109
0.009709016492782248
0.011353778763002018
0.00015708134866332913
0.0001708983102552364
0.6689016052159383
0.0005202114355040924
0.06189580641906152
0.323171993819775
12609162091180202e-22
25861712758056855e-22
0.0001447430186363917
11840416207506135e-21
0.0005947667305853873
1532579792432445e-20
14120536346059782e-23
1004404883230842e-21
19077276936520554e-21
0.08238082931233087
0.08308466226186362
434395765868795e-19
0.0002937895474404444
0.017781674224925107
0.008218454222606728
0.09799301787586831
0.010665241851168308
2782948280063207e-20
0.15263324541285883
0.03983463675065593
8240527123516332e-22
0.3468665021112081
45711213812412767e-23
0.003484167364718231
0.0010118434472057224
2299456595309268e-27
0.49633136634319863
0.6559200990693483
0.018095632523778202
0.35266542402501855
0.7963014479541025
0.008805145886262862
0.2396372979841446
20535640178826503e-26
5764818241837427e-21
0.0005098991712083314
9121336908543016e-20
0.15002770997089374
8473130686275191e-22
0.00012878287707982793
0.19961876256922156
0.0009392655318846028
0.011976533980851032
12229086258572108e-21
0.15933126306141043
0.10649268705210559
0.02331921833707347
27448513707907994e-21
0.0001534687899825844
12006680763758997e-23
0.013964688914863122
0.1854461363405579
8326801888200542e-24
10255122638113134e-21
9138917620488796e-21
9650995087661445e-20
12087253934215723e-21
0.4816709520004558
0.19333754198582817
0.004564715924149117
0.001472354830547176
0.043476758619253764
0.005495229958070757
6637789553113188e-20
0.029086073569271766
8324258816651683e-20
0.0007437794613658211
0.08762156080486787
1100101233704103e-21
0.7226404333465655
0.7963014479541025
0.0018309591774591943
0.000489165228444841
756307514850008e-23
0.001020065892781237
10739431132533041e-24
0.0101965913980663
0.030276111636477015
0.0009045978625947851
0.000341287148005145
0.00015051847250499152
26726052421848258e-22
0.006155889084965192
0.015505252524032589
0.023152056855602884
11069415118037996e-24
0.7898566111688968
0.07570216732353256
0
0
8178480730215602e-20
6713235764864739e-20
10336390838739685e-22
7552917078412076e-22
0.00017704018503281592
0.010346483810213667
0.005415506553035969
15204233862183594e-24
0.0001823034769320273
7328775411772028e-21
0.054407433797046004
0.013160555273398003
0.11103519724393177
38456370572449183e-23
0.06283088010215604
0.007740278501466331
0.00012247710476305268
0.17232444897638702
0.0003027991964463682
16523107011769917e-29
860286312848163e-19
37936406668183646e-22
0.00012472900658371355
0.01821817271041463
0.003501868137986273
0.00015500849469188396
0.00014116378261066985
3818611350046345e-24
0.0006052222218191297
0.022715014117324288
13347307468515882e-24
0.0018086748329769358
0.0018540244089759513
4418902471901424e-20
0.12352733343237268
4583993161962924e-20
0.5024883175252274
0.004764950090419782
0.22102358132602898
0.0031055644026584915
0.0006739803537661305
0.0005695648718069884
47374302534322075e-21
0.6025646738349683
11919863298516564e-21
2253065905240846e-20
0.00836136622765707
0.00642991022375912
21999713841624605e-24
8738157894260552e-20
0.0030636451905380157
0.15190944722133384
0.031087228566635244
0.0001001212984818204
0.02387278463483589
0
0
0.1262618750320978
0
0.5391627217487518
0.4712403677771009
0.5085109824337576
0.05414412553259327
0.03051718879357225
0.7801617121303139
0.5100037127641441
0.7825422741115287
0.4761741177805521
0.30197572801410677
0.0007959278950524864
0.01634101467958261
0.16548034605283463
0.3989625773327108
0.1574752504257952
0.0003071021842873028
0.027677155284288758
0.37759706077843247
0.12829115925254625
0.19685753945990844
