0.3680747636836633
34.67199601592383
34.57808508707841
0
34.84811108182644
0.0001434874020297321
34.84693292138591
0
34.84913343225026
0
86.53231603531844
0
22.751179192266374
0
22.7441851525195
0
36.22785446422056
12.796148342169015
25.861892579647122
0.1579721697597593
1448743750331205e-32
1.5448507624621737
2.112317521807668
0.11474511048548201
0
0.11765058344209126
0.0009355830429967026
0.31029540498660735
0.0038424385604982052
2.9791125220726964
2.6760703345046855
0.23565652987401528
0.050678741335977516
0.7607752303300946
0.576779005022782
0.083848934595625
11310523522761332e-22
0.11768032518670593
0.1184523273502945
0.0006773254714458119
0.0006708864806380951
0
0.6764360884059707
0
4.299131977536285
4.295651069370249
4.437972017716562
0
6.05919798960614
0
0.1898420783066675
0.030430007486323737
29.452891689722026
35.976718765216106
18.772691320148205
89.60129623971616
60.97729033862551
0.1078007815390066
0.002681735796709701
0.010769393533545321
18.866030383357785
33.71833893802017
0.8094618746564117
0.1746965575371086
0.06824247118148419
0.4477065269607195
16.331371376076532
0
16.326296542143485
0
13.668940535268552
0.003273778399861484
0.00327267660793645
14.514357740185817
0.6514784395586999
1.3390990608276523
2.797894032854093
0
0.00010381159866989958
0.0007547011210815271
0.06773526238205693
0.029993212416428258
0.002856438950607824
0.0019729130416702573
0.0011088347217713503
0.0007031160150965344
1.6499636174014771
0.572103344312093
0.08599312782509044
0.22403865811143592
0.00017208688412653046
0.07462388020550777
0.005399532400005185
0.11134676492827147
0.09690461746035667
0.15734649639910014
0.036036037562164246
0.0027779741559136478
0.1198905577437371
0.001533197210632387
0
1.1525076221186161
0.6684005424111459
0.012940238526651297
0
1.0987912080994031
24232151998627075e-21
0.006134609579349758
0
0.001142098066610143
0
0.2067561166619767
0.8933108266169191
0
0
0
0
0.10174622625043243
0.47475457233200247
0.1000361328024672
0.17541468776775618
0.42933030822414425
0.7556288413402953
0.22520454703668538
0.021777204472959222
0.04293596158885078
0.24909044788024587
0.0030155877691375025
1.3150644864689212
1044747164659113e-21
0.010470693579192671
0.4003545666447776
0.356676194996395
0.0022601150235337813
0.003548892563834434
0.3989114760751048
0.2188776490206607
0.010968039684033147
0.01820869871067548
0.4798872654855886
1.041706260989931
0.24487133281258722
0.09619385718744539
0.2957460070768512
0.00015930826419131088
0.35165716132182967
0.35177106888024057
0.4851391159433791
0.5680078607827664
0.005244732385146143
0.5776343561958511
0.3430290509349482
10.405729189842962
1.9747636383987526
2.898039218562371
0.1368910508627046
0.4279363106610961
3.2059956298853414
3.806078514434978
0.8161912119101573
5.3087228295033055
6.6618116825257685
7.1391283273866835
2.1936379946009033
2.8589344087362267
0.5075768243551796
29.74022413975723
619.455292205688
5.631327213653852
8234.274292955313
1.1152376299923135
23.218870318767408
1.1785474155696418
45.32680089291759
1.2999767308445027
1.7914946487185424
1.1152366882254652
1.0095992530686542
1.087198494105077
3.8989886908133573
0
0.0006252669412657501
19628311816620774e-25
0
0.014463987820028395
0.010675930979361136
0.01345063275246057
0.01698193161925984
0.011609110949647188
0.015093790513965878
0.02109450411517038
0.011353921095155171
0.015567220221923826
0.012445645420950365
0.011615272026720039
0.022715250424006423
0.011360851489070243
0.012300208664790058
0.013479900916989479
0.01164601422156328
0.012626288673104502
0.02468858720290475
0.03791599486130479
0.013202143143451571
0.014122892011119617
0.001984735606881458
0.007483101308986749
0.016931328676357497
0.07713728208676963
0.040893970566059853
0.1253522134834836
9120473743452977e-20
0.010011937923609281
0.27996249225830827
5447398084315278e-21
0.07821060070319022
0.011285271410805396
0.0020486987084111716
555690450080955e-20
12044242992237715e-22
0.11100877090463347
0.09544344952414952
0.004073598837093237
0.031459839567719604
0.01992130307925007
0.005869361435645574
0.012212799483295041
0.0004830370039397992
0.4994852769243578
15699130020844852e-25
0.07024630790118087
0.00040315003917533476
0.00969577106589427
0.011335660794991289
0.00015707788680479498
0.00017089421258922527
0.5976183708188674
0.000520173465143059
0.06135296693246981
0.30768668892372325
12609159860579362e-22
25861703374573993e-22
0.00014474007926487984
11840396538425156e-21
0.0005947170961167376
15325764971202966e-21
1412053606632162e-22
10044047416948086e-22
19077225876216715e-21
0.08141599524954772
0.08210315809211009
43439311844504214e-21
0.00029377743749701914
0.017737188878300825
0.00820896581583219
0.09662432356816732
0.010649256481957444
27829374142684882e-21
0.1492821341337018
0.039610597724473576
8240526170809317e-22
0.32894782504686176
45711210880879255e-23
0.0034824633001440475
0.0010116997840996847
22994565953085277e-28
0.45854412097415675
0.5875833497488435
0.018049560117974824
0.334122291531815
0.6920654383910501
0.008794253414340186
0.23125114520276632
2053564017823486e-25
57648135793147935e-22
0.0005098626913752106
9121220181210986e-20
0.14679146404665724
8473129679025396e-22
0.00012878055019770385
0.19384045702348504
0.0009391417405044915
0.011956371971999424
12229065276992835e-21
0.1556754215652127
0.1048739850570832
0.023242644146941174
27448408004530198e-21
0.00015346548552665106
1200668056150586e-22
0.013937268693153277
0.18047144163880724
8326801878472944e-24
10255107883367085e-21
9138905902867144e-21
9650864410372349e-20
12087233436501215e-21
0.44619030077372557
0.18792306718809884
0.004561790494544866
0.0014720506194030435
0.043209722169176
0.005490989646845274
663772773712404e-19
0.028966832928449187
8324161598766701e-20
0.0007437018386900247
0.08652912504345951
11001010639130903e-22
0.6383702604165669
0.6920654383910501
0.0018304887073465248
0.0004891316551497472
7563075140475058e-24
0.001019919885127834
10739431116351799e-24
0.010181981100924309
0.030146889501597426
0.0009044830413173549
0.00034127080572864615
0.00015051529388046954
26726042400661975e-22
0.006150567354015453
0.01547144041110251
0.023076578570093834
11069415100847087e-24
0.6874716073750736
0.074888321433989
0
0
8178386887581697e-20
671317253566061e-19
10336389339789374e-22
7552916278064186e-22
0.00017703578753988305
0.010331440448731953
0.005411388435939116
15204233829751232e-24
0.0001822988140792413
732876787626207e-20
0.053988506645572455
0.013136205133608421
0.10927412838902288
38456368497602857e-23
0.06227143020166588
0.007731862741663199
0.00012247500017292874
0.16803853118452847
0.0003027863323440035
16523107011769556e-29
860275929408672e-19
3793638647699137e-21
0.00012472682389005855
0.018171473294951824
0.0035001467101465956
0.0001550051235973625
0.0001411609868141582
3818611348000563e-24
0.0006051708268642441
0.022642363610927918
13347307443521837e-24
0.0018082157468376496
0.0018535420090952078
4418875076278592e-20
0.12134316527808446
4583963681087156e-20
0.4637082912474855
0.004761762279228778
0.2139130581695532
0.0031042106380599127
0.0006739166170122654
0.0005695193546939603
4737398765929213e-20
0.545587097043921
11919843364597716e-21
22530587832952148e-21
0.008351544738823035
0.006424103917035799
21999713773722464e-24
8738050768213874e-20
0.0030623277344972214
0.14859045088672185
0.030950972119047036
0.0001001198920809669
0.023792524679713222
0
0
0.12397888900197958
0
0.4941696994690039
0.43735202543260987
0.46874595541728376
0.05372926108624859
0.030385895511264704
0.6805227671671681
0.4699924222117946
0.6822332906706956
0.44153763091316295
0.28850804492872895
0.0007958390053875614
0.01630345427118545
0.16153273881858207
0.37501940000683226
0.1539052135623542
0.0003070889519623948
0.027569211097148338
0.3562381018591741
0.1259333971447708
0.19124068203573547
