0.3708661729582053
34.668236120069416
34.5742120407224
0
34.84350537101269
0.000143494527794659
34.84217970730487
0
34.84438784198587
0
86.53735499914376
0
22.75003073737248
0
22.738267240812757
0
36.188112973516
12.777596661749394
25.835630710298215
0.158013588678936
14500458139602184e-33
1.54215279717889
2.1116903340331485
0.11474037520070823
0
0.1174307243101451
0.0009331804298661798
0.3093636260896121
0.0038423671449897097
2.970211164684335
2.6681042641750277
0.2347512921838704
0.05037847687340149
0.7577443946882202
0.5743511320247287
0.08362169970560378
1128526092473703e-21
0.11739339196637373
0.11811044672903298
0.0006795390474769129
0.0006730784613178016
0
0.6729477084789272
0
4.2884172175720225
4.2838274994194965
4.436924207353384
0
6.054230115867758
0
0.1898957205214068
0.03043958673598275
29.45201263250893
35.976715842529885
18.767878170269547
89.5982156066774
60.97745899335093
0.10771954819470242
0.0026824604071543734
0.010769323218650463
18.861199450536592
33.70265546287437
0.8056558692060486
0.17500117336378873
0.06852236258261227
0.44895686605771645
16.32907368356035
0
16.32397349515386
0
13.669799779857756
0.003282496431620524
0.0032813913155050035
14.508047403062893
0.6516661659380243
1.3391110319373867
2.7962463845092778
0
0.0001042167152681221
0.0007551470490775224
0.06766713264900723
0.030059414805216244
0.00286145969119526
0.0019697816011821586
0.0011092601513843425
0.0007031460202303428
1.6514954828087718
0.5714014935046542
0.08581009497986006
0.2238969845800534
0.0001725931693353784
0.07443946755530186
0.00538475212765705
0.10908215889903976
0.09682494969459222
0.15735545742361381
0.03599294159996863
0.00271720797389605
0.11774605654848871
0.001533175242858401
0
1.1515506176180919
0.667181244739784
0.012966552443202925
0
1.0924282721394136
24172078729097015e-21
0.006132650666722728
0
0.001141608198194252
0
0.20670917534592592
0.892360883165638
0
0
0
0
0.10137951988397109
0.47399260843076546
0.09831362231349053
0.17104907347588152
0.4292666711456239
0.7523053404277265
0.2254524214714558
0.021808622895649526
0.042855423469541826
0.2476338719961532
0.0030021300004664507
1.309587880390654
10449606544489772e-22
0.010410312070571642
0.3980816902290309
0.35549054592007284
0.002147582899570338
0.00354619620912012
0.3967240304654379
0.21895860971295578
0.011000430436468214
0.018217117679192166
0.47854918724620243
1.035701442821817
0.24533003349169774
0.09629877976233397
0.2953249498210267
0.00015133955962593406
0.3507173475376732
0.3508307692869026
0.4854352387434795
0.5678966171127011
0.005219898409779679
0.5768934091547121
0.34335177410694945
10.402738707620536
1.9747181146028694
2.897545099159161
0.1365525388703086
0.4278276813444447
3.205855245277604
3.8050318164723045
0.8148423783200678
5.308358523245245
6.6598441807484985
7.135783799352092
2.193673500837096
2.858528801697035
0.5070561229255135
29.72908915486759
619.4543072137279
5.631326468953143
8218.016484641212
1.1152375928846696
23.218868858472018
1.1785198560621581
45.32598615751561
1.3000130114282562
1.791494282482365
1.1152366511097027
1.0093621798764636
1.0871034801888164
3.8997891188937213
0
0.0006238860054533603
19755597708121753e-25
0
0.014436974753077137
0.010662379358311753
0.013413099691036365
0.0169075752290077
0.01157871414145044
0.015069969447422152
0.02101166234786051
0.01133527381841109
0.015498092554885478
0.012410655331813845
0.011592002484561542
0.02268152543234891
0.01133298082191391
0.012277872362342658
0.013443368497365087
0.01162666284053482
0.012568814468720336
0.02464113270702642
0.037820964883086
0.013180559428271347
0.01409335314858919
0.00198472460301951
0.0074829445683084255
0.016930523448450262
0.0771201819157338
0.040889230825136916
0.12530618358950352
912047142139619e-19
0.010011657082881556
0.27971697947733565
5447398001482427e-21
0.07819301400128019
0.011284914423980798
0.0020486869835907653
55569044146129234e-22
12044242951744456e-22
0.1109728798716192
0.09541708142650573
0.004073552446522555
0.03145704441564805
0.019920187103068844
0.005869265065630312
0.012212381260576858
0.0004830363525195464
0.4986079506716833
15699130020776053e-25
0.07023216436474762
0.00040314958542063146
0.009695507713190485
0.011335300606405257
0.0001570778179270956
0.0001708941310614777
0.5962800016073478
0.0005201727096982215
0.06134221483140812
0.30738623651095914
12609159816198472e-22
2586170318787663e-21
0.00014474002078261543
11840396147081864e-21
0.0005947161086122203
1532576431555566e-20
1412053606075584e-22
10044047388787532e-22
1907722486030259e-20
0.08139691363130411
0.08208374780539336
4343930657710411e-20
0.0002937771965579756
0.017736304910775144
0.008208777142017638
0.09659728635184119
0.010648938674095568
27829371980788732e-21
0.14921621104208938
0.03960615296568572
8240526151853892e-22
0.32860086264068905
4571121082255233e-22
0.0034824294038751117
0.0010116969259300456
22994565953085127e-28
0.457822235022515
0.5862985261242079
0.01804864463476656
0.33376341715286156
0.6901362942757748
0.008794036830285292
0.23108730335039618
2053564017822309e-25
5764813486547482e-21
0.0005098619655848523
9121217858774093e-20
0.14672778778537007
8473129658984767e-22
0.00012878050390158563
0.19372720297986162
0.0009391392776689588
0.011955971165458393
12229064859535602e-21
0.1556035410721919
0.10484202962661035
0.023241123151280636
2744840590141913e-20
0.00015346541978064236
12006680557481752e-23
0.01393672367646457
0.1803738292090722
8326801878279399e-24
10255107589801178e-21
9138905669728973e-21
9650861810384523e-20
12087233028671129e-21
0.4455115440639025
0.18781689147982905
0.004561732308094797
0.0014720445673384846
0.0432044257835797
0.005490905313182801
6637726507215103e-20
0.028964465437090237
832415966449366e-19
0.0007437002943615042
0.08650752827772885
11001010605348633e-22
0.6367973300106181
0.6901362942757748
0.0018304793479182397
0.0004891309871858904
7563075140315389e-24
0.001019916980315263
1073943111602985e-23
0.010181690621317352
0.03014432405190016
0.0009044807569367834
0.00034127048058434545
0.00015051523063801034
2672604220127662e-21
0.006150461517494076
0.015470768420898427
0.023075079324291075
11069415100505051e-24
0.6855752708511574
0.07487221792758456
0
0
817838502046336e-19
6713171277634002e-20
10336389309965683e-22
7552916262140156e-22
0.00017703570004677467
0.010331141362231842
0.005411306532072892
15204233829105945e-24
0.0001822987213065327
7328767726332734e-21
0.05398020431989279
0.01313572111122448
0.1092393743585387
3845636845632091e-22
0.06226034985986314
0.007731695391330067
0.0001224749582995583
0.16795434734391554
0.00030278607640040313
1652310701176955e-28
8602757228170241e-20
37936386075259727e-22
0.0001247267804627307
0.01817054536093478
0.00350011246854104
0.00015500505652550872
0.00014116093118847356
381861134795986e-23
0.000605169804334669
0.022640920488450237
13347307443024546e-24
0.0018082066138650375
0.0018535324123546077
441887453120643e-19
0.12130010234955142
4583963094526198e-20
0.46296787138661377
0.004761698874950215
0.2137739301908483
0.003104183709025334
0.0006739153489423682
0.00056951844910482
47373981394438245e-21
0.544509886092863
1191984296798511e-20
2253058641594464e-20
0.008351349443787223
0.0064239884457299905
21999713772371456e-24
873804863680603e-19
0.003062301527632399
0.1485251559118312
0.030948267176311727
0.00010011986409887316
0.023790930537439525
0
0
0.12393388715414974
0
0.4933136799342278
0.43670309868538254
0.4679871640906214
0.05372103911649961
0.030383288988656332
0.678675182634736
0.4692290404269144
0.6803738017702182
0.44087468276723996
0.28824627167865463
0.0007958372369052079
0.016302707831417195
0.1614551587175449
0.37455789109584037
0.15383501005274486
0.0003070886886927363
0.02756706767486276
0.35582562721300504
0.12588692851026712
0.1911305683020255
