0.3717757242373542
34.667016680278756
34.57295397265075
0
34.84207949807267
0.00014349692956264283
34.840640995967
0
34.842838019996144
0
86.53893863731439
0
22.749616197501503
0
22.736378903486358
0
36.175284669933056
12.771596215531472
25.827148410154805
0.15802717685529122
14504813241940464e-33
1.541279408898855
2.1114880627502917
0.11473944025762405
0
0.11736267235177651
0.0009324396965815709
0.3090595105669016
0.0038423438535360923
2.9673057978171413
2.6655041938538364
0.2344563870983274
0.050281223978133595
0.7567563881521667
0.573560081208932
0.0835471701983182
11277153344113647e-22
0.11730444095896503
0.1180043971130016
0.0006802620124746132
0.0006737942891263039
0
0.6718145085351108
0
4.284958546016925
4.28001296205096
4.436582841716994
0
6.052630441008402
0
0.18991328524659953
0.03044269921387759
29.451726206642782
35.97671489018988
18.766309563783974
89.59720708793844
60.977513901171584
0.10769313028728995
0.0026827307662975917
0.010769300305890909
18.85962503317201
33.69758824747451
0.8044148318637224
0.17510010726976033
0.06861341930381758
0.4493652852068288
16.32833337367345
0
16.323224865350664
0
13.670082391720555
0.003285343818186876
0.0032842376363234954
14.505991813498667
0.6517276161892892
1.339114835560948
2.795709727423055
0
0.00010434841015848836
0.0007552921726177829
0.06764520370011973
0.030080751984142264
0.0028630973200846873
0.001968779975485485
0.0011093965707609133
0.0007031592273126706
1.6519905617242459
0.5711728701150726
0.08575046838298926
0.22385072067891773
0.00017275850929936352
0.07437984331359297
0.005379984329142916
0.10835702345669102
0.09679900100590495
0.15735868512273798
0.03597892803221498
0.002697751256644128
0.11705821180079291
0.001533166441204926
0
1.1512387197373464
0.6667855954242008
0.012975154134237122
0
1.0903633367376173
24152547088191686e-21
0.006132014666667956
0
0.0011414439273980486
0
0.2066938816870519
0.8920514226748654
0
0
0
0
0.10126008022401224
0.47374648898563515
0.09776107856798934
0.1696591031880135
0.42924545724481367
0.7512276037272843
0.2255326758513892
0.021818908776838033
0.042830090211340266
0.2471700943752345
0.0029977403062610404
1.3078008084815926
10450295887760458e-22
0.010391019898694853
0.3973552704066023
0.3551040343189048
0.002112125831265954
0.003545317249588401
0.39601396344256135
0.21898466348012893
0.011010929148680982
0.0182199399257209
0.4781148269719076
1.0337550532580226
0.24547846427518452
0.09633329967694766
0.2951882279056926
0.00014882897233866167
0.35041198567373577
0.35052525260399897
0.485530768907602
0.5678604773872633
0.005211937003318212
0.576660741028601
0.3434581563710094
10.401775334864949
1.974703304348858
2.897383855007432
0.1364433052741574
0.427792685811433
3.2058095668382074
3.804690302476126
0.8144067645073988
5.308245508280163
6.659213744373305
7.134643335007446
2.193684766498465
2.858398131157437
0.5068884403490965
29.725496948864603
619.4539862648219
5.63132622630029
8212.725985977155
1.1152375807935355
23.218868382650186
1.1785108762264431
45.325720687738865
1.3000247425060008
1.79149416291722
1.1152366390159232
1.0092842890561733
1.087072522699749
3.9000741005862416
0
0.0006234398854632666
19797011898290398e-25
0
0.014428102217362819
0.010657997718042843
0.013400947981891622
0.016883490054162696
0.011568870709046334
0.015062270584310526
0.020984824344834774
0.011329286216302168
0.015475712195871122
0.012399327144705286
0.01158447802325589
0.022670641698920826
0.011323959030385659
0.012270653689733567
0.01343153394610251
0.011620411928654706
0.01255019918646031
0.024625792179564673
0.03779019208682769
0.013173576645730399
0.014083800943322875
0.0019847210175402983
0.0074828934967202535
0.016930261081699215
0.07711461082419291
0.04088768654919946
0.12529118888520233
9120470664778598e-20
0.010011565575593292
0.27963702824196784
5447397974492216e-21
0.0781872844141585
0.011284798106027385
0.0020486831631961583
5556904386526662e-21
12044242938550154e-22
0.11096118766369963
0.09540849123354848
0.004073537330758363
0.03145613369846276
0.019919823487501175
0.005869233664818766
0.012212244990207557
0.0004830361402613154
0.4983224161563322
15699130020753634e-25
0.07022755645767602
0.0004031494375695562
0.009695421904033896
0.011335183245224555
0.00015707779548403
0.00017089410449652918
0.5958445558674347
0.0005201724635447237
0.06133871177968463
0.3072884006476216
12609159801737428e-22
25861703127043267e-22
0.00014474000172679132
1184039601956678e-20
0.0005947157868446399
15325764101919903e-21
14120536058942287e-23
10044047379611713e-22
19077224529277692e-21
0.08139069705326736
0.0820774241594006
4343930486077746e-20
0.00029377711805057144
0.017736016888793626
0.008208715665581269
0.0965884781942761
0.010648835121803476
278293712763577e-19
0.14919473698669336
0.03960470479563671
8240526145677466e-22
0.32848788766789955
45711210803547116e-23
0.0034824183592045512
0.0010116959946273498
22994565953085075e-28
0.4575872616663023
0.58588048704305
0.018048346344246183
0.3336465650020702
0.6895088653091939
0.008793966259806874
0.2310339422887559
20535640178219252e-26
5764813456320232e-21
0.0005098617290939401
9121217102032647e-20
0.14670704551411176
847312965245474e-21
0.00012878048881648726
0.19369031463892775
0.0009391384751813639
0.011955840569775424
12229064723511567e-21
0.15558012674133517
0.10483161938990394
0.023240627572382364
27448405216142595e-21
0.00015346539835800474
1200668055617054e-22
0.013936546093127012
0.18034203463370754
8326801878216336e-24
10255107494145825e-21
913890559376336e-20
9650860963206055e-20
12087232895783997e-21
0.44529060145806054
0.18778230820437156
0.0045617133488138825
0.0014720425953424364
0.0432027001524132
0.005490877834227888
6637726106462293e-20
0.028963694056791358
8324159034231282e-20
0.000743699791159032
0.08650049236373955
11001010594341035e-22
0.6362856448518798
0.6895088653091939
0.0018304762982575568
0.0004891307695371077
7563075140263361e-24
0.0010199160338145025
10739431115924947e-24
0.010181595973390333
0.030143488174324946
0.0009044800125967071
0.00034127037463957036
0.00015051521003112757
26726042136309006e-22
0.006150427032172927
0.015470549466280667
0.023074590831894455
11069415100393604e-24
0.6849585001929651
0.07486697151783861
0
0
8178384412082627e-20
6713170867719348e-20
10336389300247947e-22
7552916256951479e-22
0.00017703567153807718
0.010331043909919636
0.0054112798448294605
15204233828895685e-24
0.00018229869107753405
7328767677479841e-21
0.05397749937040038
0.013135563401486647
0.10922805251190511
38456368442869626e-23
0.06225673987321116
0.007731640862770991
0.00012247494465556514
0.1679269260380139
0.00030278599300392634
16523107011769546e-29
8602756555013246e-20
3793638594435971e-21
0.0001247267663123971
0.018170243013655177
0.003500101311347275
0.00015500503467085863
0.00014116091306343547
38186113479465964e-25
0.0006051694711545618
0.022640450282075408
13347307442862508e-24
0.0018082036379921753
0.0018535292853686049
44188743536004275e-21
0.12128607404969582
458396290340151e-19
0.46272686884724656
0.00476167821551695
0.21372861635475415
0.003104174934533821
0.0006739149357556784
0.0005695181540284584
4737397935310184e-20
0.5441593478784017
11919842838753077e-21
22530585954227707e-21
0.008351285809945486
0.0064239508210708705
21999713771931244e-24
8738047942309368e-20
0.0030622929884502694
0.14850388643109175
0.030947385850306694
0.00010011985498120466
0.023790411126060448
0
0
0.12391922730522524
0
0.4930350754187685
0.4364918607981084
0.4677401853553037
0.05371836034613219
0.03038243972904531
0.6780742508619836
0.4689805684481693
0.679769002349895
0.44065888318537816
0.2881610269404596
0.000795836660664729
0.016302464619271345
0.16142988810881564
0.37440763599658006
0.15381214189725992
0.00030708860290914276
0.027566369299308266
0.35569132988735425
0.12587179089975803
0.19109470259988748
