0.37258267694038394
34.66593716175599
34.57183946784426
0
34.84081783657217
0.00014349899806959492
34.83925898145792
0
34.84147103659804
0
86.54031999824775
0
22.749231664391466
0
22.734719310594553
0
36.163953125560305
12.766290947454822
25.819647240031188
0.15803927395680595
1450862618314705e-32
1.540506885090494
2.1113094770530063
0.11473885925486364
0
0.11730372165750225
0.0009317992935598111
0.3087894921447851
0.0038423231806846347
2.9647261260820548
2.663195602950333
0.2341947378383086
0.0501951401035546
0.7558796519891842
0.5728581972522868
0.08348084871835333
11270001858485603e-22
0.11722732605665526
0.11791243025521374
0.0006809041386851566
0.0006744300342584148
0
0.6708105332147398
0
4.281903265047906
4.276644169270767
4.436280004112472
0
6.051218875250404
0
0.18992890626185716
0.030445457564179195
29.451472092317008
35.97671404526847
18.764917777941903
89.5963051730926
60.977562596150676
0.10766971464604694
0.0026829844279081445
0.010769279977318882
18.85822808469647
33.69311023332883
0.8033134251953233
0.17518775093411704
0.06869414714271893
0.44972804968475766
16.327680027138975
0
16.322564117414057
0
13.670334239820217
0.0032878727844178218
0.003286765665805523
14.504168329913277
0.6517822579017943
1.3391181706087443
2.795233693061195
0
0.00010446512466971399
0.0007554208677291301
0.0676258586338632
0.030099586485445223
0.002864550914119836
0.001967898904123722
0.001109516677539834
0.0007031723457521648
1.6524281507983163
0.570970062782779
0.08569757324270968
0.22380963419949323
0.00017290535454710166
0.07432713442087922
0.005375773993397716
0.10771885912410008
0.09677598419757201
0.1573616730130065
0.035966507230819
0.0026806285260999757
0.11645239571094644
0.0015331579609467907
0
1.1509619763138934
0.666435247484772
0.012982796914791192
0
1.0885347570818393
24135236405265608e-21
0.006131451421195665
0
0.00114129625454116
0
0.20668031384995048
0.8917768979608593
0
0
0
0
0.10115413528354322
0.4735290174149667
0.09727440554588185
0.1684390142241967
0.4292264424581431
0.750273565720266
0.22560366737136858
0.021828054583960234
0.04280798131654414
0.2467630018288317
0.0029938439225643226
1.3062142790743012
10450904894199683e-22
0.010374058199827514
0.39671650977776896
0.3547610487992262
0.0020811531522185174
0.003544537282431765
0.395385094914875
0.21900764454779226
0.01102022103772572
0.018222476153680934
0.4777301266809924
1.0320324059616632
0.2456097283333364
0.09636406154218305
0.2950671248524741
0.00014663600229751836
0.35014142631577616
0.35025454957512325
0.4856151299232351
0.5678284583634094
0.005204925934442166
0.5764578124977412
0.3435530400482896
10.40092522044939
1.974690176758095
2.897240711608182
0.13634683002792738
0.42776180411030545
3.20576907431429
3.8043871465807704
0.8140218834637006
5.308147561668971
6.6586587764534935
7.1336110496518765
2.193694688706767
2.858282806954544
0.5067404914899402
29.72232469985297
619.4537015195122
5.631326011019007
8208.035113810129
1.115237570066297
23.218867960501683
1.178502909385244
45.32548516460244
1.300035113416229
1.7914940567453
1.1152366282863382
1.009214923122629
1.087045057994058
3.900336529269629
0
0.0006230456697162218
19833729761230988e-25
0
0.014420202391391995
0.010654123947525206
0.013390198536529662
0.01686217971237356
0.01156016227165944
0.015055465481615623
0.020961076534920166
0.011324009764805095
0.015455914836740112
0.012389306273227641
0.011577825590754041
0.022661028064212916
0.011315978947020848
0.01226427323240708
0.013421062289063965
0.011614888105835048
0.012533729189542417
0.024612231289222915
0.0377629680886113
0.013167401682026453
0.014075355581621839
0.0019847178365132623
0.007482848186365956
0.016930028313665215
0.07710966849599438
0.04088631651843717
0.12527788710534632
9120469993508513e-20
0.010011484391147237
0.27956611474202414
5447397950546537e-21
0.07818220148344203
0.011284694909895235
0.002048679773753033
5556904361608568e-21
12044242926844186e-22
0.11095081538345766
0.0954008706730383
0.0040735239201191336
0.03145532573344217
0.01991950089380249
0.005869205806200547
0.012212124092587423
0.00048303595194616907
0.49806922719978025
15699130020733745e-25
0.07022346858165356
0.00040314930639632134
0.009695345774898386
0.011335079123556063
0.00015707777557257433
0.00017089408092814515
0.5954584951961106
0.0005201722451577606
0.061335604044258134
0.3072016268669334
1260915978890761e-21
2586170307307199e-21
0.00014473998482049125
11840395906435567e-21
0.00059471550137301
15325763912382546e-21
14120536057333305e-23
10044047371470938e-22
19077224235592846e-21
0.0813851821108493
0.08207181423680004
4343930333805477e-20
0.00029377704839892295
0.01773576135998462
0.00820866112415291
0.09658066428080685
0.01064874325118861
27829370651387428e-21
0.14917568782004287
0.03960342002539559
8240526140197751e-22
0.32838768893703696
45711210786685713e-23
0.0034824085604166274
0.001011695168377536
2299456595308503e-27
0.4573788945744095
0.5855098528551306
0.01804808170541445
0.3335429281760868
0.6889526887008591
0.008793903650244992
0.230986610740168
20535640178215848e-26
5764813429502655e-21
0.0005098615192796044
912121643065268e-19
0.1466886454530026
8473129646661309e-22
0.0001287804754330092
0.19365759323148496
0.0009391377632159955
0.011955724706650833
12229064602831222e-21
0.1555593565272249
0.10482238430689733
0.023240187904279817
27448404608166167e-21
0.00015346537935187121
12006680555007235e-23
0.013936388543316946
0.18031383121995406
8326801878160386e-24
1025510740928052e-20
9138905526366768e-21
965086021159049e-19
12087232777886713e-21
0.4450946731987703
0.18775163129870734
0.004561696528230665
0.0014720408457923383
0.04320116923240361
0.005490853455050221
6637725750914945e-20
0.028963009706399076
8324158475063367e-20
0.0007436993447187431
0.08649425058913558
1100101058457511e-21
0.6358320226615716
0.6889526887008591
0.001830473592606849
0.0004891305764394739
7563075140217202e-24
0.0010199151940810034
10739431115831879e-24
0.010181512002610067
0.0301427466042394
0.0009044793522196796
0.0003412702806455323
0.00015051519174873057
26726042078669824e-22
0.006150396437003062
0.015470355212624907
0.023074157450737542
11069415100294726e-24
0.684411766605038
0.07486231721774751
0
0
8178383872328078e-20
6713170504043626e-20
10336389291626384e-22
7552916252348093e-22
0.000177035646245202
0.010330957451125508
0.005411256168052239
1520423382870914e-23
0.00018229866425841022
73287676341376184e-22
0.053975099656228306
0.01313542348319905
0.1092180087667558
3845636843093566e-22
0.062253537273014144
0.007731592485426775
0.00012247493255063355
0.16790260163932041
0.0003027859190147007
16523107011769546e-29
8602755957789286e-20
37936385828225384e-22
0.00012472675375824104
0.018169974775756555
0.003500091412729361
0.0001550050152814443
0.0001411608969829274
381861134793483e-23
0.0006051691755577608
0.022640033123770865
1334730744271875e-23
0.0018082009978057714
0.0018535265111151373
4418874196028622e-20
0.12127362951863217
4583962733835945e-20
0.46251315673916077
0.004761659886569867
0.21368842201991212
0.003104167149837212
0.0006739145691772007
0.0005695178922372248
4737397754203094e-20
0.5438485397565005
11919842724098587e-21
22530585544593053e-21
0.008351229354490387
0.00642391744070708
2199971377154069e-23
8738047326152888e-20
0.0030622854125190073
0.14848501872555875
0.030946603960040835
0.0001001198468920218
0.023789950314458908
0
0
0.1239062225581773
0
0.492788029583536
0.4363045363622073
0.4675211752644479
0.05371598385639658
0.030381686286903856
0.6775415504433341
0.4687602345848776
0.6792328751854686
0.44046751450971994
0.2880854190254072
0.0007958361494252805
0.016302248844811764
0.16140747136910363
0.3742743803302532
0.1537918561455685
0.00030708852680207105
0.027565749716242843
0.3555722239098395
0.12585836235540795
0.19106288823024914
