0.3728516611747272
34.665577929229485
34.57146831439288
0
34.84084729547614
0.00014349941667869508
34.83873790571089
0
34.84101762201933
0
86.54077554144693
0
22.749099378540446
0
22.73416933787813
0
36.16018632024365
12.764526350019896
25.817134062446492
0.15804331639049995
14509622949885258e-33
1.5402498664603712
2.111250160104811
0.11473871734792317
0
0.11728436460419173
0.0009315892806814594
0.30869944268098076
0.0038423162879210704
2.9638658108362264
2.6624256943773053
0.2341075040890408
0.050167138048616576
0.7555873696676132
0.5726241847797697
0.08345870506972161
1126777193710471e-21
0.11720199168799156
0.11788221045635891
0.0006811183270941304
0.0006746420888075974
0
0.6704761649167685
0
4.280887590057293
4.275524409092538
4.4361790627460485
0
6.050749938588867
0
0.1899341213294301
0.03044637625903309
29.45138738802795
35.976713763626535
18.764453824214474
89.59600050803752
60.977578823808166
0.10766191420388077
0.002683071963154487
0.010769273201060553
18.857762408542225
33.691621230471235
0.8029462150281219
0.1752169384327636
0.06872104450920323
0.4498490580202925
16.327462967026634
0
16.322344578893393
0
13.670418494811704
0.0032887163522105425
0.0032876089230215876
14.50356055063157
0.6518004981929918
1.3391192740714308
2.7950750331367393
0
0.00010450400450958402
0.0007554637509123306
0.06761943416374151
0.030105844752716087
0.0028650355901385376
0.00196760678305316
0.0011095565183261245
0.0007031770103752856
1.6525736924207322
0.5709024659286069
0.08567994368390135
0.22379593013156135
0.00017295433575939583
0.07430960492534713
0.0053743746902924
0.1075072119421297
0.09676831415838089
0.15736269472900286
0.035962369986331455
0.00267494989712722
0.11625137955219171
0.0015331549943491173
0
1.150869722646645
0.6663186046234404
0.012985346885640202
0
1.0879259457659693
2412946991020146e-20
0.006131263890739097
0
0.0011412465554516728
0
0.2066757913779747
0.891685395622278
0
0
0
0
0.10111883214543915
0.473456711589949
0.0971129174520245
0.1680350269004894
0.4292200639686695
0.7499560021480011
0.22562728741151528
0.02183110742434542
0.04280068763673271
0.24662820957738055
0.0029925447453995487
1.3056852200684674
10451107358659906e-22
0.010368436256093974
0.39650477397064865
0.35464670891196515
0.0020709290325854985
0.003544277261023318
0.3951757019123896
0.21901527699476803
0.011023313845882513
0.01822332852926949
0.4776020309330933
1.0314590635835683
0.24565339462737434
0.09637434487948568
0.2950268023095291
0.0001459121211912176
0.3500513199521997
0.35016438990921994
0.4856431682045332
0.5678177945420217
0.005202599708326574
0.5763908898029098
0.3435847758962688
10.400642959038313
1.9746858036363593
2.8971929798058667
0.136314762627102
0.4277515504605782
3.205755584382617
3.8042860622369665
0.8138939225214188
5.30811546049433
6.65847479606499
7.133262799300953
2.1936978883454556
2.8582445369299827
0.5066913519147589
29.72127071958903
619.453606604438
5.631325939258581
8206.472085228012
1.115237566490551
23.21886781978552
1.1785002537834792
45.32540665716226
1.3000385627138564
1.791494021335149
1.1152366247098087
1.0091917468480707
1.0870359032463646
3.9004261565711826
0
0.0006229146014898502
1984596389306174e-24
0
0.01441756332384499
0.010652835696335775
0.013386622170177631
0.016855088603846893
0.011557264770909157
0.015053202542344123
0.020953174015785735
0.011322258564761977
0.015449328134220884
0.012385972320629062
0.011575613140968827
0.022657832713333
0.011313324106340688
0.012262151591825587
0.013417577771601115
0.0116130515902231
0.012528248850830667
0.024607721625840503
0.03775391020765972
0.013165347767670381
0.014072546797298035
0.00198471677617205
0.007482833082975492
0.016929950725031714
0.07710802112365302
0.040885859851717776
0.12527345349255928
912046976975183e-19
0.010011457329811515
0.27954248090516637
5447397942564644e-21
0.07818050724663532
0.01128466051139423
0.002048678643939904
5556904353302536e-21
12044242922942195e-22
0.11094735817217394
0.09539833062146552
0.004073519449915869
0.03145505641638043
0.01991939336373055
0.005869196520023859
0.01221208379364668
0.00048303588917446993
0.49798485947102616
15699130020727113e-25
0.07022210600919146
0.0004031492626719192
0.009695320398652722
0.011335044416545773
0.00015707776893542297
0.00017089407307201786
0.5953298638997018
0.0005201721723621266
0.06133456816743944
0.30717270771896915
12609159784631005e-22
25861703055081563e-22
0.00014473997918505832
11840395868725164e-21
0.0005947154062158304
15325763849203425e-21
1412053605679698e-22
10044047368757348e-22
19077224137697897e-21
0.0813833438797526
0.0820699443478086
4343930283048055e-20
0.00029377702518171045
0.01773567618453306
0.008208642943757321
0.09657805978346139
0.010648712627826455
27829370443064008e-21
0.14916933863832924
0.03960299177791034
8240526138371178e-22
0.3283542961524633
45711210781065247e-23
0.003482405294160113
0.0010116948929610814
22994565953085014e-28
0.4573094599641593
0.5853863602369518
0.018047993493332838
0.33350838972159164
0.6887673962108867
0.008793882780490089
0.23097083571223403
2053564017821471e-25
5764813420563463e-21
0.0005098614493415117
912121620685937e-19
0.14668251261214574
8473129644730165e-22
0.0001287804709718502
0.19364668732412738
0.000939137525894326
0.011955686085858817
1222906456260444e-20
0.1555524337387307
0.10481930612668967
0.023240041350094016
2744840440550736e-20
0.00015346537301649392
12006680554619466e-23
0.013936336027109385
0.18030443106222332
8326801878141735e-24
10255107380992086e-21
9138905503901237e-21
9650859961051981e-20
12087232738587618e-21
0.44502938293834876
0.1877414067771948
0.004561690921383374
0.001472040262609434
0.04320065893778924
0.005490845328681719
6637725632399167e-20
0.02896278159319494
8324158288674069e-20
0.000743699195905373
0.08649217009769122
110010105813198e-20
0.6356808871422689
0.6887673962108867
0.0018304726907241685
0.000489130512073613
7563075140201817e-24
0.0010199149141699906
10739431115800857e-24
0.010181484012503876
0.03014249941826504
0.000904479132094111
0.00034127024931419203
0.00015051518565459873
26726042059456762e-22
0.0061503862386469285
0.015470290461948347
0.023074012992160726
11069415100261766e-24
0.6842296190712743
0.07486076584868397
0
0
8178383692409903e-20
6713170382818389e-20
1033638928875253e-21
755291625081363e-21
0.00017703563781424437
0.010330928631688257
0.005411248275816188
1520423382864696e-23
0.00018229865531870315
7328767619690211e-21
0.05397429977521245
0.01313537684410105
0.10921466105694203
3845636842695767e-22
0.06225246977622614
0.007731576359712636
0.00012247492851565663
0.16789449428942907
0.00030278589435162945
16523107011769546e-29
8602755758714643e-20
3793638578951394e-21
0.0001247267495735226
0.01816988536400365
0.0035000881131962776
0.00015500500881830673
0.00014116089162275844
3818611347930907e-24
0.000605169077025526
0.022639894072710758
13347307442670829e-24
0.0018082001177444935
0.001853525586364904
44188741435046874e-21
0.12126948162536595
4583962677314091e-20
0.46244194130621136
0.004761653776936518
0.21367502558815643
0.0031041645549426803
0.0006739144469844191
0.0005695178049735072
4737397693834065e-20
0.5437449765041271
11919842685880425e-21
2253058540804817e-20
0.008351210536090165
0.006423906313957695
219997137714105e-22
8738047120767403e-20
0.0030622828872127516
0.14847873002310244
0.030946343334342142
0.00010011984419562766
0.023789796712575237
0
0
0.1239018879457879
0
0.4927057084832184
0.4362421127501617
0.467448194691455
0.05371519171651503
0.030381435143675462
0.6773640766519368
0.46868681296974696
0.6790542601111897
0.4404037434212387
0.2880602207957721
0.0007958359790122039
0.016302176920626556
0.16139999981430317
0.37422997231500266
0.1537850948228927
0.00030708850143305134
0.027565543191649004
0.3555325307810059
0.12585388649232435
0.1910522846174377
