0.5447726218972613
34.4748703054361
34.37088568061581
0
34.58323601014849
0.00014438252616895647
34.5816189995757
0
34.583280249714974
0
86.42662332857827
0
22.332549880571303
0
22.379709584709996
0
34.5326689958386
11.974324643338777
24.788770292866147
0.16470404802106275
16086668462722437e-33
1.4390641787389107
2.090528236431585
0.11862323090193165
0
0.11745542506339732
0.0009566409266396332
0.24715935947418113
0.0038377409211014573
2.3749268673236528
2.1353492004113526
0.18015086767809524
0.034821020427017985
0.567578129597264
0.4224643556089786
0.06661048601025728
10044629356454183e-22
0.11622313614931279
0.11604559714266995
0.0008521481365215051
0.0008407379784107771
0
0.4739846940011621
0
3.8223159594795204
3.779084796404488
4.372139083758323
0
5.832220458666661
0
0.19796991025876406
0.031588631552319224
29.397297179108996
35.97653177825324
18.465227523821234
89.35007045707671
60.98751618954727
0.10520324061109423
0.0030095940538706753
0.010765233614253005
18.55688196618498
33.02847505979493
0.5651047262261893
0.1923557592668763
0.08665886917599534
0.5346795220907996
16.27655770645487
0
16.269094940531883
0
13.750620835475878
0.0038957470733823663
0.0038950727206170524
14.119030556517645
0.6787263917613527
1.3392194171899396
2.69550396030289
0
0.00012767215089308018
0.0007972632745046361
0.06508936139913009
0.03241585954778269
0.0031935704737388044
0.0018481457152689298
0.0010927074386001643
0.0007284211588726924
1.7226257940538137
0.5278509040856117
0.07529356951686418
0.2144402740654476
0.00021224380498943043
0.06600510886194025
0.004771680837609082
0.039080197574498016
0.09209990365777426
0.1617308534753098
0.03356118560070148
0.0008444277546039604
0.049318412947715135
0.0015204001865981418
0
1.0913164819461438
0.6024874103677369
0.014883790553225685
0
0.7633712294820197
2119339585861154e-20
0.006150105547997627
0
0.001072890713150341
0
0.20379446174706523
0.8338473044236083
0
0
0
0
0.07967862851288922
0.4430742415708988
0.04238490091062879
0.05397134723258037
0.42258005622156
0.5855968978103231
0.23694158142807906
0.02466829456739555
0.04176989789726937
0.20973678590714434
0.002160110724759817
0.9603501809652066
10532698516667258e-22
0.008479591867943783
0.3245462811677933
0.2800394396006887
8319788182908067e-20
0.003375494460146906
0.28165975253084097
0.22140792632524417
0.012644606806357744
0.019301527868773104
0.40383258098906194
0.7408102345417903
0.2653719235759084
0.10515368765477867
0.2730420720996252
5737505087107334e-21
0.2991615613868707
0.2992506945018845
0.4960004899618167
0.5617230714320203
0.004225601569640397
0.5681776170353751
0.3719178351343481
10.310807499249426
1.9732419012263585
2.870203123171951
0.12318243704627053
0.42448939423114923
3.2008227570892585
3.7473808986874872
0.7605116304091782
5.315188782152006
6.598253048649064
6.667352729614751
2.1946497377017438
2.840050981994942
0.4925198203122141
29.27490690623101
619.3929447202205
5.631280073852682
7265.960979668855
1.1152352810589488
23.21877788138662
1.1768041526039106
45.27525652618069
1.3016767767871176
1.7914700273174924
1.1152343387780448
0.9906596276525914
1.081200401524723
4.168730997921921
0
0.0005686411263856097
27267999773303362e-25
0
0.012544309310611903
0.00992227341995485
0.01147383047190237
0.01311036451163785
0.00998442358614324
0.013849165903145336
0.01673100680016423
0.010615771393644797
0.012040794245168938
0.010603663266949155
0.010411314067759476
0.02105116962707835
0.009883669588282474
0.011159113931528242
0.01152193309427942
0.010666693885161177
0.009656248804889578
0.022251970562917636
0.03291117847379516
0.012053928932396905
0.012599720875485653
0.0019840391761954544
0.007473186002253914
0.016880432712301836
0.07606227231775803
0.04059502282908944
0.12247157393394949
9120326757050555e-20
0.009994176064120492
0.26483841983502615
5447392840949267e-21
0.07710511418029345
0.01126269618629327
0.0020479566526421917
5556899044514749e-21
12044240428990755e-22
0.1087595783560805
0.09378861679381877
0.004070663328006649
0.03128339359387916
0.019850784257207148
0.005863264275689482
0.012186353958444501
0.00048299577038468574
0.4468823501227109
15699130016489915e-25
0.06935660581169302
0.00040312131724123284
0.009679114780822435
0.01131288319727263
0.00015707352686523515
0.00017088905191127128
0.5185473891893781
0.0005201256472012868
0.060676054837553256
0.28923501067603324
1260915705124301e-21
2586169155652323e-21
0.00014473637734954375
11840371766188614e-21
0.0005946545897298071
15325723468396092e-21
14120535714004554e-23
10044045634368556e-22
19077161568358346e-21
0.08021689386145439
0.08088348035175026
43438978416221306e-21
0.00029376218630268344
0.017681319990248457
0.008197031198515763
0.09492768473605895
0.010629157746566434
27829237293710984e-21
0.14516605224448323
0.039330223068985336
8240524970919767e-22
0.30769120969629926
4571120718875086e-22
0.0034803182967009117
0.0010115188761918642
22994565953075914e-28
0.41501882378634763
0.5115534052405377
0.017991700954200444
0.31214897913556316
0.5799736419909954
0.008780554028039884
0.22110547508661468
20535640177489694e-26
5764807707092042e-21
0.0005098167504533871
9121073170747947e-20
0.14281470525451542
8473128410441791e-22
0.0001287776196588532
0.18680034168711615
0.0009389858542931208
0.011931027156282544
12229038851731109e-21
0.15119017498136983
0.10287026798447252
0.02314656022364302
2744827487667316e-20
0.00015346132382095017
12006680306777549e-23
0.01390281080621831
0.17439548088050613
8326801866221494e-24
10255089300488119e-21
9138891145094786e-21
9650699830986216e-20
12087207620642661e-21
0.40519873944992846
0.18131901585146395
0.004558108720908044
0.001471667569195526
0.04287573473890448
0.005485653829327513
6637649883610188e-20
0.028817350233596523
8324039159025344e-20
0.0007436040881043224
0.08517261181482724
11001008500693273e-22
0.546074117086407
0.5799736419909954
0.0018298963443530117
0.0004890893744411152
7563075130367918e-24
0.001019736025086157
10739431095972287e-24
0.010163609901097787
0.029984924752143448
0.0009043384500517996
0.000341250224512911
0.00015051129064778997
26726029779454194e-22
0.006143871429433578
0.01542896053526973
0.022981867232466834
11069415079195957e-24
0.5771888707448024
0.07387575809938736
0
0
8178268698727034e-20
6713092902297156e-20
10336387451932218e-22
7552915270063755e-22
0.00017703024925963364
0.01031252515898751
0.005406206316392153
15204233788904216e-24
0.00018229294160500663
73287583856524705e-22
0.0534654741192181
0.01310560137058375
0.10709583204084279
38456365884431607e-23
0.061573911566635504
0.00772127650574393
0.00012247234959204042
0.16279196014805603
0.0003027701313892982
16523107011769084e-29
8602628521329782e-20
37936361047148993e-22
0.0001247240749443346
0.018112827861321318
0.0034979798566578558
0.00015500087796656973
0.00014115746571864056
3818611345423987e-24
0.0006051061035439664
0.022551194233955196
13347307412043008e-24
0.0018076377152183632
0.0018529346277032614
44188405730209044e-21
0.11864717341730113
458392655157951e-19
0.41909622151003073
0.004757750415151877
0.20528225403871725
0.00310250647479938
0.0006738363521424279
0.0005694620332050053
47373591091968986e-21
0.48142852874399
11919818258811264e-21
2253049813571459e-20
0.00833919144827443
0.0064167986062321995
21999713688202947e-24
8737915849861703e-20
0.003060669266605341
0.14451331251684085
0.030780212947686694
0.00010011812081330263
0.023691824855011433
0
0
0.12116221724048779
0
0.44280620234792245
0.3981168668896911
0.42305783692840215
0.053211278707141006
0.030221341197108217
0.5729335217271759
0.4240356176426458
0.5739857636746255
0.4014764770922912
0.27239741918720806
0.000795727067157175
0.016256271516910288
0.15669462671604847
0.34689785962870195
0.1495238496693145
0.0003070722872823282
0.027433859272318152
0.3310480409151274
0.12302546186786123
0.1843939773855346
