0.5705903831850122
34.44829993925966
34.34352655655125
0
34.548190607671636
0.00014456123015866106
34.546533163705604
0
34.54817200540569
0
86.27960789662309
0
22.223736624164143
0
22.295966154344043
0
34.35737337778988
11.892154904065551
24.693712965890363
0.16867660893408487
16418655510822577e-33
1.4513793863200128
2.0897092646396103
0.11971431249203159
0
0.11836887753500358
0.0009737045539653642
0.23733554917850092
0.0038370097075203892
2.2807429867584017
2.0510410222635636
0.17313978951946574
0.03299316592579264
0.5396045297571445
0.39890039907092245
0.06411784014707386
9695264493986375e-22
0.11707443354800544
0.11686598898895566
0.0008977194448714853
0.0008821745482550191
0
0.446365846615224
0
3.786561143328135
3.7344838356379566
4.3626153173242646
0
5.805339171883949
0
0.2027397482240838
0.032296435891896805
29.389181777980696
35.97650280995068
18.419707710947375
89.30428318673744
60.988914539026936
0.10667930854443128
0.003101379616675713
0.010764889616353735
18.51070716069029
32.964229804750204
0.5297474120494359
0.1949627634360753
0.09080385613311312
0.5485734103188089
16.297761165598498
0
16.289027185406166
0
13.766101100872815
0.004003167039830161
0.004003167649860347
14.06124886265647
0.6942911770242388
1.3391424341397018
2.68086295162814
0
0.000131089340618775
0.0008172296255087013
0.06486436699101931
0.03252789913620054
0.0032493039868235567
0.0018168356911982015
0.0010720354541553822
0.000735090120394993
1.7304909417816718
0.5213666405182581
0.07469541797735726
0.21296681705642329
0.00022277501714393165
0.06516063354135178
0.004721010388687912
0.03491753351691363
0.09143157360163941
0.16502110835477257
0.03323125580913091
0.0007330616651454676
0.04574699287274102
0.001517018735053745
0
1.0822791854763885
0.5942357568680389
0.015231214634209199
0
0.7242980952538125
2113766008167974e-20
0.0062575236081050005
0
0.0010579887978785431
0
0.20336293304738254
0.8252850271130177
0
0
0
0
0.07690319861633983
0.4406189449998774
0.03887511793061686
0.04817746670898873
0.4213258460442317
0.5663437696459368
0.23810219376239147
0.025595093003990196
0.041761573298500006
0.2080705565686039
0.0020414796966332174
0.9100766691937887
10537872802518583e-22
0.00832087980986409
0.3184026647984876
0.26855112779602175
50652280103279644e-21
0.0033498861327154535
0.26757482901839447
0.2214012633701177
0.012841179800904837
0.019529285521126424
0.39337177666547607
0.7077666702802001
0.2670769663825972
0.10673826432950677
0.2702637328741142
34801506442264117e-22
0.29244653215137206
0.2925329775845748
0.49640156814291725
0.5608923722654147
0.00409304868462904
0.5732666865060374
0.3771463435946708
10.30930390516875
1.9733136792836499
2.867155728208013
0.12213902156573618
0.4244359557098875
3.2008687670563862
3.7409742495686125
0.7562619642054189
5.318079284002934
6.593935732885203
6.5771912098689835
2.1947151881810534
2.8378795070507583
0.4930486554344414
29.233905843330454
619.3838355002873
5.63127318617273
7134.35045528715
1.115234937850897
23.218764375163005
1.1765496561346813
45.267730160660754
1.301854946527889
1.7914662707903513
1.1152339954948582
0.9874739546034216
1.080326780580586
4.242613988035687
0
0.0005644659317012279
28335776585846158e-25
0
0.012266238817607885
0.009808962224462179
0.011219837694853421
0.012636341509281397
0.009771045053603444
0.013680522127564114
0.01618640674129056
0.010540562819378105
0.011618278714192798
0.01036720588562042
0.010253936145585507
0.02083575524570306
0.009689817114256675
0.01101025817176625
0.011267496077695997
0.010538622737229813
0.009298228721667186
0.021934696955367095
0.03227035773334709
0.011898776213432825
0.012402537736764698
0.0019839374394482164
0.007471738352724793
0.01687300899835788
0.0759064594146402
0.04055152620268746
0.12205625602247196
9120305280701935e-20
0.009991583474629584
0.2626980936670535
5447392074828508e-21
0.076944902463161
0.011259401447795525
0.0020478482515449785
5556898247282463e-21
12044240054468446e-22
0.1084347812371458
0.09354923944812968
0.004070234590668934
0.03125769562992467
0.01984050150019247
0.005862373935051522
0.012182494735164827
0.00048298974594264367
0.4396748874216429
15699130015853606e-25
0.06922755617750834
0.0004031171207797093
0.00967668348681208
0.011309558940549863
0.00015707288983381066
0.00017088829788489466
0.5079052926345982
0.0005201186607715621
0.06057777684639819
0.2866332677340043
12609156640763976e-22
25861689829759038e-22
0.00014473583646146168
11840368146660177e-21
0.0005946454573170386
15325717404327696e-21
1412053566252664e-22
10044045373911474e-22
19077152172196184e-21
0.0800431751543751
0.08070679378072579
43438929698404145e-21
0.0002937599579792362
0.017673171596650897
0.008195288855474313
0.09468229166943418
0.010626224248476032
2782921729842514e-20
0.14457421952887103
0.03928942333943532
8240524795600949e-22
0.30470254690803733
4571120664928488e-22
0.003480004995584779
0.0010114924459985683
2299456595307455e-27
0.40901494476920863
0.501300514442254
0.01798326255247385
0.3090617364380933
0.5651916608556677
0.00877855416445112
0.2196608114758279
20535640177380822e-26
5764806849087547e-21
0.0005098100382582331
9121051690883822e-20
0.14224274237432274
8473128225085917e-22
0.00012877719147615416
0.1857933272981215
0.0009389630795397025
0.011927328463716497
12229034990675512e-21
0.15054573468793714
0.1025807229667616
0.023132554461398405
27448255425086615e-21
0.00015346071575328215
12006680269558566e-23
0.013897783217316365
0.1735250019355845
8326801864431403e-24
10255086585300511e-21
9138888988802145e-21
9650675784119873e-20
12087203848628305e-21
0.39953329827187267
0.18037371152309345
0.004557571016716347
0.0014716116091283984
0.04282715164031586
0.005484874634093137
6637638508317095e-20
0.028795573632279487
8324021269202562e-20
0.0007435898066001922
0.08497619693007535
11001008188240894e-22
0.5337551644976867
0.5651916608556677
0.0018298098087824307
0.0004890831970081799
7563075128891138e-24
0.0010197091636158563
10739431092994587e-24
0.010160928416470573
0.029961332652496543
0.0009043173253996872
0.000341247217444482
0.00015051070573447265
26726027935338793e-22
0.006142893681879827
0.015422763469220632
0.022968061310121555
11069415076032456e-24
0.5626296717665379
0.07372896074826071
0
0
8178251430004043e-20
671308126694847e-19
10336387176092766e-22
7552915122782328e-22
0.00017702944006230936
0.010309764300388213
0.005405449559714538
15204233782935956e-24
0.00018229208357910495
7328756998957047e-21
0.05338947798610563
0.013101135752866502
0.10678121240273533
3845636550261471e-22
0.061472651684688726
0.0077197309387145386
0.0001224719623139113
0.16203921033690324
0.00030276776430030155
16523107011769016e-29
8602609413965128e-20
3793635733153322e-21
0.00012472367329414576
0.018104274894054143
0.00349766336467279
0.00015500025763668615
0.00014115695125001593
3818611345047518e-24
0.0006050966472391055
0.02253790402293563
13347307407443559e-24
0.0018075532730612662
0.0018528458983717148
4418835531687106e-20
0.1182583028323027
4583921126520455e-20
0.4129475190705759
0.00475716451484734
0.20405068461004566
0.0031022575536357997
0.0006738246252441556
0.0005694536583035017
4737353314881409e-20
0.4727082698136707
11919814590547113e-21
22530485029859164e-21
0.008337388009040199
0.006415731905003231
2199971367570748e-23
873789613678185e-19
0.003060427018974563
0.14392703292869646
0.030755341908892328
0.00010011786201162517
0.023677147083818854
0
0
0.12075605945839461
0
0.43576226700704584
0.3926866924020179
0.4167659388179624
0.05313601429510808
0.03019737249023574
0.5587068765536577
0.4177079946893895
0.5596777486930937
0.39593559431824726
0.27012001218853054
0.0007957107129037101
0.016249388970660972
0.15599995629526933
0.34296942397608954
0.1488942070980021
0.0003070698524404101
0.027414138400371914
0.32751970594691265
0.12260623588977076
0.18341432537268548
