0.5743601743666977
34.44437927094789
34.33949161871734
0
34.54310709428801
0.00014458777548883821
34.5414466966299
0
34.54308058610802
0
86.24690971450022
0
22.20680098727442
0
22.28279852764341
0
34.332040095423636
11.880497675923015
24.68025982116708
0.16952744384850316
16468434981854135e-33
1.4554139353191273
2.0896348891427707
0.11988563396720128
0
0.11851313467730336
0.0009764241902905771
0.23588961724910812
0.0038369007717100325
2.2668758660266874
2.0386280602367384
0.17218829741247266
0.032742461911919575
0.535530196768696
0.39533199300120964
0.06377463751949823
962603327136334e-21
0.11720941125375166
0.11699658256473236
0.0009060765715216182
0.0008895330730038266
0
0.4423867299508651
0
3.7833030432239085
3.729146399543393
4.361227749715383
0
5.801461502743985
0
0.2037635945769765
0.032450736459019074
29.38799688518158
35.97649842625317
18.413038034889425
89.29732783402078
60.989114755105184
0.1070622858102741
0.0031159379081968533
0.010764864415733625
18.503899917816018
32.95549800036735
0.5246159469287626
0.19536316091476352
0.09155914640044685
0.550647414092746
16.302885276548057
0
16.29385025984285
0
13.768409529640564
0.004019590635757426
0.004019761256818178
14.05274675460875
0.6976182681270219
1.339127465625279
2.6787318407746827
0
0.00013160079548147556
0.0008214443405122457
0.06483328476455079
0.03254020252951782
0.0032578864961566698
0.001810548654232345
0.001067813293917581
0.0007361337579584868
1.7316055525792895
0.5204199129707677
0.07470811814115616
0.21274980444317487
0.00022470816154762367
0.06505214115922905
0.004715126202335832
0.034370077030315915
0.09133416679569868
0.16575419037259168
0.03318358199046
0.0007184079487617948
0.045340731219663824
0.0015164877798560712
0
1.0809577756445357
0.5930548523914643
0.01528474764294348
0
0.7187777651477232
21161102083693952e-21
0.006282753381090983
0
0.0010557181943125758
0
0.20329994636820906
0.8240378521460188
0
0
0
0
0.07652528971895982
0.440294133582142
0.038411558372943654
0.04743121406201405
0.4211395639940724
0.5636289183646419
0.2382618364321669
0.02577353816443166
0.04175852159363493
0.20787006212896555
0.00202443359983658
0.9028306650031535
10538495201974233e-22
0.008298646223248983
0.31754163040515493
0.2668668690780656
47096275912690845e-21
0.0033461529331826312
0.265572553617772
0.22139349061429917
0.01286914039229585
0.019563584608356797
0.3918463048832056
0.7031239629597754
0.2673017451366883
0.1069737878471325
0.2698680762955301
3234079607109233e-21
0.2914834447973221
0.29156947746055906
0.496438145235113
0.5607721153791693
0.004071716391177593
0.574507779937812
0.3779259218752631
10.309316358598197
1.973329823907327
2.866733149433135
0.12200082242918021
0.4244366097362885
3.2008909157261236
3.740085851193875
0.7557015050034197
5.318525989544665
6.593374342528448
6.56388315025149
2.194723617160874
2.837585256275848
0.49317624942094385
29.228424733349936
619.3825054249485
5.631272180465975
7115.333782948468
1.115234887737239
23.218762403046785
1.1765125003317551
45.266631299946695
1.3018799683533009
1.791465720106282
1.1152339453702271
0.987003480971149
1.080199277529324
4.254280006624006
0
0.0005639215716576601
2849105670391221e-24
0
0.012225980031441623
0.009792212610513707
0.011183210937518288
0.012568588523849303
0.009740178853691668
0.01365592228781028
0.01610834474130784
0.0105297981919395
0.01155801409714238
0.010333121509474482
0.010231125118604726
0.02080445581745881
0.009661761286666102
0.010988666470647975
0.011230790077291861
0.010520020139025811
0.009247236848402403
0.021888714636350833
0.03217799733786425
0.011876222706256451
0.01237400470909014
0.0019839225847511255
0.007471526997039175
0.01687192529486511
0.0758837350494518
0.040545178925230865
0.1219957311563073
9120302144828167e-20
0.00999120497286835
0.2623870236227975
5447391962963075e-21
0.07692153695148107
0.01125892044582795
0.002047832423793639
55568981308742675e-22
12044239999782415e-22
0.10838743707458857
0.09351433782050204
0.004070171992186004
0.03125394509762539
0.019839000504861218
0.005862243942904254
0.012181931331332534
0.0004829888662875135
0.4386322576612012
15699130015760695e-25
0.0692087330422328
0.00040311650803528487
0.00967632853150421
0.011309073629553724
0.0001570727968176177
0.00017088818778569718
0.5063697638936487
0.0005201176406529639
0.06056344006914983
0.2862553362982321
1260915658082771e-21
2586168957762485e-21
0.00014473575748363192
11840367618153314e-21
0.0005946441238557141
15325716518880422e-21
1412053565501007e-22
10044045335880726e-22
19077150800212036e-21
0.08001784104084118
0.0806810271303261
4343892258485632e-20
0.00029375963261107295
0.0176719821197899
0.008195034477516665
0.0946465136126785
0.010625795980272206
27829214378806344e-21
0.14448800494223243
0.039283469492130386
82405247700017e-20
0.3042685916451398
4571120657051453e-22
0.003479959251151446
0.0010114885868406532
2299456595307435e-27
0.4081455830003622
0.4998207266969391
0.017982030746907463
0.30861351332719283
0.5630650173361268
0.008778262191647556
0.21945065954594808
20535640177364924e-26
57648067238056725e-22
0.0005098090581816524
9121048554496735e-20
0.14215941885052646
8473128198021103e-22
0.00012877712895499792
0.18564674257689337
0.000938959754120802
0.011926788493522559
12229034426901972e-21
0.1504518665761075
0.1025385131719376
0.023130510113370622
27448252584856248e-21
0.00015346062696622962
12006680264124021e-23
0.013897049263958176
0.1733982626373322
8326801864170022e-24
10255086188841321e-21
9138888673950218e-21
9650672272911668e-20
12087203297856154e-21
0.3987127107011746
0.1802360954742486
0.004557492508921876
0.0014716034382738958
0.042820062366337695
0.005484760868836666
663763684735056e-19
0.028792395289898458
8324018657015845e-20
0.0007435877213033599
0.08494755525094515
11001008142618031e-22
0.531979810119091
0.5630650173361268
0.0018297971735973982
0.0004890822950142617
7563075128675507e-24
0.0010197052414862697
10739431092559796e-24
0.010160536937570703
0.029957889395639696
0.0009043142409160856
0.00034124677836834826
0.00015051062032830087
26726027666069526e-22
0.0061427509286823756
0.015421858810315487
0.022966046126643783
11069415075570536e-24
0.5605347542222657
0.07370755049146686
0
0
8178248908507304e-20
6713079568009867e-20
10336387135815953e-22
7552915101276969e-22
0.00017702932190733406
0.010309361234314992
0.005405339070435971
15204233782064498e-24
0.00018229195829443296
7328756796478159e-21
0.053378390420619724
0.013100483831156308
0.10673535048164888
38456365446863555e-23
0.06145788012008694
0.007719505287986498
0.00012247190576543623
0.16192958886769965
0.0003027674186703629
16523107011769004e-29
8602606623998861e-20
37936356788996066e-22
0.00012472361464713417
0.018103026366931334
0.003497617154359552
0.0001550001670591672
0.00014115687612982201
38186113449925475e-25
0.0006050952664851719
0.02253596410266086
13347307406771968e-24
0.0018075409435345253
0.0018528329428768645
441883479557513e-19
0.11820162846929415
4583920334378732e-20
0.4120572931185129
0.00475707897040701
0.20387147574010786
0.003102221208979301
0.0006738229129532892
0.0005694524354490711
4737352468822609e-20
0.4714482618654811
11919814054924087e-21
22530483116202855e-21
0.008337124711741892
0.006415576165015446
21999713673882948e-24
8737893258371995e-20
0.0030603916486899745
0.14384162630395023
0.030751712035594132
0.00010011782422264629
0.02367500466388924
0
0
0.12069686818448581
0
0.43474316172566163
0.3919000243475556
0.41585508736546045
0.05312503344125412
0.030193874280368446
0.5566593353602587
0.41679199817664797
0.55761861338805
0.39513296349574506
0.269789072541684
0.0007957083249586927
0.01624838425663099
0.155898781699218
0.3423995460437683
0.14880249168027693
0.0003070694969175673
0.027411260035381635
0.3270076705937248
0.12254514207536217
0.18327171720354463
