0.5894393390934398
34.42866272198434
34.32324330201123
0
34.522952714584875
0.00014469542775751045
34.52128017179831
0
34.52287959739133
0
86.05705133162294
0
22.135456849967394
0
22.227420511720997
0
34.23086296296527
11.834639870521556
24.627221277961613
0.1742381493147878
16671257198962833e-33
1.4822046470421344
2.0894855835943296
0.12061283193264662
0
0.11912050861021796
0.00098801973492505
0.230072513097058
0.0038364570100052568
2.2110730306204824
1.9886794641828234
0.1686437976747704
0.03179318679499158
0.5192450615532818
0.38038241556946223
0.06248187991311843
9265472435763815e-22
0.11777744728139558
0.11754654253722219
0.0009476556025740218
0.0009249216317618013
0
0.4266593376793467
0
3.7798548342383853
3.7128542261787154
4.355688308636194
0
5.786054955884326
0
0.20944269764101295
0.033314733438701276
29.383257273629123
35.97648014336384
18.386273599398393
89.26847552768626
60.98989913954799
0.10940214675373552
0.003178052691830897
0.010764885496324362
18.476365287490353
32.92258692710897
0.5041860502480752
0.19706821105490233
0.09531730750966588
0.559132840590771
16.33272355094709
0
16.321832892171727
0
13.777768456933906
0.004088259577764521
0.004089485882266754
14.018378968696693
0.7160107204159317
1.3390517978618288
2.670224403136854
0
0.00013371593835563093
0.0008445976751993099
0.06471375895121656
0.032579699914975696
0.0032942449961480456
0.0017776399790464627
0.0010458065317528245
0.0007405513657394511
1.7360127145509556
0.5166360593104005
0.07525298692079839
0.21187430339322494
0.0002343306314335973
0.06468083268308666
0.004698102473560298
0.032308628572820346
0.09094444907750975
0.1699179714063039
0.03299443821298807
0.0006632450719920043
0.04410464820425237
0.0015142350664073831
0
1.075667544535096
0.5883995869016538
0.01551021303912644
0
0.6971611995849334
214046741888366e-19
0.006429694096588008
0
0.0010463018377402595
0
0.20304805698486256
0.8190572694666846
0
0
0
0
0.0751156142081172
0.4390756939115847
0.036660184393883986
0.0446616605915072
0.4203872203438988
0.5530090626231787
0.23887584121894623
0.026694276923734078
0.04174152996413756
0.20719511021403159
0.001957021349409251
0.8741201399575241
10540655722565917e-22
0.008211855893334874
0.31418239315479796
0.26010988533506385
3516941597893066e-20
0.0033312679758819214
0.2576969101597486
0.22134564511105487
0.012979517613803277
0.019703528418399483
0.3857444271951584
0.6849927651867185
0.2681409738637283
0.10792700724948515
0.2683147996818044
2409895591928928e-21
0.28767950374901863
0.2877637375941674
0.4965305980706172
0.5602933239215734
0.00397694137895193
0.5819786732053372
0.3810893075293623
10.310122983718303
1.973408863574114
2.8651006661130727
0.12148173682494039
0.424466813302718
3.201018909382199
3.736653576166093
0.7536036234412207
5.320444501436869
6.591414604354305
6.510466578947696
2.1947550929578408
2.8365132973223393
0.49381646633404086
29.208248910111653
619.3771851521556
5.631268157640747
7039.772635303704
1.1152346872826295
23.21875451458359
1.1763638888535972
45.26223612382918
1.3019777959789
1.7914635122528084
1.1152337448717313
0.9851092967402719
1.0796894157907797
4.303909806062115
0
0.0005619095579254068
29110746981026233e-25
0
0.012065880272353915
0.009724891273598029
0.01103804953369571
0.012301417731518572
0.009617608011556294
0.013557736952709693
0.01580001071166628
0.010487338871556479
0.01132066521448795
0.010198092202836356
0.01014047820162975
0.02068000151947512
0.009550336689962623
0.010902845211107116
0.011085286507754593
0.010446030850805286
0.009046729820516896
0.02170601484175039
0.031812147123497655
0.011786503666963166
0.012260733782104107
0.0019838631670749986
0.007470681634081936
0.016867591176880053
0.0757929055990104
0.040519799748847035
0.12175393167163072
9120289601343874e-20
0.009989691109202245
0.26114642257631354
5447391515501365e-21
0.07682814583621476
0.01125699664343305
0.0020477691140115928
5556897665241511e-21
12044239781038297e-22
0.1081982670454511
0.09337486147344787
0.0040699216078815175
0.031238947468057755
0.01983299765899971
0.005861724003138973
0.012179677976548686
0.0004829853476830138
0.43448640461804877
15699130015389047e-25
0.06913349166776375
0.0004031140570669008
0.009674908840470897
0.011307132593814826
0.0001570724247533967
0.0001708877473896166
0.5002739317887582
0.0005201135601985786
0.06050612688258685
0.284748587087297
12609156341082646e-22
2586168856908814e-21
0.00014473544157274387
11840365504126102e-21
0.0005946387900403183
1532571297709183e-20
14120535624943788e-23
10044045183757734e-22
19077145312276423e-21
0.07991658474522001
0.0805780427657127
4343889413067669e-20
0.00029375833114202377
0.017667225012858712
0.008194017044641353
0.09450353653085652
0.01062408308005468
27829202700334203e-21
0.14414366041645235
0.039259663123894756
8240524667604702e-22
0.30253894215867194
4571120625543313e-22
0.0034797762794311076
0.0010114731503562304
22994565953073555e-28
0.40468657498616584
0.4939451287794015
0.017977104368338118
0.30682711191045176
0.5546381618340923
0.008777094397539585
0.21861206045061246
20535640177301332e-26
5764806222678206e-21
0.0005098051378941705
9121036008959177e-20
0.14182661256538398
8473128089761844e-22
0.00012877687887067642
0.18506155928432144
0.0009389464525629718
0.011924628857189324
12229032171808067e-21
0.15007697904939038
0.10236984760555448
0.023122334527799927
27448241223937718e-21
0.0001534602718185331
12006680242385837e-23
0.013894113838111757
0.17289223044774227
8326801863124497e-24
1025508460300471e-20
913888741454262e-20
9650658228091625e-20
12087201094767802e-21
0.3954471796017882
0.1796866804192
0.004557178491267352
0.0014715707553095549
0.0427917170035161
0.005484305831407062
663763020348858e-19
0.028779685428116705
8324008208277173e-20
0.0007435793801745093
0.08483308504019386
11001007960126578e-22
0.5249372476217673
0.5546381618340923
0.0018297466337297457
0.0004890786870552238
7563075127812977e-24
0.0010196895531187798
10739431090820637e-24
0.010158971172793886
0.02994412032486387
0.0009043019030868861
0.00034124502206946296
0.00015051027870409834
26726026588992484e-22
0.0061421799490658634
0.015418240705312997
0.02295798716066952
11069415073722856e-24
0.5522327971335013
0.07362197161978574
0
0
8178238822528124e-20
6713072772259752e-20
10336386974708707e-22
7552915015255534e-22
0.00017702884928822146
0.010307749127596905
0.005404897135905636
15204233778578666e-24
0.00018229145715660617
73287559865626605e-22
0.05333406317980042
0.01309787646870021
0.10655209968705459
3845636522385894e-22
0.061398829348467646
0.007718602751030988
0.00012247167957179703
0.16149184409173853
0.0003027660361545538
1652310701176896e-28
8602595464142838e-20
37936354618847524e-22
0.0001247233800593635
0.01809803311940386
0.0034974323192117187
0.00015499980474962074
0.00014115657564944616
3818611344772666e-24
0.0006050897435009444
0.022528206091178775
13347307404085608e-24
0.0018074916262685679
0.0018527811218033324
4418831851128453e-20
0.11797520249455978
45839171658132085e-21
0.4085155393374629
0.004756736808028216
0.20315621279247428
0.003102075834611234
0.0006738160638333351
0.0005694475440576085
47373490845889204e-21
0.46644172628916647
11919811912432223e-21
22530475461579246e-21
0.008336071605696143
0.006414953242868803
21999713666584823e-24
8737881744742057e-20
0.003060250171639425
0.14350050630914565
0.0307371968260231
0.00010011767306687333
0.02366643692255797
0
0
0.1204603930858886
0
0.4306905184625913
0.38876907988793274
0.4122315449620387
0.05308113271369644
0.030179885492925548
0.5485439340969959
0.413148055114502
0.5494575525166978
0.39193867798860993
0.2684693635228794
0.0007956987732502857
0.016244366021696183
0.1554947390627755
0.34012948768439594
0.14843619460743426
0.0003070680748303124
0.027399749597260957
0.3249675216966329
0.1223010710921997
0.18270239247116896
