0.5991866945227855
34.418602758218654
34.31268243948237
0
34.510163309147565
0.0001447666672099482
34.5084771053525
0
34.510040092990046
0
85.84249229584309
0
22.08513011113967
0
22.18895298825564
0
34.165313704247865
11.80567945206829
24.59348271012303
0.17917661929311013
16806082139979036e-33
1.514856581387124
2.0895576930272037
0.12113200603227114
0
0.11954286292042765
0.0009962900664663447
0.2262780541609026
0.003836160800575125
2.174657792078423
1.9560894928787815
0.16661882324673352
0.031232778197194208
0.5087093874187297
0.3696922682118007
0.061730813282970434
8918777530518387e-22
0.1181707530098202
0.11792689376352189
0.0009863066240580894
0.0009559843709478232
0
0.4167079225549177
0
3.7918896270991658
3.7091389865338615
4.352120658917727
0
5.776177892730396
0
0.2154123924130337
0.034231101725122684
29.380193183298708
35.97646723534257
18.36886931865371
89.248567233035
60.99038321059305
0.11208557370723554
0.003222579696433777
0.010765076730096213
18.458121669540954
32.903508800669094
0.49107105551486996
0.19832323450253478
0.09882376257832017
0.5648634419331845
16.365073285486048
0
16.351910235425432
0
13.783928179181038
0.004136509335739776
0.004139028454794473
13.99561106370652
0.7352525367758385
1.3389817711580576
2.664739523523729
0
0.00013518766530212867
0.0008686929128266111
0.06464138743508269
0.03259736604753323
0.0033205662673706565
0.0017459815604560635
0.0010249287532423702
0.0007436901909100807
1.7388544877673624
0.5141958318448575
0.0763279844732858
0.21129887664593794
0.0002432765396397376
0.06452439763343143
0.004695874391617923
0.031070495346462026
0.09069199140241539
0.17440163686059637
0.03287388903262025
0.0006301683051542377
0.04377289874905199
0.0015126295413919666
0
1.0722439279471059
0.5854588723135962
0.015670719337101898
0
0.6835845217078509
21777215004310232e-21
0.006591271624293453
0
0.0010398148227354254
0
0.2028852787967026
0.8158449512065907
0
0
0
0
0.07431225233829217
0.43835466504451825
0.03560177595806623
0.043035902086115956
0.4198951450503963
0.5463480272014769
0.23925177048558324
0.027588779239006628
0.04172703377020269
0.20689527332892696
0.0019141402537671797
0.8558119204328002
10541777479732062e-22
0.008157557535635592
0.31208584353904667
0.2557214186396329
2909830154954907e-20
0.003321727901088216
0.25271697531110243
0.22130075272632577
0.013050068070718037
0.0197965643517598
0.38179691476397987
0.6736338515368357
0.26863341243964367
0.10855385474396533
0.2673408494592594
1991195341404538e-21
0.2852675709983575
0.2853503711171685
0.49654599543256317
0.5599855168984765
0.0039029443291409152
0.5905583213562534
0.3831789015524636
10.31150358710271
1.9734728960568637
2.864097121589459
0.12117385634751714
0.42451765555944515
3.201136903263756
3.7345431937252385
0.7523661248682963
5.321882368738622
6.590529929857364
6.475933510506339
2.19477450241214
2.8359642314554887
0.4943461004126882
29.197285570664555
619.3737460874501
5.631265557239136
6991.356519234926
1.1152345577063518
23.21874941538649
1.1762678345763713
45.25939525563487
1.3020393038456555
1.791462080921487
1.115233615267085
0.9838750335792987
1.0793599630333264
4.339377167912832
0
0.0005607559428895835
29510204509612345e-25
0
0.01196323915621529
0.009681346154674832
0.010945611386890281
0.012132213640899744
0.009539352970232803
0.013494665701129676
0.015604357268241905
0.010460560132414337
0.011170588633703984
0.010112175740327427
0.010082626237432066
0.020600674247796717
0.009479215650723455
0.010848085416130306
0.010992608986936806
0.010398802072587879
0.00892034495876091
0.021589456176717252
0.03157944780815039
0.011729232978153656
0.012188532168000085
0.001983824759713629
0.0074701352320854985
0.016864790142787578
0.07573425019858399
0.04050340279471539
0.12159788463011727
9120281493092289e-20
0.009988712651383451
0.26034760604980656
5447391226256696e-21
0.0767678370290454
0.01125575324909781
0.002047728190840203
5556897364250855e-21
12044239639639443e-22
0.10807616096331807
0.09328481298458195
0.004069759764619025
0.03122925664780801
0.019829118313003827
0.0058613879322921125
0.01217822160242211
0.00048298307322792213
0.43182734998997524
15699130015148811e-25
0.06908489826220657
0.0004031124727390654
0.009673991245766284
0.011305878061994762
0.00015707218424702922
0.00017088746271283923
0.4963726170043273
0.0005201109225602839
0.0604691078064838
0.28377882902974405
12609156186108526e-22
25861687917157766e-22
0.0001447352373644715
11840364137593408e-21
0.0005946353422226504
15325710687637056e-21
14120535605508578e-23
10044045085423583e-22
19077141764808958e-21
0.07985119963759019
0.08051154238099885
4343887573755892e-20
0.0002937574898596739
0.017664150642543508
0.00819335943087756
0.09441122936057784
0.010622975987462905
2782919515123042e-20
0.14392150874021678
0.03924428207560332
8240524601414036e-22
0.30142611132544794
4571120605176068e-22
0.0034796580094056456
0.0010114631721503636
2299456595307304e-27
0.4024662451101883
0.49018387625430365
0.017973920615536116
0.30567786659023505
0.5492581694812969
0.008776339603898984
0.21807168582528688
20535640177260232e-26
5764805898743341e-21
0.0005098026037887164
9121027899380338e-20
0.14161189724687223
8473128019781743e-22
0.00012877671721338866
0.18468427160860698
0.0009389378543745259
0.011923233050100807
12229030714088166e-21
0.14983514441555731
0.10226096779441501
0.023117051267639292
2744823388010434e-20
0.00015346004224718113
12006680228334013e-23
0.013892216673102616
0.17256591118988757
8326801862448661e-24
10255083577900776e-21
9138886600446327e-21
9650649149360051e-20
12087199670664918e-21
0.39335054636040423
0.17933242337233077
0.004556975517950681
0.00147154962903026
0.04277340420180724
0.00548401170976872
6637625908818952e-20
0.028771472604608564
8324001454092426e-20
0.0007435739884171887
0.08475917219994603
11001007842161886e-22
0.520434539078785
0.5492581694812969
0.0018297139648875947
0.0004890763548407952
7563075127255428e-24
0.0010196794120957168
1073943108969642e-23
0.010157959171802977
0.029935223197842656
0.000904293927853647
0.0003412438867813184
0.00015051005787447262
26726025892756804e-22
0.006141810889141488
0.01541590236995211
0.022952779251976335
11069415072528493e-24
0.5469318558580645
0.07356670527744347
0
0
8178232302835165e-20
6713068379407909e-20
10336386870567025e-22
7552914959650233e-22
0.00017702854378215182
0.010306707176359762
0.005404611483278838
15204233776325383e-24
0.0001822911332157546
7328755463023482e-21
0.05330542910244716
0.013096191314054428
0.10643381159691506
3845636507970604e-22
0.061360688407090185
0.007718019396320773
0.00012247153335770064
0.16120951044694526
0.00030276514248288387
16523107011768935e-29
8602588250283915e-20
37936353216037194e-22
0.00012472322841921093
0.018094806156392612
0.0034973128447224966
0.00015499957054877517
0.000141156381415618
3818611344630533e-24
0.0006050861734036101
0.02252319263944288
13347307402349113e-24
0.0018074597477042232
0.0018527476248025522
4418829947803363e-20
0.11782906884949884
45839151176150916e-21
0.4062423224235252
0.004756515643202374
0.20269519402270392
0.0031019818664772135
0.0006738116365159635
0.0005694443822250493
4737346896980402e-20
0.4632337680312414
11919810527499639e-21
2253047051353886e-20
0.008335390935930118
0.0064145506106041104
21999713661867227e-24
8737874302199742e-20
0.0030601587226339972
0.1432804327921107
0.03072781766408804
0.0001001175753580652
0.023660900280366992
0
0
0.12030777930692248
0
0.42809096579379824
0.38675852236105984
0.40990606169435634
0.053052774056154516
0.03017084641955042
0.543361106422054
0.41080953634999545
0.5442458122835075
0.38988760725049093
0.26761972473513956
0.0007956925989708444
0.01624176911457568
0.15523411838404944
0.3386701092743202
0.14819989568106984
0.00030706715557932395
0.02739231168224065
0.3236555226776696
0.1221435593766475
0.18233531550168114
