0.6270621216057453
34.39440852792274
34.28363278962446
0
34.4722246482474
0.00014497059967928235
34.470755977384755
0
34.47286276156121
0
82.91575779225154
0
21.891988769261488
0
22.05838917495118
0
33.974523375189776
11.728940693814193
24.499680619154837
0.22955744290635338
17203526632708612e-33
1.8982608217737218
2.091661437658163
0.12318377128561388
0
0.12097535541765997
0.0010275521903472522
0.21510804074877762
0.0038352141814090544
2.067275060796343
1.8601114617397916
0.15853225947918761
0.029545088595825348
0.47798578981645035
0.31769904889202394
0.05931134325038111
6378890121720312e-22
0.11946381585899565
0.11916040980756538
0.0013249273226094602
0.0011774905486010726
0
0.39046897104115885
0
4.103586714777968
3.8018404326867365
4.342117683023262
0
5.748265148915302
0
0.27684172155295605
0.0437097797677648
29.37141748463611
35.97640894701277
18.317799448841942
89.17391502364323
60.99126361764969
0.1422590059459914
0.0033960083582063615
0.010769101160233495
18.396785460474643
32.872225086673204
0.4540448146073342
0.20469243499222223
0.12982086720208652
0.5845000686693436
16.68204005538362
0
16.633874246673223
0
13.801621858836825
0.0043346707481574705
0.004352698674482077
13.91904734198335
0.9292719327063619
1.3384577563737934
2.649115806329906
0
0.00014133118638495466
0.001112653788544731
0.06448306084023758
0.03261973408823955
0.003443752903687692
0.0015119078183363235
0.000876927676287996
0.0007558965348230896
1.7478508081482145
0.5073174127957477
0.09327137446419727
0.20952940290993774
0.0003209073886573638
0.06531127282294091
0.004822245143500778
0.027716091754010738
0.08995781499678146
0.22170331239554525
0.032547909629283056
0.0005420068733535306
0.049819431482930644
0.0015063527938568666
0
1.0624336576963298
0.5776566055650143
0.01636175977961971
0
0.6466261896792146
26885821236631932e-21
0.00831874325668588
0
0.0010163765724634807
0
0.20241989589982265
0.8066944054495061
0
0
0
0
0.07177556871962608
0.43657462830727006
0.03265382341788899
0.03894262326559341
0.4184657680574094
0.5282805196337899
0.2402253364450539
0.035895725666473074
0.0416896200533763
0.2074773327195563
0.0017948505693763724
0.8046996084290744
10543835917372063e-22
0.008012199807786141
0.3066328415255483
0.2429679138190222
1687108333084313e-20
0.00329630345819336
0.23893537011819516
0.22111415501180248
0.013259386030965459
0.020081734345496684
0.370446429381714
0.6426127933605812
0.269832224387956
0.1104325353236696
0.2648295794311425
1150707672232858e-21
0.27873917448716096
0.2788119485513298
0.49642006079195256
0.5591109821236296
0.00351939711112417
0.689578278925915
0.3895407259690251
10.32511060695234
1.9737337998252964
2.8615276855701315
0.12040959464075945
0.4250150489393326
3.2016863018706765
3.7291341145947428
0.7493291839297943
5.329210205765056
6.593472370892162
6.380420263607441
2.1948514445984117
2.836501270000516
0.49655549903121554
29.19223055276838
619.363911176754
5.631258120633233
6854.726350052919
1.1152341871449931
23.218734832740182
1.1759931824304837
45.25127194230429
1.3022110261800663
1.79145797116656
1.1152332446245907
0.9803071956089835
1.0784183507814402
4.47840755564975
0
0.0005583502556967979
3064867956698597e-24
0
0.011674472541852143
0.009563363706342894
0.01069451872475602
0.011670743818668786
0.009325901144005793
0.01332218003420757
0.015070469047989319
0.010392442228677287
0.010762456273886308
0.009879624960031069
0.009927098587448302
0.020392608913416082
0.00928611261278278
0.01070176185215099
0.010740713849035096
0.010273181974248796
0.008581013430189629
0.021276901759423227
0.03095151336058573
0.011576902066673016
0.011994609710565238
0.0019837149266816482
0.007468572855571265
0.016856782329617744
0.07556675825318085
0.04045654749779874
0.12115272520075503
9120258305204077e-20
0.009985914992634844
0.25807661577197966
5447390399076652e-21
0.07659562742853059
0.01125219815556744
0.0020476111635200343
5556896503479724e-21
12044239235267881e-22
0.10772772275084665
0.09302777186637198
0.004069296961771796
0.031201559488294017
0.01981802837059764
0.005860426945290354
0.012174057633707458
0.00048297656881435893
0.4243124762663564
15699130014461786e-25
0.06894611956812453
0.0004031079419224361
0.009671367594359954
0.011302291127771416
0.00015707149645043174
0.00017088664859856017
0.4853827630571524
0.0005201033795323417
0.060363365836069084
0.2810237102394601
12609155742914492e-22
25861686052771397e-22
0.00014473465337250087
1184036022959249e-20
0.0005946254822852303
15325704140270264e-21
14120535549927888e-23
10044044804208183e-22
19077131619786966e-21
0.07966450680916716
0.08032166773583184
4343882313707686e-20
0.0002937550839788832
0.017655361529569705
0.008191479082349646
0.09414774719464158
0.010619810567554856
27829173562361173e-21
0.14328808854992164
0.03920032869810774
8240524412122388e-22
0.29826618462206395
4571120546929949e-22
0.0034793198036994384
0.0010114346370818917
2299456595307155e-27
0.3961835643785283
0.4795847965139771
0.017964818850435823
0.3024149642663648
0.5341587919485609
0.008774181407910992
0.21653368649396942
20535640177142676e-26
5764804972356508e-21
0.0005097953568390511
9121004707696467e-20
0.14099964807772045
8473127819653083e-22
0.00012877625490799176
0.18360954646912425
0.0009389132657626615
0.011919242231238174
12229026545310727e-21
0.14914569582895448
0.10195023269250235
0.02310194889435558
2744821287826568e-20
0.00015345938572233674
1200668018814869e-22
0.01388679260187222
0.1716361006244531
83268018605159e-22
10255080646315414e-21
9138884272299159e-21
9650623186106496e-20
12087195598025173e-21
0.38741575760985203
0.17832317123451635
0.004556395106001424
0.0014714892139006202
0.04272107660592876
0.005483170669570661
6637613626964508e-20
0.028747998555224037
8323982138546696e-20
0.000743558569318552
0.08454815194346908
11001007504807194e-22
0.5077697511635642
0.5341587919485609
0.0018296205419529627
0.0004890696852497016
756307512566095e-23
0.0010196504114169812
10739431086481398e-24
0.010155065613953636
0.029909793836095502
0.0009042711207188858
0.00034124064011211325
0.00015050942634905584
26726023901666398e-22
0.006140755576224314
0.015409217169946345
0.022937892226034675
11069415069112862e-24
0.5320514247739629
0.07340888379736407
0
0
8178213657886036e-20
67130558167731e-18
10336386572743289e-22
7552914800630543e-22
0.0001770276701006834
0.010303727991885598
0.005403794658973214
15204233769881457e-24
0.00018229020681487752
73287539658095685e-22
0.05322362636181798
0.013091373315667267
0.1060962562969533
3845636466745848e-22
0.06125174389227732
0.007716351365428333
0.00012247111521649078
0.16040481570366985
0.0003027625867806993
16523107011768855e-29
8602567620167938e-20
37936349204289104e-22
0.0001247227947606532
0.018085580882674403
0.0034969711948381116
0.00015499890078459115
0.00014115582594838639
38186113442240595e-25
0.0006050759637774734
0.022508861357828914
13347307397383086e-24
0.0018073685846850792
0.001852651833628171
44188245046905054e-21
0.11741215501357476
4583909260195773e-20
0.39981096405282884
0.004755883214145983
0.20138254125155314
0.0031017131526954694
0.0006737989754615332
0.0005694353401326439
47373406408765936e-21
0.45418091713988773
1191980656687884e-20
22530456363169395e-21
0.008333444667452759
0.006413399304799195
21999713648375878e-24
873785301809801e-19
0.003059897212413047
0.1426529288663697
0.030701010986980422
0.00010011729593154322
0.0236450737727883
0
0
0.1198724016400006
0
0.4207430540486341
0.3810659450896542
0.40332780863991596
0.052971757732153624
0.030145011472021904
0.5288079736286194
0.40419465288587375
0.5296125436627226
0.3840810153887124
0.26520474416488377
0.0007956749420689052
0.016234344786627664
0.15449120532034274
0.33453105497576
0.14752620353752877
0.0003070645267261913
0.027371051920333005
0.31993263736495414
0.12169422705164562
0.18128961639204053
