0.6388562757729539
34.394900377821784
34.27460573435623
0
34.44150070718704
0.00014500201452950114
34.44064438126798
0
34.445038136057384
0
75.80717134436996
0
21.72508528641248
0
21.97721915385983
0
33.890402055255244
11.708583839056756
24.46483925360017
0.3447104105973348
17321142589997296e-33
2.781433058996455
2.095717841195093
0.1250397548350257
0
0.12184301368144651
0.0010527680395526163
0.20989410108672216
0.0038346706199899145
2.0168218022972786
1.8152897020548262
0.13932170343825512
0.026966432853992417
0.4636188030671737
0.2577584565191645
0.05442660264297446
3696307923290569e-22
0.12016955467856619
0.11980235440570558
0.002092436295828873
0.0015886058111473295
0
0.38293328908421653
0
4.685754828684203
4.021973647892795
4.338392355254329
0
5.736650843156792
0
0.4177581127516179
0.06541914618278392
29.367664833818203
35.97632588124142
18.2935866995772
89.10521203951353
60.990214959064296
0.21276614009016034
0.0035436107351710915
0.010780288806170393
18.34486855433379
32.8994951221248
0.43864925675691124
0.21410870235514037
0.1975718509637986
0.598801742598123
17.350963564357045
0
17.204792233749593
0
13.807982670323836
0.004557772280767669
0.00463378471497917
13.855107685338032
1.3504447522174279
1.3376145213850563
2.6425321240412387
0
0.00014862855902660117
0.0016684560355222512
0.06449470447100607
0.032625463925927245
0.003609776342842616
0.0011803983322987818
0.0006758283099375269
0.0007666526822327849
1.7537787859434888
0.5046051723153464
0.13464792355175625
0.20855221953075764
0.0004876885314985956
0.06772718677299419
0.00510917890629904
0.02597264712670693
0.08961650679835566
0.3291094831516894
0.03244028015531795
0.000499692828206356
0.06733884171372027
0.0015007756113241664
0
1.058270056325784
0.5753324199815364
0.017194989749465033
0
0.6322275176935925
3898147913703297e-20
0.012187321418885833
0
0.000997922367397748
0
0.20222293753915602
0.8028454815586687
0
0
0
0
0.0662150180101512
0.4359623452323904
0.03096034358576432
0.0373420988227125
0.41785210215798585
0.5213330911347759
0.24056304105478504
0.05422370673798539
0.041711522742383836
0.21024434724594765
0.0017460791016832079
0.7837364784016059
1054421102432009e-21
0.007959575529228106
0.3051682513110446
0.2372443450074426
13379295683765555e-21
0.003290787544599192
0.23329998334739513
0.22101015297889756
0.013372517960710699
0.02022713538093832
0.36554060960228596
0.6300919802920355
0.2702491077724275
0.11134804580339815
0.2641767264879825
9122882587066071e-22
0.27647565108301275
0.2765301511806919
0.49632491742136775
0.5587429977156841
0.0030578172307530933
0.8898366167801405
0.39279057228810704
10.347020397783808
1.9739176628406656
2.860707322063703
0.12014376724798145
0.42581387337281806
3.202118996845598
3.727398677522384
0.7482950041667332
5.338534121068512
6.604851051400056
6.347447743789676
2.1949368116198884
2.8407180386124646
0.498215983528849
29.240278358929114
619.3597500515433
5.631254974191967
6797.724736122944
1.1152340303597086
23.21872866279339
1.1758769958145505
45.2478353896261
1.3022870735465584
1.7914562256062048
1.1152330878049768
0.9787823494329799
1.0780201999071615
4.601586151458121
0
0.0005582791176949028
31129344922325967e-25
0
0.011556103951689479
0.009529651592671133
0.010608831467989526
0.011500605801322918
0.009252565994730236
0.013265265213615571
0.01487609638686812
0.010379142612103117
0.01061301127062087
0.009801749913581662
0.009879284521686816
0.020341223357192875
0.009221833955871643
0.01065897713454734
0.01065449351902144
0.01023813032159154
0.008464193403859616
0.021182507290357214
0.030745391225123982
0.011534211763862932
0.01193468420210261
0.0019836684579162996
0.0074679119090320266
0.01685339535117305
0.07549600361070631
0.04043673924121179
0.120964868251157
9120248494375608e-20
0.009984731533013883
0.25712172872891337
54473900490950036e-22
0.07652288152200536
0.011250694325788048
0.002047561651018442
5556896139285615e-21
12044239064177392e-22
0.10758063619053139
0.09291923054885054
0.004069101164719607
0.03118984815616148
0.019813338059178315
0.005860020397023141
0.012172296278094996
0.0004829738168091257
0.42117242116504244
1569913001417111e-24
0.06888748596091684
0.00040310602493934185
0.009670257735941701
0.011300773830682327
0.00015707120544309374
0.00017088630414619573
0.48080649978277973
0.000520100188093656
0.06031868186473796
0.2798660814405399
12609155555398135e-22
2586168526394549e-21
0.00014473440628493022
1184035857610914e-20
0.0005946213105733634
15325701370065907e-21
1412053552641158e-22
10044044685225333e-22
19077127327407597e-21
0.07958564813329039
0.08024146623093756
43438800881717024e-21
0.0002937540660513906
0.01765164415335754
0.008190683632697591
0.09403648880869594
0.010618471555451677
27829164428068418e-21
0.14302092707856406
0.039181746751533755
8240524332032679e-22
0.2969392058807183
45711205222858865e-23
0.003479176718021999
0.00101142256407437
22994565953070934e-28
0.39355496409840607
0.47516958881070415
0.017960969261435505
0.3010449304249653
0.5278958464776518
0.008773268430254682
0.21588622566472673
20535640177092934e-26
57648045804002565e-22
0.0005097922906698117
9120994895262049e-20
0.14074140168654137
8473127734978207e-22
0.00012877605930606683
0.18315671287618482
0.0009389028624610606
0.01191755410921845
12229024781492304e-21
0.14885494455437162
0.10181904442170576
0.023095562017922608
2744820399234665e-20
0.0001534591079460847
12006680171146186e-23
0.013884498303093106
0.1712442055982613
8326801859698148e-24
10255079405955487e-21
9138883287255178e-21
965061220101816e-19
12087193874882802e-21
0.3849317718484332
0.177897866285726
0.004556149554692788
0.0014714636528738744
0.04269895596274594
0.005482814862456216
6637608430491873e-20
0.02873807240036853
8323973966110544e-20
0.0007435520455604545
0.08445902705314609
11001007362071681e-22
0.5025044758251838
0.5278958464776518
0.0018295810159410706
0.0004890668633585049
756307512498632e-23
0.0010196381414146955
10739431085121118e-24
0.01015384159145958
0.029899041121974276
0.0009042614711434602
0.0003412392664485711
0.00015050915915006848
26726023059231747e-22
0.006140309125613255
0.015406389520067933
0.022931596400073476
11069415067667703e-24
0.5258780111554007
0.07334221115610456
0
0
8178205769180078e-20
6713050501501915e-20
10336386446733416e-22
7552914733348968e-22
0.00017702730044544135
0.010302467751687446
0.005403449095989906
1520423376715502e-23
0.00018228981485405766
7328753332335178e-21
0.05318905324787116
0.013089335343678898
0.10595375840902434
38456364493035656e-23
0.06120570748303909
0.007715645726444949
0.00012247093830046013
0.16006555803013703
0.0003027615054640101
16523107011768817e-29
860255889153564e-19
3793634750690984e-21
0.00012472261127922287
0.01808167906530198
0.0034968266520729653
0.00015499861740677124
0.00014115559092964385
3818611344052082e-24
0.0006050716441141877
0.022502800506879524
13347307395281953e-24
0.0018073300147965713
0.001852611305663822
441882220169957e-19
0.11723620227133381
45839067819111024e-21
0.397120589068469
0.004755615657345113
0.20082971740835917
0.003101599466314773
0.0006737936186133351
0.0005694315144467959
4737337993907876e-20
0.4504041003902344
11919804891131912e-21
225304503761198e-19
0.008332621333823413
0.006412912247008081
21999713642667667e-24
8737844012763622e-20
0.0030597865735946853
0.14238825864635796
0.03068967606498101
0.0001001171777058054
0.023638380730286748
0
0
0.11968866706766164
0
0.4176722329260241
0.37868269990253806
0.4005764166016559
0.0529375168059619
0.0301340873103878
0.5227684702085955
0.40142804792360404
0.5235402457866729
0.381650343491667
0.26418953288559555
0.0007956674715130366
0.016231204559045403
0.15417794855053268
0.33279507720187856
0.14724208571599218
0.0003070634144594568
0.02736206183683092
0.3183703973119024
0.12150461155567513
0.18084898629297194
