0.6412481041473971
34.397477498306856
34.273563745354586
0
34.43487675459794
0.00014500764133737362
34.43380927035113
0
34.43790461257045
0
74.05493844112057
0
21.67234931909807
0
21.95549342357514
0
33.87286057975038
11.70740468337522
24.460087724987254
0.3871141958636081
17347428935379794e-33
3.0942932745866343
2.097220801097444
0.12563617553631348
0
0.12207025794369149
0.0010604995929687033
0.20874464315054203
0.0038345399292820715
2.0056701193645985
1.8054065069204543
0.13466542692476746
0.02613053793162903
0.46044306987531103
0.24610131940592433
0.05277921600881923
31971384790447483e-23
0.12033986602404848
0.11995095195678843
0.0023890306107438248
0.001754152107152003
0
0.38217287865284455
0
4.779387321124271
4.088731736979629
4.337746566423222
0
5.734323080074245
0
0.4692131661104452
0.07338784008044946
29.366894980908025
35.97629620227673
18.28802883725868
89.08305314036839
60.989827037428135
0.2383689327675028
0.0035906649868835063
0.010784647600971918
18.32884207134067
32.914021918342335
0.4355532884479587
0.21750372886945193
0.22226265831790654
0.603064907625435
17.603962052174683
0
17.426568113197977
0
13.809623110549904
0.004633622753251802
0.004850775377595055
13.835302647784324
1.4965561983200777
1.3373455395757994
2.641198746951444
0
0.00015115108024106724
0.0018726466583710224
0.06451383715077828
0.03262800612059806
0.003668617549242992
0.0010826211225127601
0.0006176634231236949
0.0007700753819338249
1.7554706347250424
0.5041012691242808
0.14923746372233995
0.20830192405103137
0.0005484668236235842
0.06846359598637389
0.0051972683687072745
0.025518206820230527
0.08953885549566463
0.3675668970353999
0.03242473791959544
0.0004893255348232769
0.07306165081142238
0.0014989885086075152
0
1.057424209553497
0.5750734357827355
0.01748307614696863
0
0.6294842305459015
43241213093828304e-21
0.013549854467480896
0
0.0009923120840590641
0
0.20218297465028665
0.8020675278518836
0
0
0
0
0.06432274455276195
0.435852312769942
0.03049095326075829
0.03700856395126901
0.4177270536502269
0.520026652897234
0.24061993705238874
0.06086447131140676
0.041729073910778326
0.21137967295489882
0.0017363391738341347
0.7795477459728621
10544252198856614e-22
0.007951116983167557
0.3050641382206758
0.23602986630689515
12763864983576852e-21
0.0032908225267445214
0.23217058882474692
0.22098729903916395
0.013401374030368285
0.02026156318816117
0.36452380634393705
0.6275922329500185
0.27032729357073504
0.111558490910114
0.2641298587935736
8704861584551678e-22
0.2761176043820911
0.27616577703071477
0.49630901388077686
0.5586685087236061
0.0029071903370303086
0.9437051967425445
0.39355984599069294
10.354940016953485
1.973967790044116
2.8605858576776058
0.12009558370170142
0.4261024255599698
3.2022417442849984
3.727139623140753
0.7481104418003165
5.341808432940567
6.609391949403578
6.342444247831227
2.1949659885040997
2.8424561703857245
0.4986872025417139
29.261149611507896
619.3589061879652
5.631254336100853
6786.22287408144
1.1152339985640025
23.218727411542027
1.1758534348259173
45.247138496176156
1.3023035544457024
1.791455871163863
1.1152330560023074
0.9784721026207994
1.0779394737168329
4.6413384070321015
0
0.000558441270915755
31226846219539637e-25
0
0.011532693673310147
0.00952656610625506
0.01059578421679329
0.011470854981759777
0.009241325475993288
0.01325732300752852
0.014842855405190127
0.010379855529114513
0.0105870792432103
0.009790295613757417
0.009873528577599634
0.0203389607537299
0.009212548016953507
0.01065451381658085
0.010641294280796125
0.010235034624723794
0.00844580282014127
0.021171661200959955
0.030716224139616465
0.011530354488381595
0.011927346422509337
0.001983659034286245
0.00746777787766996
0.01685270856244107
0.07548166280762528
0.0404327233535987
0.12092680681806962
9120246504762584e-20
0.009984491547127161
0.2569285110779845
5447389978119502e-21
0.07650813724155588
0.011250389376948782
0.002047551610138669
555689606542786e-20
12044239029480617e-22
0.10755083186350506
0.09289723406011104
0.00406906145865957
0.031187473660086083
0.019812387009791193
0.00585993795337367
0.012171939110154656
0.00048297325871046477
0.42053846462486394
15699130014112158e-25
0.06887560127793682
0.0004031056361805229
0.009670032674643784
0.011300466151032867
0.00015707114642751508
0.00017088623429210287
0.4798837191073035
0.0005200995408793388
0.06030962408918037
0.2796318991149584
12609155517370235e-22
25861685103973332e-22
0.00014473435617616892
11840358240786403e-21
0.0005946204645629948
15325700808274652e-21
14120535521642525e-23
10044044661095878e-22
19077126456922672e-21
0.0795696652912805
0.0802252113126888
43438796368380664e-21
0.0002937538596183772
0.0176508903731507
0.008190522326688892
0.0940139418946466
0.010618200027350994
2782916257565442e-20
0.14296680810569976
0.03917797944829292
824052431579066e-21
0.2966708184090356
4571120517288126e-22
0.0034791477012808204
0.0010114201157127283
2299456595307081e-27
0.3930240205917628
0.4742791641341168
0.01796018867391573
0.3007678484871332
0.5266347190147463
0.008773083291992124
0.21575515834577458
20535640177082848e-26
5764804500912399e-21
0.000509791668859722
9120992905323342e-20
0.14068908760457902
8473127717806333e-22
0.0001287760196384654
0.18306501552429183
0.0009389007527085683
0.01191721179096818
1222902442379386e-20
0.14879605000361623
0.1017924603262818
0.023094266988881326
27448202190302277e-21
0.00015345905161373664
12006680167698116e-23
0.013884033070608105
0.171164839353325
832680185953231e-23
10255079154413256e-21
913888308749045e-20
965060997326807e-19
12087193525433371e-21
0.3844299707863011
0.1778117391754733
0.004556099759044567
0.0014714584692083494
0.042694471342379824
0.0054827427083764995
6637607376659215e-20
0.028736059816164408
832397230875955e-19
0.0007435507225637248
0.08444096418404719
11001007333125233e-22
0.5014433669487821
0.5266347190147463
0.0018295730002574407
0.0004890662910871985
7563075124849504e-24
0.0010196356531033833
1073943108484526e-23
0.010153593380399863
0.029896860966846447
0.000904259514243469
0.0003412389878733179
0.0001505091049627628
26726022888387865e-22
0.006140218590375717
0.015405816142215298
0.022930319831266286
11069415067374628e-24
0.5246348198163611
0.07332869747910625
0
0
8178204169368888e-20
671304942357719e-19
10336386421178898e-22
7552914719704414e-22
0.0001770272254802701
0.01030221219656288
0.005403379019276522
152042337666021e-22
0.00018228973536537325
7328753203867981e-21
0.05318204463635724
0.013088922086163008
0.1059248835031634
38456364457663095e-23
0.06119637562190778
0.00771550263229038
0.00012247090242231167
0.15999684488570853
0.00030276128617584856
16523107011768804e-29
86025571213894e-18
37936347162685075e-22
0.00012472257406962763
0.018080887888042362
0.003496797339848617
0.00015499855993843944
0.00014115554326841044
38186113440172065e-25
0.0006050707680997901
0.022501571578768472
13347307394855842e-24
0.0018073221930088926
0.0018526030867904364
4418821734658248e-20
0.11720055161643186
4583906279320616e-20
0.3965771989217317
0.0047555613992536095
0.20071779117878116
0.003101576411476474
0.000673792532261565
0.0005694307386093038
47373374571086566e-21
0.4496420092455184
11919804551294172e-21
2253044916195958e-20
0.00833245437350594
0.006412813477276856
2199971364151005e-23
8737842186502864e-20
0.003059764136774982
0.1423346440309235
0.03068737787832387
0.00010011715372990434
0.023637023627154984
0
0
0.11965144046380996
0
0.41705221600726095
0.3782012039518146
0.4000207336867071
0.052930575521773195
0.030131872397442524
0.5215521105403302
0.4008693003329824
0.5223173145063837
0.38115928787073355
0.26398412474411753
0.0007956659565093872
0.01623056780192435
0.15411449828049006
0.33244412496466974
0.14718453401947776
0.00030706318889471497
0.027360239027947795
0.3180545100802702
0.12146619400074048
0.18075975818554238
