0.6565368885814041
34.43863913638098
34.27974114170793
0
34.430169925457236
0.0001452435125003416
34.427252361801514
0
34.425096953960534
0
69.91186690514014
0
21.128150647471486
0
21.743090288680474
0
33.75279245801479
11.730005391481686
24.46245164927738
0.6955087251734239
1779578820023328e-32
5.183118275005733
2.113668053877278
0.1317510108269524
0
0.12435831640582352
0.0011402661558748554
0.20068080768547134
0.0038336647818604064
1.9276681193143876
1.7360540671800022
0.12738688312826854
0.023189329296237675
0.438435964675993
0.22592769765205786
0.04690649862738591
17081269524591327e-23
0.12192190208633344
0.12123584027923358
0.004842127377940311
0.0036122908803865187
0
0.38477897088917407
0
4.593167972389512
4.338945427793554
4.333993197154153
0
5.719816704163808
0
0.8384568967411271
0.13054593780442994
29.36194331616401
35.97606144612112
18.244693162976667
88.88180199925311
60.9880840880642
0.4184778399260578
0.004135585465868589
0.0108198497019003
18.216815945410794
33.098381989402014
0.415972761854949
0.2449881704939238
0.40090514322814796
0.6450005241120843
19.65200972599371
0
19.423093635972226
0
13.843934348178385
0.005237185338925316
0.005057298910433728
13.686427032447785
2.4407167749020138
1.3358116701885767
2.632689018668238
0
0.00017145565988321775
0.0033429068869729565
0.06480105877783855
0.03266156262726867
0.004145405332737364
0.0006201640948660045
0.00034873304515163156
0.0008047408769065434
1.7712654694331385
0.5014375796416168
0.2434072850493745
0.2061319874503272
0.000997304470268705
0.07141242090470663
0.005578327115116009
0.021799651581506683
0.08892401619544697
0.6297170964165271
0.03238332531242878
0.00040969829480521535
0.09958843458282324
0.0014804619963298827
0
1.0520096955241176
0.5754232303184538
0.01978797356891083
0
0.6138299598720266
7107427789470473e-20
0.022583203522549306
0
0.0009373167845281231
0
0.20192735494814149
0.797113908812236
0
0
0
0
0.05808294501240192
0.4353155480775098
0.02644224921888987
0.03460536341709118
0.41692302834412753
0.5126197011082324
0.24086352381404885
0.10813174628619207
0.04211015855758752
0.22485604159301206
0.001675694266062701
0.7534609233739837
10544244279443213e-22
0.007946226952711117
0.3064648065651484
0.227992849788603
9440831535367018e-21
0.0032949963615668543
0.22505491206126732
0.2208274588652643
0.013648502106472478
0.020532034736718285
0.35779484513471455
0.611894279923037
0.2707776172363132
0.11314926234202667
0.2646789739303491
6462223218188905e-22
0.2748179934995802
0.27483556513403445
0.49626744887492485
0.5581937018300472
0.0017325018964890052
0.9585409491143271
0.3993271999637312
10.440551308950944
1.974491494723812
2.8605137280397854
0.11985470351840607
0.4292178888824528
3.203580595330122
3.726939542553993
0.7472272518869051
5.375696694340016
6.659986143916829
6.326761919254522
2.1953383605426913
2.86134178134353
0.5030159427212945
29.48463416664525
619.3535121624137
5.631250257366148
6713.1603135583455
1.1152337953229794
23.21871941343116
1.1757028419973627
45.24268414345585
1.3024168977761559
1.791453602084374
1.1152328527167787
0.9764814151023364
1.0774236073280816
5.088246245629558
0
0.0005613706339860147
3185154113209838e-24
0
0.01139196955168181
0.009543146392116748
0.010553600129222226
0.011324658816897324
0.00920413942467562
0.01324044974258003
0.014688225003513015
0.010416628975196395
0.010461756206080737
0.009758969027030696
0.009874561168821076
0.020403323427937974
0.009188972042669127
0.010666506803454621
0.010597597154383123
0.01025389215448897
0.008382205198430966
0.021181870830648365
0.03065114402091933
0.011551719598935094
0.01192664149131097
0.0019835987986437957
0.007466921193847834
0.01684831920758476
0.07539005942660217
0.040407062855693704
0.12068379745527004
9120233786985498e-20
0.009982957671788594
0.255696871979965
54473895244376656e-22
0.07641395755468756
0.01124844031151151
0.0020474874290855208
555689559332239e-20
12044238807695714e-22
0.1073605148746626
0.09275675347343969
0.004068807663067262
0.03117229993550565
0.019806308894067783
0.005859410993472631
0.012169656307794461
0.0004829696913083183
0.4165086403211581
15699130013735366e-25
0.06879968172998209
0.00040310315120766367
0.0096685941861094
0.01129849963264051
0.00015707076919509468
0.00017088578777906498
0.47402691856633505
0.0005200954038456071
0.06025175809011103
0.2781396069856533
12609155274292426e-22
2586168408141688e-21
0.00014473403587682076
11840356097373204e-21
0.0005946150568162373
15325697217254352e-21
14120535491158288e-23
10044044506858173e-22
1907712089270484e-20
0.07946757731680378
0.08012138616390203
43438767518735436e-21
0.00029375254008321365
0.017646072901950968
0.008189491319064527
0.09386994763480644
0.010616464559075868
27829150734858596e-21
0.1426213581972177
0.039153907059687215
8240524211970219e-22
0.29496098307655233
4571120485341973e-22
0.003478962229350357
0.0010114044657025315
22994565953069993e-28
0.38964706322126225
0.46862677699378275
0.0179551998889377
0.2990027307063289
0.5186443514668109
0.00877189996368363
0.21491924201706897
2053564017701841e-25
5764803992818812e-21
0.0005097876942110123
9120980185464467e-20
0.14035515033436047
8473127608042152e-22
0.00012877576607983913
0.1824799613419272
0.0009388872670908207
0.011915023893879105
12229022137353133e-21
0.14842014080172333
0.10162269627593737
0.023085990760911793
27448190671473607e-21
0.00015345869153273443
12006680145657752e-23
0.0138810596305331
0.1706583914086952
8326801858472268e-24
10255077546532591e-21
9138881810576256e-21
9650595733299106e-20
1208719129172108e-20
0.3812378312806814
0.17726219111959177
0.004555781473591227
0.0014714253351784366
0.042665816367087786
0.005482281515371764
6637600640468997e-20
0.02872319852442528
8323961714829106e-20
0.0007435422659039565
0.08432559591313209
11001007148096952e-22
0.49471339919104657
0.5186443514668109
0.001829521764108567
0.000489062633092798
7563075123974982e-24
0.0010196197477347023
10739431083081921e-24
0.010152006936080732
0.02988292897231748
0.0009042470056608561
0.0003412372072003447
0.00015050875859303907
267260217963383e-20
0.006139639912442449
0.015402151562967792
0.022922161566154446
11069415065501276e-24
0.5167573673257839
0.07324237563413603
0
0
8178193943237706e-20
6713042533388431e-20
10336386257832045e-22
7552914632487167e-22
0.00017702674629682997
0.010300578814729221
0.0054029311040239255
15204233763067838e-24
0.00018228922726729434
7328752382694022e-21
0.053137266767525136
0.013086280814781444
0.10574049829954105
38456364231558523e-23
0.06113675912225639
0.00771458802413991
0.00012247067308617286
0.15955832056810867
0.000302759884469735
16523107011768746e-29
8602545806462298e-20
3793634496236922e-21
0.00012472233622277398
0.01807583142887995
0.0034966099792504562
0.00015499819259614096
0.00014115523861385365
3818611343794264e-24
0.0006050651685660783
0.022493717744004056
13347307392132122e-24
0.0018072721962306374
0.0018525505518659196
44188187492888285e-21
0.11697292537492514
45839030667178384e-21
0.3931213229045758
0.004755214591224514
0.20000382079120874
0.003101429046902598
0.0006737855882436594
0.0005694257794104884
47373340258406745e-21
0.4448010252218875
11919802379020662e-21
22530441400938613e-21
0.008331387227009834
0.006412182168113299
21999713634110453e-24
8737830512887058e-20
0.0030596207224704098
0.1419924111613495
0.030672691725630856
0.00010011700047390048
0.023628350741081376
0
0
0.11941375802280532
0
0.4131106981832435
0.37513786910281827
0.396486924269379
0.05288622769993709
0.030117718318241237
0.5138436144227515
0.397316063041837
0.5145674331507224
0.3780353083412016
0.262674905074037
0.0007956562725364672
0.01622649818264112
0.15370953484381347
0.33020953358517807
0.14681718942218414
0.0003070617470682913
0.027348590336382657
0.31604272175675
0.12122091231054345
0.1801904431702985
