0.6893658046691815
34.51589848579532
34.337014973704605
0
34.49461970003363
0.00014615480933458916
34.491569304756034
0
34.48840036214261
0
69.30266729337038
0
19.71837298548734
0
20.87349676324507
0
33.373217783671876
11.818883194828512
24.50507991100768
1.0926717413547005
19381078302497873e-33
7.467124506988036
2.1483150453866187
0.14930885746467562
0
0.13496278212980353
0.0014297623284740756
0.1814594035667476
0.0038320323212604544
1.7424257253006166
1.5706144065110144
0.1338708065226052
0.02379394692772898
0.38803571371881224
0.2361460430298034
0.04804567946946183
11442491151777819e-23
0.13032299616730936
0.12836412142935336
0.008797396090626741
0.007975938480315154
0
0.39833648925450404
0
4.677500818504635
4.4458499625547665
4.324925213944909
0
5.690862816770063
0
1.3094214781359395
0.20114650516067742
29.351393294217953
35.97567250255703
18.128626260459004
88.38563799446129
60.98695847114144
0.6346697446322297
0.006277403423887252
0.010876373329269141
18.073248938603218
33.5946208886075
0.374603208960203
0.28377031190828417
0.6367518037986659
0.7681499443612151
22.254877776338738
0
22.16342192274077
0
13.960220255732468
0.0060994451081373465
0.006100528708081313
13.434082958436907
3.429923464173551
1.3339973178842854
2.614499376933581
0
0.00020001865466003443
0.005181159040146393
0.06524691125141567
0.032718144319929775
0.004842848814930513
0.00043209054410782893
0.0002436917704070209
0.0009020724214607904
1.8046613668140206
0.49806468986441654
0.3268624085727523
0.20004965482737064
0.00158715277761306
0.07318496930713503
0.00590775139173616
0.014240028699830825
0.08663369128140581
0.9103033542148695
0.03215075143788032
0.0002537393664057975
0.09038830322016377
0.001423670154465002
0
1.040389069491131
0.5777069424013168
0.023063623845253584
0
0.588013947589632
9939993080822993e-20
0.032356354602027695
0
0.0008096767627130337
0
0.20137799573783702
0.7865388743411768
0
0
0
0
0.06152232038130079
0.43506948891031455
0.017805693984687898
0.02787193739451186
0.4151685398971669
0.4972317520801163
0.24101769484090482
0.16830425265703364
0.04381648014583949
0.2684120506264873
0.001558148041201559
0.7027851327378299
1054273867056622e-21
0.008101763249011873
0.3139348951975892
0.20817956596381004
4899157960169357e-21
0.00329299981450698
0.210336687916366
0.22040655418706012
0.014201474544258734
0.02109670907640535
0.3426256880342875
0.5796439870984593
0.2714710072170707
0.11639830219835279
0.26573793184894
33836091870801135e-23
0.2718172192466908
0.2718678211704253
0.49632640221980945
0.5571838582406825
0.0007361752246934477
0.6024066703766422
0.4099041636568931
10.621783867192983
1.9768494430026653
2.864743706351875
0.11970156503725515
0.4357936567804509
3.209823267408209
3.7355806612283082
0.7469448247027848
5.43097204885316
6.748944408657163
6.281251662516842
2.1972645834495683
2.8849198028140557
0.5124091810077274
29.87967958358348
619.3419299737749
5.631241499293366
6558.92339129411
1.1152333589128383
23.218702239458356
1.1753795459859784
45.233120994756874
1.302682414501835
1.7914487108333705
1.115232416211066
0.972167233157409
1.0763167445963706
6.659328404521557
0
0.0005703350608345408
33208197131994422e-25
0
0.011142373594775214
0.00954401789233674
0.010429586782761865
0.010978362499513667
0.009095023717966786
0.013162675744511852
0.014315245203844267
0.010438349938401908
0.010161482361191645
0.009674432741010682
0.009843905315305573
0.020474571112651156
0.009108254641536973
0.01065733376430063
0.01046892341337955
0.010260597299361456
0.008312088645547392
0.021131298396491676
0.030424930459366294
0.011562810494080616
0.011885980456747597
0.0019834694635505884
0.007465082007440144
0.016838898006755375
0.07519373908659006
0.04035201824236009
0.1201636432563045
9120206478737258e-20
0.009979664846757889
0.25307214229585373
5447388550267286e-21
0.0762121213185715
0.011244256312239659
0.002047349622807366
5556894579591775e-21
12044238331466985e-22
0.10695299299236663
0.09245582326096377
0.004068262752745152
0.031139743022957404
0.01979326393070547
0.005858279636399737
0.012164755995962975
0.00048296203127589564
0.40798558508573
15699130012926266e-25
0.06863694576150324
0.00040309781538947284
0.009665506107680806
0.011294278172803375
0.0001570699591840225
0.0001708848290057338
0.46169127818416245
0.0005200865206911735
0.06012769258138131
0.27496213016228177
12609154752342448e-22
25861681885727685e-22
0.00014473334811489626
1184035149492019e-20
0.0005946034451721192
1532568950642154e-20
1412053542570085e-22
10044044175670552e-22
1907710894491675e-20
0.07924881077954374
0.07989890091288962
4343870557126038e-20
0.0002937497067250002
0.017635733006030965
0.008187277921479537
0.09356150004810321
0.010612739024841654
2782912530966977e-20
0.1418824070729587
0.03910226747379112
8240523989041279e-22
0.2913227556246475
45711204167454653e-23
0.0034785640072621973
0.0010113708619609225
22994565953068277e-28
0.38249359639359654
0.4567162470308017
0.017944492378197046
0.29524749719557375
0.5018942674472534
0.008769359595556782
0.21313524377926116
20535640176879987e-26
5764802901812566e-21
0.0005097791597321174
912095287274611e-19
0.13964077776318018
847312737235047e-21
0.0001287752216265434
0.18123001110128492
0.0009388583106875877
0.011910327278475696
12229017227783705e-21
0.14761617378394604
0.10125912565846047
0.02306822961093953
27448165937629528e-21
0.0001534579183499213
12006680098331451e-23
0.013874677048552272
0.1695759762697339
8326801856196052e-24
10255074094003933e-21
9138879068716694e-21
9650565156528088e-20
1208718649537298e-20
0.3744727737119148
0.17608790362744164
0.004555098108747142
0.0014713541904940116
0.04260435180168007
0.005481291347549589
6637586176175175e-20
0.028695601500752958
8323938967006441e-20
0.0007435241076254876
0.0840784031637289
1100100675079405e-21
0.4805660813374857
0.5018942674472534
0.0018294117518891115
0.0004890547785391336
7563075122097163e-24
0.001019585595693468
10739431079295596e-24
0.010148601273376683
0.02985303536345328
0.0009042201471311963
0.00034123338367311507
0.00015050801485167316
26726019451429692e-22
0.006138397527732479
0.015394285722674761
0.022904653498511913
11069415061478705e-24
0.5002398443867275
0.07305736384434579
0
0
8178171985171428e-20
6713027738421299e-20
1033638590708478e-21
7552914445209527e-22
0.0001770257173722605
0.010297072402703937
0.005401969441296143
1520423375547881e-23
0.00018228813625603013
7328750619424592e-21
0.053041244625281314
0.013080611132908964
0.10534566008535898
38456363746054236e-23
0.06100894347519738
0.007712624493708566
0.00012247018064449427
0.15862075412259163
0.00030275687467145256
1652310701176866e-28
8602521510480809e-20
37936340237730894e-22
0.0001247218255065032
0.018064978700192445
0.003496207702223264
0.0001549974038215611
0.00014115458444510952
3818611343315559e-24
0.0006050531451154166
0.02247686282087357
13347307386283612e-24
0.0018071648450808408
0.0018524377510297514
4418812338946761e-20
0.11648564654862643
45838961684486436e-21
0.38580209675096694
0.00475446999146941
0.19847931419966683
0.0031011126412690323
0.0006737706779095455
0.0005694151308928593
4737326658042355e-20
0.4345815849067737
11919797714597236e-21
2253042473605796e-20
0.008329096253335553
0.006410826796461075
21999713618221684e-24
8737805446711933e-20
0.003059312798126484
0.14126032789640225
0.030641180557914947
0.00010011667139500001
0.02360973859589741
0
0
0.11890498741483566
0
0.4047726702208611
0.3686436890138218
0.38900406336146764
0.052791127137410965
0.030087348365237482
0.49767430445756417
0.3897924184458034
0.4983128044722148
0.3714135729349653
0.2598855750254987
0.0007956354789771793
0.016217763120620943
0.1528435671578535
0.32546191920153117
0.14603150193115907
0.00030705865112242787
0.027323594382441075
0.3117657936204601
0.12069590235975514
0.17897403029581782
