0.694583833133547
34.518023001956
34.34313677343035
0
34.50109491848608
0.00014627561546572568
34.498238436044666
0
34.49571323939779
0
69.28941189536
0
19.540236391218784
0
20.705678056454374
0
33.289215845530926
11.82426050200991
24.499866492900747
1.1279223523895936
1960186723500657e-32
7.646597710830294
2.151375853039397
0.15180340668010425
0
0.13709601711872305
0.0014823208299304792
0.17833285986649025
0.003831806892357825
1.7123174952109363
1.543687261743395
0.13402793376771288
0.02381384934359686
0.3800731303863123
0.23636663338238803
0.048115852799584004
11147363282807099e-23
0.13222678720636907
0.13011398330150525
0.009206288220017466
0.008470282061025064
0
0.3985222278056108
0
4.685514642429492
4.4636126397071045
4.323318043524729
0
5.686407804716323
0
1.3511153477052378
0.20724264072352033
29.349730418175213
35.975630429484006
18.110280887806457
88.31387286284783
60.98695953920644
0.6524813981077404
0.00665757637159917
0.010882133126439162
18.060301159450425
33.64642233804439
0.3680478887680707
0.2875525965097537
0.6586150533726367
0.7865104613915841
22.46600291834883
0
22.38688304516662
0
13.975372626112762
0.006186451041568788
0.006203079824920612
13.40462047037201
3.5080804566911024
1.3337801848804036
2.611619258399195
0
0.00020269266801005003
0.0053422139021914675
0.0652369220610632
0.03271794941744519
0.0049146990752123275
0.0004217299556639463
0.00023812079689966055
0.0009157741663142504
1.8081609689076743
0.49768662625586174
0.33036459114568895
0.19910770888709636
0.0016400482555256784
0.07338688729171591
0.005953604689912959
0.013359932987112674
0.08619670729936854
0.9292807670819
0.03207657630848307
0.00023551513123821994
0.08679305531656001
0.0014150462036137872
0
1.038543441062813
0.5774368761638112
0.023387439440966582
0
0.5844608751054475
0.00010138621853656373
0.033121929610115494
0
0.0007947433820828035
0
0.20129066119455222
0.7848654855966055
0
0
0
0
0.061814436994227714
0.4350847941530777
0.016782633149527416
0.02674356990516295
0.41488610831811423
0.4945881871237505
0.2410321150436331
0.17374017163342256
0.044088974421934324
0.2749132930392939
0.0015411904921813374
0.6954525820798443
10542326703116028e-22
0.008126990232412794
0.3149400944734101
0.20472640941126374
4409037414398796e-21
0.003290858819560047
0.20806023318270706
0.22033022138259134
0.014269549405701189
0.02116591014541065
0.34018227501829984
0.5746935426947828
0.2715491154692915
0.11680628488133087
0.26560151920656666
3047322320479934e-22
0.27098124154732356
0.27103786726103063
0.4963282488048512
0.5570246113202535
0.000700722766664856
0.5892123708845569
0.4111468093178703
10.638120213734537
1.9772926084308569
2.865679257535958
0.1196990473867712
0.4363852265843107
3.2110031641150263
3.73750066624886
0.7469968360884549
5.4332456937927045
6.753026253563981
6.267122555602926
2.1976296162153783
2.8843553462770664
0.513473635800428
29.90806552424467
619.3400890499101
5.631240107233033
6534.736544502925
1.1152332895471602
23.218699509723375
1.1753281675318072
45.231601155677
1.302724872941235
1.7914479311851725
1.1152323468301957
0.9714770773416271
1.0761409178165353
6.915600075294347
0
0.0005714261796609496
33425682814609856e-25
0
0.01110567138227167
0.009527282204421053
0.010392083560053826
0.010905637104250066
0.009062516625277654
0.0131339004636922
0.014232560324679079
0.010423234379174277
0.010097269534989555
0.009645152857471818
0.009822134870445216
0.020450579641745865
0.009079755431061702
0.01063778178453429
0.010430701061672215
0.010244288481731556
0.008293468095323794
0.02108729413388569
0.030337541170454924
0.01154461306611929
0.011859057664409886
0.0019834489070175375
0.007464789717645068
0.016837401028840966
0.07516258185375921
0.04034327602436636
0.12008117351017016
9120202138204996e-20
0.009979141565079072
0.2526574404737433
5447388395426711e-21
0.07618008937373508
0.011243591425193815
0.0020473277198899973
5556894418463257e-21
12044238255772277e-22
0.10688836160243431
0.09240808157928622
0.004068176148091623
0.031134571361163016
0.019791191276031333
0.00585809983171659
0.012163977292227287
0.0004829608137547396
0.40664703550974546
15699130012797652e-25
0.06861111498999156
0.00040309696728844013
0.00966501536048346
0.011293607333478463
0.0001570698304362993
0.00017088467661293915
0.45976036122383185
0.0005200851087623179
0.06010799639479734
0.27446043672543785
12609154669380537e-22
2586168153673146e-21
0.00014473323879811567
11840350763378358e-21
0.0005946015995673564
15325688280815022e-21
1412053541529664e-22
1004404412302957e-21
1907710704586302e-20
0.07921409420219158
0.07986359469561728
4343869572495842e-20
0.00029374925637625475
0.017634090077944684
0.008186926165649788
0.09351256694166574
0.01061214698609915
27829121268437086e-21
0.14176530681943406
0.039094065837854686
8240523953607588e-22
0.29074862121621925
45711204058423196e-23
0.0034785007156094313
0.0010113655208797909
22994565953067998e-28
0.38136873955323713
0.4548511972992575
0.017942791049254923
0.29465497674647073
0.4992821897482669
0.008768955881695368
0.21285305133220117
20535640176857987e-26
5764802728401387e-21
0.0005097778032230673
9120948531503343e-20
0.1395275663934901
8473127334888193e-22
0.0001287751350880227
0.18103212648756078
0.0009388537082622274
0.011909580940265486
12229016447426931e-21
0.14748878807865395
0.101201457447576
0.0230654078041056
27448162006283313e-21
0.00015345779545588065
12006680090809119e-23
0.013873662832322466
0.1694045640522557
8326801855834255e-24
10255073545238045e-21
913887863290886e-20
9650560296478243e-20
12087185733012291e-21
0.3734086064136515
0.17590197303437238
0.004554989500005925
0.0014713428826401058
0.04259459040702264
0.005481133980699886
663758387713486e-19
0.02869121750405125
8323935351334274e-20
0.0007435212214786286
0.08403917963442104
11001006687644294e-22
0.47835498594820824
0.4992821897482669
0.0018293942664842266
0.0004890535301000122
7563075121798693e-24
0.001019580167464772
10739431078693776e-24
0.010148060061781065
0.029848286645757185
0.0009042158781459013
0.00034123277594228646
0.0001505078966372157
2672601907871561e-21
0.006138200078674066
0.015393035848013378
0.022901871891250807
1106941506083933e-23
0.4976635186685301
0.07302800001550198
0
0
817816849502767e-19
6713025386821847e-20
1033638585133487e-21
755291441544248e-21
0.00017702555382925487
0.010296515182105472
0.005401816604513678
1520423375427256e-23
0.00018228796284463657
7328750339159817e-21
0.05302599826936547
0.013079710185313124
0.10528303802392107
38456363668885225e-23
0.0609886523020144
0.00771231244422101
0.00012247010237298808
0.1584722398428702
0.0003027563962784835
16523107011768643e-29
8602517648735415e-20
3793633948676808e-21
0.0001247217443303319
0.018063254301454116
0.0034961437661180338
0.00015499727844928076
0.00014115448046781245
3818611343239472e-24
0.000605051234056727
0.02247418495993073
13347307385354019e-24
0.0018071477826206454
0.0018524198224084095
4418811320048691e-20
0.11640838265590824
4583895071996554e-20
0.3846513515628424
0.004754351650975159
0.19823807239943045
0.0031010623527979986
0.0006737683080003494
0.0005694134383707601
4737325486960538e-20
0.4329790111937826
11919796973205452e-21
22530422087241162e-21
0.008328732170013191
0.0064106113917999485
2199971361569623e-23
8737801462547561e-20
0.003059263857604656
0.14114431426129306
0.03063617496296032
0.00010011661908928896
0.023606781618482873
0
0
0.11882432019703733
0
0.40346296207275784
0.3676218697991629
0.38782776853908424
0.05277602703196024
0.030082524000835244
0.49515153862889116
0.3886097567970591
0.49577691231350646
0.37037180977711076
0.25944495815579155
0.0007956321739718965
0.016216375149671267
0.15270637502649426
0.3247136168941183
0.14590700780718546
0.0003070581590367552
0.027319623477571667
0.31109134379698095
0.12061266375671491
0.17878144397237333
