0.6998018615979125
34.517573491576854
34.34734036352526
0
34.50532903612825
0.00014638261715332855
34.502682825986355
0
34.50086089935971
0
69.27818450318794
0
19.377508091866193
0
20.53532356792802
0
33.19786032529646
11.825796224597186
24.489127817321904
1.1583686961581272
1980143163411857e-32
7.797733834943513
2.1538186446862904
0.15414909744844335
0
0.13926777444343436
0.001535224627589731
0.17520606069001896
0.0038315888595909595
1.6822081650652685
1.5167532221952726
0.13388759513768353
0.023778707262709208
0.3721691891546235
0.23605447356357392
0.048095962299069844
10904898287190964e-23
0.13421815303221035
0.13198267120226867
0.009572720989447815
0.008913143398212305
0
0.3979951191580521
0
4.689071698716217
4.479598334046028
4.321676569767885
0
5.68195904866481
0
1.3871344948753193
0.21249469145203798
29.348070526088847
35.97559253434433
18.092335179701976
88.2453952849028
60.986989833069764
0.6675460950404969
0.007035100419602291
0.010887215069102146
18.04883986863747
33.68915434375288
0.3614911739509491
0.29094116895496175
0.6777698897671522
0.8040294401891951
22.644592221922885
0
22.575717409064797
0
13.989542137281898
0.006265512188961778
0.006272407959040041
13.377353317305797
3.574518545529302
1.3335811335151786
2.608742253549149
0
0.00020505498358178485
0.0054815629754693855
0.06520807372524626
0.03271526867201303
0.004980273740774038
0.00041299984696538264
0.0002334538413549665
0.0009286569278927308
1.8111970055189535
0.4973316154384024
0.33234938788169455
0.19819376927399798
0.001686157368874343
0.07354762560080969
0.005994668611290157
0.012565372616796125
0.08575617802060452
0.9441935941853219
0.031995038303347656
0.00021901650749006236
0.08326216788104267
0.0014067829910436045
0
1.0366980909100199
0.5769686831283194
0.023679436339831748
0
0.5809977982833868
0.00010298913196744141
0.033767102455298445
0
0.0007812951549372043
0
0.20120333631280715
0.7831942962411097
0
0
0
0
0.06195121069711063
0.4351021685191693
0.015857070105052433
0.02563174355848431
0.41460271276695787
0.49190115882131086
0.24104778597950188
0.1784802793715766
0.0443496063077321
0.28107572588159097
0.0015246879232428344
0.688310208227725
10541870634120624e-22
0.008150143993379676
0.31583273301364523
0.2012232085687217
3966943942511917e-21
0.0032883343319898587
0.20579952939623583
0.22025136913305324
0.014332058198424097
0.02122986733396009
0.3377356344930844
0.5697908046750813
0.2716189356912571
0.11718828871758818
0.2653891010154381
27432408255194945e-23
0.27005779530827506
0.27011978931517605
0.49632454283569966
0.5568656855477775
0.0006746634838855584
0.5805090670986335
0.41230081556064746
10.651279300709128
1.9777335388132746
2.8666138625908313
0.1196973592510273
0.4368616419991688
3.2121773019613307
3.739419444204866
0.7470525355653623
5.434113759947766
6.754777278064281
6.251419421830986
2.1979901022143347
2.8830160664957227
0.5144302478801998
29.928991424453873
619.3382481315172
5.631238715173045
6510.638889721283
1.1152332201814865
23.21869677998872
1.1752767913235023
45.23008136766393
1.3027670165255243
1.7914471509702656
1.1152322774493304
0.970785818127796
1.0759651197552869
7.164636906517272
0
0.0005723920400499561
33643560296687415e-25
0
0.011068948901539045
0.009506684545951022
0.01035060301201187
0.010829153131979364
0.009026618071072903
0.013101555784219792
0.014144795301528184
0.010404098925645049
0.010029549065018593
0.009612204706835365
0.009796533151085668
0.020418501438053592
0.009047734397564318
0.010614118099016096
0.010388527365249806
0.010224021634169921
0.008272680640482232
0.021035166415548756
0.03023841054302429
0.011521814405764278
0.011827501645388438
0.0019834283506975324
0.007464497439294385
0.016835904184007888
0.07513143753122073
0.040334535700364035
0.11999876036400932
9120197797674802e-20
0.009978618310838426
0.25224341821122276
544738824058614e-20
0.07614807089192097
0.011242926577463582
0.00204730581720695
5556894257334741e-21
1204423818007757e-21
0.10682376926906739
0.09236036455011933
0.004068089545281721
0.031129400558273772
0.019789118838395552
0.00585792003255208
0.01216319863833884
0.0004829595962366528
0.40531287754717277
1569913001266904e-24
0.06858529393961112
0.0004030961191891918
0.009664524638202842
0.011292936533998982
0.0001570697016886817
0.0001708845242202804
0.45783751987697696
0.0005200836968372955
0.060088306660145085
0.2739596586739397
12609154586418625e-22
25861681187735233e-22
0.00014473312948141766
11840350031836573e-21
0.0005945997539683223
15325687055208607e-21
14120535404892434e-23
10044044070388588e-22
19077105146809473e-21
0.07917939283315273
0.0798283040796732
43438685878658684e-21
0.0002937488060281998
0.01763244730291202
0.008186574424932773
0.09346365942747403
0.010611554980383922
27829117227204985e-21
0.14164830321263017
0.039085865922197816
8240523918173898e-22
0.2901756183030572
4571120394939174e-22
0.0034784374251082416
0.0010113601798268656
22994565953067715e-28
0.38024719074972657
0.4529937636981305
0.01794108988161689
0.29406364540307034
0.49668370644624416
0.008768552186419677
0.21257123250977397
20535640176835986e-26
5764802554990213e-21
0.0005097764467176267
9120944190262642e-20
0.13941444680797963
8473127297425914e-22
0.00012877504854956015
0.18083445794357095
0.0009388491058594288
0.011908834648823155
12229015667070207e-21
0.1473615123011394
0.10114382207938617
0.023062586342447438
27448158074937663e-21
0.00015345767256193842
12006680083286788e-23
0.01387264869023021
0.1692333251031198
8326801855472458e-24
10255072996472185e-21
9138878197101051e-21
9650555436430844e-20
12087184970651647e-21
0.37234746323921825
0.17571623876475706
0.004554880893854304
0.0014713315748731046
0.042584831248869755
0.0054809766183681555
6637581578095342e-20
0.02868683417711864
8323931735663679e-20
0.0007435183353429729
0.08399997440333476
1100100662449454e-21
0.4761540638587335
0.49668370644624416
0.0018293767812464666
0.0004890522816640775
7563075121500224e-24
0.0010195747392649755
10739431078091954e-24
0.010147518879047553
0.02984353868343887
0.0009042116091807608
0.00034123216821254027
0.00015050777842285108
26726018706001544e-22
0.0061380026359668435
0.015391786074830348
0.02289909062179612
11069415060199955e-24
0.4951004614939737
0.07299864798881472
0
0
81781650048854e-18
671302303522322e-19
10336385795584956e-22
7552914385675432e-22
0.00017702539028640037
0.010295957991660706
0.005401663772055391
15204233753066308e-24
0.00018228778943340794
7328750058895053e-21
0.05301075629591406
0.013078809299771461
0.10522045318777153
38456363591716214e-23
0.06096836787754211
0.007712000407358841
0.00012247002410153193
0.15832386461488515
0.0003027559178862704
16523107011768625e-29
8602513786991754e-20
37936338735805262e-22
0.0001247216631542135
0.018061530067318855
0.003496079831182021
0.0001549971530771018
0.00014115437649059198
3818611343163386e-24
0.0006050493230040735
0.022471507418024374
13347307384424426e-24
0.0018071307203215464
0.001852401893960588
44188103011508555e-21
0.1163311700116425
4583893975544727e-20
0.38350403874198363
0.004754233313426446
0.19799712381668336
0.0031010120651424567
0.0006737659380994894
0.0005694117458536917
4737324315879011e-20
0.4313823471709274
11919796231813713e-21
22530419438424676e-21
0.00832836810260572
0.0064103959943764485
21999713613170777e-24
8737797478385006e-20
0.0030592149178657406
0.14102839590533076
0.03063117018572813
0.00010011656678360524
0.023603825011411922
0
0
0.11874370770528683
0
0.4021574916994833
0.3666028828980323
0.38665503067057216
0.05276093124566687
0.030077700409997087
0.4926415609778863
0.38743068343918247
0.49325392519954686
0.36933296861930187
0.2590050883195658
0.0007956288689803424
0.01621498729750883
0.15256930603856367
0.32396703508397484
0.14578261981638652
0.0003070576669518712
0.02731565314978906
0.3104183530256933
0.12052948255964209
0.17858906488286053
