0.7039762843694048
34.51551640719959
34.349255949738826
0
34.50704638782005
0.00014645784244425784
34.50457129317478
0
34.50333023974753
0
69.26907569609408
0
19.257914602117786
0
20.39832009416055
0
33.11947744150028
11.824138034573087
24.476296289590174
1.1797885935049472
1994460351810394e-32
7.901678331041475
2.1553711800449276
0.15591647636147438
0
0.14101544356298357
0.0015775164394245574
0.1727072417452752
0.0038314192410399753
1.6581463628157485
1.495225188288573
0.13357011056770585
0.023711590703434
0.36589405917806866
0.23543514186043116
0.04801710841271735
10739386203036434e-23
0.1358555144284321
0.1335448729273571
0.009839545163143847
0.009234329420947464
0
0.39707163721627875
0
4.689107489560272
4.49078303573016
4.3203417228445415
0
5.678398311701356
0
1.4124852801473695
0.2161856064189321
29.346744517380092
35.9755648747752
18.07830462584333
88.19307085891705
60.987033002286196
0.6779320597726846
0.007333014771253817
0.01089085027388948
18.04050586772726
33.7171679752678
0.35624483635009585
0.29341143987852936
0.6914348341379006
0.8174044546537225
22.767901583493416
0
22.705943008824125
0
14.000238545221817
0.006324010372972967
0.006311655790466437
13.35692939604393
3.620693102734369
1.3334344828425788
2.6064429022910085
0
0.0002067566183784974
0.005579896395203508
0.0651729802443948
0.032711434606676956
0.005028968830654784
0.0004069256357054703
0.0002302200464758367
0.0009383696660114502
1.8133224206098002
0.497061073546655
0.3330280069766603
0.19748462047058354
0.0017189651148654885
0.07364491010942177
0.006023716354696132
0.011986655087200239
0.08540402845960085
0.9537027443670939
0.03192537974347014
0.00020696598116127647
0.08053542474315105
0.0014004512063477198
0
1.0352219959815645
0.5764609495719736
0.02389391782122684
0
0.5782829328883355
0.00010404225127221302
0.03421127592275321
0
0.0007715214058199867
0
0.2011334869414089
0.7818589307123398
0
0
0
0
0.06195095714596086
0.4351154642025149
0.015182018184653777
0.024759776688090283
0.4143753100735569
0.4897259246164876
0.24106162854397117
0.18184867997567122
0.044548496277117614
0.28574529021629014
0.0015118043052649527
0.6827294608722945
1054147478004597e-21
0.00816699021370104
0.31646333035331115
0.1983925656489294
36447960225401262e-22
0.003286071104790732
0.20400202031693912
0.22018648871019827
0.014378331792331596
0.02127759863832936
0.33577658871893773
0.5659027772118953
0.271668946261957
0.11747722695538543
0.26516998967244126
2521232426772726e-22
0.26926297479640404
0.26932878373397157
0.49631708707893796
0.5567387656648948
0.0006583909364149072
0.5756453371984955
0.41316869750771107
10.659735408991606
1.978081000596855
2.8673475693491017
0.11969576685106528
0.43716776118095474
3.213102424414023
3.740926022969453
0.7470960218835063
5.433940771805008
6.754705945984082
6.237865832083194
2.198271556948357
2.8815035602228867
0.5151259159667838
29.9410259464387
619.3367754007427
5.631237601525301
6491.424763076787
1.1152331646889506
23.218694596201225
1.1752356919738163
45.228865574020425
1.3028004508145272
1.7914465263988055
1.1152322219446418
0.9702320418671796
1.0758245019807533
7.3575322318305565
0
0.0005730755006805253
33818112426179597e-25
0
0.011039417951426685
0.009487769107110168
0.010314941275847967
0.01076568621034327
0.008995784993566935
0.013073468611781765
0.01407146936000349
0.010386298304178965
0.00997324206813398
0.009583538879082254
0.009773647550018593
0.020387743598100055
0.009019916794158754
0.010592604430147723
0.010352331829727128
0.010205318715934495
0.008254659420308997
0.02098837219691697
0.030151733608443067
0.011500672155340678
0.011799352152855264
0.001983411905794921
0.0074642636248535
0.016834706803952028
0.07510653136500556
0.040327544804560224
0.11993287057295668
9120194325252132e-20
0.009978199727200423
0.25191268893572805
5447388116713687e-21
0.07612246579604315
0.011242394727585073
0.0020472882952292213
5556894128431933e-21
12044238119521806e-22
0.10677212350724008
0.09232220866803878
0.004068020264361187
0.031125264534278232
0.019787461044539267
0.005857776197193776
0.012162575751115949
0.00048295862222439334
0.40424870345478175
1569913001256615e-24
0.06856464409606272
0.0004030954407110779
0.009664132078317544
0.011292399923102518
0.00015706959869066358
0.00017088440230625125
0.4563050385400579
0.0005200825673000374
0.06007255951639382
0.27355969418771064
12609154520049098e-22
25861680908538253e-22
0.0001447330420281187
11840349446603175e-21
0.0005945982774932195
1532568607472355e-20
14120535396569068e-23
10044044028275804e-22
19077103627566774e-21
0.07915164268343004
0.07980008281524137
43438678001620504e-21
0.0002937484457502529
0.017631133193074907
0.008186293043239895
0.0934245518335428
0.01061108139959014
2782911399421973e-20
0.14155476985922116
0.039079307228031136
8240523889826945e-22
0.2897180291504563
4571120386216657e-22
0.0034783867935364115
0.0010113559070048341
2299456595306749e-27
0.3793523269549724
0.4515132795267947
0.01793972906363514
0.2935914348806551
0.49461466021324646
0.008768229243580271
0.21234604612911973
20535640176818385e-26
5764802416261279e-21
0.0005097753615158733
9120940717271568e-20
0.1393240171741734
847312726745609e-21
0.00012877497931883196
0.18067647852003685
0.0009388454239534345
0.011908237649340191
12229015042784863e-21
0.14725977076337726
0.10109773741900485
0.02306032942161908
27448154929861548e-21
0.0001534575742468555
12006680077268924e-23
0.0138718374299318
0.16909645857931446
832680185518302e-23
1025507255745952e-20
9138877848454818e-21
9650551548394688e-20
12087184360763168e-21
0.3715007202929215
0.17556779256264052
0.004554794010797473
0.0014713225287220748
0.042577025532286344
0.005480850731755625
6637579738864302e-20
0.028683327997737536
8323928843128333e-20
0.0007435160264425148
0.08396862338744873
11001006573974736e-22
0.47440061950107243
0.49461466021324646
0.0018293627931765869
0.0004890512829176246
7563075121261449e-24
0.001019570396725946
10739431077610497e-24
0.010147085953640424
0.02983974085737548
0.0009042081940231596
0.0003412316820295226
0.00015050768385142625
26726018407830294e-22
0.006137844686373786
0.015390786329342794
0.022896865849425418
11069415059688456e-24
0.4930595231725209
0.07297517486182983
0
0
8178162212772658e-20
671302115394491e-19
10336385750985027e-22
7552914361861794e-22
0.00017702525945222553
0.010295512261014455
0.005401541509202088
15204233752101306e-24
0.00018228765070454382
7328749834683249e-21
0.0529985658716808
0.013078088636014267
0.10517041210618885
38456363529981007e-23
0.06095214519552759
0.007711750786959044
0.000122469961484403
0.15820526446225405
0.00030275553517304416
1652310701176861e-28
8602510697598073e-20
3793633813503502e-21
0.0001247215982133568
0.018060150798514304
0.0034960286840750323
0.00015499705277943163
0.00014115429330887073
3818611343102517e-24
0.0006050477941662967
0.02246936561418002
13347307383680751e-24
0.0018071170705982558
0.001852387551327264
44188094860327565e-21
0.11626943677227186
4583893098383455e-20
0.382588652908873
0.004754138645508213
0.1978045758275684
0.0031009718356051676
0.0006737640421848032
0.0005694103918436592
4737323379013998e-20
0.43010925628213187
11919795638700354e-21
22530417319371713e-21
0.008328076860137998
0.0064102236816485775
21999713611150414e-24
8737794291056269e-20
0.0030591757666382966
0.14093572976896027
0.03062716695261276
0.00010011652493907794
0.02360145999237138
0
0
0.11867925708969061
0
0.4011161573827754
0.3657897273664633
0.3857193941535994
0.05274885772559524
0.03007384209420934
0.490642742771764
0.38649000100502096
0.49124478299695756
0.36850399402473594
0.2586537294635045
0.0007956262249969837
0.016213877101298863
0.15245973943720606
0.32337100573531175
0.14568318577882786
0.00030705727328453173
0.027312477303009106
0.30988100880491076
0.12046297890767473
0.17843531066982005
