0.7044980872158414
34.515159727425306
34.3494039199225
0
34.50715641948106
0.00014646658898226342
34.5047022146856
0
34.503534241795094
0
69.26796314648716
0
19.24360036792931
0
20.381192146679943
0
33.10935057982862
11.823747303592233
24.4744192252577
1.1823023586160122
1996143675009377e-32
7.91373784437985
2.1555419833756013
0.1561305947599243
0
0.14123387453374453
0.0015827901229373015
0.17239515591324012
0.003831398317776423
1.6551412118833113
1.492536269794056
0.133518257434479
0.023700824765253748
0.36511287242785156
0.2353357570662056
0.0480034477167456
10720174572165215e-23
0.13606218952964477
0.13374357228429168
0.009871420129576815
0.00927257911218681
0
0.3969256846930577
0
4.688953548350537
4.4920715965007965
4.320173636200859
0
5.677952882858532
0
1.4154611317755323
0.2166186932716386
29.346578875357594
35.975561568931134
18.076572293189344
88.18668559158978
60.98703959420617
0.6791379107734945
0.007369918295073155
0.01089128014673615
18.039507419450928
33.72030282384461
0.35558900514261016
0.29370675968982857
0.6930503387386598
0.8190355918494701
22.782235053445767
0
22.721070299329394
0
14.001538605404457
0.0063310614211353625
0.006332828400376123
13.354455553008213
3.626082206668047
1.3334169144213064
2.6061556245434225
0
0.00020695891079024613
0.00559145982030409
0.06516790755347633
0.03271085414151337
0.005034848302567064
0.0004062145372985907
0.0002298420943771867
0.0009395470278295203
1.813570432941142
0.4970279830351854
0.33306277162473236
0.19739740138910436
0.0017228413950252637
0.07365509231596898
0.006027101177839595
0.011917663852407967
0.08536012696018111
0.9547589862449738
0.03191643013682002
0.00020552720978237281
0.08020215974019272
0.0013996776185331921
0
1.0350374951797767
0.5763896300851877
0.02391967364458562
0
0.5779467141996082
0.00010416128474758376
0.034262840584251275
0
0.0007703574781948636
0
0.20112475657278328
0.7816921089283853
0
0
0
0
0.06194424872397015
0.43511701355216803
0.015101500821792041
0.024652075693687457
0.4143468422289022
0.4894526551713187
0.24106345252736683
0.1822461658031609
0.04457272724599286
0.2863123346432983
0.0015102133400208776
0.6820400185942338
10541423392085454e-22
0.008168986373048881
0.3165369283697307
0.19803729196232187
3606376732631055e-21
0.0032857743028024355
0.20377801147522534
0.22017826688373834
0.014383894970481304
0.02128336502904577
0.3355316188858839
0.5654188993600257
0.2716748373060309
0.11751238810039451
0.26513976250884247
24947325755738064e-23
0.2691604096399524
0.26922666605250506
0.4963158568692623
0.5567229139935516
0.0006565771475536646
0.5751343202407143
0.41327406036661085
10.660672227364694
1.9781239686048075
2.8674379161214714
0.11969552267466713
0.43720167462282433
3.2132168097744525
3.7411115444458116
0.7471012572300205
5.4338708223542636
6.7546136293443775
6.236115546530517
2.19830617114685
2.88129148489616
0.5152088647761423
29.94226275596159
619.3365913096421
5.631237462319349
6489.026987719542
1.1152331577523837
23.2186943232278
1.1752305546561626
45.22871360211287
1.3028046106735423
1.7914464483027546
1.1152322150065548
0.9701627728397475
1.0758069260509666
7.381211582972923
0
0.0005731554436934717
3383994573806845e-24
0
0.011035712065006831
0.009485266512135392
0.010310344600285445
0.010757627731250153
0.008991812174635502
0.013069834090691798
0.014062131220807407
0.010383933843904588
0.009966086608610649
0.009579825275432274
0.009770651181970577
0.020383610446260615
0.009016315814718985
0.01058976936879161
0.010347669787749104
0.010202840120885712
0.0082523273111889
0.02098223581225559
0.030140482877561284
0.01149786487521367
0.011795669687907002
0.001983409850191681
0.007464234398563355
0.01683455713743287
0.07510341867481472
0.040326671027785435
0.11992463689333578
9120193891199391e-20
0.009978147405480288
0.25187137827799705
544738810122963e-20
0.07611926576449554
0.011242328248119297
0.0020472861049925495
55568941123190815e-22
12044238111952336e-22
0.10676566954289342
0.09231744029124436
0.0040680116043290806
0.031124747569919467
0.019787253830072356
0.005857758218022316
0.012162497892455989
0.000482958500472999
0.4041158783008597
15699130012553288e-25
0.06856206330281218
0.00040309535590139393
0.009664083009453045
0.011292332848533338
0.00015706958581591606
0.00017088438706700372
0.45611383939687866
0.0005200824261080525
0.06007059141361285
0.27350973970157544
12609154511752906e-22
25861680873638628e-22
0.00014473303109646004
11840349373449001e-21
0.0005945980929340895
1532568595216292e-20
14120535395528647e-23
10044044023011706e-22
19077103437661445e-21
0.07914817459861917
0.07979655585876118
4343867701699083e-20
0.0002937484007155406
0.017630968936231676
0.008186257871208313
0.09341966453500894
0.010611022203477016
278291135900966e-19
0.14154308253352513
0.03907848746864745
8240523886283577e-22
0.28966088126653317
45711203851263427e-23
0.003478380464641752
0.0010113553729033495
22994565953067465e-28
0.37924061715692164
0.4513285595407849
0.017939558968645027
0.29353246190695287
0.49435663620034465
0.00876818887656164
0.2123179146097826
20535640176816186e-26
5764802398920162e-21
0.0005097752258658166
9120940283147778e-20
0.13931271759499064
8473127263709863e-22
0.00012877497066499357
0.18065674079860475
0.0009388449637162005
0.01190816302650917
12229014964749198e-21
0.1472470580112206
0.10109197831305998
0.02306004732204547
2744815453672706e-20
0.00015345756195747455
1200668007651669e-22
0.013871736025730308
0.16907935804856952
8326801855146841e-24
10255072502582938e-21
9138877804874039e-21
9650551062390279e-20
1208718428452711e-20
0.3713950129047571
0.1755492456073207
0.0045547831505318975
0.0014713213979571068
0.04257604991832
0.0054808349961323576
6637579508960457e-20
0.028682889755447295
8323928481561485e-20
0.0007435157378304616
0.08396470533328121
1100100656765976e-21
0.47418189345861667
0.49435663620034465
0.0018293610446753724
0.0004890511580744613
7563075121231603e-24
0.0010195698539098676
10739431077550314e-24
0.01014703183926322
0.029839266163101084
0.0009042077671293665
0.0003412316212566941
0.0001505076720300023
26726018370558888e-22
0.006137824942960442
0.015390661365722796
0.022896587768077476
11069415059624518e-24
0.492804998155197
0.07297224125171939
0
0
8178161863758632e-20
6713020918785159e-20
10336385745410036e-22
7552914358885089e-22
0.00017702524309796047
0.010295456546040475
0.005401526226540005
1520423375198068e-23
0.00018228763336344323
73287498066567735e-22
0.052997042265773744
0.013077998555836754
0.10516415864456918
3845636352226411e-22
0.060950117663809526
0.007711719584977176
0.00012246995365726413
0.15819044569132684
0.0003027554873339249
16523107011768607e-29
8602510311423941e-20
37936338059938743e-22
0.0001247215900957521
0.018059978397319765
0.003496022290739272
0.00015499704024222742
0.00014115428291115904
38186113430949075e-25
0.0006050476030618463
0.022469097903053438
13347307383587791e-24
0.0018071153643900936
0.001852385758505907
44188093841430054e-21
0.1162617224211348
45838929887383075e-21
0.38247438341501716
0.004754126812150978
0.1977805204985979
0.003100966806949703
0.0006737638051958425
0.0005694102225926315
47373232619058844e-21
0.4299503843220805
11919795564561187e-21
22530417054490107e-21
0.008328040455545653
0.006410202142883269
21999713610897866e-24
8737793892640258e-20
0.003059170872770096
0.14092415078396
0.03062666658526143
0.00010011651970851326
0.023601164381653505
0
0
0.1186712032227962
0
0.40098618032711825
0.36568820982602457
0.3856025988941802
0.052747348729861275
0.030073359839537513
0.49039346139949286
0.38637257640686135
0.4909942163244215
0.3684005031130075
0.25860984313374924
0.0007956258944996817
0.01621373833211733
0.15244604914569976
0.32329657921038024
0.14567076129374834
0.0003070572240761498
0.027312080348124605
0.30981390621225247
0.12045466853165668
0.17841610070299982
