0.7246182904557659
34.48702339079662
34.34012559293022
0
34.49435640418999
0.00014669568918851912
34.492674294348014
0
34.49415957914539
0
69.2081473809643
0
18.786189788802787
0
19.734770893728292
0
32.66563053216641
11.777613453754116
24.354473365751335
1.2581072719280995
2042821307987447e-32
8.261325238571647
2.1589021751653723
0.16329556215799057
0
0.1494291233657772
0.0017802554081204874
0.16044020445732118
0.0038306304897910964
1.5400206570171169
1.3894977131730397
0.12969522273034748
0.022926881897119954
0.3355947373927172
0.22820540447421198
0.046909661838250474
1014098172771766e-22
0.14409330239519777
0.14168066748747737
0.010908504514564307
0.010492362244681773
0
0.38665559645572095
0
4.662507094720491
4.521970066159592
4.3135286399942006
0
5.660650918741902
0
1.505366218168717
0.22971803141969505
29.340206702998497
35.97545450080325
18.013567810660316
87.96630514289187
60.98741959511159
0.7138420020540309
0.00871271939225872
0.010904557175536908
18.005467886017243
33.78812319541754
0.3303168921203725
0.3033249310079389
0.7433670482030295
0.8751267726500324
23.198531358367358
0
23.1588146967661
0
14.04653869760869
0.006570379311397376
0.006570129194017167
13.269666075925143
3.785909860422989
1.3328553208651142
2.595102503773415
0
0.00021344443406249867
0.005944539850126938
0.06488056553855626
0.032673089742919006
0.005235613393571504
0.0003845448796473652
0.00021834758429365247
0.0009791317728383567
1.8206486955484378
0.49583907492916524
0.3281000413842907
0.19427967665977094
0.0018442441616414566
0.0737292002693066
0.006116173563984111
0.009736035026490062
0.08371544927216594
0.9792668449501188
0.03154227124471937
0.00015971203871592018
0.06886648492338944
0.0013728752708770256
0
1.0279250754628813
0.5725250899893508
0.024780467115236182
0
0.565408579055777
0.00010716502782064056
0.03575354992107784
0
0.000733732929002471
0
0.2007883116783247
0.7752761338316391
0
0
0
0
0.06067216193400696
0.4351357853518535
0.012553634326050899
0.020777399919785115
0.41324214173376633
0.4787726166100062
0.2411516135283159
0.19454862696395653
0.045397543166150946
0.3053810379474177
0.0014519841733572592
0.6567611432066722
10539131410767392e-22
0.008227103383005873
0.31853867953540044
0.18420417455435723
23932236972850652e-22
0.0032724596514866083
0.19525176045424594
0.21984256060787488
0.014566061097673874
0.021477587212568195
0.32607553871707085
0.5471158938469303
0.27184299539982987
0.11873874135093931
0.26358443494212114
16557044427724594e-23
0.2647732227673505
0.26485235650563177
0.4962126094796083
0.5561137186536192
0.000608698980644365
0.5641678194709732
0.41692761525260597
10.680043969842368
1.979660514490529
2.8705343057903847
0.1196696907101825
0.43790329656352056
3.217300899360962
3.7474664430333076
0.747230165332609
5.425142735361788
6.740203286177818
6.161299591426596
2.1995032058966446
2.870758316542798
0.5178606509122996
29.95421703100699
619.3294929800581
5.631232094677708
6397.2435100805
1.1152328902852409
23.218683797644246
1.1750324818794162
45.222854104642195
1.302961170961429
1.7914434329668107
1.1152319474808297
0.9674842940083157
1.07512943445446
8.2125788725035
0
0.0005753650137429586
3468369986642282e-24
0
0.010888909176347014
0.00937063986518499
0.010115434442568344
0.0104320565576881
0.008823496215084145
0.012914076070144838
0.013681019639951829
0.010275157880611849
0.009676219548154511
0.009419715844259026
0.009637554580546997
0.0201865760770332
0.008861597300115508
0.010461530699918451
0.010150483689066582
0.010088955716886965
0.008151961207257965
0.020708539533055164
0.0296528296997178
0.011368096303602538
0.011632530850500032
0.001983330589782477
0.007463107548906804
0.01682878715872941
0.07498349474575515
0.04029299349212827
0.11960758506854567
912017715456946e-19
0.009976130140773592
0.25028363618557026
5447387504179714e-21
0.07599597824696865
0.011239765165266164
0.002047201653413206
5556893491023477e-21
12044237820081041e-22
0.1065171083505333
0.0921337640973774
0.004067677696090217
0.03110482048124778
0.019779265499308148
0.005857065000984347
0.012159496119397066
0.0004829538058826946
0.39902742019429877
156991300120574e-23
0.06846262451288723
0.0004030920857372157
0.009662191152425949
0.011289746823119546
0.0001570690893791517
0.00017088379945768209
0.4488021720126361
0.0005200769819135745
0.0599947524677026
0.2715904853546096
12609154191859955e-22
2586167952794362e-21
0.00014473260958311108
11840346552696586e-21
0.0005945909765597078
1532568122634669e-20
14120535355411062e-23
1004404382003328e-21
19077096115100654e-21
0.07901456449841161
0.07966067871690838
4343863905065858e-20
0.0002937466642267065
0.017624636521284525
0.008184901787597476
0.09323140998755391
0.010608739911572256
27829098007511636e-21
0.14109316596676844
0.03904689146665507
8240523749654775e-22
0.287465891400038
45711203430848814e-23
0.0034781364374865567
0.0010113347786918664
22994565953066402e-28
0.37495819412051073
0.44426328154601874
0.017933001503410546
0.2912675340110786
0.48450947583475884
0.008766632505855531
0.21123602864370036
20535640176731343e-26
5764801730263843e-21
0.0005097699953609143
9120923543778214e-20
0.13887771519444095
8473127119259021e-22
0.0001287746369819613
0.17989731597513448
0.0009388272175943404
0.011905286000344061
12229011955771252e-21
0.14675770294053167
0.1008701629013012
0.023049172472214302
27448139377853096e-21
0.0001534570880918141
12006680047511328e-23
0.013867826545010082
0.16842129571955305
8326801853751796e-24
10255070386596273e-21
913887612444236e-20
9650532322558138e-20
1208718134494026e-20
0.36734189868728107
0.17483558563751914
0.004554364409148726
0.0014712777974377044
0.04253844825079187
0.005480228280469631
6637570644100987e-20
0.028665996670584237
8323914539912337e-20
0.0007435046093197189
0.08381376837940901
11001006324160554e-22
0.46582450337221676
0.48450947583475884
0.0018292936254672178
0.0004890463442694941
7563075120080725e-24
0.0010195489236775378
10739431075229744e-24
0.010144945462325161
0.029820968178162533
0.0009041913066793485
0.00034122927792460626
0.00015050721620826025
26726016933410224e-22
0.006137063704843974
0.015385843665510067
0.02288586780089046
11069415057159144e-24
0.48309032800892715
0.07285921403702382
0
0
8178148406133298e-20
6713011851263303e-20
10336385530443878e-22
7552914244106279e-22
0.00017702461249477822
0.0102933084615175
0.005400936975136026
1520423374732952e-23
0.00018228696470896173
7328748725983613e-21
0.05293832691816677
0.013074525626185557
0.10492331470829452
3845636322470797e-22
0.06087198945700316
0.007710516563601578
0.00012246965185088896
0.15762010588741118
0.00030275364271042265
16523107011768547e-29
8602495420943414e-20
3793633516430039e-21
0.00012472127708932176
0.018053332032267118
0.003495775778933291
0.00015499655682076882
0.00014115388198623232
3818611342801521e-24
0.0006050402343087077
0.022458777658294744
13347307380003366e-24
0.0018070495759143616
0.0018523166304055293
4418805455376434e-20
0.11596465469224965
4583888760931543e-20
0.37809419708261793
0.00475367055202738
0.19685519848403843
0.003100772913172689
0.000673754667198775
0.0005694036964782615
4737318746334702e-20
0.4238689885195965
11919792705828337e-21
22530406840918925e-21
0.008326636851723959
0.006409371684525042
21999713601159945e-24
873777853012561e-19
0.003058982176008648
0.1404784013337985
0.030607379146957395
0.00010011631802330504
0.023589768747271624
0
0
0.11836107054867355
0
0.39600638544444644
0.36179520689983125
0.3811259593336151
0.05268919625387662
0.030054770471738407
0.4808774011226632
0.38187190602057336
0.4814294672174117
0.3644320846942292
0.2569232966084619
0.0007956131509543033
0.01620838843502943
0.15191910153825816
0.3204397928200241
0.14519249268191195
0.0003070553266554781
0.02729677855849167
0.30723754859571933
0.12013466549866528
0.17767695849856593
