0.726373403152085
34.48341928467631
34.33801642708787
0
34.491774006826326
0.00014670620796484787
34.49015170388942
0
34.49184366610672
0
69.20123377918456
0
18.753929640005698
0
19.680639245837124
0
32.62231056297215
11.770792318454877
24.339633140577256
1.2632138103686241
20452489913378087e-33
8.283454389505144
2.158950125782527
0.16382719432392076
0
0.15010870310719068
0.0017966910294838208
0.15940689655782442
0.0038305664798392513
1.5300698229027565
1.3805885125178117
0.12921700110054718
0.022830540504007294
0.3330793157103367
0.22732185038091687
0.046768876980883105
10100455905851685e-23
0.14478023428206566
0.14237607831339458
0.010985293478987506
0.010580104460919336
0
0.38538120109862317
0
4.658758075594334
4.522784871682674
4.312937089824567
0
5.659125866441438
0
1.5114406720227198
0.230607120031749
29.339651953372616
35.975446662272354
18.008417734774678
87.94936760670107
60.98746209282707
0.7160359618118843
0.008821152452926946
0.010905472947870129
18.002726793677436
33.789893197883025
0.32811657360357355
0.3040337515719896
0.7469001647914463
0.8794192250800005
23.225285897217763
0
23.186792531401768
0
14.050072852167382
0.006589009739858993
0.006588520119189091
13.263048146158734
3.7965066481755514
1.3328157999038523
2.5941405513107734
0
0.00021391831937211549
0.005968800184050952
0.06484879861882865
0.03266850860380041
0.005251334051102752
0.00038304552214403286
0.00021755002337543183
0.0009820923965827035
1.821074308447912
0.49574112113172975
0.3272266610731959
0.19402984214876576
0.0018529019247748013
0.07370876328137388
0.0061203224920030235
0.009582973522258982
0.08357793486340957
0.9803163189804935
0.0315077544852814
0.00015646888799867686
0.06801936756075669
0.0013708065746278271
0
1.027304806178982
0.5721025290808207
0.024846369543747797
0
0.5643475367375793
0.00010731618225098648
0.0358488211862697
0
0.0007311837909419637
0
0.20075898450307905
0.7747179576094675
0
0
0
0
0.06047881984837268
0.4351324120977272
0.012374963172495826
0.020468304591008266
0.41314514747966696
0.47783411265493986
0.24116094597524312
0.19540706516073802
0.045459644653824564
0.3067975035583725
0.0014471773309572178
0.6546703387435548
10538903769142186e-22
0.008230496408894882
0.3186425604557342
0.18299283079800283
23088525317320697e-22
0.003271160471433719
0.1945180187890696
0.21981157098137177
0.014579357120120108
0.021492363172209903
0.32524995229256504
0.5455515656836912
0.2718523762076219
0.11883613934238774
0.2634194667410686
1597213826158098e-22
0.264358789735483
0.2644387007066539
0.49619813048485817
0.5560607451679975
0.0006058102592480681
0.5636652457167391
0.4172169653254223
10.680454232911886
1.9797809480383561
2.8707590461429193
0.11966542981947331
0.43791822506991945
3.2176201464252614
3.7479270170264556
0.7472324849818618
5.4239765036506356
6.738183016062504
6.154251906308
2.1995924170975583
2.8697228237494903
0.5180512751221792
29.9526312017358
619.3288737869713
5.631231626451269
6389.298941412002
1.1152328669537213
23.218682879483502
1.1750152053047984
45.2223430087065
1.3029744419495581
1.7914431695739874
1.1152319241442004
0.9672499849260274
1.0750703561746853
8.277255468415945
0
0.0005754826075030804
3475743329826389e-24
0
0.01087566183841286
0.00935934390721006
0.010097218397378632
0.01040273317890008
0.008807770745579847
0.012899422232529066
0.013646408757958285
0.010264468282870625
0.009650058664274925
0.009404557171960313
0.00962470972647194
0.02016671104766233
0.00884699864146084
0.010449009884359003
0.010132092240057159
0.010077725115526381
0.008142467974620683
0.020682063440490527
0.02960651137354064
0.011355243755540775
0.011616817817786467
0.0019833236759393713
0.007463009260345868
0.016828283929428745
0.07497304270335978
0.04029005708890712
0.11957996798675712
9120175694611923e-20
0.0099759541913698
0.2501456108158966
5447387452098241e-21
0.0759852331828778
0.011239541611774293
0.0020471942867522673
5556893436827019e-21
12044237794620711e-22
0.10649545348006886
0.09211775911317165
0.004067648570120069
0.031103082819303428
0.019778568819298036
0.005857004534609541
0.012159234305784302
0.0004829533963693607
0.39858659708604227
15699130012014142e-25
0.06845395717400125
0.00040309180047760435
0.009662026140727467
0.011289521268690317
0.00015706904607437188
0.00017088374819981751
0.4481699507123557
0.0005200765070117874
0.059988141475367684
0.27142370619656864
1260915416395526e-21
2586167941055682e-21
0.00014473257281398652
11840346306638548e-21
0.0005945903557927296
15325680814107384e-21
1412053535191155e-22
10044043802327196e-22
1907709547634385e-20
0.07900292020866019
0.07964883694637571
43438635738805356e-21
0.0002937465127509103
0.017624084243978804
0.008184783505232596
0.09321500628777846
0.010608540847424752
27829096648221968e-21
0.14105398701557018
0.03904413651613216
8240523737736459e-22
0.28727521002428874
45711203394175475e-23
0.0034781151514777257
0.0010113329822506727
2299456595306631e-27
0.37458693358659145
0.4436522377224653
0.017932429600475756
0.2910707919607446
0.4836598529123216
0.00876649675462284
0.21114191608686675
20535640176723942e-26
5764801671936046e-21
0.000509769539099402
9120922083581696e-20
0.13883983381520332
8473127106658377e-22
0.00012877460787437753
0.17983122189283357
0.0009388256695918988
0.01190503506640228
12229011693294048e-21
0.14671509303004446
0.1008508367364059
0.02304822408749929
27448138055524297e-21
0.00015345704675593736
1200668004498115e-22
0.013867485567941899
0.16836401364453596
8326801853630105e-24
10255070202015898e-21
9138875977856034e-21
9650530687858816e-20
12087181088516134e-21
0.36699044454282875
0.17477346985591571
0.004554327883593876
0.0014712739941663605
0.04253516978136726
0.005480175359022063
66375698708078e-18
0.028664523535699912
8323913323764425e-20
0.0007435036385724884
0.08380061481711823
11001006302919786e-22
0.4651024995555361
0.4836598529123216
0.0018292877445158112
0.000489045924356986
7563075119980333e-24
0.001019547097925277
10739431075027316e-24
0.010144763485171036
0.02981937255223399
0.0009041898708261134
0.0003412290735133239
0.00015050717644637512
26726016808045794e-22
0.006136997305484841
0.01538542348248755
0.02288493292160733
11069415056944087e-24
0.48225204035511543
0.07284936282507418
0
0
8178147232207385e-20
6713011060291619e-20
10336385511692087e-22
7552914234093968e-22
0.0001770245574865114
0.010293121102437137
0.005400885576982894
15204233746923794e-24
0.0001822869063814381
7328748631715031e-21
0.052933208184293805
0.013074222721545311
0.10490233173819796
3845636319875175e-22
0.0608651789781455
0.007710411631310432
0.0001224696255239436
0.157570451988263
0.00030275348180193847
16523107011768542e-29
8602494122027765e-20
3793633491170993e-21
0.00012472124978538232
0.01805275237680484
0.0034957542761974284
0.00015499651465132895
0.0001411538470130596
3818611342775928e-24
0.000605039591526604
0.022457877634118842
1334730737969069e-23
0.0018070438372097125
0.0018523106003896384
4418805112664948e-20
0.11593877709292354
4583888392134393e-20
0.37771449454762057
0.0047536307539126875
0.19677468696852968
0.0031007560001296984
0.0006737538700847382
0.000569403127199975
47373183524354895e-21
0.42334259675720154
11919792456457214e-21
22530405949975437e-21
0.008326514424671855
0.006409299247614918
21999713600310494e-24
8737777190033842e-20
0.0030589657162854275
0.14043958492653527
0.0306056972535783
0.00010011630043004926
0.023588774951542876
0
0
0.11833405571815085
0
0.3955749349463107
0.3614575866314999
0.38073792923004585
0.05268412657550498
0.03005314944089621
0.48005611100151285
0.3814818013477931
0.4806040095919295
0.36408794795525357
0.2567766994735135
0.0007956120393271853
0.016207921839946904
0.15187322164674869
0.32019179175801865
0.1451508471970775
0.000307055161141448
0.027295444169169247
0.30701382795581594
0.12010679154482895
0.17761262750875104
