0.7632307697747864
34.37688010769385
34.25595650266994
0
34.395773656963115
0.00014664786959475
34.39511570332476
0
34.400116782382284
0
68.99447966436267
0
18.269614275950925
0
18.679271272231812
0
31.585060271244934
11.540362080185158
23.88568982657994
1.341746860457383
2045513172506602e-32
8.599782288675879
2.154575412149205
0.17238217338295445
0
0.1624033570617652
0.002100571099891165
0.13821399912957133
0.0038292853749262667
1.3259519059589517
1.197749830895153
0.11592249054975097
0.020174261233625552
0.2826599773627729
0.20295795322512322
0.04276719826555515
9391559280502907e-23
0.15760094642658562
0.15568396531716786
0.01234929816136658
0.012064585178386947
0
0.34948445621810076
0
4.5557377734588105
4.489502638934483
4.300288263787484
0
5.6263772138576105
0
1.6054522050808844
0.24457739009591092
29.32802528245128
35.97531192657235
17.91078946696792
87.66256268699027
60.988515966419214
0.746488629479244
0.010745727564438996
0.010919885976891775
17.944303567056835
33.73314863730832
0.2824407581639154
0.31606146433787197
0.8046830691963134
0.951796933936311
23.611601290414598
0
23.586551678115615
0
14.115323781726586
0.006942059155368979
0.006941563330573325
13.139620286507274
3.957455714893189
1.3322194684530617
2.57402215116673
0
0.00022221951910964246
0.0063571900540969825
0.0640540478030893
0.03253471982148542
0.005551218190957046
0.0003589803723950952
0.00020446951613452022
0.0010307833486741637
1.825581861338691
0.4937790357950005
0.30082163770204706
0.18946222792008222
0.0020019624400484434
0.0725923450142803
0.0061086087103440715
0.007219295858133171
0.0809459212410826
0.986077560245589
0.030760321938244697
0.00010585366575568283
0.05426303976567897
0.00133540395930978
0
1.0142852534143132
0.5614091601173263
0.02607083546392579
0
0.5429186869192687
0.00010844488946135213
0.03720837840348798
0
0.000693022467704788
0
0.20014416294215293
0.7630488430517117
0
0
0
0
0.054469140932935395
0.43484168381870364
0.00962386847306878
0.015101855935249722
0.41108684036579507
0.4582912570731446
0.24139879924353388
0.20938461721747606
0.04647446480354527
0.3293596288121963
0.0013549605750336272
0.6144397557793337
10533182327388522e-22
0.0082544195293716
0.3189933618031445
0.157897033635289
10827450634673385e-22
0.0032411147016784218
0.17946217874098633
0.21909955702925152
0.014792187993563953
0.021753833106575995
0.30789032250685516
0.5138327121542909
0.27186808999322437
0.12069071122640312
0.2593401416657345
7462696463748637e-23
0.2550498416534509
0.2551381022252739
0.4956779495759577
0.5549524138996044
0.0005634483235920501
0.5582056112933773
0.42276626107182236
10.660598055046751
1.9817094696224453
2.873396509207021
0.11948794010735761
0.43720219003048516
3.2226847116096473
3.7532808327304426
0.7468893910672176
5.394197613860797
6.68372263996437
5.997160344679957
2.200806234906345
2.848964212047877
0.5212350067568772
29.8658045274686
619.3158708751469
5.631221793705048
6224.723322224369
1.1152323769919217
23.21866359811625
1.174652455910356
45.21161132827289
1.3032377645806879
1.7914376259758331
1.115231434075077
0.9623080759685237
1.073830461871539
9.365801448572869
0
0.0005757322594732007
36307195908667985e-25
0
0.01057908152435291
0.009098933848203053
0.009696910566774335
0.009781262304471973
0.008461947654366713
0.012576109257812421
0.012906077114041894
0.010022928689549477
0.009094610658770898
0.009066415952578316
0.009334587514266104
0.01970307565778673
0.008523271106695323
0.010163716186924718
0.009728930322188616
0.009819778919396283
0.00793166637517727
0.020083538258618683
0.028572438294274187
0.011058623108647426
0.011262752865660442
0.0019831784908014684
0.0074609454995585725
0.01681771958951186
0.0747538860497676
0.040228442029897823
0.1190014800248711
9120145035557616e-20
0.009972259970651267
0.24726459675467252
5447386358387418e-21
0.07575993745165893
0.011234848015420485
0.0020470395929957997
5556892298701535e-21
12044237259953792e-22
0.10604171678314525
0.09178229595101456
0.00406703697292016
0.03106661433421453
0.019763944206259588
0.005855734884926892
0.012153737521938832
0.0004829447966695608
0.38944098383681003
15699130011105753e-25
0.0682721963155945
0.0004030858100723986
0.009658561545962492
0.011284785666489366
0.00015706813667675388
0.0001708826717882129
0.43509711310703436
0.000520066534174431
0.059849478792590824
0.2679449054667234
1260915357795663e-21
2586167694543409e-21
0.0001447318006645285
11840341139420925e-21
0.0005945773198358962
15325672157084464e-21
14120535278421818e-23
10044043430499434e-22
19077082062455888e-21
0.0787587861321443
0.07940056599422107
4343856618994584e-20
0.0002937433317772337
0.01761249041738686
0.00818229997038786
0.09287119451556695
0.010604361363067185
27829068103154278e-21
0.1402337375049078
0.03898632743473935
824052348745183e-21
0.2832999897799775
45711202624035347e-23
0.003477668175383243
0.0010112952577227224
22994565953064383e-28
0.3668748199279351
0.4310126894085848
0.01792042385106782
0.28696976940521884
0.4661579428181376
0.008763646464272874
0.20917520956600938
20535640176568528e-26
5764800447052457e-21
0.0005097599577019769
9120891419508789e-20
0.1380467073985848
8473126842044866e-22
0.0001287739966166379
0.17844884179818254
0.0009387931621302349
0.01189976667522747
12229006181274067e-21
0.1458231371890331
0.10044584152568851
0.0230283170201817
2744811028663426e-20
0.00015345617870509803
12006679991847432e-23
0.01386032698585502
0.16716558029526646
8326801851074585e-24
10255066325828807e-21
9138872899543718e-21
9650496359237014e-20
12087175703610757e-21
0.35968708888802975
0.17347412422645841
0.004553560914605545
0.001471194127739179
0.042466380261175975
0.0054790641266684635
6637553631671657e-20
0.02863360518472932
8323887784699324e-20
0.000743483253173423
0.08352486636222899
11001005856863707e-22
0.45019627264957024
0.4661579428181376
0.001829164248903586
0.000489037106277602
7563075117872088e-24
0.0010195087578830399
10739431070776355e-24
0.010140942718887047
0.029785884122767423
0.0009041597184348806
0.0003412247809046809
0.00015050634144921435
2672601417539293e-21
0.006135603084881807
0.015376602289275395
0.022865309276028315
11069415052427868e-24
0.4649801678072919
0.0726427947823184
0
0
8178122579802138e-20
671299444990777e-19
10336385117904503e-22
7552914023835431e-22
0.00017702340231685667
0.010289187349436719
0.0053998063287494045
1520423373840354e-23
0.0001822856815077533
7328746652075086e-21
0.05282582903105028
0.013067863344905352
0.10446265741006971
38456362653670974e-23
0.06072233480595972
0.007708208383039471
0.0001224690726593984
0.15653132585441984
0.00030275010274352486
16523107011768425e-29
8602466844844456e-20
37936329607310615e-22
0.0001247206764040352
0.018040583910444434
0.0034953027492961976
0.0001549956290957415
0.00014115311257843454
3818611342238482e-24
0.0006050260932601704
0.022438985455910717
13347307373124525e-24
0.0018069233286218717
0.001852183974590382
44187979157298776e-21
0.11539667945861987
45838806474011e-18
0.36982823878045656
0.004752795070467437
0.19509153087734366
0.003100400847536228
0.000673737130907812
0.0005693911724874323
4737310080559599e-20
0.4124381343695926
1191978721966485e-20
22530387240170336e-21
0.008323943872349016
0.006407778261598878
2199971358247198e-23
8737749048154184e-20
0.0030586200825558556
0.13962691342682787
0.030570398834054994
0.00010011593097239204
0.023567914909772152
0
0
0.11776816643232517
0
0.38662227533205734
0.35443988924181646
0.3726799393294997
0.052577775938590775
0.030019127982682553
0.463129378170365
0.3733810362551492
0.46359263318079813
0.3569356744142579
0.2537174086663261
0.0007955886955164826
0.016198126445409047
0.15091293818568546
0.3150278791748399
0.14427904607648614
0.00030705168536742554
0.02726743705683872
0.3023531438179679
0.1195229301721777
0.17626704424153103
