0.7799675740974531
34.31276222364866
34.19993454377192
0
34.331926654316035
0.00014648519009247856
34.331574370917046
0
34.33760113167719
0
68.8664154812785
0
18.13250931631849
0
18.318614349119578
0
31.06447617294621
11.39393612883327
23.60925910909293
1.367797180143484
20209316443396208e-33
8.696660026100218
2.1505783264754577
0.17506854607899178
0
0.16669945096324357
0.0022118457700430636
0.1289763475901683
0.003828725095190692
1.2369615678371406
1.117985764431886
0.10879293364295352
0.018778738140872532
0.26134472557896893
0.18999513223561265
0.04057357476215703
9113162506561583e-23
0.16220310001207247
0.16056933388979527
0.012896593649916861
0.012626918820839944
0
0.3297946731973422
0
4.5030989656715805
4.45355710474574
4.294474789214398
0
5.611081531308157
0
1.6369591654788724
0.2493862861554351
29.322754077198606
35.975260735308915
17.87135668531111
87.56483959598755
60.989040122379535
0.7551194563635245
0.011421592458409695
0.010924818212146433
17.915456247860625
33.67173889875957
0.26229526042752743
0.3203444203338653
0.825399159069407
0.9762155388033009
23.730531059542233
0
23.70742092660569
0
14.141294710622082
0.0070921210791880665
0.007091611262593375
13.088879361268727
4.010158311648489
1.3320400827562078
2.564938383487576
0
0.00022548072710913672
0.006494240552073604
0.06365610914136538
0.03245448803838273
0.00567968203443755
0.00035085795726595047
0.00019983461376937064
0.0010468149751118319
1.8258577208380629
0.49292348881537823
0.28623777522138594
0.18771747694450344
0.0020605773389267995
0.0718132789637899
0.006061967310436626
0.006478884682893415
0.07989461724164246
0.985436503455806
0.03041998492985006
8998673834323398e-20
0.049726293289584673
0.0013231431760565193
0
1.0083773827911364
0.5559237650960843
0.026582253253109787
0
0.5336394878826827
0.00010827954276676655
0.03761326593184696
0
0.0006820463776971991
0
0.19986572040366257
0.7577816692597238
0
0
0
0
0.05104684446835006
0.4345856822881722
0.008763772189222469
0.013297951698251717
0.4101397621677979
0.4496647586127513
0.24151776947788697
0.2143939205704655
0.046805412561422496
0.33631342788357027
0.0013179229745414003
0.5982192797621052
10530035337583036e-22
0.008245218957157855
0.31842537801769827
0.1469093614068997
766193935714448e-21
0.0032265271434394707
0.17284115778307604
0.21873876862608885
0.014859278008103884
0.021854356211901967
0.2999914004663609
0.5001001824468907
0.2717687687646033
0.12147300978673678
0.2572760796133039
52672626472291706e-24
0.2506508745642405
0.2507397414732798
0.4953049799977394
0.554450439872751
0.0005497304153180419
0.5570844616833911
0.42515409157578715
10.640802929519834
1.982214443924469
2.87329203748563
0.11935780723165343
0.4364869486523777
3.2239705532754654
3.753007720009713
0.7465126088500592
5.380421083977361
6.657031610619124
5.923573044664564
2.20095005501701
2.8412484183139224
0.5224227759417747
29.807896974037718
619.3099663874206
5.631217328694235
6151.396274383447
1.1152321545020125
23.21865484251851
1.174487769623855
45.2067389496732
1.3033478209150922
1.7914351014167333
1.115231211536427
0.960052141338085
1.0732679022827052
9.72033539884036
0
0.0005747606257767452
37010155660222584e-25
0
0.010434049076507773
0.008974446898533245
0.009512926196731886
0.009504571654727217
0.008302717619792498
0.012427136497072274
0.012573397962971855
0.009911473088255556
0.008846960489450207
0.008908560339783413
0.009198476103702226
0.019480996435662545
0.008373316689677491
0.010029131834007485
0.009544127391788513
0.009697403535464204
0.007834540486858641
0.01980288058969208
0.02809076731469885
0.010917237928130713
0.011097076243226589
0.0019831125662350016
0.007460008541257211
0.016812924548638662
0.07465457937696234
0.0402004939597603
0.11873971536729341
9120131113419777e-20
0.009970582889319204
0.2459673160934212
5447385861737141e-21
0.07565785208901053
0.011232717316497541
0.002046969350948496
5556891781882715e-21
12044237017163376e-22
0.10583631524034091
0.09163036686974016
0.004066759279080807
0.031050068239717173
0.019757306790040778
0.0058551584322116814
0.012151242271626754
0.000482940891625804
0.385357565004598
15699130010693257e-25
0.06818981874344505
0.0004030830898792422
0.009656988695492552
0.011282635901573764
0.0001570677237241393
0.00017088218299561754
0.4292873530784033
0.0005200620056061798
0.05978661840579483
0.26637994894678846
12609153311856663e-22
2586167582603036e-21
0.0001447314500354564
11840338793005792e-21
0.0005945714003467718
15325668225961533e-21
14120535245050382e-23
10044043261653727e-22
19077075971258283e-21
0.07864817489403554
0.07928808264360328
43438534608082995e-21
0.00029374188731932216
0.017607228218639897
0.008181172454506206
0.09271548971072488
0.010602464017158805
27829055140946185e-21
0.13986284144670652
0.03896010479431908
8240523373798434e-22
0.281513062648852
45711202274317344e-23
0.003477465224029788
0.00101127812760799
22994565953063502e-28
0.3634253944706638
0.42539262323186544
0.01791497473527675
0.2851266346773045
0.45842087604059273
0.008762352463135517
0.20828819319996147
20535640176497949e-26
5764799890837086e-21
0.000509755606881581
9120877495092029e-20
0.13768804878952562
8473126721884781e-22
0.00012877371904754356
0.17782462097719068
0.0009387784009745169
0.011897375086574725
12229003678285438e-21
0.1454198953628023
0.1002624719238873
0.023019282966387982
27448097676885395e-21
0.00015345578452779723
1200667996771959e-22
0.013857077518311516
0.16662419583366156
8326801849914132e-24
10255064565665967e-21
913887150169295e-20
9650480770767396e-20
12087173258344406e-21
0.3564188197139806
0.17288728936657902
0.0045532126792508145
0.00147115786209869
0.04243517991467228
0.005478559594246176
6637546257548506e-20
0.02861957627960227
8323876187522943e-20
0.0007434739964178503
0.08339994967467214
11001005654311166e-22
0.44358606151512936
0.45842087604059273
0.0018291081727203544
0.0004890331020703598
756307511691474e-23
0.0010194913482767895
10739431068846009e-24
0.010139208197081341
0.029770689560437748
0.0009041460266689554
0.0003412228316635828
0.0001505059622813844
2672601297991434e-21
0.00613497007864404
0.015372598285504864
0.022856403801924403
11069415050377074e-24
0.4573426476877565
0.07254918641958272
0
0
8178111385253632e-20
6712986907202756e-20
10336384939086911e-22
755291392835775e-21
0.0001770228777607498
0.010287401542005959
0.005399316317016099
15204233734534518e-24
0.00018228512529951303
7328745753127525e-21
0.052777140466428556
0.013064976595012273
0.1042636116629442
38456362406151663e-23
0.060657580482080996
0.007707208103389258
0.0001224688216063203
0.1560617273674353
0.0003027485683370894
16523107011768377e-29
8602454458397216e-20
37936327198601245e-22
0.00012472041603439372
0.018035060959699853
0.0034950977317274264
0.00015499522696964368
0.00014115277907544082
381861134199443e-23
0.0006050199638428994
0.022430411830052045
13347307370142854e-24
0.0018068686087369325
0.0018521264771052448
4418794647630108e-20
0.1151513523184159
4583877130548479e-20
0.3663016864507118
0.004752415637973313
0.19433197612131317
0.0031002395873865234
0.0006737295298420339
0.0005693857439761548
4737306324333772e-20
0.40757962592756075
11919784841656077e-21
22530378744116855e-21
0.008322776855331785
0.006407087706213744
21999713574371575e-24
8737736269052655e-20
0.0030584631443532433
0.13925943628537388
0.03055438338574216
0.00010011576320338165
0.023558448527286124
0
0
0.11751209225748997
0
0.382624075055072
0.35129831942738043
0.3690773562026291
0.052529553381663395
0.030003691672626513
0.45564133357206343
0.3697595200982335
0.45606791737442726
0.3537344052045206
0.2523402550183419
0.0007955780953978859
0.01619368034487934
0.15047888366403603
0.3127105406402313
0.14388489478683042
0.0003070501070433007
0.027254728612175993
0.30026016690207913
0.11925873859849373
0.17565938969955433
