0.8716576134143141
33.79053462490491
33.72970239692395
0
33.818142601263546
0.00014471147331325564
33.81936408271711
0
33.83058526479484
0
67.85049283133138
0
17.641703448866878
0
17.129115519316276
0
28.433941011524215
10.50794441980035
21.925373222083955
1.4922296553472287
17648405495062192e-33
9.180004085325866
2.12629851779558
0.1837362472275265
0
0.18046778857951418
0.0026194191472646306
0.08412236833868356
0.003825664482778226
0.8046718213684386
0.730102101363528
0.07102382545988024
0.011787724601839002
0.16301577738559364
0.12226914496954197
0.02815050689530306
7847067673106228e-23
0.1769711637725342
0.17634483802893136
0.016022446150678247
0.015719256588159727
0
0.22154538485152958
0
4.244202464599103
4.209100390802053
4.262667544548002
0
5.5250425413165845
0
1.7885800738968611
0.2727804778777018
29.293901017171287
35.97499134365123
17.674942092300025
87.0842342119783
60.99176412840827
0.7913008694324108
0.014315592826269154
0.010949969462724
17.734680240382932
33.259069938785885
0.1652017457737527
0.3386364159192815
0.9281585059850335
1.0671047468107042
24.30851862499244
0
24.28431729259125
0
14.274731669805211
0.007947938925782426
0.007947315960734364
12.819917568847044
4.255178395609143
1.3312076664685
2.5157432105581687
0
0.0002432755373731549
0.007175440442006526
0.061647760010602515
0.03187204154110092
0.006425785666066246
0.00031898416252093954
0.00017965878417475686
0.0011066736226017207
1.8231370107779972
0.4887108757644642
0.20417588061801045
0.17984929783876633
0.0023938729888571277
0.06708467796333793
0.005707473514967271
0.0037358619470008528
0.07513503737647437
1.0010302374653357
0.02868247930188002
36707410175479397e-21
0.031759475662139366
0.0012744136896145413
0
0.9760660278921702
0.5255757929599396
0.029486727959738432
0
0.4874113626718048
0.00010585433536508197
0.03935835255977941
0
0.0006416617294913011
0
0.19834913455665446
0.7292602169237794
0
0
0
0
0.03272956719961842
0.43263936601901476
0.0054867944679299506
0.007435841614263542
0.40483791091391774
0.4067761370893504
0.24197889290485197
0.23955546140566283
0.04817097152696039
0.360760366490295
0.0011567236818566169
0.5272474074291236
10507739674521204e-22
0.008148598560711949
0.3141372466922575
0.09417493384218299
1129680619826331e-22
0.003145016867440138
0.13891126274320306
0.21637826092153473
0.015108710245869806
0.022411717250041208
0.25659767323427984
0.4310838277660607
0.27023466765339366
0.12595961363822877
0.24614745812560188
7628726491285499e-24
0.22752531060515346
0.22760432323756238
0.49186793287704345
0.5516796528443852
0.0004886188603177936
0.5536172427021672
0.43954405913277955
10.518816596616581
1.9821963324009078
2.8631381675490184
0.1184301032257821
0.4320717010701959
3.2233860639573124
3.731649105948991
0.7434778134515032
5.331219559956653
6.549511250197083
5.537587399214818
2.1985730682824562
2.817527495283162
0.5298547771828812
29.49301390311988
619.2776205475199
5.631192867873777
5764.746622408782
1.1152309356256407
23.218606876365296
1.1735859704637692
45.18005568023155
1.303861761543469
1.7914212042557165
1.1152299923930034
0.9476025687538542
1.070191230565185
11.182768509163559
0
0.0005646859313235667
4082599814484459e-24
0
0.009590571884841742
0.008320218316662558
0.008579034783372796
0.00813908531088313
0.007489909500850008
0.011665305672203965
0.010913463899265041
0.009377549479336075
0.007623697401630712
0.00808915648425507
0.00849990048207152
0.018339929890267084
0.007606273220568262
0.00933842629977208
0.008609484193863157
0.0090675930265988
0.007362885072689005
0.018367824118845702
0.025624330300685116
0.010184613749514982
0.010250624066279107
0.0019827514474010433
0.0074548776451833585
0.01678667989609371
0.07411287925264956
0.040047728898771645
0.11731586168851442
9120054843480237e-20
0.009961400257754806
0.23898019804971787
5447383140914867e-21
0.07510102905677507
0.01122105177486787
0.0020465845833347175
5556888950570198e-21
12044235687073064e-22
0.10471809387899884
0.09080249826547773
0.004065238312007063
0.03095957923084264
0.019720984249657163
0.00585200143045661
0.012137581509964598
0.0004829194989972721
0.363735174823988
15699130008433457e-25
0.06774028639323874
0.00040306818804011746
0.00964837661721373
0.01127086600636569
0.00015706546144525466
0.00017087950524446646
0.39880896220468287
0.0005200371972328802
0.05944341708846714
0.257967362506249
12609151854068526e-22
2586166969354796e-21
0.00014472952918243663
11840325938535276e-21
0.0005945389723708465
15325646689919778e-21
14120535062230033e-23
1004404233665821e-21
19077042601592288e-21
0.07804495892237684
0.07867468144907445
4343836159205374e-20
0.000293733974202184
0.0175784279495353
0.008174998286616404
0.09186710542896064
0.010592075718396902
27828984129565894e-21
0.13784828265670207
0.03881676071488699
8240522751165608e-22
0.27192179061907934
45711200358440467e-23
0.0034763535960344503
0.0010111842880262691
2299456595305863e-27
0.34509574814433003
0.39587931714547026
0.017885151971800912
0.2752373672314064
0.4182576650366243
0.008755266864317386
0.20349513564820376
20535640176111262e-26
5764796843696653e-21
0.0005097317722321044
9120801212667859e-20
0.1357396637268534
8473126063606035e-22
0.000128772198438054
0.17444346810698463
0.0009386975383444309
0.01188428165838397
1222898996605165e-20
0.1432305021994959
0.09926383353698318
0.022969854129379418
27448028596395087e-21
0.0001534536251053175
12006679835538887e-23
0.013839289318099187
0.1636892668096602
832680184355674e-23
10255054922886674e-21
913886384378372e-20
9650395372152094e-20
12087159862333044e-21
0.3390339925627255
0.16970745381973557
0.004551305397303906
0.0014709592021609728
0.042264659889438956
0.005475796414354872
6637505859680704e-20
0.028542842936067427
8323812654441056e-20
0.0007434232867341499
0.08271892038595248
11001004544657925e-22
0.4090580675855538
0.4182576650366243
0.0018288009983761248
0.0004890111662112199
7563075111670053e-24
0.0010193959776697973
10739431058270908e-24
0.01012971114618276
0.029687585901418637
0.0009040710220889586
0.0003412121532400075
0.00015050388508499352
2672600643066747e-21
0.006131503408868638
0.015350681453803722
0.022807678028451597
11069415039142123e-24
0.41767399202380096
0.07203850364195442
0
0
8178050057892582e-20
6712945585789839e-20
10336383959461961e-22
7552913405297795e-22
0.00017702000408740761
0.010277623766044875
0.005396632651161517
15204233713338637e-24
0.00018228207822730126
732874082838186e-20
0.052511202795782946
0.013049173286757405
0.10317988088112277
3845636105015481e-22
0.06030405719547193
0.007701730526293344
0.00012246744625931224
0.15351399151522452
0.00030274016246258567
16523107011768123e-29
8602386601444626e-20
3793631400285568e-21
0.00012471898964852172
0.01800483430331023
0.003493974787504279
0.00015499302400143333
0.00014115095204394855
3818611340657421e-24
0.000604986385863647
0.022383500621666573
1334730735380821e-23
0.0018065688635665773
0.0018518115175418248
44187767438850007e-21
0.11381659065501028
45838578640536606e-21
0.3475703202072049
0.0047503375121765515
0.19022304320373923
0.00309935629698854
0.0006736878900798752
0.0005693560056203782
47372857464741924e-21
0.3819609674169528
11919771814104782e-21
22530332199835714e-21
0.0083163864327392
0.0064033059238606405
21999713529994768e-24
8737666261018373e-20
0.003057603525140684
0.1372633636288116
0.03046679395777559
0.00010011484411133967
0.023506655821941603
0
0
0.11611907748644106
0
0.3614430299201413
0.33457534149960433
0.3499502910238077
0.05226615719914332
0.029919266940642442
0.4167165046103646
0.35053396693979805
0.4169604688300606
0.3366994630763134
0.24492730558185186
0.0007955200267650024
0.016169344705814624
0.1481230407280448
0.3003145451312266
0.14174462671796814
0.0003070414605783764
0.027185212361293582
0.28904856787848643
0.11782173372327981
0.1723674287857485
