0.8847863494631285
33.68076512353248
33.63363420078486
0
33.71639816412039
0.00014434014417860015
33.71807502024132
0
33.73049369075414
0
67.64806258825554
0
17.561775160904833
0
17.018900542271524
0
28.13601088714849
10.40123971656539
21.71187778176299
1.5110240514028666
17183157757487304e-33
9.25964335006573
2.1236812203645794
0.1844738833780679
0
0.18159572932987592
0.0026607811037834056
0.07861603511071982
0.0038252189510386693
0.7515771435050346
0.6824180548841614
0.06631138994381724
0.01094874957787281
0.15149785612587066
0.11392988507750633
0.026471160626323858
769022457730751e-22
0.17816377941523556
0.17761325705501876
0.016529292489335132
0.016213510605909177
0
0.20782349320732196
0
4.213622872038388
4.1757795439399
4.258155482177411
0
5.512688805287269
0
1.81142869094936
0.2762165052658707
29.28976986330925
35.97494969678158
17.64748810015873
86.98993497557315
60.99209885497389
0.7966567568547317
0.014797584868756883
0.01095404527435846
17.706535805392114
33.20634799965023
0.15363265360470318
0.34101989352877604
0.9434178098614513
1.0770602355543892
24.401354254717837
0
24.376270596786846
0
14.294981108864881
0.008081328018250122
0.008080694551456201
12.780442806983443
4.290865887329934
1.3310648160013583
2.5087770621181287
0
0.0002460517159696915
0.007276388501693713
0.061414246206387864
0.03177413238057299
0.006544547721232832
0.00031540095978866236
0.00017714787182050186
0.0011134256782226023
1.8231320395457717
0.488200997585002
0.19324432817121706
0.1788394068180372
0.0024475892981346546
0.06647475000706758
0.0056620205118952565
0.0034457495603575235
0.0745561093848241
1.0060469600646984
0.02845841940189717
3202396902249628e-20
0.029719390504883952
0.001268605431452546
0
0.9714468174052292
0.521510820755604
0.0299418300158031
0
0.4814349099400759
0.00010550665285886503
0.03961033139449655
0
0.000635443245545812
0
0.1981331547405164
0.7252224458289596
0
0
0
0
0.030507117150958853
0.4323711531973733
0.005122176218038329
0.006907110569108846
0.40406504294913964
0.4012894676761538
0.24200203482113292
0.24333637278037018
0.04835733940099645
0.36364096751434866
0.0011386020680889846
0.519234499268748
10503946474279906e-22
0.008137085069701129
0.313683704855264
0.08781607094288396
8563582125406928e-23
0.0031335155007871417
0.13438219536060192
0.2159906452572686
0.015143138335113082
0.02250722534367766
0.2503963942680408
0.42193608698576285
0.2698967903305236
0.12668175511601376
0.24472359771064112
57678408769211965e-25
0.22449641013413998
0.22457319113431012
0.4912030846935024
0.5512763097602063
0.0004805812749966742
0.5532407665281025
0.4419458643509907
10.505942566105478
1.9819836153159394
2.861023107545104
0.11830183976893065
0.43160521357085097
3.222726779289715
3.727231294847098
0.7430617133681899
5.328355897983525
6.541020519205056
5.486640416140662
2.197973233959299
2.816035903182566
0.531276789672718
29.460149004785134
619.2729892122117
5.631189365433814
5711.409634132289
1.1152307610996366
23.21860000828861
1.1734569020726089
45.17623629709019
1.3039250799869397
1.7914192064106165
1.1152298178287512
0.9458112288165106
1.0697514164556874
11.449667622367228
0
0.0005632106384370703
41366536857951505e-25
0
0.009470008752540697
0.008234259435357588
0.008458917278069448
0.007966233598810253
0.007384644463767031
0.011566016243465696
0.010701623139497572
0.009314828728134479
0.00746882340356995
0.007981693787261959
0.008409957830177279
0.01819501631941199
0.007507085530240292
0.009249856510703926
0.00848961901997493
0.008986830227597418
0.007307209994960898
0.018183943097674248
0.025306857823184235
0.010090031134506103
0.010142157743141183
0.001982699745597983
0.007454143261239703
0.01678292538197252
0.0740356377102175
0.04002590263439321
0.11711338789927192
9120043922739821e-20
0.009960086125196903
0.2379961181654426
5447382751331138e-21
0.07502163586845613
0.011219382423690435
0.0020465294958933195
5556888545165814e-21
12044235496622672e-22
0.10455895005336191
0.09068457277156937
0.004065020577276114
0.030946644066854614
0.01971578883613307
0.005851549531130712
0.012135626736589928
0.0004829164359485029
0.36074007976929656
15699130008109877e-25
0.06767616262613316
0.00040306605434948226
0.009647144116344411
0.011269181726568352
0.00015706513752110712
0.00017087912183124686
0.3946256979178842
0.0005200336451163539
0.05939443695022019
0.2567847406921821
12609151645333589e-22
2586166881546205e-21
0.00014472925414513524
1184032409795535e-20
0.0005945343292812896
15325643606261154e-21
14120535036052708e-23
10044042204211746e-22
1907703782352586e-20
0.07795896628856396
0.07858724019708851
43438336818625494e-21
0.0002937328411715157
0.017574308009676923
0.008174114613240418
0.09174626564957547
0.010590589092042291
2782897396174052e-20
0.1375622106434118
0.038796279049998064
8240522662013266e-22
0.2705754634856698
45711200084113595e-23
0.003476194455480573
0.0010111708522183894
2299456595305794e-27
0.3425479768445591
0.3918244393520894
0.01788088583273701
0.2738497168844859
0.4128023595427493
0.008754252774346601
0.20281792366364718
20535640176055898e-26
5764796407388732e-21
0.0005097283595336155
9120790290139831e-20
0.1354629478438078
8473125969349699e-22
0.00012877198070943238
0.17396462464822587
0.0009386859605125919
0.011882408041629338
12228988002652094e-21
0.14291972109720458
0.09912165883884269
0.022962785300716056
27448018705045653e-21
0.00015345331590859413
12006679816612452e-23
0.013836744165243936
0.16327327834597705
832680184264645e-23
1025505354217578e-20
9138862747278347e-21
9650383144322152e-20
12087157944212084e-21
0.33661511821688034
0.16925695771261237
0.004551032366500649
0.0014709307590216227
0.04224029994285139
0.005475400879573828
6637500075289048e-20
0.028531872641448575
8323803557428667e-20
0.0007434160260970994
0.08262186269548145
11001004385771053e-22
0.404339179393079
0.4128023595427493
0.001828757019512308
0.00048900802538237
756307511091909e-23
0.0010193823226579465
10739431056756703e-24
0.010128352029067925
0.029675705616790008
0.0009040602829874487
0.0003412106242658921
0.00015050358766175971
26726005492906706e-22
0.00613100719041082
0.01534754582731272
0.022800709683335342
1106941503753343e-23
0.41228287036299277
0.07196567578740974
0
0
8178041276706636e-20
6712939669160087e-20
10336383819193324e-22
7552913330402903e-22
0.00017701959262124393
0.010276224485584615
0.005396248496790657
15204233710303688e-24
0.00018228164193318628
7328740123227171e-21
0.05247323405850739
0.013046912038252834
0.10302563041323831
38456360855994946e-23
0.06025360649965562
0.007700946532256821
0.0001224672493300485
0.153152611316144
0.00030273895887758344
1652310701176809e-28
860237688531832e-19
37936312113409157e-22
0.00012471878541127482
0.018000510415470957
0.0034938140270697284
0.00015499270856964375
0.00014115069044043168
381861134046598e-23
0.0006049815781174061
0.022376791624853957
13347307351469317e-24
0.001806525948304663
0.0018517664241046643
4418774180324104e-20
0.11362674186706907
45838551053666847e-21
0.3449678173757896
0.004750040027901005
0.18964185515073043
0.0030992298427095126
0.0006736819280567628
0.0005693517476293185
4737282800018742e-20
0.3784269616790417
11919769948742122e-21
22530325535351052e-21
0.008315471814940287
0.006402764608044928
2199971352364062e-23
8737656236889242e-20
0.0030574804594228045
0.13697990510362656
0.030454272939253534
0.00010011471251085618
0.02349924915324821
0
0
0.11592097328371395
0
0.35850772128350133
0.3322469036733679
0.3472939196403197
0.0522285507853856
0.0299071979535281
0.4114220847420048
0.3478641944594591
0.411642288914977
0.3343283830214342
0.24388384922409329
0.0007955117124927788
0.016165863175815733
0.14778874903589295
0.2985802920285404
0.14144078690540315
0.00030704022254500436
0.027175273125076716
0.287477857957806
0.1176173966962631
0.17190114235109885
