0.00014973436807189685
32.605988331180065
134.36641590326744
0
1309.969918498411
0.004460886691318521
300.97268843284354
0
90.23613820830566
0
820.0770607433295
0
27.771459955218127
0
34.191387342627316
0
28.745849311402935
15.887573089087791
93.03215316107
667.5692425417739
0.2700974314182426
58.78302295078502
1.62226528028385
1.1148094463721163
0
10.760397402897391
0.6524978410445359
8.056445343664706
0.0035261609542844487
2.8899421692744114
57.32509691588632
14.78393758022506
152.9230258009224
0.38575085012402077
49.80130995283282
2.3224981852982585
4825203680040353e-20
45.339605864210185
74.40017243970831
76.68506917074285
46.48405250782802
0
2.8519490903945974
0
254.97300386738462
32.667820227275925
4.791192677639102
0
12.347163326366804
0
3.6140771633062423
32.22346488104841
26.499600751598667
31.653000846028498
18.566236176464926
59.08722130649372
1461.5222494592924
2.022871796431074
0.06269229708305979
0.4367853905889746
12.828936992996498
51.31645396525118
0.9961179427884923
2.327821388690397
0.004083864819705152
0.006604225797176947
326.2967448017481
0
257.1501404327709
0
7.9303779668986065
0.036926102725389535
299.8059965123965
8.344435408863687
5.312776346565399
1.0353262961983696
2.956806510609081
0
7045439003376651e-20
7.824555698996012
0.08494905782223658
0.0019320036411710343
0.04650793500817345
0.008226996939506284
0.0004636839611940554
0.0016457634561443278
0.20412220369256556
0.6788920050928356
0.9313364663591587
0.07374358696789837
0.010710647135804868
0.09435904730779292
0.018690127363910423
2.2954268767058967
0.027865156646890134
3.509446124403579
0.018616442934392893
0.030364258585724484
10.786663635672493
0.00042586715472410925
0
1.275559506530993
1.5522979729381812
0.2251126355772291
0
2.413624506117456
0.03507262695773769
0.05426585045967304
0
0.0020454668196631374
0
0.2136295015366452
1.0257418070029285
0
0
0
0
1.856209658021264
0.5684096487140298
1.2144491424597155
5.878846367660757
0.29626148405933994
1.2547090139707622
0.1363062913779756
0.39018857059038603
0.004856969583306766
6.660471985711672
0.0036969283170188256
1.622082866128294
9784223666746512e-22
0.04238928313860959
1.8375110441085103
0.2812175601026454
0.4921606379753896
0.19193229929803576
0.8577870024225567
0.18881097737511052
0.0004938498168568366
0.020829937780597066
0.9884223135476233
2.350975418394317
0.13315743695885027
0.08921877437475274
0.2669574266136487
0.026820807026786863
0.35533092248812675
937.3912836255404
0.33907609262488775
0.5896499292866358
0.1604198747438663
87.85144904102582
0.2596363128700392
7.990157479892451
1.9906782648719707
3.0911059569183714
0.18341075768085321
0.33763566414009555
3.2518158298065174
4.22956445115842
0.9828068208324847
4.069629359955985
3.4999889955441597
5.0617349953255255
2.110344066759103
2.9040070194331595
0.46649593678973234
33.865756488242184
619.5851339551471
5.631425370681058
10684.579616567053
1.1152425210203722
23.219062795547007
1.182185575748054
45.43431634198203
1.1072686171733974
1.7673693773980748
83.20984395678583
0.2131941974000565
1.099794880279892
42.45119999820871
0
0.0006831512746496315
8404817657041076e-28
0
4659313638371429e-50
0.02188763419155599
0.0355440721874367
0.058279597713805746
0.02873190452407872
0.03685825895552193
0.06337071135424711
0.034098116719305085
0.054804171199515805
0.03367248367111955
0.028195834794346352
0.05164986946317169
0.02894574069693095
0.0291859982477445
0.03216302266940716
0.027123895226231567
0.043878200283151876
0.060203789949573525
0.07421876053724476
0.027017570163919733
0.03497189641859773
0.001986186518127818
0.007503789462587304
0.017037798587669538
0.0794246998574382
0.0415235308319198
0.13156962714486284
9120779810092193e-20
0.010049023505802957
0.3142829317698652
5447409002209101e-21
0.08056359876234757
0.011332423460977658
0.0020502446997992963
5556915862070412e-21
12044248329501132e-22
0.11584247579689932
0.09898347923492655
0.004079718027817918
0.03183044015476532
0.02006894418319211
0.005882077459574691
0.01226804936919215
0.0004831228728527014
0.6297318398773724
1569913002991284e-24
0.07213566288203573
0.0004032098513254299
0.009730545265287506
0.011383236193249347
0.0001570869655764759
0.00017090495879167094
0.8030877613777706
0.0005202730470540916
0.06278678218774958
0.349971629089964
12609165710257078e-22
25861727982454317e-22
0.00014474778779632357
11840448120008198e-21
0.0005948472696800219
1532585138982358e-20
14120536799925658e-23
1004405112868412e-21
1907735978046336e-20
0.08397062529131223
0.0847021441739713
43440006126048864e-21
0.0002938091964846278
0.017854087708789705
0.00823387218608993
0.10025504617543765
0.010691228647621596
27829659095455697e-21
0.1582310953020047
0.040200831639262455
8240528669252159e-22
0.37803885547603483
45711218568728945e-23
0.003486933927189214
0.001012076579239577
2299456595310469e-27
0.5643770158661858
0.7841059920244239
0.018170633799578294
0.38496548043347584
0.999850276841559
0.008822847270466429
0.25389539480412526
20535640179786304e-26
5764825806634018e-21
0.0005099583640823593
912152629795172e-19
0.15543089294720036
8473132320504836e-22
0.0001287866524584636
0.20936258025170157
0.0009394664140144446
0.012009318528771523
12229120300566227e-21
0.16544627897989053
0.10917229968933796
0.02344399449593624
27448685209004027e-21
0.00015347415150428016
12006681091908023e-23
0.014009292131209699
0.1938108073991491
8326801903983247e-24
10255146577245187e-21
9138936631973855e-21
9651207110999939e-20
1208728719115266e-20
0.5453377569885723
0.20245621239451522
0.004569466328502464
0.001472848536806964
0.043913531791674315
0.005502116690006813
6637889848733242e-20
0.029280582699370856
8324416551866154e-20
0.0007439054188230745
0.08942342012852915
11001015091844528e-22
0.8836727618252354
0.999850276841559
0.0018317227568994117
0.0004892197049069103
7563075161520407e-24
0.0010203028298324242
10739431158786518e-24
0.010220340735329233
0.030486949703595213
0.0009047841873257618
0.00034131366447247557
0.000150523629860826
2672606868089919e-21
0.006164533214907003
0.015560268835052233
0.02327504343522986
11069415145929723e-24
0.9894012398226225
0.07704146366102141
0
0
8178632989072302e-20
6713338353421527e-20
10336393270737446e-22
7552918376950201e-22
0.0001770473200518591
0.010370937780003326
0.005422194729921126
1520423391480407e-23
0.0001823110425099935
7328787637903891e-21
0.055094055980536696
0.013200158631770967
0.11395305447271065
38456373938819076e-23
0.06374928170485242
0.00775395228505725
0.00012248051946777292
0.1795119962618197
0.000302820069189194
1652310701177045e-28
8603031599015094e-20
37936439427747204e-22
0.0001247325480131491
0.018294196423861434
0.003504662898973196
0.00015501396433708424
0.00014116831881572832
3818611353365557e-24
0.000605305617717419
0.02283338340789099
13347307509067993e-24
0.0018094199330151962
0.0018548073539182536
4418946920753575e-20
0.12715502552269242
45840409941109434e-21
0.5724260792956547
0.004770126749324724
0.2330664574809072
0.003107762097006695
0.0006740837773630388
0.0005696387295548981
47374813413083225e-21
0.7079395911215494
11919895640710702e-21
22530774604096868e-21
0.00837732584622322
0.006439341930834931
21999713951793565e-24
8738331705517824e-20
0.0030657839252469605
0.15745285528400949
0.03130957743809748
0.00010012358036266116
0.024003580144828087
0
0
0.13005572185401798
0
0.6210407233551083
0.5318985651674274
0.5803303910528271
0.05482405513619263
0.030731415771028496
0.9737893475892367
0.5822942340156579
0.9776110710915129
0.5382444452212433
0.32517696471550933
0.0007960721367126048
0.016402139379173876
0.17209148694559548
0.4411045292501453
0.1634445395828653
0.00030712365450929157
0.027853191029135502
0.41500939862136776
0.13221082502769985
0.20632380138720358
