0.9155450603069007
33.356065677973014
33.35780845977163
0
33.428359815909836
0.00014326721790431946
33.43139121861104
0
33.44796166406792
0
67.0808364646288
0
17.329660353243195
0
16.769599604790354
0
27.519181950672174
10.187482344544183
21.25865297649137
1.559223370447461
1594251554409647e-32
9.469907147574157
2.119208368082003
0.18577191243004407
0
0.18371482233825512
0.0027483991068603386
0.06667876060673575
0.0038241650812384184
0.6364494928363259
0.578992575822317
0.05609068006205303
0.00913671032833638
0.12691753152050445
0.09593186116198033
0.022714731796605273
7320388860868168e-23
0.18040929471756234
0.180008006144172
0.017821567284253777
0.017465457122738188
0
0.17820051441831153
0
4.148987362872024
4.102328455376897
4.2476660892169775
0
5.483941533618312
0
1.8698156473734777
0.2848147839611308
29.28008778304283
35.97484390606033
17.58256650346809
86.70085588446076
60.992760961080734
0.8108523612341034
0.01621608942890886
0.010964879216531286
17.637921565281243
33.099769901847424
0.12903120973025894
0.3468086807778477
0.9816402597160513
1.0989676786326525
24.64313163665436
0
24.615195470368178
0
14.345419595081617
0.008409535273195505
0.00840887839485384
12.684623196921953
4.380607612695851
1.3306796984695919
2.4925319491853464
0
0.00025297836347912067
0.0075287107243446885
0.06093699802831278
0.03153457410784415
0.006839991967078749
0.0003073773627694637
0.00017136990767350937
0.0011285392663339289
1.8241771915952283
0.4871173886309598
0.1690910354682491
0.17652005214740224
0.002583721516773125
0.06517946895025732
0.005570621398178241
0.002838809346502269
0.07328230067356234
1.0198510971419594
0.027962430514453965
2303328969145803e-20
0.0253507117715182
0.0012553624945997426
0
0.9606312593360558
0.5124383348044599
0.031067625159160322
0
0.46805208254584174
0.00010485025114241585
0.04025874666189541
0
0.0006182389066692858
0
0.1976282073362809
0.7158087140002226
0
0
0
0
0.02576992157744207
0.43181881278387163
0.0043419232570610375
0.005826828155374458
0.40224262109358466
0.3890722379069236
0.24200729582503447
0.25283264916948434
0.048808467111789954
0.37047124174219426
0.0011004093976924579
0.502327377990734
10494566333833423e-22
0.008115710734990384
0.31292377986172926
0.07413465863419066
4460887690859102e-23
0.0031071538622662416
0.12410519025884748
0.21503768222708972
0.015234097394115255
0.022757695524556993
0.23593116534848202
0.40110850537102105
0.2690075880433097
0.12848756664618013
0.24164360243267594
2986954361653209e-24
0.21775196665720734
0.21782321186734285
0.4895001693141447
0.5503212417086848
0.0004618011882568935
0.552457798112317
0.4480145621078861
10.484666909456262
1.9814474983926127
2.856051347920641
0.11803190568874954
0.43083448690345705
3.22107925703688
3.7168620953788
0.7422221901831406
5.32555441827542
6.5278309254272875
5.372557501006021
2.1964854826827644
2.813998658564039
0.5351158819859195
29.403028338857567
619.262138805716
5.63118115973711
5588.373319598368
1.1152303522108096
23.218583917396113
1.1731545692674301
45.1672893046052
1.3040653151370352
1.7914145191017021
1.1152294088503163
0.9416092992493387
1.068721703884856
12.278635044095493
0
0.0005602132508027151
4262779345132054e-24
0
0.009193359607403495
0.008042037939512059
0.008191697520778661
0.007582742807133975
0.00714969007214569
0.011343401990386165
0.010230565864548687
0.00918200919522441
0.007125289271420908
0.007740957697375382
0.008210380055545242
0.01787686045202375
0.007286084237473227
0.009053917078874608
0.008223212831245132
0.008808311860540458
0.007189898175816691
0.017776882148083553
0.024602271001094734
0.009880345991284772
0.009901984845753244
0.0019825786211047423
0.00745242299021362
0.01677413239180965
0.07385498715157279
0.03997481345526892
0.1166403887308806
9120018337091426e-20
0.009957007983405599
0.23570640183978894
5447381838593481e-21
0.07483595773451862
0.011215472350170473
0.0020464004398711086
5556887595362676e-21
12044235050425243e-22
0.10418704576020947
0.09040888993850268
0.004064510502271939
0.030916360026321657
0.01970362210025655
0.005850490933665094
0.012131048220820442
0.0004829092597487362
0.3538192296911705
15699130007351776e-25
0.06752616760264402
0.0004030610554682227
0.009644257163332181
0.011265236690567611
0.00015706437861676112
0.00017087822355344744
0.38499594442113744
0.0005200253231212022
0.059279841623236386
0.2540352174496
12609151156298147e-22
2586166675823512e-21
0.00014472860977495958
11840319785746559e-21
0.0005945234513426675
15325636381701855e-21
14120534974723046e-23
10044041893909046e-22
1907702662921883e-20
0.07775786895659156
0.07838275849327107
4343827877815712e-20
0.0002937301866632766
0.01756465937323377
0.008172044669629829
0.09146377776388638
0.010587106960656439
27828950140025426e-21
0.13689430832448846
0.038748335810754285
8240522453142355e-22
0.2674472608076809
4571119944140585e-22
0.003475821640935906
0.0010111393747821798
22994565953056293e-28
0.33665233456191584
0.38248634720595714
0.017870894876472945
0.27062598890172934
0.4002983800913758
0.008751877369605556
0.2012401270288032
20535640175926168e-26
5764795385183136e-21
0.0005097203641690216
9120764700303335e-20
0.13481684992583626
8473125748520868e-22
0.00012877147060451726
0.1728479051750141
0.0009386588359029599
0.011878019587872636
12228983402694965e-21
0.14219424442865514
0.0987893611957338
0.022946232585151275
2744799553107271e-20
0.0001534525915082755
12006679772270584e-23
0.013830783076657385
0.16230281318931036
8326801840513765e-24
10255050307372565e-21
913886017832694e-20
965035449636339e-19
12087153450336056e-21
0.3310154129194722
0.16820618846282612
0.004550392759347258
0.0014708641230545146
0.04218328311247878
0.005474474311234686
6637486523324071e-20
0.028506187351697077
8323782244496379e-20
0.0007433990157627331
0.08239491642129758
1100100401352233e-21
0.3934955844495526
0.4002983800913758
0.0018286539875998137
0.0004890006669581516
7563075109159682e-24
0.0010193503316760326
10739431053209127e-24
0.010125168530235665
0.029647890459001326
0.0009040351233408078
0.0003412070421297066
0.00015050289084486918
2672600329587035e-21
0.006129844780298779
0.015340202020387505
0.02278439220447623
11069415033764496e-24
0.3999231789911846
0.07179533894390666
0
0
8178020703707559e-20
6712925807381242e-20
10336383490564404e-22
75529131549351e-20
0.00017701862861987057
0.010272946921832327
0.005395348586293065
15204233703193243e-24
0.0001822806197638937
7328738471153004e-21
0.05238438632444671
0.01304161579761579
0.1026651465000813
384563604011068e-21
0.06013557310685599
0.007699110061247511
0.000122466787954789
0.15230927808411826
0.000302736139072469
16523107011768001e-29
8602354121896602e-20
379363076867123e-20
0.00012471830691454796
0.017990384243651736
0.0034934374178181506
0.00015499196956154977
0.00014115007754350272
3818611340017465e-24
0.0006049703144198451
0.02236108129869267
13347307345989615e-24
0.001806425408106703
0.0018516607810681043
4418768174281207e-20
0.11318319302246099
458384864217256e-19
0.3389465861981236
0.004749343138646801
0.18828716041992477
0.003098933599008172
0.0006736679601140992
0.000569341771902929
4737275896911187e-20
0.37027481331850265
11919765578471031e-21
22530309921444705e-21
0.008313329392908632
0.006401496563348715
21999713508753796e-24
8737632751863947e-20
0.003057192153818313
0.13631809328936803
0.03042495816856859
0.00010011440419082364
0.02348190554787215
0
0
0.11545816654039419
0
0.35172372980374444
0.326854971718925
0.3411491207979036
0.05214055037552879
0.029878941140605363
0.3992799438011566
0.3416886615193509
0.3994466772159802
0.32883846849163073
0.24145655801588334
0.0007954922337077005
0.016157709394782744
0.14700850379204777
0.2945563066262981
0.1407314826013651
0.0003070373220332012
0.027152001174152347
0.2838312564281991
0.11714005153081754
0.1708136348653485
