0.9333837881229322
33.10135647844095
33.149555068285544
0
33.21363414743982
0.0001424419942312166
33.21793960589851
0
33.23838223642161
0
66.65958484927131
0
17.15624008584297
0
16.618168948569988
0
27.20438365278549
10.087392963776358
21.021042579878216
1.5914523031344565
15065239291640638e-33
9.61366492978971
2.1178787806943817
0.18619482495376286
0
0.18462226920666203
0.002794286617869211
0.06037210753253097
0.0038235471600986965
0.5756117342079214
0.5243233421103427
0.05067218265778555
0.00817671667789178
0.1141414168341986
0.08644122355668482
0.02066199478881987
7090870981470745e-23
0.18138974735443417
0.18106810307271046
0.018664498020811132
0.018273996505031243
0
0.16269770979438097
0
4.116326776232437
4.0628635594945175
4.241657688574397
0
5.467444489417523
0
1.9086906465892879
0.29040778601287026
29.274468383986036
35.97477432586815
17.544172392740297
86.4663303630182
60.99303288842574
0.8208661986043838
0.017326732839346104
0.010972450437402501
17.595633931563725
33.05097946523313
0.11635219281107308
0.3504496527122849
1.0063932164347427
1.1110934053035932
24.8051987253465
0
24.774853806424073
0
14.377062142055486
0.008612151114454007
0.008611485986556085
12.625583888957765
4.4392145760087445
1.330416151338422
2.483158752028656
0
0.0002573499005801841
0.007692113316924274
0.06070850385838183
0.03139010521379764
0.007024807485134293
0.0003027567472649482
0.00016798799591783854
0.0011370640172480785
1.825624016818766
0.4865629703594767
0.15614541813629698
0.17518955425792362
0.0026716168566943083
0.06452676286052496
0.005529208190370291
0.002529290375978531
0.07259242544201071
1.029285909654285
0.027694236525084747
189045507175443e-19
0.02307137854792174
0.0012477429529958986
0
0.9543627285638121
0.5074950191799651
0.0317683570836534
0
0.46068159323504965
0.00010464176483809874
0.040698767511178416
0
0.0006060303096179744
0
0.19733601226062844
0.7103792868488631
0
0
0
0
0.0233072244460583
0.43155946422606084
0.003933423706331763
0.00528207168049202
0.40117864347983856
0.3823893499338174
0.24197745199928963
0.2589879191258883
0.04908233481070105
0.3746358515875618
0.0010808719932603105
0.4936698724344571
10488835340219848e-22
0.008107149199342542
0.3127079020652737
0.06696612619114664
3049370391083753e-23
0.0030924735911928482
0.11836312485564263
0.21445734006680517
0.015296319585490084
0.02292291631112196
0.22760179324185434
0.38938990399416173
0.26843408588079976
0.12961694736774854
0.24004062141969568
20353975582965395e-25
0.214078473522026
0.2141462938636825
0.4884266035641751
0.5497599471117811
0.00045070551848622534
0.5520932814852754
0.4518440448003136
10.479058168643256
1.9811531092392585
2.853305583533048
0.11789974965613949
0.43063176737548986
3.2201693568243965
3.711141751344927
0.741843896951605
5.326403386175869
6.524449596552521
5.310013631580368
2.195611640243296
2.8137653107061196
0.5377055991533882
29.384512894939217
619.2558461242688
5.631176400791841
5518.2355693782965
1.115230115072965
23.218574585376455
1.1729792649475554
45.16210124605619
1.3041419368945861
1.7914117966791707
1.1152291716604972
0.9391699466313155
1.0681249690835544
12.955894688425152
0
0.0005588776860477308
4335649058870973e-24
0
0.00903774836169759
0.00793675504009914
0.008045931092136546
0.0073737646518842745
0.007021004842366697
0.011220794861367648
0.009973359772617107
0.009114129218865334
0.00693815862246683
0.007608675600840638
0.008102012049962077
0.01770671611023907
0.007165359433166852
0.008947980426873677
0.008078031619235105
0.008711934474551156
0.007130591350035451
0.017556509266652483
0.02421946181092376
0.009766732715762458
0.009771905042229256
0.001982508377504468
0.007451425488988667
0.016769034946948567
0.07375041962774515
0.03994521381298654
0.11636694531234261
9120003498549964e-20
0.009955223229568674
0.23438857124155732
5447381309245013e-21
0.07472848303069851
0.011213205300254235
0.002046325596664058
5556887044517829e-21
12044234791649957e-22
0.103971963641816
0.09024938989964355
0.004064214710057453
0.030898810166372356
0.019696569357539977
0.005849877080461424
0.012128393670271295
0.00048290509791073665
0.3498664316653621
15699130006912121e-25
0.06743932930532162
0.0004030581563607486
0.00964258325072865
0.011262949372324983
0.00015706393848659894
0.00017087770259316716
0.3795191335137951
0.000520020496783375
0.059213482593031976
0.25245412094293435
12609150872678656e-22
25861665565132166e-22
0.0001447282360693188
11840317284851865e-21
0.0005945171426978579
1532563219177011e-20
14120534939154487e-23
10044041713946842e-22
19077020137005792e-21
0.07764147891003259
0.07826441176200045
4343824511722023e-20
0.0002937286471737921
0.017559066006726045
0.008170844431628802
0.09130034562056524
0.010585087998960858
27828936324465775e-21
0.13650844047391675
0.03872055794524696
8240522332006224e-22
0.2656496345007422
4571119906866301e-22
0.0034756054428723227
0.001011121119673539
2299456595305535e-27
0.33327971780110466
0.37717296040557674
0.017865103109871973
0.26877378089645876
0.3932208807187693
0.008750500032454676
0.20033070256322724
2053564017585094e-25
5764794792347989e-21
0.0005097157272592963
9120749859332964e-20
0.1344435537443704
8473125620449655e-22
0.00012877117476655744
0.17220354319056252
0.0009386431051564652
0.011875475216256096
12228980734918695e-21
0.1417751875981115
0.09859715349525465
0.02293663819013354
27447982091175243e-21
0.00015345217138885015
12006679746554208e-23
0.013827327078631654
0.1617426301389783
8326801839276905e-24
10255048431326458e-21
9138858688446072e-21
9650337881819856e-20
1208715084408223e-20
0.3278106033293285
0.16759977882616525
0.0045500218559245765
0.001470825478445997
0.04215025107331762
0.005473937013335116
663747866378061e-19
0.02849130158473694
8323769883938392e-20
0.00074338915067959
0.08226358306713678
11001003797634107e-22
0.38734050439606343
0.3932208807187693
0.0018285942361866445
0.0004889963994396896
7563075108139305e-24
0.0010193317787440292
1073943105115169e-23
0.010123322696453985
0.029631770811414018
0.0009040205321499257
0.0003412049646621958
0.00015050248672255582
2672600202168395e-21
0.006129170733461276
0.015335944538661942
0.02277493412009104
1106941503157868e-23
0.39292556873151224
0.07169673568592896
0
0
817800877227768e-19
6712917768159516e-20
10336383299973787e-22
7552913053171337e-22
0.00017701806954298918
0.010271046554948099
0.005394826745713432
1520423369906949e-23
0.00018228002695234484
7328737513021296e-21
0.05233292740410587
0.01303854519116456
0.10245665951616917
3845636013729125e-22
0.06006722478521633
0.007698045187795548
0.00012246652037780172
0.1518223103428405
0.0003027345037189569
16523107011767948e-29
8602340920119796e-20
3793630511941898e-21
0.00012471802940789163
0.01798451411009357
0.0034932190192685044
0.00015499154097029137
0.0001411497220908946
38186113397573446e-25
0.0006049637820563557
0.02235197503990332
13347307342811633e-24
0.0018063671016847543
0.0018515995154171768
4418764691038687e-20
0.11292674748198976
458384489380245e-19
0.3355028005466261
0.004748939019731081
0.18750593388759837
0.003098761803391303
0.0006736598594415005
0.0005693359864912582
4737271893410663e-20
0.3656276215716236
11919763043902717e-21
22530300866056318e-21
0.008312087133283776
0.006400761267087123
21999713500120075e-24
8737619131589466e-20
0.0030570249614376224
0.13593573687874666
0.030407969793743283
0.00010011422537891612
0.023471852868742465
0
0
0.11519060557333691
0
0.34784827806810337
0.3237680652461493
0.3376353376938481
0.05208958187484432
0.029862565639024036
0.39240288813703067
0.33815747247099687
0.3925399797704708
0.3256959517718168
0.24005991717853722
0.0007954809370696327
0.016152982437233242
0.14655788380642681
0.2922474618301415
0.14032174747104426
0.00030703563987380524
0.02713851357647456
0.2817376149241433
0.11686409996832889
0.170186082226661
