0.9483110343988438
32.82793805927555
32.93292450627518
0
32.99194228997826
0.00014156634958619079
32.99779488414082
0
33.022922074903946
0
66.22604309503059
0
16.98161969271661
0
16.480306844828917
0
26.958358053075045
10.017143161726107
20.83080022001372
1.6222656908844983
14188631860008452e-33
9.752252313806393
2.1176240292189283
0.1862989325571133
0
0.18518556736230538
0.0028302964759285066
0.05543537959370009
0.0038230261629437876
0.5279814945412364
0.48151582487070144
0.04640733705653646
0.007419538872631546
0.10423939591814572
0.07899702943398021
0.019018802013035796
6879989251801786e-23
0.18202466637075315
0.18177283743934317
0.01944673004708898
0.01901717350127294
0
0.1506803561315569
0
4.092100259188329
4.031623391173467
4.2366933969742675
0
5.453766335980486
0
1.9457513449860864
0.29566198402773874
29.269761841285842
35.974708677633984
17.51134034643629
86.20937267983925
60.99316232586251
0.8308926154573207
0.018511879593804577
0.010979948388126682
17.55803344509269
33.018798845539244
0.10661169520639713
0.35377310923817246
1.0294654863918176
1.1211408418387367
24.958661636948214
0
24.92561757757486
0
14.405213058597939
0.008790488817760709
0.008789821667900374
12.572981354136925
4.494250931353497
1.330166717719466
2.4753424481225554
0
0.00026127889168264996
0.007844797508900445
0.06054737026925189
0.031266739119735855
0.007189135998010246
0.0002987535168723653
0.0001650650541070005
0.0011442036605605686
1.827423986464509
0.48614253633418547
0.1459801070792158
0.17407349018500762
0.002752312211750847
0.06404504523579832
0.005502453795094586
0.0022918222005563083
0.07203989102347613
1.0382571618771692
0.02748142523898943
15963207346655107e-21
0.021301510688823935
0.001241277190217569
0
0.9491194326951583
0.5035547436355553
0.032390071167108216
0
0.4547322377421247
0.00010462567755737816
0.04112645150240016
0
0.000594167154316359
0
0.19709185769405665
0.7058533265759671
0
0
0
0
0.021393793658206862
0.4313828420222317
0.0036142814142452575
0.004863977627267878
0.40028460833860485
0.3770227966277189
0.24193247509781537
0.2647185759817752
0.049319875937134196
0.3783445625854409
0.0010659390537799387
0.48704992386743484
1048389021489828e-21
0.008102214927995935
0.3126784915714656
0.06138485213532028
22151114925047598e-24
0.0030807518608528006
0.1136833412984411
0.21395676634263303
0.015355667656679901
0.023074371073156148
0.22067732544375412
0.3797730521490444
0.2679243025336207
0.13061511236003828
0.23881643921536053
14749472358504266e-25
0.21114807374381492
0.21121283342096905
0.4874841023974532
0.5492856013723748
0.00044111351926473015
0.5518646369447365
0.4552438189880607
10.478898437368228
1.9809384861080939
2.851165233105516
0.11780526455589811
0.4306267686640821
3.2194949389409366
3.7066837810611126
0.7415993090082563
5.3285723247990715
6.524140467872382
5.2599144563441245
2.1948972873498622
2.8141754575178872
0.5401048574996339
29.37861573630228
619.2505805285349
5.631172418563193
5460.222047474145
1.11522991663873
23.21856677645052
1.1728325924011367
45.15776039513236
1.3042036775508914
1.7914095164909762
1.115228973182771
0.9371278139407095
1.0676258841838346
13.692964839664127
0
0.0005580517114550979
43965083170681085e-25
0
0.008910814350809917
0.007852479230976431
0.007929355742761613
0.007206399088185082
0.006917775015817478
0.01112206999717846
0.009767202079956004
0.009062728101682776
0.0067883536122469515
0.007502406898532909
0.008015775470562418
0.017573177384652115
0.007068754233450204
0.008864005844362423
0.007961993199570354
0.008635655003628761
0.007086227160928732
0.017381559835757503
0.023914511186155125
0.009676556716377372
0.009668586284436448
0.00198244960036449
0.0074505908938192035
0.016764770653037355
0.07366303248988697
0.03992046201025488
0.11613862364763054
9119991081844351e-20
0.009953730013537802
0.23329148948206782
5447380866292223e-21
0.0746386680368425
0.01121130861062064
0.0020462629708159607
5556886583577114e-21
1204423457510972e-21
0.10379232661316061
0.09011613833619553
0.00406396721101082
0.030884132297742607
0.019690669642063088
0.005849363464520394
0.012126172818716077
0.0004829016153591946
0.3465927324980699
1569913000654422e-24
0.0673667498247573
0.0004030557304363316
0.009641182762816076
0.011261035727126037
0.00015706357019159022
0.0001708772666606999
0.37499612127823756
0.0005200164581927295
0.05915801119544975
0.25113864232395994
12609150635349066e-22
2586166456675711e-21
0.00014472792335739427
11840315192131792e-21
0.0005945118637464671
1532562868568336e-20
1412053490939112e-22
100440415633565e-20
1907701470439683e-20
0.07754421892760101
0.07816551788412845
4343821695014786e-20
0.0002937273589525525
0.017554386909567718
0.008169840221477096
0.09116381189262326
0.010583398850469767
27828924763766525e-21
0.13618638660245078
0.038697329044690705
8240522230640877e-22
0.2641546899890894
45711198756756015e-23
0.0034754245411052743
0.0010111058442577655
22994565953054564e-28
0.33048352986215357
0.37278354595959645
0.017860258067433906
0.26723361991413946
0.3873947678841016
0.008749347658840513
0.19957286557833084
2053564017578799e-25
576479429627027e-20
0.0005097118471779437
9120737440594872e-20
0.13413197817176492
8473125513281112e-22
0.00012877092721321105
0.17166619476139297
0.0009386299420477867
0.011873346533637598
1222897850255404e-20
0.1414254748133487
0.09843660368253715
0.02292861279161183
27447970844825657e-21
0.00015345181983853647
12006679725035037e-23
0.013824435802124087
0.16127536142219612
8326801838241913e-24
10255046861472498e-21
9138857441730749e-21
9650323978979165e-20
1208714866319885e-20
0.32515271261583434
0.16709402251077202
0.0045497115113567865
0.0014707931418536508
0.042122630114409434
0.0054734874490377965
6637472087010421e-20
0.028478851316743173
8323759540776959e-20
0.0007433808957898668
0.08215384568859638
1100100361698128e-21
0.3822640559917149
0.3873947678841016
0.0018285442383783102
0.0004889928284569848
7563075107285466e-24
0.001019316254119249
10739431049430051e-24
0.010121778382162465
0.029618288807670656
0.0009040083225869193
0.0003412032262705302
0.00015050214855839503
2672600095545918e-21
0.006128606755629714
0.015332382834048133
0.02276702271906932
11069415029749613e-24
0.38716423271098394
0.07161432967072226
0
0
8177998788205082e-20
6712911041036828e-20
10336383140489714e-22
7552912968016568e-22
0.0001770176017151163
0.0102694566195342
0.005394390114189539
15204233695618777e-24
0.0001822795308958073
7328736711267583e-21
0.0522899060095521
0.01303597629791897
0.10228252536681326
38456359916533366e-23
0.06001009138340493
0.007697154226887998
0.00012246629647284544
0.15141601795410314
0.00030273313528036825
16523107011767903e-29
8602329873037407e-20
3793630297113701e-21
0.00012471779719392545
0.017979603520528898
0.0034930362763177973
0.0001549911823308702
0.00014114942465284834
3818611339539679e-24
0.0006049583159024572
0.022344357875216304
13347307340152334e-24
0.0018063183129746676
0.0018515482505691747
4418761776302736e-20
0.11271260333346432
4583841757210966e-20
0.332647984157204
0.004748600884005527
0.1868547039240907
0.0030986180540754893
0.0006736530809648766
0.0005693311453691914
473726854332917e-19
0.36178375775571225
11919760923004948e-21
22530293288612227e-21
0.0083110477670969
0.006400146044373989
2199971349289548e-23
8737607734313687e-20
0.0030568850637656083
0.135616609663674
0.03039376140333431
0.00010011407575137373
0.023463444207597276
0
0
0.11496719013667167
0
0.3446381796723946
0.3212073928464295
0.3347228724296101
0.05204697029918223
0.029848869701306863
0.38673935873241416
0.3352306741723618
0.3868523955682591
0.3230894202828584
0.23889743417222614
0.0007954714842935697
0.01614902803522078
0.14618187176958916
0.29032936053319885
0.139979802649278
0.00030703423226887436
0.027127232455846945
0.2799975524212098
0.11663368645704145
0.1696627254429134
