0.9561490412821473
32.65337700064471
32.797949768091634
0
32.85444098756992
0.00014101221705812677
32.86136980533486
0
32.88973844612826
0
65.95783564877443
0
16.876608949017307
0
16.401988324902444
0
26.83371957181617
9.985266882551471
20.73204400610097
1.640360407743575
13658751015650243e-33
9.833842764948068
2.1178505334712243
0.18623588955043596
0
0.18539985647780372
0.0028483824681982584
0.05296452334609368
0.0038227511256986664
0.5041395702813056
0.460086003915886
0.044259744882050686
0.007037211081889542
0.0993154952173017
0.07525728570448105
0.01818293730148789
6759033739367065e-23
0.18228381122755996
0.1820718677271342
0.01989432139459012
0.019438922850286658
0
0.14471752956954737
0
4.080667933572821
4.015855021432807
4.234117827026911
0
5.446637306049978
0
1.967474377937951
0.2987136390755804
29.267288239156354
35.97467045085473
17.493746023610246
86.04291016651858
60.99318004333051
0.8369862734910185
0.019262939301906947
0.010984473075869434
17.537164442178856
33.00542833899203
0.10180527480400535
0.3556570130807288
1.0427647302111502
1.1264505558221245
25.047704974410163
0
25.012894098553126
0
14.420707380341657
0.00888797837003241
0.008887312499328203
12.54372904211498
4.526138153643294
1.330023080054282
2.471248101601617
0
0.00026346552688033764
0.007933066556324427
0.060474791586302534
0.03120124577821395
0.007279673147735127
0.0002965529863121979
0.00016347241758592985
0.001147997399947795
1.8286212639542392
0.48593825121768164
0.14090250006849425
0.1734830100253438
0.0027980375049276723
0.063818555043329
0.005491737379185898
0.0021744070325298557
0.07175798633595898
1.0434874401213623
0.027374149843914144
14585156390778617e-21
0.020420772255359695
0.0012378101160048214
0
0.9463670178625948
0.5015622315711131
0.03273235776138864
0
0.45168811947618
0.00010469643389045373
0.04138092007500221
0
0.000587210522249274
0
0.19696378067390416
0.703483238374194
0
0
0
0
0.020439121511908482
0.43130618331828247
0.00345442316474974
0.004656735354571926
0.3998138767022689
0.3742879931391243
0.24190098188538134
0.26801617492312946
0.04944796562813678
0.38040845071618673
0.00105860497966086
0.4837981636786012
10481242459542569e-22
0.008100434837929172
0.31272665375762476
0.058601815916590194
18719386868002496e-24
0.0030748846121391817
0.11127214696012175
0.21368862478858405
0.015390082758497063
0.023159322340712718
0.21706081484630374
0.3747894601646894
0.2676463417942283
0.1311609436063282
0.23822104459802196
12449613220339911e-25
0.2096651993985189
0.2097282451698774
0.48697413944642665
0.5490347269908785
0.00043590191029446496
0.5517820830836033
0.4571074067049078
10.48071064076663
1.98084263122142
2.8501171080320247
0.11776205070862511
0.4306930023244485
3.2191869472533416
3.704500402803427
0.7414995359101583
5.33028906083301
6.524974331466661
5.234497270999548
2.194533785660491
2.8146480891554564
0.5414584827825035
29.379471108101875
619.2478156844879
5.63117032757346
5430.004883447253
1.1152298124447841
23.21856267613634
1.1727555848413667
45.15548126574342
1.304235295426719
1.791408318477032
1.1152288689659784
0.936055295184748
1.0673639177748422
14.164553477987527
0
0.000557742042384079
44284327872926536e-25
0
0.008845483959837211
0.007809761982369663
0.007870225561506084
0.00712129508883779
0.006865289974276172
0.011071754927488943
0.00966234871846655
0.00903784376990039
0.0067122097454232555
0.007448347155273616
0.00797224604358005
0.017506597846160227
0.007019746548521773
0.008821764880472096
0.007903157969273173
0.008597342284570526
0.007065001810883351
0.017293424940682076
0.023760378813698354
0.009631159091774581
0.009616510120698456
0.001982418738328459
0.007450152701546532
0.016762531989390903
0.07361718866913661
0.03990747146131556
0.11601891580652159
9119984562080341e-20
0.00995294604450269
0.23271749073387885
54473806337063375e-22
0.07459155115904355
0.011210312824217982
0.0020462300879677668
555688634154612e-20
12044234461408652e-22
0.10369812700437606
0.09004624932374235
0.0040638372601068
0.03087642802615135
0.019687572523725758
0.005849093792828895
0.012125006855561426
0.000482899786749125
0.34488605982530635
1569913000635104e-24
0.06732867103097173
0.0004030544566364184
0.009640447475278955
0.011260031039415037
0.00015706337680738535
0.00017087703776147968
0.37264279930425165
0.0005200143376198367
0.05912890505269653
0.25045065690514684
12609150510731914e-22
2586166404252979e-21
0.00014472775915871136
11840314093285305e-21
0.0005945090918904652
15325626844705672e-21
14120534893762957e-23
10044041484284442e-22
19077011851840077e-21
0.0774931983933324
0.07811364067480939
4343820216017295e-20
0.0002937266825348805
0.017551930505859462
0.008169312979662304
0.09109220245679829
0.010582512019358222
27828918693469977e-21
0.13601758670688158
0.03868513758064904
8240522177415904e-22
0.26337309513639867
45711198592979717e-23
0.0034753295568735808
0.0010110978235262464
2299456595305415e-27
0.3290247116168597
0.3704992407980837
0.01785771455595603
0.26642844826607737
0.384370233671031
0.008748742630618762
0.19917608866605765
20535640175754934e-26
5764794035789519e-21
0.0005097098098344675
912073091976365e-19
0.13396866511902886
8473125457008992e-22
0.000128770797227951
0.1713847152424107
0.0009386230304291774
0.011872228956551049
12228977330382914e-21
0.1412421929537228
0.09835240679867367
0.022924399935223324
27447964939587926e-21
0.00015345163524662218
12006679713735737e-23
0.013822917891098553
0.16103054845104894
832680183769846e-23
1025504603717279e-20
9138856787104834e-21
9650316678875764e-20
12087147518059537e-21
0.32376574556405996
0.16682907107182096
0.004549548563931866
0.00147077616282218
0.042108134133628905
0.005473251406346847
6637468633678834e-20
0.028472316101543313
8323754109789074e-20
0.0007433765613444234
0.08209628334894312
11001003522123989e-22
0.379625206010133
0.384370233671031
0.0018285179860483083
0.0004889909534138161
7563075106837131e-24
0.0010193081025351948
1073943104852605e-23
0.010120967587073834
0.029611212125793297
0.0009040019116487236
0.0003412023134784014
0.00015050197099527124
26726000395605294e-22
0.006128310642610874
0.015330512983398133
0.02276286969659387
11069415028789207e-24
0.38417297007880596
0.0715710978041324
0
0
8177993545767499e-20
6712907508758158e-20
10336383056747726e-22
7552912923303456e-22
0.00017701735606828834
0.010268621873898489
0.0053941608616127025
15204233693806874e-24
0.00018227927042670166
7328736290282327e-21
0.05226733047394176
0.01303462762466518
0.10219120944095829
3845635980061769e-22
0.05998011350649435
0.007696686441921692
0.00012246617890486876
0.15120311724430857
0.00030273241674233997
16523107011767883e-29
8602324072434844e-20
37936301843115953e-22
0.0001247176752630584
0.01797702560227264
0.0034929403253740852
0.0001549909940166132
0.0001411492684741624
3818611339425386e-24
0.0006049554457510643
0.022340359289492153
13347307338755988e-24
0.001806292695498914
0.0018515213329622143
44187602458323106e-21
0.11260032304610362
4583840110248602e-20
0.331158715031107
0.004748423345148323
0.18651366183918397
0.0030985425767737908
0.0006736495217458619
0.0005693286034065716
4737266784267442e-20
0.35978162687983933
11919759809362904e-21
22530289309844635e-21
0.00831050206815246
0.006399823026562308
21999713489101983e-24
8737601749831653e-20
0.003056811608780566
0.13544934225081287
0.030386303512112144
0.00010011399718494903
0.023459030189267458
0
0
0.11485005258606278
0
0.3429644981757017
0.3198709526380358
0.3332036664829561
0.05202460974786901
0.029841680745839354
0.3837983535613564
0.3337040259556783
0.38389902768336875
0.32172914410096737
0.23828929261114926
0.0007954665208695655
0.016146952043211912
0.14598482157744516
0.2893272486600325
0.13980058783669813
0.0003070334931654681
0.027121310836414208
0.2790881866610606
0.116512882753701
0.16938856568939317
