0.9862543593516684
31.63894721939806
32.05515256799627
0
32.102832372426946
0.00013787269219177537
32.117118942412134
0
32.167401782141816
0
64.49955890524915
0
16.353306630508385
0
16.04337909984337
0
26.36782472273538
9.898444433320906
20.334028998870206
1.7293280293852507
10971422786031349e-33
10.233548030386117
2.1216502918301683
0.18480380449068612
0
0.18552191810396076
0.002912503021636046
0.044215642427900534
0.0038216847621526133
0.4197014663721684
0.38418274525336654
0.03651258246848708
0.0056465890349101456
0.08204950576753735
0.06181793800361667
0.015129726195259383
6185374141679552e-23
0.18267402338737768
0.18266373061149616
0.021975410983421886
0.021361585262922773
0
0.12401713069630294
0
4.04737284066932
3.9589253463995986
4.224543293029865
0
5.419671718959756
0
2.0739803896066396
0.3134795216630174
29.257761717707062
35.974483735812
17.422540684297438
85.04346696448384
60.99271294835612
0.8688750978306009
0.0235223013686198
0.01100808045600203
17.444825132372177
32.98117764703713
0.0852298342847768
0.3642725100652215
1.1059882885454524
1.1479343824412025
25.47057621883739
0
25.42519819106917
0
14.486090960445814
0.009295458421333497
0.009294824601646596
12.413973331698399
4.678638980610762
1.3293614936248017
2.4555846290392265
0
0.00027299174849089664
0.00835602675519438
0.06028865124868755
0.030947298735105083
0.007664378633825672
0.00028687649469387395
0.0001566903858546384
0.0011633726340901792
1.8353215022549991
0.48526849179112147
0.12323832855127838
0.17114261216063664
0.003005456454032548
0.063158024927186
0.005478047493567659
0.0017648794802474599
0.07071882422528446
1.0688941842117652
0.026994154454518252
10199511530547204e-21
0.017335361184908322
0.001223534555314371
0
0.9357992749611949
0.49446109425994034
0.03418848141555575
0
0.4405203598235598
0.00010577055785901639
0.042661708051097244
0
0.0005541666038820191
0
0.19647259637735925
0.6944217056428303
0
0
0
0
0.01705580877606646
0.43112798674401537
0.0028843757196626305
0.0039293420094082395
0.3979980925702593
0.3643400830965671
0.24172088880003076
0.28360852303720613
0.04996255995428006
0.3895295556255433
0.001033651615090804
0.4727369718784801
1047077332377971e-21
0.008098315409148259
0.31343387011318763
0.0488096972123837
9773890901378267e-24
0.003055433285239165
0.10230878033902645
0.21262606563571357
0.01555059984198064
0.023528197674396702
0.20331777046227067
0.35604816326625616
0.26651795265598544
0.133428637100601
0.23630127797075567
6475708376875322e-25
0.2043783436108759
0.20443356527180237
0.4849278719794138
0.5480587912573427
0.0004139745142834651
0.5518452137469787
0.4648678880139452
10.503033048164232
1.9806319806084187
2.846746762523292
0.11764223097526073
0.43150507219315604
3.2184351784767027
3.697469673916976
0.7413235065746476
5.3414239463992645
6.535945466680207
5.143612981132846
2.1932630412972673
2.818688436268655
0.5473810432493084
29.41410762319686
619.23719619778
5.631162296213527
5315.489084142685
1.115229412242128
23.21854692708029
1.1724598503909878
45.14672833472656
1.3043521944986851
1.7914037125530686
1.1152284686756109
0.9319350646404199
1.0663583177749543
16.860092663299653
0
0.0005575510841576008
45509672062276575e-25
0
0.008604190580304519
0.0076576670966310295
0.007658345978833561
0.006813335571411278
0.006676318267969606
0.01089013490808072
0.009283232812770251
0.008958123125647631
0.006436966576517203
0.007253827660808447
0.007818365025339674
0.01727845615189582
0.006844282675659838
0.008673736023356696
0.007692451447921686
0.008463638982716749
0.0069990938154657996
0.016983261425390958
0.023212923163509203
0.009471888422531648
0.009432953279478861
0.001982300203550994
0.007448469870680792
0.016753936194360854
0.07344137037141721
0.039857614824063844
0.11556027110448554
9119959520098048e-20
0.009949935440092386
0.2305258950047168
5447379740357881e-21
0.07441085438960585
0.011206488890094532
0.0020461037918169784
5556885411919568e-21
12044234024689622e-22
0.10333710605190605
0.08977831332494415
0.0040633381650473695
0.03084685424071437
0.01967568120469616
0.005848058115486993
0.012120529502642662
0.00048289276323102743
0.3384085982308562
15699130005609055e-25
0.06718261264775711
0.0004030495640841701
0.009637623800902015
0.011256172926964583
0.00015706263403237467
0.00017087615857604526
0.3637403168802148
0.0005200061927059257
0.059017243163464246
0.24782562239147365
12609150032084857e-22
2586166202900394e-21
0.00014472712848307204
1184030987268228e-20
0.0005944984454766379
15325619773621977e-21
14120534833736104e-23
1004404118057337e-21
1907700089534328e-20
0.07729754345118671
0.0779147032918213
43438145352806146e-21
0.00029372408446933163
0.017542498800541834
0.008167288191536008
0.09081767742998027
0.010579106444637595
2782889537783443e-20
0.13537117919702576
0.0386383465902261
8240521972981953e-22
0.26039247584613473
45711197963924727e-23
0.0034749647522248554
0.0010110670169652379
22994565953052553e-28
0.3234810951199694
0.36185474099685216
0.017847948446829742
0.26335832159119266
0.3729710938309163
0.008746419142160481
0.19765941215235824
20535640175627985e-26
5764793035298564e-21
0.0005097019845951072
912070587368226e-19
0.133343235886861
8473125240871138e-22
0.00012877029796352132
0.170307853378477
0.0009385964837864974
0.011867937387327063
12228972828144408e-21
0.14054042377997514
0.09802968056961661
0.022908225799611822
27447942257932984e-21
0.00015345092624212728
12006679670335801e-23
0.01381708923447336
0.16009368635377583
832680183561109e-23
10255042871087283e-21
9138854272726078e-21
9650288639664302e-20
1208714311964857e-20
0.31849326837696457
0.16581530828994864
0.0045489227468225295
0.0014707109491948155
0.042052502297402594
0.005472344875047369
6637455369654394e-20
0.028447228668090168
8323733249720698e-20
0.0007433599132323372
0.08187556453981819
11001003157782797e-22
0.36965779368176194
0.3729710938309163
0.0018284171559147912
0.0004889837515514148
7563075105115103e-24
0.0010192767933919216
10739431045053839e-24
0.01011785397514909
0.029584046727642675
0.0009039772880392449
0.0003411988075208489
0.00015050128898782547
2672599824523994e-21
0.006127173423130368
0.015323333118092225
0.022746925226189967
1106941502510034e-23
0.3728969997110681
0.07140528926872204
0
0
8177973409907914e-20
6712893941503238e-20
10336382735099744e-22
7552912751563051e-22
0.0001770164125566075
0.010265416296340797
0.0053932804066803355
15204233686847463e-24
0.00018227826998382527
7328734673303233e-21
0.05218070976195014
0.013029448748018644
0.10184122769233755
38456359355392504e-23
0.05986510942336515
0.00769488997198609
0.00012246572733431505
0.15038815762430977
0.0003027296568963825
16523107011767802e-29
8602301792701903e-20
3793629751045451e-21
0.00012471720693496132
0.01796712740750757
0.0034925718080115863
0.00015499027071488403
0.00014114866860272913
3818611338986396e-24
0.0006049444217969371
0.022325007610978262
1334730733339271e-23
0.0018061943036764242
0.0018514179476735592
44187543673913996e-21
0.11217010001547824
458383378436966e-19
0.32550024541148476
0.004747741490669775
0.1852095164331376
0.0030982526900409065
0.0006736358511722308
0.0005693188399849119
4737260027822079e-20
0.3521940313874599
11919755531931039e-21
22530274027641594e-21
0.008308406404065874
0.006398582485925791
21999713474531382e-24
8737578763830348e-20
0.0030565294889629935
0.134808793825137
0.03035767520488623
0.00010011369541655973
0.023442083926064276
0
0
0.11440124272640807
0
0.336611205202414
0.31478925729997875
0.32743231590510585
0.05193881347581976
0.029814084488822553
0.3727085623868061
0.3279046183926504
0.37276342454379446
0.3165574361203131
0.23596781487152813
0.0007954474569412143
0.016138980762216155
0.14523042979843745
0.2855102488799644
0.13911436496226998
0.0003070306543298031
0.027098578263495265
0.27562274001895815
0.11605004502873194
0.168339646773315
