1.0019373031015302
30.698606851523472
31.415573529322124
0
31.459335114806965
0.00013509372683811278
31.48174628248955
0
31.555812595571407
0
63.26007160758412
0
15.967046962413493
0
15.801991364864811
0
26.121911807404697
9.88190427969799
20.086059308013702
1.7961060572410077
8988233924547115e-33
10.529278265787404
2.1261310932395823
0.182728759003666
0
0.18491220353280405
0.002941862275635919
0.040094052144263405
0.0038211223442964756
0.3799102432198184
0.34841183401409026
0.03269841792684415
0.0049498966101528055
0.07400457371854452
0.055232796823841454
0.01361395148761987
57713427565339504e-24
0.18232776929915676
0.18248666747636288
0.023432426235053264
0.022666651467959528
0
0.1146105244335691
0
4.039474529076043
3.9307822923538653
4.219902848011055
0
5.405960750462248
0
2.153731387849482
0.3244117253121664
29.25276932337765
35.97434163024896
17.381628811853595
84.075568349724
60.991847977033956
0.8944015535369028
0.027289346688761092
0.011027356251376979
17.38265038953688
32.990132863636035
0.07772339247189944
0.37014788505663904
1.1517507257675847
1.1606947246880195
25.770799223138017
0
25.715617661751555
0
14.525181921578136
0.009537125070742478
0.009536539496111527
12.326871190772211
4.788849745869649
1.3289162513720074
2.447464104269018
0
0.0002790286842859352
0.008665590504247884
0.06026764206524675
0.030815639657757018
0.00789856842965593
0.00028047998744321816
0.0001524474316602645
0.0011724008326001632
1.8406489415920375
0.4850029223322627
0.11536119549367464
0.16983275438315634
0.0031449441958941527
0.06298963217471434
0.005494963003501762
0.0015739969058045113
0.07019650334861281
1.0878134335400877
0.026820270107027033
839415284806676e-20
0.015906663671287943
0.0012149834188371232
0
0.9302960637591035
0.4911748605593192
0.03507952825504571
0
0.4350548468819364
0.00010716612006345088
0.04364282689034232
0
0.0005312053739080558
0
0.19621716104574247
0.6897281587293266
0
0
0
0
0.015439933210789727
0.4311200797794796
0.0026107583420498723
0.0035879024094782478
0.39704768365272985
0.35954347999185593
0.2415799271173379
0.2947931093148266
0.05024164600688164
0.3954993349541557
0.0010227053290940455
0.46789118955137804
10465150025143492e-22
0.00809897605340686
0.3142554651736956
0.044236788088119865
6951962646129118e-24
0.0030487884926961003
0.09782813094740196
0.2120528397932719
0.01565978753585478
0.023755355309456792
0.19626632388495655
0.3465237288510515
0.2658951757980288
0.1347526840254815
0.23560132196994832
46001937603419666e-26
0.20194007639314362
0.20198975283583498
0.4838129908053758
0.5475421816454559
0.00040055981270487045
0.5522795789111665
0.4694000359316073
10.527766519919313
1.9806614904791715
2.845540157839949
0.11761348926214207
0.43240343886378557
3.2184245839427983
3.694938738670736
0.7413832218049263
5.351119806404677
6.548253331567078
5.101677087601973
2.1927212462581354
2.8228583441716966
0.5510534483102122
29.458362800226055
619.2316641970768
5.631158112393607
5256.7936743635355
1.1152292037622171
23.21853872283437
1.1723058212162145
45.14216929008354
1.304410663722272
1.791401310537525
1.1152282601499948
0.9297886624079357
1.0658348398494741
19.236379803904637
0
0.0005582800146757662
4614840676507548e-24
0
0.008485569475991305
0.007588457580790949
0.007559863462591353
0.006666430899832297
0.006587759771975961
0.010805095376934349
0.009103047526326104
0.008929480460302263
0.0063059629845503475
0.007163046691648907
0.00774904277539456
0.017182677138884807
0.006763022632897215
0.008608319641127325
0.007594567352195546
0.008405143497747633
0.006977350458691221
0.016844812605346815
0.02296309879089976
0.009401431584199987
0.009350686485126446
0.001982238457326839
0.007447593374103648
0.016749460081703364
0.07334994670219355
0.039831667387170616
0.11532206529803601
9119946474855387e-20
0.009948367468675343
0.22939240255385596
5447379274980573e-21
0.07431689641673005
0.011204497381940194
0.002046038002694439
55568849276436995e-22
12044233797186967e-22
0.10314953544045627
0.08963905180583825
0.0040630781927503
0.03083145941469134
0.01966948943422277
0.005847518666533308
0.012118197743371396
0.00048288910446812465
0.33508259561208165
15699130005222528e-25
0.06710665114397843
0.0004030470154011359
0.009636153174943443
0.011254163621045908
0.0001570622470955288
0.00017087570057850034
0.35918727249840554
0.0005200019497776518
0.0589591580279091
0.24646906541117555
12609149782740382e-22
2586166098008592e-21
0.00014472679994252064
1184030767401885e-20
0.0005944928994520127
15325616090041264e-21
14120534802465956e-23
10044041022359342e-22
19076995187712235e-21
0.07719581552531408
0.07781127044148571
4343811575983357e-20
0.00029372273105258
0.017537587493744893
0.00816623360534191
0.09067499537455227
0.010577332792380137
27828883231888423e-21
0.1350356601633144
0.03861399390403743
8240521866484953e-22
0.2588531513198486
4571119763622732e-22
0.003474774727523491
0.0010110509690906453
2299456595305172e-27
0.32063032776270783
0.3574317122269189
0.017842863045102204
0.26177302314020134
0.3671674373080122
0.008745208997860639
0.19687390158802726
20535640175561844e-26
57647925141068846e-22
0.0005096979081938664
9120692826304238e-20
0.13301858484668821
847312512827715e-21
0.00012877003787947696
0.1697495604542841
0.0009385826549822811
0.011865702369050619
12228970482766978e-21
0.1401762293613801
0.09786198059754823
0.02289980463147231
27447930442249977e-21
0.00015345055689746474
12006679647727216e-23
0.013814053851163818
0.15960780245471712
8326801834523702e-24
10255041221759771e-21
913885296289596e-20
9650274033062121e-20
1208714082835862e-20
0.31578074871101
0.16528964557187958
0.00454859677026921
0.0014706769782146252
0.042023550794690674
0.005471872689748656
6637448459957158e-20
0.028434168479268523
8323722382980985e-20
0.0007433512407792459
0.08176081935154526
11001002967984362e-22
0.364569524063916
0.3671674373080122
0.0018283646320717832
0.0004889799998840964
756307510421804e-23
0.0010192604837132762
1073943104324504e-23
0.010116232362114718
0.02956990516826182
0.0009039644609805065
0.00034119698115564283
0.00015050093370682412
267259971250373e-20
0.006126581088175328
0.015319594200045743
0.02273862360261115
11069415023178679e-24
0.36715467537833096
0.0713190658654268
0
0
8177962920433554e-20
6712886873842692e-20
10336382567541738e-22
7552912662097294e-22
0.00017701592104940578
0.010263746792063098
0.005392821802949622
15204233683222056e-24
0.00018227774881929775
7328733830960765e-21
0.052135642799810984
0.013026751699974689
0.10165938469757899
38456359123458673e-23
0.05980528703828842
0.007693954292255433
0.0001224654920956201
0.14996535743662268
0.00030272821920325656
1652310701176776e-28
8602290186409967e-20
37936295253415417e-22
0.00012471696296669592
0.017961973240816845
0.003492379849456296
0.00015498989392231702
0.0001411483561091186
381861133875771e-23
0.0006049386791020343
0.02231701454869257
13347307330598785e-24
0.0018061430499579547
0.0018513640928425543
4418751305103047e-20
0.11194663294976273
4583830488995093e-20
0.3225909525984998
0.0047473863269192704
0.18453375668597646
0.003098101688352105
0.0006736287297882895
0.0005693137539334886
47372565081503264e-21
0.348304986999103
11919753303663435e-21
22530266066596085e-21
0.008307314906577348
0.006397936338922865
21999713466941033e-24
8737566789618898e-20
0.0030563825329108295
0.1344763100337071
0.030342772375958824
0.00010011353821490467
0.023433260857750975
0
0
0.11416813674942214
0
0.3333483095673347
0.3121740830686689
0.3244655232969953
0.051894175176735814
0.029799718716571954
0.3670590261508903
0.32492353719075356
0.3670910476906941
0.3138963262155397
0.23476744717503933
0.0007954375260357731
0.01613482979410728
0.14483898561562408
0.2835418275030763
0.138758222217945
0.0003070291754885265
0.027086743597415246
0.2738345448673824
0.11580966502644646
0.1677958028566417
