1.0019373031015302
30.698606769218063
31.41557351225758
0
31.459339484374027
0.0001350937289147653
31.48174672159436
0
31.555812231505058
0
63.261268250181395
0
15.967048106266125
0
15.801991346969308
0
26.121911807271218
9.881904286721513
20.086059717579968
1.7961062702911308
8988235325345485e-33
10.529280172846187
2.1261310674916745
0.1827287588817291
0
0.1849122034705513
0.002941862274558697
0.04009405114719826
0.0038211223442670868
0.3799102420265159
0.34841182535931
0.032699055133014444
0.004949896148452752
0.07400457347225448
0.05523388776673252
0.013613948309446454
57714534637961566e-24
0.18232776926753202
0.18248666745447348
0.023432429233666188
0.022666651333401552
0
0.11461052440896823
0
4.03947525407032
3.930782424503955
4.2199028405243
0
5.405960750507079
0
2.15373192146377
0.3244117664202667
29.252769324053894
35.97434163122979
17.381628812261027
84.0755805023187
60.99184500925518
0.8944017614535154
0.027289352641254542
0.011027355848960306
17.382649988331803
32.99013288111185
0.07772339248934439
0.37014788463587195
1.151751009948535
1.1606947244552628
25.770799188405363
0
25.715617677638352
0
14.525181857341991
0.009537124922604109
0.009536537616935056
12.326870800001533
4.788850470198247
1.3289162513788726
2.4474641042690206
0
0.0002790286816543049
0.008665591625478504
0.060267641335615456
0.030815639594981813
0.007898568418826116
0.0002804799866071318
0.00015244743119528765
0.001172400832465515
1.840648922503519
0.4850029223255368
0.11536121405311295
0.16983275439398027
0.003144944644330213
0.06298963173667942
0.005494962961332103
0.001573996885749429
0.07019650261899138
1.0878136553232565
0.02682026978427879
8394152610142367e-21
0.015906665522761588
0.001214983418964667
0
0.9302960637568
0.49117486083790585
0.03507952820719218
0
0.4350548468678876
0.00010716613494002126
0.0436428344894125
0
0.0005312054377977351
0
0.1962171610457013
0.6897281587289793
0
0
0
0
0.01543992946421191
0.4311200798013485
0.0026107583088314816
0.003587902413162985
0.3970476836527327
0.35954347789280205
0.24157992712043663
0.29479317716436026
0.05024164471147521
0.3954993348071566
0.0010227053291022724
0.4678911895544399
10465150025143536e-22
0.008098975823805667
0.31425546511656755
0.04423678754068375
6951962610740518e-24
0.0030487884137874537
0.0978281309482145
0.21205283979327216
0.015659787287631403
0.023755355053032993
0.1962663238878189
0.34652372880962
0.26589517579803773
0.134752682721877
0.23560131917035212
46001937021107174e-26
0.2019400736778382
0.20198975255546708
0.48381299080578427
0.5475421816454566
0.00040055981470703
0.5522796772866894
0.46940003180880013
10.527766389543277
1.9806614905224222
2.8455401579883217
0.11761348927080532
0.4324034341340285
3.2184245840611347
3.694938738975486
0.7413832218439277
5.351119748877569
6.548253243477267
5.101677033866587
2.1927212447681628
2.822858304394178
0.551053443255984
29.458362479701798
619.2316641970768
5.631158112393607
5256.7936743635355
1.1152292037622171
23.21853872283437
1.1723058212162145
45.14216929008354
1.3044106637222208
1.7914013105375253
1.1152282601499932
0.9297886624079357
1.065834839849474
19.236384527483896
0
0.0005582800095596822
4614840676544265e-24
0
0.008485569477615246
0.007588457458193572
0.007559863340459766
0.0066664307950187775
0.00658775966857569
0.01080509525575997
0.009103047381072793
0.00892948031632059
0.006305962884390127
0.007163046575924176
0.007749042651238956
0.017182676861269147
0.006763022523633302
0.00860831950436188
0.007594567230894381
0.008405143364982902
0.006977350349398798
0.016844812338120317
0.0229630984201681
0.009401431435670165
0.009350686334050338
0.001982238457326839
0.007447593374103648
0.016749460081703364
0.07334994670219355
0.039831667387170616
0.11532206529803601
9119946474855387e-20
0.009948367468675343
0.22939240255385596
5447379274980573e-21
0.07431689641673005
0.011204497381940194
0.002046038002694439
55568849276436995e-22
12044233797186967e-22
0.10314953544045627
0.08963905180583825
0.0040630781927503
0.03083145941469134
0.01966948943422277
0.005847518666533308
0.012118197743371396
0.00048288910446812465
0.33508259561208165
15699130005222528e-25
0.06710665114397843
0.0004030470154011359
0.009636153174943443
0.011254163621045908
0.0001570622470955288
0.00017087570057850034
0.35918727249840554
0.0005200019497776518
0.0589591580279091
0.24646906541117555
12609149782740382e-22
2586166098008592e-21
0.00014472679994252064
1184030767401885e-20
0.0005944928994520127
15325616090041264e-21
14120534802465956e-23
10044041022359342e-22
19076995187712235e-21
0.07719581552531408
0.07781127044148571
4343811575983357e-20
0.00029372273105258
0.017537587493744893
0.00816623360534191
0.09067499537455227
0.010577332792380137
27828883231888423e-21
0.1350356601633144
0.03861399390403743
8240521866484953e-22
0.2588531513198486
4571119763622732e-22
0.003474774727523491
0.0010110509690906453
2299456595305172e-27
0.32063032776270783
0.3574317122269189
0.017842863045102204
0.26177302314020134
0.3671674373080122
0.008745208997860639
0.19687390158802726
20535640175561844e-26
57647925141068846e-22
0.0005096979081938664
9120692826304238e-20
0.13301858484668821
847312512827715e-21
0.00012877003787947696
0.1697495604542841
0.0009385826549822811
0.011865702369050619
12228970482766978e-21
0.1401762293613801
0.09786198059754823
0.02289980463147231
27447930442249977e-21
0.00015345055689746474
12006679647727216e-23
0.013814053851163818
0.15960780245471712
8326801834523702e-24
10255041221759771e-21
913885296289596e-20
9650274033062121e-20
1208714082835862e-20
0.31578074871101
0.16528964557187958
0.00454859677026921
0.0014706769782146252
0.042023550794690674
0.005471872689748656
6637448459957158e-20
0.028434168479268523
8323722382980985e-20
0.0007433512407792459
0.08176081935154526
11001002967984362e-22
0.364569524063916
0.3671674373080122
0.0018283646320717832
0.0004889799998840964
756307510421804e-23
0.0010192604837132762
1073943104324504e-23
0.010116232362114718
0.02956990516826182
0.0009039644609805065
0.00034119698115564283
0.00015050093370682412
267259971250373e-20
0.006126581088175328
0.015319594200045743
0.02273862360261115
11069415023178679e-24
0.36715467537833096
0.0713190658654268
0
0
8177962920433554e-20
6712886873842692e-20
10336382567541738e-22
7552912662097294e-22
0.00017701592104940578
0.010263746792063098
0.005392821802949622
15204233683222056e-24
0.00018227774881929775
7328733830960765e-21
0.052135642799810984
0.013026751699974689
0.10165938469757899
38456359123458673e-23
0.05980528703828842
0.007693954292255433
0.0001224654920956201
0.14996535743662268
0.00030272821920325656
1652310701176776e-28
8602290186409967e-20
37936295253415417e-22
0.00012471696296669592
0.017961973240816845
0.003492379849456296
0.00015498989392231702
0.0001411483561091186
381861133875771e-23
0.0006049386791020343
0.02231701454869257
13347307330598785e-24
0.0018061430499579547
0.0018513640928425543
4418751305103047e-20
0.11194663294976273
4583830488995093e-20
0.3225909525984998
0.0047473863269192704
0.18453375668597646
0.003098101688352105
0.0006736287297882895
0.0005693137539334886
47372565081503264e-21
0.348304986999103
11919753303663435e-21
22530266066596085e-21
0.008307314906577348
0.006397936338922865
21999713466941033e-24
8737566789618898e-20
0.0030563825329108295
0.1344763100337071
0.030342772375958824
0.00010011353821490467
0.023433260857750975
0
0
0.11416813674942214
0
0.3333483095673347
0.3121740830686689
0.3244655232969953
0.051894175176735814
0.029799718716571954
0.3670590261508903
0.32492353719075356
0.3670910476906941
0.3138963262155397
0.23476744717503933
0.0007954375260357731
0.01613482979410728
0.14483898561562408
0.2835418275030763
0.138758222217945
0.0003070291754885265
0.027086743597415246
0.2738345448673824
0.11580966502644646
0.1677958028566417
