1.017552027699685
29.115134846072166
30.412931097757482
0
30.453547469189328
0.00013067689070271518
30.491596937215025
0
30.610637302434075
0
61.33951001853363
0
15.447498500036994
0
15.501191784123472
0
25.865040892112308
9.897241218503773
19.763708580264723
1.889046939689655
6479535812745221e-33
10.932525773944691
2.133236093787305
0.17869915811037076
0
0.1834550485442613
0.002966570941345284
0.036255075781907294
0.0038205566272362904
0.34283677936111157
0.3150862189475639
0.02890949464247035
0.004243440048933586
0.06656081303383495
0.048714545436033936
0.012113628958522455
5213749941655e-20
0.18133239218961356
0.18176160683488674
0.025362602089000656
0.02434165903602164
0
0.10619634604536222
0
4.042277860608653
3.9018899075570945
4.215772175329812
0
5.392640943016661
0
2.2646138350930975
0.33951824309275347
29.24775475584167
35.97413524718567
17.335913829180154
82.39008812998956
60.99001992853027
0.9313125727857089
0.033184024440394776
0.011056589013750631
17.299638925037446
33.019849060778675
0.07097774052971219
0.3776801608229827
1.2140035545346668
1.1756651029035343
26.16610007587086
0
26.094961867045665
0
14.569380366324328
0.009809033694875395
0.00980854010285597
12.212212225515932
4.93678082241904
1.3283586219370744
2.439405289693795
0
0.00028629887075315837
0.009090216089098062
0.06032489487584975
0.030687839887573152
0.008169877379591822
0.00027242640107643604
0.00014735862548620986
0.0011827659133434088
1.847941373139794
0.48481141183878024
0.10865893697068461
0.16840486802622215
0.003322121466432423
0.06300580501835612
0.005538130555965762
0.0013957869330679187
0.06967911468970152
1.1140743120679095
0.026669502025942943
68577155652554465e-22
0.014599605676294274
0.0012050098371742548
0
0.9248171083805816
0.48827574882432734
0.036119740601223506
0
0.4298899178561857
0.00010962963566263049
0.04501399384867058
0
0.000501878742087243
0
0.19596310110895696
0.6850739862834262
0
0
0
0
0.013890055080352756
0.4311848020162279
0.0023495735285689163
0.0032691989822678947
0.39609865519215925
0.35509081439132206
0.2413927782508409
0.30987006123984456
0.05051268190255057
0.40292305571940257
0.001013292620040734
0.4637347757462778
1045945124590297e-21
0.00809750246095161
0.31555936904676823
0.04000959604431052
49446194592959865e-25
0.003047239423321916
0.09349604835600012
0.21146933846894694
0.01579682459418575
0.024016986883891363
0.18933021647251505
0.3371932437445521
0.2652539053150722
0.1362192353990808
0.23520988337178167
3270305802811338e-25
0.19981621343667333
0.1998581203683182
0.4826750381341988
0.5470219260021577
0.00038480835528135744
0.5532338554900386
0.47440753088073795
10.566281107047612
1.9808307972259251
2.844866538157992
0.11761363469157397
0.43380091178665015
3.2187968961417552
3.6935035820029025
0.7415721625569813
5.365057339556651
6.567660057375955
5.0653371830999125
2.192309902070687
2.8294292442958473
0.5553012897483711
29.529695405523533
619.2261563090921
5.63115394677595
5198.997505286678
1.1152289961892108
23.21853055427894
1.1721524821554974
45.13763053418976
1.3044676543472822
1.7913989173040943
1.1152280525314806
0.9276519018947842
1.0653138942145626
22.903691997335006
0
0.0005598416569154999
4678564022290179e-24
0
0.008373521374975636
0.0075301430774100085
0.007473500087732191
0.006532093602943258
0.006509336844062887
0.010730420995065257
0.00893940068350807
0.008914287391550233
0.0061865384923338665
0.007083338838976284
0.00769118123608392
0.017111713919460588
0.006692282204583827
0.008555360303883021
0.007508743973604287
0.008358601636721676
0.006968462178610069
0.01673082609713804
0.02274973130120428
0.00934438602538087
0.009282472173122506
0.0019821769816030367
0.007446720792663693
0.016745004627746137
0.07325903378396448
0.0398058496007167
0.11508538348058212
9119933486376694e-20
0.00994680656324929
0.22826937776835124
5447378811627648e-21
0.07422346501831907
0.011202514888242017
0.0020459725018492055
5556884445474422e-21
12044233570673925e-22
0.10296311898965933
0.08950061067113183
0.004062819367829964
0.030816139187624214
0.01966332653310156
0.00584698161356248
0.012115876572670633
0.00048288546164799566
0.33180353739741264
1569913000483768e-24
0.06703110539283244
0.0004030444778206157
0.009634689168996699
0.01125216341173452
0.00015706186184276448
0.00017087524457441608
0.354710654881037
0.0005199977253400627
0.058901382351930036
0.24512578656025996
12609149534480531e-22
25861659935730624e-22
0.0001447264728318269
11840305484919779e-21
0.0005944873776034111
15325612422484622e-21
14120534771331828e-23
1004404086483353e-21
19076989504910486e-21
0.07709466311285629
0.07770842392733311
4343808629560733e-20
0.0002937213835292442
0.017532698916656504
0.008165183741770896
0.09053315667627375
0.010575567150749327
27828871138781267e-21
0.1347024267746887
0.038589762398304125
8240521760451205e-22
0.25732956328396933
457111973099554e-21
0.0034745855397331354
0.001011034991275671
22994565953050905e-28
0.3178169207577128
0.35308163551282445
0.01783780120387538
0.2602041012608135
0.3614787481344576
0.008744004283904183
0.1960949092577777
20535640175495987e-26
576479199518238e-20
0.0005096938495569303
9120679835699479e-20
0.13269613128566957
8473125016172933e-22
0.0001287697789272926
0.16919551429205326
0.000938568886534324
0.011863477491033498
12228968147592142e-21
0.13981455677276305
0.09769529511958033
0.02289142317001828
27447918677968994e-21
0.00015345018916029573
12006679625216977e-23
0.013811032333930153
0.15912549715419344
8326801833441041e-24
10255039579606925e-21
9138851658763651e-21
9650259490019083e-20
12087138547035974e-21
0.31310297977147133
0.16476792502151766
0.004548272234886864
0.0014706431557841774
0.04199474503009528
0.005471402598883611
663744158032352e-19
0.02842117105779222
8323711563524537e-20
0.0007433426061509298
0.08164673305591988
1100100277901153e-21
0.35957297201373456
0.3614787481344576
0.001828312338200945
0.0004889762645647319
7563075103324873e-24
0.001019244245239288
10739431041444114e-24
0.01011461806113264
0.029555831838984293
0.0009039516898989461
0.0003411951627446453
0.0001505005799720909
2672599600970747e-21
0.0061259913867048625
0.015315872452256903
0.022730361100207496
11069415021265384e-24
0.3615251827195995
0.0712333209632571
0
0
8177952476600671e-20
6712879836933119e-20
10336382400712587e-22
7552912573020704e-22
0.0001770154316815644
0.01026208481970192
0.0053923652328389015
15204233679612415e-24
0.00018227722992326134
7328732992282497e-21
0.05209081054368051
0.013024066938447152
0.10147865527648448
3845635889253374e-22
0.05974578426456895
0.007693022795668028
0.00012246525788063757
0.1495455773028485
0.00030272678777072746
16523107011767719e-29
8602278630619737e-20
3793629300619434e-21
0.00012471672006014088
0.017956842963132696
0.0034921887363821586
0.000154989518769668
0.00014114804497550963
3818611338530022e-24
0.000604932961441409
0.022309059098511327
1334730732781702e-23
0.0018060920206326892
0.0018513104738307315
4418748256137434e-20
0.11172458023754556
4583827207957412e-20
0.3197201488240559
0.004747032734489223
0.18386338596388094
0.0030979513508162535
0.000673621639456411
0.0005693086900509933
4737253003791372e-20
0.34447552456136515
11919751085088974e-21
22530258140183084e-21
0.00830622829944651
0.006397293067415914
2199971345938371e-23
873755486751031e-19
0.0030562362231215195
0.13414608718867557
0.03032794164102464
0.0001001133816973055
0.023424479468022695
0
0
0.11393651664639508
0
0.3301310299974377
0.3095918693553485
0.32153834259164066
0.051849769163582304
0.029785422310898545
0.36151914469910196
0.3219823490753729
0.36152910169305524
0.3112690167449643
0.2335783674791406
0.0007954276384518997
0.016130697942951074
0.14445029237555482
0.28159545134688996
0.13840453447091544
0.00030702770308713005
0.02707496554572505
0.27206565421345486
0.115570825319817
0.16725607012564425
