1.0218105889537272
28.484274638418896
30.033054865367408
0
30.07302164946684
0.00012899520964515735
30.117823517777072
0
30.256006998737874
0
60.61542281362141
0
15.270681119617851
0
15.404631861479801
0
25.79177899366032
9.909694440038004
19.651846306743828
1.921453680726812
5701493892696652e-33
11.070708193782659
2.1358148473418894
0.17701667121652506
0
0.1828275926914612
0.002972074100873378
0.035249407679610545
0.003820401136324894
0.3331226501838179
0.3063549592276068
0.027847593208827938
0.004042376805849884
0.06461850074562611
0.04689241257446747
0.011697259463152955
50239062815284396e-24
0.1808919204825018
0.18142539668940877
0.02601706947853839
0.024895994833667896
0
0.1040722890602211
0
4.045701233732491
3.8932807565672527
4.214787075852382
0
5.3890847876974055
0
2.3032589009583555
0.3447630349379046
29.246374177480835
35.97405993029223
17.322102068205556
81.70830068258313
60.989228870689516
0.9444300737246963
0.03536823608562132
0.01106749192473915
17.270666170752424
33.032652491204246
0.0692614840676625
0.38016205891951615
1.2354424478219508
1.1803539386981912
26.29839415316566
0
26.22111900403241
0
14.582704420378413
0.009890432406671968
0.009889980080087516
12.172843634184087
4.9869570305184565
1.328178108627061
2.4372119663528062
0
0.0002885989168848863
0.009237100191798282
0.06035932756536911
0.030654083227485713
0.008253277992488513
0.0002698096742181695
0.00014575673018250501
0.0011859508044761522
1.8504181704286113
0.48477468097648985
0.10707395215909264
0.16798284258987806
0.0033802764085555568
0.06305433897010294
0.0055563775015021665
0.0013487647654767763
0.06953701503027175
1.1231989076155917
0.026633516009476842
6477700368233066e-21
0.014262464239915437
0.0012019111533461272
0
0.9233227238056815
0.48756648661115776
0.03644161031910674
0
0.428536236285087
0.00011058754637127414
0.04549029064226438
0
0.0004922597810511808
0
0.19589385243299504
0.6838080337660879
0
0
0
0
0.013469988229431247
0.4312175391856431
0.002279580584694638
0.0031854957074693487
0.3958393886014955
0.3539452581364689
0.24133086646997376
0.3150274418302484
0.05058051573518284
0.40532185217252337
0.0010110019459275716
0.462726246475911
1045788143917806e-21
0.008095737411886909
0.3160313112111333
0.03890911940830036
4504668457933668e-24
0.0030483045551764655
0.09233693937487246
0.2113080542710299
0.015841203863115497
0.024096717395921168
0.1874543007506783
0.3346739633355806
0.26507561603028773
0.1366549154091082
0.23517601594945117
2979495382380444e-25
0.1993075180916203
0.19934659901763202
0.48236049147547183
0.5468789916872557
0.00037992187942132246
0.5536318599259898
0.4758907866010149
10.580163208268456
1.9809082551648394
2.8447983668734422
0.11761965039917448
0.4343042481166931
3.218984045280523
3.6933494839994063
0.7416506054064089
5.369938450266932
6.574739912991612
5.05670974792219
2.1922271426425746
2.83184920482276
0.5565998424609276
29.555736543988246
619.2246541663261
5.631152810698943
5183.345492710387
1.1152289395783974
23.218528326491594
1.1721106658927323
45.136392770875204
1.3044830450941745
1.7913982643277473
1.1152279959082603
0.9270692320581257
1.0651718623056439
24.244745825003406
0
0.0005604630495856591
4695979384542898e-24
0
0.008344219427429559
0.007516839462038568
0.007452710653063661
0.00649810342974925
0.006490258775466658
0.01071249946495867
0.008898331600958393
0.008913386726902481
0.00615642523698609
0.007064160487786105
0.007678104900336731
0.017098352543727824
0.006675417759548998
0.008543882399876369
0.007488083741103863
0.008348769682055108
0.006969082587059331
0.01670552894368334
0.022699975020684507
0.009332029938365448
0.009267180237842116
0.001982160215827439
0.007446482833650962
0.016743789709644713
0.07323425891383761
0.03979881129099894
0.11502091824059214
9119929944067533e-20
0.00994638090427561
0.2279640536034279
5447378685258676e-21
0.07419800412006168
0.011201974269023798
0.0020459546383462535
5556884313973717e-21
12044233508897643e-22
0.10291233663535156
0.08946289111988352
0.004062748782076853
0.030811962265242937
0.01966164607704055
0.0058468351531310745
0.012115243603282632
0.00048288446815636626
0.33091483110070274
15699130004732721e-25
0.06701051677025736
0.0004030437857559739
0.009634289933251551
0.011251617961804874
0.00015706175677399276
0.000170875120209877
0.35349947165000295
0.0005199965732266764
0.05888563517763416
0.24476071005084016
126091494667733e-20
2586165965090646e-21
0.00014472638361994787
11840304887892829e-21
0.000594485871653603
15325611422242053e-21
14120534762840703e-23
10044040821871948e-22
19076987955055755e-21
0.07706709910202127
0.0776803984778983
4343807825991274e-20
0.0002937210160239528
0.017531365904874488
0.008164897438768075
0.09049451191619769
0.010575085663276843
27828867840662043e-21
0.1346116877461213
0.03858315644529749
8240521731532912e-22
0.2569155978803907
4571119722097215e-22
0.0034745339448507572
0.0010110306337335916
22994565953050683e-28
0.31705392153048406
0.3519044664965136
0.017836420950961777
0.25977784782099644
0.3599426418662943
0.00874367575435598
0.19588299226679295
20535640175478025e-26
5764791853657524e-21
0.0005096927426615567
9120676292810484e-20
0.13260832514649318
8473124985599057e-22
0.00012876970830405995
0.16904472488835634
0.0009385651315381167
0.011862870778525415
12228967510726353e-21
0.13971608084911188
0.09764988473786322
0.02288913784934612
27447915469529603e-21
0.0001534500888684935
12006679619077822e-23
0.013810208398481471
0.1589942124742039
8326801833145771e-24
10255039131747104e-21
9138851303091237e-21
9650255523738423e-20
12087137924857145e-21
0.3123766281742212
0.1646259236189581
0.004548183729255857
0.0014706339316199629
0.04198689233993664
0.0054712743992932885
6637439704061039e-20
0.02841762733771143
8323708612766128e-20
0.0007433402512697052
0.08161564624940433
11001002727473486e-22
0.3582222005919708
0.3599426418662943
0.0018282980764957534
0.0004889752458462211
7563075103081281e-24
0.0010192398166094633
10739431040952952e-24
0.010114177841938052
0.029551994820865516
0.0009039482069080163
0.0003411946668160552
0.00015050048349912612
26725995705526614e-22
0.0061258305688823254
0.015314857587062726
0.022728108211573207
11069415020743575e-24
0.3600049029931681
0.07120995388657896
0
0
8177949628284928e-20
6712877917777242e-20
1033638235521373e-21
7552912548727089e-22
0.00017701529821784247
0.010261631601220655
0.005392240720426548
15204233678627967e-24
0.00018227708840641687
7328732763552075e-21
0.052078590256967094
0.013023334826793128
0.10142942122116624
38456358829554207e-23
0.05972956651254298
0.0076927687707172895
0.00012246519400390188
0.14943129588301288
0.0003027263973812124
16523107011767709e-29
8602275479043276e-20
37936292393315883e-22
0.0001247166538129807
0.01795544405081811
0.00349213661644976
0.00015498941645546675
0.00014114796012100806
3818611338467925e-24
0.0006049314020887992
0.022306889922506457
13347307327058356e-24
0.0018060781037942016
0.0018512958507333856
4418747424601723e-20
0.11166409688626085
4583826313129361e-20
0.3189416458719871
0.0047469363047609285
0.18368098061504526
0.003097910350936242
0.0006736197057424874
0.000569307308999948
4737252048057562e-20
0.3434384524648358
11919750480023282e-21
22530255978434565e-21
0.008305931976715086
0.006397117640957377
2199971345732262e-23
8737551616028972e-20
0.003056196321667272
0.1340561672317086
0.030323898153350296
0.00010011333901072999
0.023422085114723677
0
0
0.11387342912082743
0
0.32925899183965457
0.3088913437021482
0.32074461379771924
0.05183766502884901
0.029781524481660125
0.3600228324357303
0.32118483764122535
0.3600268870044616
0.31055630211361696
0.2332551195475515
0.0007954249418594469
0.01612957125810177
0.14434446628112627
0.2810669441940683
0.13830823073734855
0.00030702730152433835
0.027071754238744174
0.27158521571781197
0.11550577274820105
0.1671091718329771
