1.0454039156412602
21.175823409236596
26.024034278961906
0
26.064630712881602
0.00011128310562614632
26.19818977620692
0
26.580788473949355
0
53.076637365694225
0
13.724399067668879
0
14.675443295819916
0
25.348914637095827
10.11117213629219
18.53356448440739
2.209383396659922
13168263728741416e-34
12.244175194760498
2.1593057945169227
0.15682888774831946
0
0.17562872679580954
0.0029809392667937713
0.02993071834275635
0.003819525875448923
0.2817233668253226
0.2601695469606137
0.021082029885924673
0.0027371913561924353
0.05439629424303853
0.0353421999170387
0.009138246772718626
34545126516158634e-24
0.17589411499685068
0.17756487284197664
0.03162217420929832
0.029398118523856653
0
0.09379611098392882
0
4.100879679212595
3.816792862972287
4.211997123558463
0
5.370390013285943
0
2.6463241877149324
0.3908143662492579
29.238471785904892
35.97327281631639
17.223802415561895
73.77684923764161
60.97829289879046
1.0632198140087497
0.05490480416741003
0.011184056944469275
16.982776754494832
33.162925592820834
0.06072412329878619
0.39993899591891213
1.422694639276524
1.2152373224737985
27.37470483154304
0
27.23209561608236
0
14.674602154202999
0.010420446422930309
0.010420517424364336
11.80257616020584
5.403878848345068
1.3267787811502287
2.4250951970403416
0
0.00030581796301976826
0.0105234996029768
0.060819758304932164
0.030487033937556935
0.00884338392500395
0.0002498504769891098
0.00013412034968801254
0.0012086740224716496
1.8712332360966735
0.4847404954977329
0.10109671478475735
0.1651694707049397
0.003842897726815684
0.06393537030523003
0.005750028889774533
0.0010931293955395408
0.06872875863915698
1.2018531971139352
0.026506269911481577
4613900925662253e-21
0.012528928379803442
0.0011793205724880322
0
0.9150388916645714
0.4846258554009799
0.0387511447323088
0
0.4215896627047272
0.00012036144867294459
0.04959968462443366
0
0.0004146627749098936
0
0.19551041727688448
0.6768216813807038
0
0
0
0
0.010991148647015904
0.43156458853934915
0.00188926142084673
0.002741001838706132
0.3944000200938695
0.34844349314667783
0.24084654500829974
0.3594014754900258
0.05071091698948059
0.4238276600335794
0.0010008216639441512
0.4582866861459245
10449082399743618e-22
0.008038617915017527
0.3201565215652844
0.03317384589926691
26832778208026428e-25
0.003083135368373334
0.08608852801776347
0.21039843384289944
0.01618932565839068
0.024654052751574684
0.17719370196831835
0.3209029411061227
0.26406437919038755
0.13957783831798878
0.2360198864687828
17802381323189214e-26
0.1974615325520364
0.19747076360695312
0.48059332192338045
0.5460787888619779
0.00034529007537697316
0.5577703864742218
0.4857562537608478
10.705825489312403
1.9817062543416164
2.845752270953367
0.11771863176464267
0.43885267377563403
3.2210308047648852
3.695230253766652
0.7423808471477319
5.4135709728043375
6.641080245671103
5.027017242891125
2.1921270982996006
2.85525159123666
0.5657520309045063
29.794740962044745
619.2163320448971
5.631146516597083
5097.479872506742
1.1152286259426152
23.218515984084142
1.171879022011049
45.12953591620077
1.304568043012785
1.7913946446906737
1.1152276822037124
0.9238420327496747
1.0643853182682423
35.917252445066964
0
0.0005665408326934534
4792962591773565e-24
0
0.008195607798783517
0.007481643093138966
0.007376823409630013
0.006344658067914274
0.006417472318484573
0.010649332228546948
0.008718769410790932
0.008956044285537378
0.006022248839704521
0.0069948046262089374
0.007645168611709511
0.017113125208840375
0.006616896833721757
0.008523864151391747
0.0074125891768551996
0.008336512868725393
0.007015344662702163
0.01665015066096575
0.02254522687361888
0.009310748036442487
0.00923074678486463
0.0019820673324669746
0.007445164628333698
0.016737060404156758
0.07309715262750388
0.039759840112491875
0.11466442088581359
9119910318953293e-20
0.009944022993858223
0.22627987725861143
5447377985147991e-21
0.07405710352859193
0.011198979597271291
0.002045855673601434
5556883585432161e-21
1204423316664403e-21
0.10263144511941029
0.08925420467600048
0.004062357744348069
0.030788831490062472
0.019652338597898368
0.005846023797942851
0.012111737418548985
0.0004828789640404277
0.3260341610080435
1569913000415123e-24
0.06689656597839534
0.0004030399515935596
0.00963207838279539
0.0112485965332543
0.00015706117467213128
0.00017087443120576503
0.34686380147762497
0.0005199901903219954
0.05879846875549556
0.24274793778128667
12609149091660988e-22
2586165807292063e-21
0.00014472588936833596
11840301580238277e-21
0.0005944775284434545
1532560588068864e-20
14120534715798084e-23
10044040583855723e-22
19076979368536256e-21
0.07691456712262924
0.07752531459824671
4343803374049837e-20
0.00029371897997553046
0.017523982574652187
0.00816331144166999
0.09028071046511457
0.010572418518345374
2782884956839367e-20
0.1341100806702297
0.038546578555766195
8240521571319468e-22
0.2546341779597594
45711196727986173e-23
0.0034742481122105678
0.0010110064923725271
22994565953049435e-28
0.3128598110451166
0.34545344782117093
0.017828775993679324
0.25742893318711835
0.3515497944397022
0.008741855855048499
0.19471306979728886
20535640175378525e-26
5764791069580058e-21
0.0005096866102714983
9120656664483841e-20
0.132122912219088
8473124816213341e-22
0.00012876931703717162
0.16821175121123194
0.0009385443283400648
0.011859510025480748
12228963982356298e-21
0.13917175873943183
0.09739868379162257
0.022876480824067888
27447897694106106e-21
0.00015344953323196374
12006679585065606e-23
0.013805644512929718
0.1582688275845354
8326801831509914e-24
1025503665050968e-20
913884933259136e-20
9650233549737345e-20
1208713447785591e-20
0.3083829080511964
0.163841420215717
0.004547693420611817
0.0014705828288547173
0.04194341337721823
0.005470564200967985
6637429309181145e-20
0.028398002385305925
8323692264961727e-20
0.0007433272048666699
0.08144363310519397
11001002441941866e-22
0.3508300529469782
0.3515497944397022
0.001828219065659312
0.0004889696019694633
7563075101731738e-24
0.001019215281415673
10739431038231811e-24
0.010111739281934144
0.029530745954894792
0.0009039289106474829
0.00034119191928022607
0.00015049994901969346
26725994020300656e-22
0.006124939680741461
0.015309236238242695
0.022715630778613383
11069415017852635e-24
0.351697322030818
0.07108063416073233
0
0
8177933848033492e-20
6712867285259234e-20
1033638210314048e-21
7552912414135342e-22
0.00017701455880252318
0.01025912103794383
0.005391550947511292
15204233673173936e-24
0.00018227630437526944
73287314963374754e-22
0.05201093921368415
0.013019279519483047
0.10115708662020213
3845635848063434e-22
0.059639796472011654
0.007691361570920963
0.00012246484011393008
0.14879973312351255
0.0003027242345501589
16523107011767645e-29
8602258018666527e-20
3793628899784029e-21
0.00012471628679039162
0.017947695756009283
0.0034918478751343575
0.0001549888496144565
0.0001411474900101134
381861133812389e-23
0.0006049227630195859
0.022294876050970625
13347307322855196e-24
0.0018060010035192856
0.0018512148377853735
4418742817721501e-20
0.11132959910309594
458382135559657e-19
0.3146627922171456
0.0047464020992344595
0.1826736900742
0.0030976832127920842
0.0006736089926604563
0.0005692996577468462
47372467530943586e-21
0.3377491624562601
11919747127832416e-21
2253024400189603e-20
0.008304290477853186
0.006396145828561514
2199971344590375e-23
873753360215915e-19
0.0030559752686407132
0.13355908261445135
0.03030150614455636
0.00010011310251843681
0.023408824326224893
0
0
0.11352454327211813
0
0.32446928258559676
0.3050389033240057
0.3163825543474073
0.05177065674660681
0.029759938925752776
0.3518444491016778
0.31680210976439294
0.3518166785479167
0.3066371760138917
0.23147234545321776
0.0007954100023346691
0.016123330612215398
0.1437595704705847
0.27815682290845184
0.13777590049791358
0.0003070250767913723
0.027053969820713862
0.26893881477043985
0.1151460306188411
0.16629765866901888
