1.0475694991189264
19.926100644892607
25.363615242430093
0
25.404912641232684
0.00010838585160267964
25.55443717425169
0
25.980373459658487
0
51.840785906083624
0
13.498077885154954
0
14.582739725681945
0
25.30436650735822
10.14954454702128
18.34465466176215
2.2511154163554656
10129283852257769e-34
12.40653386803108
2.162703939272231
0.15326304903921717
0
0.1744188496387819
0.002978363422350476
0.02945781793764534
0.003819443870785018
0.27715074058849953
0.25606238761824546
0.020309931893354238
0.002588962015928403
0.053491277916747286
0.03403128250004072
0.008859414060037728
3248015687805424e-23
0.17507305045995655
0.17693620452637238
0.03241896081649167
0.03000833688027848
0
0.09299990917099489
0
4.110482625018019
3.8036026715331754
4.212199275244915
0
5.368809697214283
0
2.6959978056933362
0.3974002086723078
29.237701623135184
35.973135378369875
17.21145535549892
72.41847168986436
60.97602733393776
1.0805319848531765
0.057443339468927816
0.01120452556146103
16.93358278610125
33.18245640800821
0.06002756275082997
0.4025554377000881
1.449532015428105
1.219658167342486
27.518742431823608
0
27.365385177509342
0
14.685437596847153
0.010476265717592212
0.010476443118111403
11.74265927866802
5.4603169348572145
1.326596379983558
2.423985923981925
0
0.0003079914358272394
0.010707685478593883
0.06089851312852141
0.030474606191849524
0.008914202968322401
0.0002473525804650356
0.00013271728479486138
0.001211438714795251
1.8741073192683704
0.4847560886922289
0.10087881822653103
0.16484618600286738
0.0039040110598045955
0.06409927789357009
0.005780655429921798
0.0010693657842891478
0.06865090134648369
1.2126723043122227
0.026504158257327177
4459111841502917e-21
0.012378232859906432
0.0011765123450205503
0
0.9142777341142257
0.4844797150366565
0.03903202366802306
0
0.42101104816795853
0.00012191298241306075
0.05017194223707605
0
0.00040416348452799956
0
0.1954752306655949
0.6761828317549599
0
0
0
0
0.010729533508980826
0.43161572186555563
0.0018519905273749887
0.002701371765818046
0.3942676855271731
0.34804423740265306
0.2407836244127704
0.3656708473345276
0.05066686365082886
0.4262201505997351
0.0010001368453509663
0.4579944954828622
10448267432775908e-22
0.008023060406477281
0.32072574254628416
0.0326745179694343
25583479939316365e-25
0.0030914311968647684
0.08552966139841126
0.2103136123452995
0.01623523470953478
0.02472056608823216
0.1762637457554894
0.3196539211488629
0.2639697607955018
0.13991479569280035
0.23623600374562975
16984643807658804e-26
0.19742136810261723
0.1974260224958987
0.4804296770332948
0.5460046258250512
0.000341202346649478
0.5583823163568384
0.48688221500504597
10.723972608091609
1.9818238195145306
2.8459979618709497
0.11773536012669503
0.4395084093039224
3.2213400679297104
3.6957277608264754
0.7424822814257283
5.419888085854997
6.6509361047235425
5.026718271527866
2.1921615905114566
2.858811113444285
0.5668536155470163
29.82944484377461
619.2155681798989
5.631145938874625
5089.670074717436
1.115228597154629
23.218514851199988
1.1718577621842146
45.128906591650164
1.3045759047519179
1.7913943122908838
1.115227653409415
0.9235459073965925
1.0643131520526692
37.421141641347155
0
0.0005674439437858937
4801926902972342e-24
0
0.008183557773921227
0.007483704299600127
0.00737516327321293
0.0063351168350196
0.0064152377542272135
0.010648480067877724
0.008708604312354493
0.008966497599767519
0.006014209019922777
0.006993447469767026
0.007647545483426285
0.01712669458581203
0.006616262585170902
0.00852799603182415
0.007410917406249193
0.008341181195306961
0.007025317916723716
0.016656665474817367
0.022547412962093703
0.009315263845565011
0.009233997216111274
0.001982058807110294
0.007445043644641476
0.016736442870420053
0.07308458078917963
0.03975626493993683
0.1146317541349156
9119908517606083e-20
0.009943806594066122
0.22612591498787338
544737792088626e-20
0.07404418396442049
0.01119870476255847
0.002045846590068624
5556883518560817e-21
12044233135229266e-22
0.10260570110542946
0.08923507418050321
0.004062321853676075
0.030786709233516577
0.019651484504116197
0.005845949330941827
0.012111415643829893
0.0004828784588319624
0.32558979736679583
15699130004097854e-25
0.06688611638119332
0.0004030395996654163
0.009631875414515285
0.011248319243129315
0.00015706112124229328
0.00017087436796361794
0.34626100389310643
0.0005199896044520807
0.0587904743949843
0.2425640209378838
12609149057230193e-22
25861657928080524e-22
0.00014472584400207017
11840301276635438e-21
0.0005944767626430287
15325605372040823e-21
14120534711480135e-23
10044040562008698e-22
1907697858039729e-20
0.07690058165829222
0.0775110952874139
43438029654154146e-21
0.00029371879309149346
0.017523305029611098
0.008163165881658994
0.09026111139288218
0.010572173740244252
27828847891219914e-21
0.13406413293927985
0.0385432228837043
8240521556613802e-22
0.2544257889174549
45711196682735995e-23
0.003474221877392024
0.0010110042765149724
2299456595304932e-27
0.3124776333500946
0.344867280623047
0.01782807444280446
0.2572143982230616
0.35078930775918954
0.008741688829173113
0.19460603574342986
20535640175369392e-26
5764790997611187e-21
0.0005096860473955825
9120654862841771e-20
0.13207844628440568
8473124800665771e-22
0.0001287692811236392
0.1681355002212912
0.0009385424188799249
0.011859201596503728
12228963658494435e-21
0.13912190290297036
0.09737565897195899
0.02287531941220909
27447896062536708e-21
0.00015344948223131743
12006679581943691e-23
0.013805225678735942
0.1582024120350802
832680183135976e-23
10255036422761973e-21
9138849151723203e-21
9650231532790978e-20
12087134161462726e-21
0.308018900979531
0.16376959983512168
0.00454764841882702
0.0014705781383247951
0.04193942478835378
0.005470499017927314
6637428355057073e-20
0.028396201730059557
8323690764431615e-20
0.0007433260073753395
0.08142786254544737
110010024157335e-20
0.3501592343060028
0.35078930775918954
0.0018282118135864007
0.0004889690839327571
7563075101607866e-24
0.0010192130294097233
10739431037982044e-24
0.01011151548093239
0.029528796330424545
0.0009039271395036087
0.00034119166709060825
0.00015049989996100834
26725993865617198e-22
0.0061248579144229445
0.015308720369463574
0.0227144858436998
1106941501758728e-23
0.35094445975210325
0.07106877594001901
0
0
817793239959783e-19
6712866309322872e-20
10336382080003187e-22
7552912401781439e-22
0.00017701449093324945
0.010258890629224922
0.00539148763907945
1520423367267332e-23
0.00018227623241081378
7328731380022436e-21
0.0520047340670843
0.013018907354350963
0.10113212624915106
38456358448607703e-23
0.0596315634259486
0.007691232419812046
0.00012246480763114046
0.14874189718108213
0.0003027240360290691
1652310701176764e-28
8602256416015828e-20
37936288686176506e-22
0.00012471625310218868
0.017946984723344255
0.003491821373352472
0.0001549887975853768
0.00014114744685966884
3818611338092312e-24
0.0006049219700631731
0.022293773646392387
13347307322469398e-24
0.0018059939268067614
0.0018512074019492587
4418742394865575e-20
0.11129894648471865
4583820900554985e-20
0.31427293302223974
0.004746353068607933
0.18258151016755947
0.0030976623650782143
0.0006736080093369797
0.0005692989554590359
473724626708075e-19
0.337231700351796
1191974682014168e-20
2253024290259423e-20
0.008304139824266745
0.006396056635275622
21999713444855635e-24
8737531948704532e-20
0.0030559549794340877
0.13351354868874885
0.03029945165629545
0.00010011308081131815
0.023407607521669958
0
0
0.11349257335903251
0
0.324033151595828
0.3046877122663144
0.3159851545717535
0.051764510534504746
0.029757958415567488
0.3511031455602197
0.3164028371402656
0.35107252708718084
0.3062799351004517
0.2313093925702869
0.0007954086310801302
0.01612275791701919
0.1437060029742657
0.27789122330440214
0.1377271417692798
0.0003070248725884653
0.027052338010671143
0.26869720294783783
0.11511306681343665
0.16622336927957762
