1.0475694991189264
19.92609846113959
25.363618717032566
0
25.404915207113465
0.00010838586609465701
25.554440342499483
0
25.980375930219182
0
51.840904260776824
0
13.498079309260245
0
14.582739829412077
0
25.304366516019353
10.149544535120983
18.344656028381884
2.2511153823026038
10129297502966014e-34
12.406533857246488
2.1627039140256263
0.1532630699176613
0
0.17441885111664163
0.002978363424032472
0.029457817955883953
0.0038194438707943533
0.2771507410900665
0.25606238777665585
0.020309979038852174
0.00258896262057626
0.053491278017334
0.0340313622250792
0.008859415235967312
32480235204845815e-24
0.1750730505715775
0.17693620435880064
0.03241896053776911
0.03000833699969023
0
0.09299990918247152
0
4.1104826391884455
3.8036028523228635
4.212199282899221
0
5.368809697704212
0
2.6959978028809086
0.39740020675929916
29.237701622400778
35.973135377304175
17.21145532875566
72.41848128828218
60.97602899672948
1.0805319838164182
0.057443332529470884
0.01120452586808461
16.93358283112306
33.18245634255644
0.060027562672826336
0.4025554356977771
1.449532013900665
1.2196581672335098
27.51874233126813
0
27.365385161514453
0
14.685437536864978
0.01047626568011235
0.010476442737924281
11.742659281907423
5.460316931690973
1.3265963801030196
2.4239859239820976
0
0.0003079914323133188
0.010707685426287153
0.06089851241523387
0.030474606134860152
0.008914202935179768
0.00024735258145414704
0.00013271728533775917
0.0012114387147464975
1.8741073005666378
0.48475608866832953
0.10087881736372835
0.16484618600859505
0.0039040110432998223
0.06409927723935237
0.005780655355048596
0.0010693657835564854
0.06865090065522071
1.212672311217045
0.02650415794900014
4459111792053436e-21
0.012378232845425986
0.0011765123450702278
0
0.914277734121971
0.48447971397798806
0.03903202352319757
0
0.42101104813241547
0.00012191298568894657
0.050171942212021536
0
0.00040416354933605595
0
0.1954752306657632
0.6761828317563894
0
0
0
0
0.010729534804002449
0.43161572177747637
0.0018519905260700568
0.002701371765245876
0.3942676855271196
0.3480442354657214
0.24078362441247786
0.36567084698107816
0.05066686366817206
0.42622015060739155
0.0010001368454324157
0.4579944955190414
10448267432776706e-22
0.008023060409046935
0.3207257425723071
0.032674517739170926
2558347985789746e-24
0.003091431281169774
0.08552966139735498
0.21031361234529833
0.0162352344563298
0.024720565822874973
0.17626374574901602
0.3196539211120563
0.2639697607955844
0.13991479438811538
0.2362360010373722
16984643629049115e-26
0.19742136554272421
0.19742602023570463
0.48042967703119266
0.5460046258250509
0.00034120234905494644
0.5583823200391309
0.48688221088178885
10.723972479737622
1.981823819323835
2.845997961210468
0.11773536009178433
0.439508404667694
3.2213400674075774
3.6957277594696696
0.742482281268586
5.4198880323852645
6.650936021003341
5.026718221549791
2.1921615966270003
2.858811077892502
0.5668536105687981
29.82944456827537
619.2155681798989
5.631145938874625
5089.670074717436
1.115228597154629
23.218514851199988
1.1718577621842146
45.128906591650164
1.3045759047518901
1.7913943122908838
1.115227653409414
0.9235459073965925
1.0643131520526694
37.42113780968824
0
0.0005674439383397069
4801926902804682e-24
0
0.008183557767187282
0.007483704185270842
0.007375163160526741
0.006335116740984299
0.006415237659184472
0.01064847995712734
0.008708604180974642
0.008966497462365094
0.0060142089296336045
0.006993447362909549
0.007647545367615844
0.017126694324234623
0.006616262484102393
0.00852799590382657
0.007410917294433062
0.008341181070857488
0.007025317812458621
0.016656665225317033
0.022547412616621874
0.009315263706557823
0.00923399707507814
0.001982058807110294
0.007445043644641476
0.016736442870420053
0.07308458078917963
0.03975626493993683
0.1146317541349156
9119908517606083e-20
0.009943806594066122
0.22612591498787338
544737792088626e-20
0.07404418396442049
0.01119870476255847
0.002045846590068624
5556883518560817e-21
12044233135229266e-22
0.10260570110542946
0.08923507418050321
0.004062321853676075
0.030786709233516577
0.019651484504116197
0.005845949330941827
0.012111415643829893
0.0004828784588319624
0.32558979736679583
15699130004097854e-25
0.06688611638119332
0.0004030395996654163
0.009631875414515285
0.011248319243129315
0.00015706112124229328
0.00017087436796361794
0.34626100389310643
0.0005199896044520807
0.0587904743949843
0.2425640209378838
12609149057230193e-22
25861657928080524e-22
0.00014472584400207017
11840301276635438e-21
0.0005944767626430287
15325605372040823e-21
14120534711480135e-23
10044040562008698e-22
1907697858039729e-20
0.07690058165829222
0.0775110952874139
43438029654154146e-21
0.00029371879309149346
0.017523305029611098
0.008163165881658994
0.09026111139288218
0.010572173740244252
27828847891219914e-21
0.13406413293927985
0.0385432228837043
8240521556613802e-22
0.2544257889174549
45711196682735995e-23
0.003474221877392024
0.0010110042765149724
2299456595304932e-27
0.3124776333500946
0.344867280623047
0.01782807444280446
0.2572143982230616
0.35078930775918954
0.008741688829173113
0.19460603574342986
20535640175369392e-26
5764790997611187e-21
0.0005096860473955825
9120654862841771e-20
0.13207844628440568
8473124800665771e-22
0.0001287692811236392
0.1681355002212912
0.0009385424188799249
0.011859201596503728
12228963658494435e-21
0.13912190290297036
0.09737565897195899
0.02287531941220909
27447896062536708e-21
0.00015344948223131743
12006679581943691e-23
0.013805225678735942
0.1582024120350802
832680183135976e-23
10255036422761973e-21
9138849151723203e-21
9650231532790978e-20
12087134161462726e-21
0.308018900979531
0.16376959983512168
0.00454764841882702
0.0014705781383247951
0.04193942478835378
0.005470499017927314
6637428355057073e-20
0.028396201730059557
8323690764431615e-20
0.0007433260073753395
0.08142786254544737
110010024157335e-20
0.3501592343060028
0.35078930775918954
0.0018282118135864007
0.0004889690839327571
7563075101607866e-24
0.0010192130294097233
10739431037982044e-24
0.01011151548093239
0.029528796330424545
0.0009039271395036087
0.00034119166709060825
0.00015049989996100834
26725993865617198e-22
0.0061248579144229445
0.015308720369463574
0.0227144858436998
1106941501758728e-23
0.35094445975210325
0.07106877594001901
0
0
817793239959783e-19
6712866309322872e-20
10336382080003187e-22
7552912401781439e-22
0.00017701449093324945
0.010258890629224922
0.00539148763907945
1520423367267332e-23
0.00018227623241081378
7328731380022436e-21
0.0520047340670843
0.013018907354350963
0.10113212624915106
38456358448607703e-23
0.0596315634259486
0.007691232419812046
0.00012246480763114046
0.14874189718108213
0.0003027240360290691
1652310701176764e-28
8602256416015828e-20
37936288686176506e-22
0.00012471625310218868
0.017946984723344255
0.003491821373352472
0.0001549887975853768
0.00014114744685966884
3818611338092312e-24
0.0006049219700631731
0.022293773646392387
13347307322469398e-24
0.0018059939268067614
0.0018512074019492587
4418742394865575e-20
0.11129894648471865
4583820900554985e-20
0.31427293302223974
0.004746353068607933
0.18258151016755947
0.0030976623650782143
0.0006736080093369797
0.0005692989554590359
473724626708075e-19
0.337231700351796
1191974682014168e-20
2253024290259423e-20
0.008304139824266745
0.006396056635275622
21999713444855635e-24
8737531948704532e-20
0.0030559549794340877
0.13351354868874885
0.03029945165629545
0.00010011308081131815
0.023407607521669958
0
0
0.11349257335903251
0
0.324033151595828
0.3046877122663144
0.3159851545717535
0.051764510534504746
0.029757958415567488
0.3511031455602197
0.3164028371402656
0.35107252708718084
0.3062799351004517
0.2313093925702869
0.0007954086310801302
0.01612275791701919
0.1437060029742657
0.27789122330440214
0.1377271417692798
0.0003070248725884653
0.027052338010671143
0.26869720294783783
0.11511306681343665
0.16622336927957762
