1.054252908389273
15.17811704988455
22.78044086440908
0
22.82467865488099
9711061378699105e-20
23.033614617278914
0
23.621567497737175
0
46.989323080894906
0
12.650858183606617
0
14.250956857208715
0
25.161957506579263
10.307839492439264
17.57383086053662
2.408014188498204
33946852146532824e-35
13.000905954290522
2.1750239276518646
0.13897227840159382
0
0.169625807868788
0.0029633368447912973
0.028004089770361538
0.003819188085341768
0.26309163851422973
0.2434360022634301
0.01764049330286606
0.0020877350047977714
0.05071304277703949
0.02951063701234837
0.00791033894933062
2533970935086627e-23
0.17185575356772678
0.17449126254753689
0.03541140156014747
0.03225330376835718
0
0.09074076883155156
0
4.14685648386804
3.748464810741891
4.2139564966739
0
5.364190772046479
0
2.8826526704654105
0.4219904320502453
29.235209374323244
35.9725436002778
17.166148173213287
67.16236112180803
60.96543501297374
1.14545501410748
0.06571593448970776
0.011292300036764444
16.7232324798707
33.25494794581489
0.057982307062921214
0.41201098949667286
1.5500260893552225
1.2355219528624426
28.040104493338628
0
27.84498658247395
0
14.722129461788924
0.01065011785466707
0.01065079282858346
11.494555388604082
5.664352802998058
1.3259367910597573
2.4205654927425466
0
0.0003156778223473901
0.011397381903726187
0.061196196709068104
0.030440767530763326
0.009160871957945656
0.00023863534579049024
0.00012788433422243682
0.0012211759890878634
1.8844224005006123
0.4848304904559145
0.10068857448359005
0.16372931150312012
0.0041241264848718585
0.06474833310799767
0.005898455803859129
0.000994401693077593
0.06839104237475528
1.2515662875494982
0.026509569626743404
3991877316269961e-21
0.0119114075197806
0.0011665142209912728
0
0.9119270766117602
0.48422553350193986
0.040015589958879876
0
0.4193077280266127
0.00012802569905753536
0.05226481165145132
0
0.0003665253844291943
0
0.19536662809312763
0.6742139566198773
0
0
0
0
0.009839960162693872
0.43180305191687796
0.001733124084530119
0.0025795476800369002
0.3938590986523944
0.3469611274228341
0.2405564250888633
0.38896240813898225
0.050360282040312225
0.43483613297528084
0.0009983547574255016
0.45724798840219116
10445746382255827e-22
0.007944676130858272
0.3227995732830779
0.031152601069662667
220802626160462e-23
0.0031301356079176438
0.08382033963251623
0.21005046740759545
0.01639830970890738
0.024948995129947936
0.17340696171356554
0.3158132691943187
0.2636761017562369
0.14105758599648716
0.23710925492209328
14696693470396532e-26
0.1974876845085235
0.1974780949490874
0.4799240865687521
0.5457749820992658
0.0003272368660393161
0.560536579763375
0.490685880447328
10.789905641919901
1.9822561269088084
2.84700225379819
0.11779870029633537
0.4418885839398033
3.222484948342365
3.6977690933756415
0.7428480250140208
5.442788580205388
6.686953564968781
5.029346948838417
2.1923360065707374
2.871847247580782
0.5706414474360203
29.955019102966446
619.2132107507836
5.631144155911807
5065.642894553638
1.1152285083093427
23.218511354900834
1.1717921526804647
45.126964429758296
1.3046003725988877
1.79139328628556
1.115227564544648
0.9226321222552827
1.0640904639279471
42.44405547647428
0
0.0005707534864174961
4829692360687886e-24
0
0.00814880385963891
0.007497929567823482
0.007377840728967574
0.006312184357014608
0.006414869260842408
0.01065308153899765
0.008686363309247594
0.009008534665777954
0.005995528837143972
0.0069966462102870434
0.007662883955089497
0.01718677635362776
0.006621291890526549
0.008549610963886194
0.007413480458350869
0.00836419859036178
0.007064662683225211
0.016693961100184788
0.022578384651055293
0.009338807800651562
0.009253803243514791
0.0019820324964426425
0.007444670277974422
0.016734537185587168
0.0730457952976045
0.039745233293176
0.1145309968954619
9119902958302588e-20
0.009943138772165726
0.22565141787667706
5447377722562138e-21
0.07400432590154438
0.011197856612030136
0.002045818556784612
5556883312182929e-21
12044233038277238e-22
0.10252629081204159
0.08917605962364936
0.0040622110901231655
0.030780160461879598
0.019648848839631076
0.005845719517361465
0.01211042263874172
0.0004828768996643025
0.3242222204375959
15699130003933131e-25
0.06685387719513548
0.0004030385135490676
0.009631249042131912
0.011247463515296686
0.00015706095634759852
0.00017087417278627338
0.344407251387093
0.0005199877963484238
0.05876580910581731
0.24199729615766621
12609148950970105e-22
25861657481075966e-22
0.00014472570399309327
11840300339658429e-21
0.0005944743992410876
15325603802255427e-21
14120534698154115e-23
10044040494584558e-22
1907697614804827e-20
0.07685743584416772
0.07746722818784554
43438017042908304e-21
0.0002937182163319759
0.017521214159803736
0.008162716671690204
0.0902006516909489
0.010571418343436341
2782884271513811e-20
0.13392242859616893
0.038532868472860735
8240521511229272e-22
0.2537837347728253
4571119654308519e-22
0.0034741409129193136
0.0010109974379808036
22994565953048966e-28
0.3113011002954108
0.3430645193480419
0.01782590949523752
0.25655342852559204
0.3484526563444178
0.00874117337515359
0.19427607880810016
20535640175341204e-26
5764790775501345e-21
0.0005096843102556089
9120649302628287e-20
0.13194131015176125
8473124752682964e-22
0.0001287691702875983
0.16790039280141478
0.0009385365259412849
0.01185824977563045
12228962658994174e-21
0.13896815073943636
0.09730463424192373
0.022871735442459438
27447891027198733e-21
0.00015344932483357014
1200667957230886e-22
0.013803933155561499
0.15799761649265878
8326801830896361e-24
1025503571988855e-20
9138848593529133e-21
9650225308107227e-20
12087133185012247e-21
0.30689821176413284
0.1635481467061478
0.004547509537427107
0.001470563662536999
0.04192711762346229
0.005470297855359559
6637425410446601e-20
0.028390645279750385
8323686133507305e-20
0.0007433223116977549
0.08137921080190436
11001002334849416e-22
0.3480970352552144
0.3484526563444178
0.0018281894324687874
0.0004889674851747938
7563075101225573e-24
0.0010192060793153713
1073943103721121e-23
0.010110824819007236
0.029522780223959173
0.0009039216734330907
0.0003411908887858689
0.00015049974855652277
26725993388234143e-22
0.006124605574639293
0.015307128408285738
0.02271095271707304
11069415016768347e-24
0.3486311279755997
0.07103219165080701
0
0
8177927929446974e-20
6712863297395481e-20
10336382008597035e-22
7552912363654909e-22
0.00017701428147571407
0.010258179576003123
0.005391292261707025
15204233671128325e-24
0.00018227601031477037
7328731021051747e-21
0.05198558845258785
0.013017758847884264
0.10105513254650456
38456358349767296e-23
0.059606161819801405
0.007690833848196115
0.00012246470738302637
0.14856354598765834
0.00030272342335542783
16523107011767625e-29
8602251469927823e-20
3793628772432183e-21
0.000124716149133939
0.017944790516691882
0.0034917395849984063
0.00015498863701368838
0.00014114731368913808
3818611337994857e-24
0.00060491952285294
0.022290371756438866
13347307321278745e-24
0.001805972086878663
0.0018511844537098137
4418741089850693e-20
0.11120439978365007
45838194962089696e-21
0.31307279522015957
0.004746201753809289
0.18229731834985374
0.0030975980258875447
0.0006736049746196823
0.0005692967880685471
4737244767149112e-20
0.33563970584088526
11919745870548637e-21
225302395099367e-19
0.008303674895407185
0.006395781375394684
21999713441620946e-24
8737526845825904e-20
0.0030558923638694174
0.13337312005139232
0.030293111986624748
0.00010011301381898312
0.023403852626379423
0
0
0.11339396478380583
0
0.3226908599369708
0.3036064161619343
0.3147618467094638
0.05174554673627742
0.029751847009281397
0.3488251732227769
0.31517377480216807
0.3487858419483521
0.3051800427297476
0.23080721144780852
0.0007954043991384326
0.016120990597188946
0.14354080914933134
0.2770731296238088
0.13757677168339796
0.00030702424237967333
0.02704730254999809
0.26795290995712023
0.11501139362828225
0.16599430705363016
