1.0614889353601056
9.105958590475645
18.93258875719271
0
18.979457304422603
8043974989084791e-20
19.252252245775978
0
20.020758093339293
0
39.63060658858282
0
11.494012445444428
0
13.793156503474037
0
24.999450560625537
10.57407221023503
16.32246568466167
2.6400373072630314
5206333010254798e-35
13.836945955820251
2.1905052038219406
0.11700233751289876
0
0.1620173842915463
0.002929338624066262
0.02642784437155934
0.003818905431910769
0.24784786320918809
0.2297442992008003
0.014220450890933605
0.0014872515274937806
0.04770801436577463
0.023743941743360635
0.006693536719020178
16859398504578817e-24
0.16677332347300952
0.17066001317783186
0.03988998724936768
0.03552921286325657
0
0.08869321366285564
0
4.197583637897464
3.662464475053796
4.219349840350126
0
5.359844850877064
0
3.1584510361308604
0.45803675026981616
29.23213777273789
35.971360812456226
17.096882107719562
59.874299529915305
60.941364366393834
1.2405475188473396
0.07373376690359686
0.011464832153449785
16.310563105374968
33.35556837873537
0.05596250446374535
0.4251830093301308
1.6977761546873111
1.2578125554860244
28.766495351971248
0
28.51143283933448
0
14.764324918286562
0.010808311440841338
0.010810156234787873
11.035197220888746
5.94444404406752
1.3250091910446509
2.4168672689711315
0
0.000325877524114857
0.01241765613889046
0.06158603580217005
0.030410035596218517
0.009487403772212931
0.00022730183959859744
0.00012171888404151458
0.001234441251761702
1.8973872531830533
0.4849608785970618
0.10129753137697349
0.1622427838617984
0.004426952211668807
0.06572798173269268
0.0060749881554593346
0.00090872414644326
0.06800572386252618
1.3034760242505172
0.026517064706425487
34939684024238242e-22
0.011373728086636762
0.0011526156328464088
0
0.9093788506979402
0.48430451205497693
0.04132714298227217
0
0.41762541362041666
0.00013812005295037606
0.05518984122579342
0
0.0003189462240446205
0
0.1952490138201563
0.6720872838613685
0
0
0
0
0.008673570640710794
0.4320627931610481
0.0015947332558812772
0.0024474848266012933
0.3934164884837354
0.3459667690885897
0.24023354689132972
0.4227040234060912
0.04944258369840024
0.4469821943564635
0.000997084432062039
0.4567513128412205
1044300886243254e-21
0.00775764620068099
0.3257385750437812
0.029510081356894768
1881856579224633e-24
0.0032143689938811102
0.08199580095331563
0.20976326551252786
0.016603372478297986
0.025227404558018172
0.1703367199688048
0.31167433850092974
0.263355626127999
0.14242396570009708
0.23830780515342523
12569172479914e-23
0.1977882454112966
0.19777353637294054
0.47937675805937624
0.5455250523827229
0.00030960819042252856
0.5629858401792611
0.4952182852091648
10.873644776803328
1.9828604522281723
2.848571781275532
0.11788987721020146
0.44490649508375024
3.22409822081562
3.7009716501703274
0.7433456278876205
5.471129611015986
6.732105428069151
5.036290717999854
2.192654241727005
2.887836313606984
0.5752231160263076
30.110866627342897
619.2106584077587
5.631142225525345
5039.756892992181
1.115228412117892
23.218507569510777
1.17172112239631
45.12486177444374
1.3046273890600153
1.7913921751961184
1.1152274683321062
0.9216429900599328
1.063849415190004
48.11911199879741
0
0.00057507915492026
4859956558006997e-24
0
0.00811590808075255
0.0075222599879533475
0.007389592099633808
0.00629464616235507
0.006421823469198934
0.01066580281306183
0.008672583503839669
0.00906547220917842
0.0059820454295411414
0.007008500121822064
0.007688590875334242
0.01727269051743107
0.006634670360142974
0.008583114181148687
0.007424993107250243
0.00839892794479959
0.007118281444825828
0.016753829858671902
0.022639777972503435
0.009375231016651138
0.009286387791437985
0.0019820040106711865
0.007444266060594746
0.01673247417384577
0.07300382603373183
0.03973329294587377
0.1144220083900723
9119896939331905e-20
0.009942415781977578
0.2251388094741829
54473775078395955e-22
0.07396119636442158
0.011196938404597128
0.002045788206001572
55568830887406945e-22
1204423293330873e-21
0.10244038376816614
0.0891122094499248
0.004062091171490784
0.03077307177559708
0.019645995643772535
0.005845470711830757
0.012109347618818656
0.0004828752115825396
0.3227480409808799
15699130003754791e-25
0.06681898983147037
0.00040303733763048783
0.009630570924072565
0.011246537105004608
0.00015706077781878105
0.00017087396147094134
0.3424114088129931
0.0005199858387488031
0.05873911603411531
0.2413852044840173
12609148835923907e-22
25861656997110843e-22
0.00014472555240762665
11840299325207563e-21
0.0005944718404318484
1532560210267251e-20
14120534683726227e-23
10044040421585446e-22
19076973514580816e-21
0.07681074981045492
0.0774197619271172
4343800338890572e-20
0.000293717591884374
0.01751895068770052
0.008162230346664696
0.09013523853674109
0.010570600547495649
27828837111073065e-21
0.1337691762932277
0.03852166104368754
8240521462092123e-22
0.25309041899849044
45711196391887375e-23
0.003474053256026407
0.0010109900340545838
22994565953048566e-28
0.31003227950528295
0.34112332000834317
0.017823565835383765
0.25583972138937544
0.34594034406681573
0.008740615335085354
0.193919470099006
20535640175310689e-26
5764790535026358e-21
0.0005096824294868904
9120643282672367e-20
0.1317929954474883
8473124700732706e-22
0.0001287690502871869
0.16764621616429465
0.0009385301457867248
0.011857219339576626
12228961576850328e-21
0.138801877149004
0.09722779523780294
0.022867855765243635
2744788557551488e-20
0.00015344915442157202
12006679561877378e-23
0.013802533896543037
0.15777618631840762
8326801830394648e-24
10255034958898092e-21
9138847989180822e-21
9650218568740021e-20
12087132127824045e-21
0.30568945504935063
0.16330872033082267
0.004547359177400396
0.0014705479899793322
0.041913796912426325
0.005470080068004677
6637422222362484e-20
0.028384630620166895
8323681119677921e-20
0.0007433183104637822
0.08132656906161947
11001002247277426e-22
0.34587801381819616
0.34594034406681573
0.0018281652010773582
0.0004889657542294205
7563075100811673e-24
0.0010191985546058957
1073943103637664e-23
0.010110077102887804
0.029516268057632404
0.0009039157554377935
0.0003411900461290033
0.00015049958463332885
26725992871378695e-22
0.006124332381861603
0.01530540500244352
0.02270712807346558
11069415015881702e-24
0.34614370749913
0.07099260362205695
0
0
8177923089684448e-20
6712860036428396e-20
10336381931286665e-22
7552912322375889e-22
0.00017701405469946164
0.010257409784909823
0.005391080737538846
15204233669455587e-24
0.00018227576985502052
7328730632399585e-21
0.051964867729646716
0.01301651549139131
0.10097183870525499
38456358242754276e-23
0.05957867208118338
0.007690402343972737
0.00012246459884598942
0.14837068892726682
0.0003027227600242643
16523107011767605e-29
8602246114875733e-20
37936286682936212e-22
0.00012471603656917223
0.01794241518451377
0.003491651036134087
0.0001549884631653174
0.00014114716950754355
3818611337889346e-24
0.0006049168733062888
0.022286689166474676
13347307319989646e-24
0.0018059484414138642
0.0018511596083159026
4418739676931089e-20
0.11110212603828223
4583817975745087e-20
0.3117785906274669
0.004746037932985143
0.18199012683614266
0.0030975283683174976
0.0006736016889921972
0.0005692944414766772
47372431431961614e-21
0.33392454941743793
11919744842438577e-21
2253023583675786e-20
0.008303171553252178
0.006395483369006049
2199971343811879e-23
8737521321019112e-20
0.003055824572383218
0.13322124659310322
0.030286249616880808
0.00010011294128743732
0.023399787936666968
0
0
0.11328729935181488
0
0.32124384920059373
0.30244003909851314
0.3134427285651521
0.05172502274905026
0.029745231696414114
0.34637550693672936
0.3138484696039974
0.3463268715830316
0.3039936585712388
0.2302647366071249
0.0007953998173040182
0.016119077364933683
0.14336217036200968
0.27619010700329816
0.13741415333815185
0.00030702356006352536
0.027041851788992988
0.2671493993735018
0.11490141484068842
0.16574666068957858
