1.0695402048897344
3.694448896155419
13.814517768371731
0
13.857973347261021
5841655763809709e-20
14.144367834648554
0
14.962082410940923
0
29.450507435882965
0
10.19423097142648
0
13.149935964622417
0
24.812118060011432
11.028062867304692
14.451049643636042
2.988577806732716
21603310427300866e-37
15.00551548896089
2.2054764721361475
0.086966855789903
0
0.1498088378139301
0.002857441952049673
0.024654340196214576
0.003818582633007977
0.230717944103174
0.21433766527488918
0.010119591444262754
0.0008568519688685378
0.04434021589922454
0.01686245160423982
0.005125158461400321
8657000176199366e-24
0.158346689286315
0.16424897411439313
0.04690073190507208
0.0406774776076976
0
0.08702043364831039
0
4.259988504647142
3.569424355408622
4.2358653479087724
0
5.3565122329359935
0
3.571596076928387
0.5114100864433746
29.227447240030866
35.96819682945507
16.965842445133696
51.86046755788548
60.86535463899923
1.3801138633384296
0.07567543842820249
0.011903560177745694
15.274992892476536
33.483054544183105
0.05397131525450309
0.44389242715847776
1.9178933500161341
1.2914263588212174
29.798218072515834
0
29.475678943421585
0
14.80201454337788
0.010762211105461569
0.010768100307940929
9.977891498501185
6.322358378432433
1.323663413527009
2.4127584241064506
0
0.000339191572503994
0.013971328847199522
0.061968292839855645
0.030373516387093326
0.009934585991176829
0.00021274084462683942
0.00011394972339225814
0.001253740096368121
1.9105111101088716
0.48516784925119394
0.10241727174897809
0.16009841777456457
0.004842615857926793
0.06707732326065316
0.006332466685476292
0.000804890229951619
0.06723179340296762
1.3684347906086607
0.026454414813929357
2932798979620695e-21
0.010643074928237788
0.0011317944049751313
0
0.9065403073517204
0.4846329832010065
0.0431309045038632
0
0.4159808851276938
0.00015822937730508796
0.059212010223107604
0
0.00027003888197210267
0
0.19511811957502495
0.6697280810949475
0
0
0
0
0.007065958213769019
0.43241429236612144
0.0014233885928637902
0.0022982170139979156
0.3929238223125839
0.34471820757681904
0.23973583866893922
0.471931114963558
0.046460872275897874
0.46540137988288616
0.0009966970873446306
0.4566884384252758
10439957326209735e-22
0.007216997739588973
0.3301513111087747
0.027621087278390934
15733806348949915e-25
0.0034520291868209607
0.07999703177816246
0.20944095195426252
0.01681945278719065
0.02552614758715927
0.1669472317692056
0.30707972457464244
0.2629964883026754
0.1438561330828348
0.23944196629143913
10543662172749044e-26
0.19792175630933756
0.197927455506188
0.4787691881200509
0.5452453837338957
0.00028750011517801984
0.5643215231097781
0.4999918183783348
10.957746449558375
1.9836906466584696
2.8508780526958244
0.11801617866373772
0.4479319065012627
3.226326548219219
3.7056897948893734
0.7440108981840595
5.49659811304688
6.773586487714101
5.039597350466066
2.1931532688160003
2.900869357176909
0.5799697639592705
30.25598255721416
619.2078185189313
5.631140077653847
5011.109905831745
1.1152283050890999
23.21850335764278
1.1716420945891572
45.12252233990252
1.3046584123730383
1.7913909386425884
1.115227361279847
0.9205426956343524
1.0635812727733647
53.74736230004519
0
0.0005798297670797178
4893903332667823e-24
0
0.00808467647744214
0.007538395274989536
0.007392007163929308
0.006266208382066648
0.006420438727779296
0.010668219015749318
0.008644919133230733
0.009116476963976343
0.005958005066679054
0.007011591532919008
0.007706168805395321
0.01734365278562053
0.006639981527915426
0.008608247356835349
0.007427157263683018
0.008425732129323016
0.007172086013073485
0.01679649469294311
0.022676306831575396
0.00940251563904037
0.009309288394856494
0.0019819723160488713
0.00744381632810665
0.016730179033064868
0.07295715666987929
0.0397200115627144
0.1143008626567557
9119890242242234e-20
0.009941611398329593
0.2245698169102008
54473772689254765e-22
0.07391323720687298
0.011195916836377776
0.0020457544362953205
55568828401244864e-22
1204423281651401e-21
0.1023448826602457
0.0890412193668718
0.004061957746459715
0.0307651863655685
0.019642821481299876
0.0058451938872233706
0.012108151594592333
0.00048287333332101205
0.32111565077039345
15699130003556344e-25
0.0667801933019287
0.00040303602923179196
0.0096298164623729
0.011245506410946952
0.00015706057917636197
0.0001708737263482036
0.3402042968206669
0.0005199836606060787
0.058709429854280744
0.24070597134984326
12609148707916103e-22
25861656458620078e-22
0.0001447253837440627
11840298196464312e-21
0.0005944689933488745
1532560021160734e-20
14120534667672835e-23
1004404034036193e-21
19076970584415788e-21
0.07675883725384974
0.07736698209184617
43437988196588324e-21
0.00029371689708532493
0.017516432546570954
0.008161689264182351
0.09006251140312976
0.010569690689431517
2782883087563078e-20
0.13359886402682697
0.03850919476760341
8240521407418966e-22
0.2523212171917764
45711196223654974e-23
0.0034739557259226986
0.001010981796033268
2299456595304814e-27
0.30862658519946035
0.33897632397094224
0.01782095849068375
0.25504793823357436
0.3431662675198497
0.008739994465645783
0.19352345359386985
2053564017527671e-25
5764790267458419e-21
0.0005096803368306701
9120636584486464e-20
0.13162816690256487
8473124642929503e-22
0.00012876891676713383
0.16736385510179877
0.000938523046866926
0.011856072915315161
12228960372787516e-21
0.13861710426326837
0.09714237052935965
0.022863539760052842
27447879509621667e-21
0.00015344896481043265
1200667955027063e-22
0.013800977157569946
0.15753017357330218
83268018298364e-22
10255034112171176e-21
9138847316744027e-21
9650211070091659e-20
12087130951528492e-21
0.30435010928836
0.1630427310741081
0.004547191882996382
0.0014705305518788471
0.041898980405773174
0.00546983775396152
6637418675096614e-20
0.028377939820277556
8323675540972059e-20
0.000743313858458543
0.08126803649403795
11001002149839202e-22
0.3434256096851481
0.3431662675198497
0.0018281382400484995
0.0004889638282753461
7563075100351139e-24
0.0010191901821949188
10739431035448036e-24
0.01010924521077907
0.02950902389038438
0.0009039091707407108
0.00034118910853716264
0.0001504994022420383
26725992296292046e-22
0.006124028424309165
0.015303487658192222
0.022702873285744316
11069415014895158e-24
0.3433968968826837
0.0709485813637594
0
0
8177917704656399e-20
6712856408068308e-20
10336381845266164e-22
7552912276446192e-22
0.00017701380237394274
0.010256553333668374
0.00539084539188365
15204233667594374e-24
0.00018227550230439269
7328730199960192e-21
0.05194182222611233
0.01301513219247695
0.1008792413040629
38456358123684705e-23
0.05954810012867481
0.007689922253044724
0.00012246447808080655
0.1481563979844016
0.00030272202196100865
16523107011767605e-29
8602240156503892e-20
37936285524223567e-22
0.0001247159113224842
0.0179397726065364
0.0034915525136053533
0.00015498826973065508
0.00014114700908199085
3818611337771948e-24
0.0006049139252637224
0.022282592394836275
133473073185553e-22
0.001805922132311089
0.0018511319641227914
44187381048262925e-21
0.11098844023317693
4583816283979663e-20
0.3103448624718309
0.004745855662033846
0.18164893415877778
0.0030974508646609638
0.0006735980332103347
0.0005692918305188361
47372413362821965e-21
0.33202645542544057
11919743698497229e-21
22530231749743266e-21
0.008302611538221531
0.006395151804229718
2199971343422209e-23
8737515173767444e-20
0.003055749144978204
0.13305246565956338
0.03027861592955405
0.00010011286058423101
0.023395266130886546
0
0
0.11316873444933331
0
0.3196414370324123
0.3011475187317575
0.31198148931292874
0.051702196007064445
0.02973787280217599
0.34367006466909894
0.3123803987472891
0.34361123311600106
0.3026790311225338
0.22966264259889474
0.0007953947192910491
0.01611694884640912
0.1431636666334735
0.27521090638984247
0.1372334396084106
0.0003070228008764276
0.027035788212404453
0.2662581934167375
0.1147791689623368
0.16547154762044597
