1.0801499852403291
0.7747441111330641
7.832697794533643
0
7.861790847437562
3292817149221251e-20
8.065144891683234
0
8.646349765637778
0
16.985298132983402
0
9.052544671095156
0
12.166785043579836
0
24.577763286590635
11.8829885255992
11.781333206841031
3.531364634968948
7283289070312508e-39
16.599404489716843
2.214979349219171
0.050871385585400726
0
0.12849747570039982
0.0026873712191914727
0.022292362428156215
0.0038181457234639977
0.20800452219828297
0.19381645260451744
0.005693997451637139
0.00032236325783607274
0.039889963601494216
0.009471180416121319
0.003099927076646858
27939813587901306e-25
0.1420359308790936
0.1511525658053934
0.05875990409269166
0.050309203334765656
0
0.08593748888250372
0
4.30878261791019
3.545465840204055
4.323999016441392
0
5.359004842852246
0
4.1938401110774075
0.5761634425851183
29.207155805691155
35.943546855266746
16.5012371698239
45.09503506745774
59.935207703184254
1.581218118900301
0.04384977678500663
0.01439558058897638
10.057008704126412
33.62663248347902
0.051735681485319006
0.47205800081152655
2.2465487963279758
1.3530048634597869
31.356362783167143
0
31.01415290546994
0
14.824486786440037
0.00835001871485537
0.008393650660299458
5.696715814081513
6.813665092814068
1.3215432115009809
2.4073537794668076
0
0.0003569435327763993
0.016441028315460328
0.06220281832918643
0.030310741481173308
0.010608770191254925
0.00019362671931159848
0.0001040094166943546
0.001287537054712486
1.9208857068234004
0.4854903609428625
0.10193331380197353
0.15624794705039202
0.005403183086256842
0.0687765213156302
0.0067177712471527965
0.0006544468620910042
0.06535943974881181
1.4309690995898399
0.026154332211568744
2192293259250159e-21
0.00924787001933149
0.001093489884577176
0
0.9027985694372731
0.4846316580545061
0.045834230902318876
0
0.4141533601154392
0.000266201548523845
0.06451708051051469
0
0.00023047671643856867
0
0.19494571356692483
0.6666326038453219
0
0
0
0
0.004735900385296871
0.4329120938194802
0.0011691096649401485
0.0020934088620560287
0.3922743956314887
0.34237692463566166
0.23877540572893205
0.5432674136347839
0.029620497714472973
0.49993609977601905
0.0009984281411695268
0.4576775117391236
1043593787609158e-21
0.00443896666202139
0.33823588504891783
0.02499916328144489
12395191946887157e-25
0.005342761769316449
0.07741293292503432
0.2090118859119485
0.017015626612136434
0.02582836013842811
0.16251854556195758
0.3010226082354571
0.2625204600252569
0.1452562002775103
0.23991618977042845
8319803233805554e-26
0.1971265547414495
0.19716682198151
0.4779710630432151
0.5448743158439083
0.00025960879154874917
0.5599523629446198
0.5047568786163021
11.020195951487633
1.9849032950616199
2.8543438577507168
0.11819648516945179
0.450175050246095
3.22959037510969
3.712793408335337
0.7449495022764027
5.5075739299240185
6.79313307289174
5.0246901650516325
2.19392340532132
2.902513820321364
0.5843663481341229
30.3393365890403
619.2040761977454
5.631137247238763
4973.608081069848
1.1152281640490012
23.218497807339844
1.1715379616774104
45.119439671351714
1.3047011739041896
1.7913893086851527
1.1152272202088218
0.9190932397871
1.0632280236508693
58.989131416121516
0
0.0005844016240865581
493900743444695e-23
0
0.008047181938861926
0.007513713331596844
0.007350393167748828
0.006192039617433375
0.0063807634551895625
0.010626344174552368
0.00855709557659524
0.009128824853840024
0.005889927029176215
0.006973186239010059
0.007682855114045264
0.017331936492358164
0.006606732722166996
0.008589996498025656
0.007385507961762304
0.008411002594193372
0.00720687647292604
0.01675231626675843
0.022587428974238193
0.009382591772893255
0.009282953250460076
0.0019819305503685635
0.007443223722327908
0.016727155029375336
0.0728957023996655
0.03970251643680571
0.11414141541564345
9119881416976895e-20
0.009940551499188537
0.22382220690020244
5447376954089887e-21
0.0738500852059692
0.011194570779287715
0.002045709936193746
55568825125037044e-22
12044232662604588e-22
0.102219169418853
0.08894775660429872
0.004061781928673186
0.03075479823677733
0.019638639425174485
0.005844829114055608
0.012106575681398363
0.00048287085820173504
0.3189771258548037
15699130003294867e-25
0.06672910251412896
0.000403034305060157
0.009628822340120828
0.011244148329949579
0.0001570603174102717
0.00017087341650928747
0.3373175260770604
0.0005199807903129395
0.05867033299077484
0.23981381130654456
12609148539230311e-22
258616557490092e-20
0.00014472516148334434
11840296709032225e-21
0.0005944652415483384
15325597719604914e-21
1412053464651804e-22
1004404023332743e-21
19076966723111476e-21
0.07669048164098363
0.0772974849682533
43437968176505185e-21
0.0002937159814974089
0.017513114750062633
0.00816097629273814
0.08996676284382449
0.010568491818712849
27828822658708514e-21
0.1333747614868932
0.038492773152568674
8240521335371925e-22
0.25131114951734246
45711196001962063e-23
0.003473827207145826
0.001010970940258164
2299456595304756e-27
0.30678392171801294
0.3361676839643706
0.017817523173460966
0.25400828533539593
0.33954459534433906
0.008739176365332382
0.19300282682179953
20535640175231967e-26
5764789914863474e-21
0.0005096775791888944
912062775777653e-19
0.13141127435894331
847312456675775e-21
0.00012876874081764814
0.16699249224162796
0.0009385136921534482
0.011854562352701766
12228958786101037e-21
0.1383739903268572
0.09702991439565987
0.022857853470297344
27447871516127237e-21
0.00015344871494553215
12006679534975543e-23
0.01379892599039803
0.15720656927256033
832680182910076e-23
10255032996373758e-21
9138846430622145e-21
9650201188551845e-20
1208712940143307e-20
0.302594107328924
0.162692877961905
0.004546971435624773
0.0014705075726613877
0.04187946354778576
0.005469518454404617
6637414000593013e-20
0.02836912524445285
8323668189485735e-20
0.0007433079917477495
0.08119096793420218
11001002021437315e-22
0.3402204220925243
0.33954459534433906
0.0018281027120234678
0.0004889612903083403
7563075099744256e-24
0.0010191791493266865
10739431034224362e-24
0.01010814906676334
0.02949948040622533
0.0009039004936495155
0.0003411878730038381
0.00015049916189127053
26725991538455907e-22
0.006123627898979759
0.015300961392234417
0.022697267640500382
1106941501359511e-23
0.33981047191489266
0.07089061151604449
0
0
8177910608394004e-20
6712851626700684e-20
1033638173191031e-21
7552912215921081e-22
0.00017701346986564697
0.010255424830856433
0.005390535274407662
15204233665141717e-24
0.00018227514973284423
7328729630101406e-21
0.05191146899155349
0.013013309537046372
0.10075734821906787
38456357966777506e-23
0.059507837059230316
0.007689289645879983
0.00012246431893936992
0.14787448282246946
0.0003027210493607407
16523107011767567e-29
860223230470294e-19
3793628399729837e-21
0.00012471574627543187
0.017936290871585134
0.0034914226870973214
0.0001549880148272136
0.0001411467976771151
38186113376172406e-25
0.000604910040422043
0.022277194912143427
13347307316665152e-24
0.0018058874633575643
0.001851095535862637
4418736033143108e-20
0.11083880529234175
45838140546105174e-21
0.3084655917689352
0.004745615480199069
0.18120029486085146
0.0030973487350619802
0.0006735932157342243
0.0005692883898761075
47372389551730154e-21
0.32954165701118343
1191974219103744e-20
2253022636396928e-20
0.008301873620798993
0.006394714901939638
2199971342908709e-23
8737507073065245e-20
0.003055649751298109
0.13283037648565962
0.030268559367852832
0.00010011275423547577
0.023389308732204225
0
0
0.11301268179180829
0
0.3175420148463818
0.2994526965539971
0.31006629946183334
0.05167213082761777
0.02972817819850481
0.3401371385347279
0.3104562902305287
0.34006511861924216
0.30095532300818667
0.22887162038586678
0.0007953880012951019
0.01611414436221317
0.1429025026072484
0.2739258377881263
0.13699566204389063
0.0003070218004397585
0.027027799845044786
0.2650883211297963
0.11461827471624547
0.16510970710298703
