1.0818243552033275
0.5943458589587581
7.085596241532449
0
7.112275755387649
29769786131338976e-21
7.2996182230237325
0
7.83406283322199
0
15.395571857454051
0
8.935947595962775
0
12.008071662632663
0
24.544884543545255
12.038561514125913
11.377715626243988
3.6127937528690026
26787587489494546e-40
16.79192855419781
2.2155472091599355
0.046271667211427156
0
0.12481723828110472
0.002652042635384114
0.021921416964586975
0.0038180760040053404
0.20445276422903289
0.19059337112333724
0.005172773492456272
0.0002719458426161355
0.039195702315872896
0.008602784678070808
0.0028254969874068957
2315999826851039e-24
0.13897975064289664
0.1485751265803863
0.06064711192449969
0.05204696547002994
0
0.08587670626840728
0
4.306567994368047
3.552257679906458
4.356152136469915
0
5.361172705477395
0
4.2745848359590815
0.5735104114618644
29.19517950036015
35.926924251604845
16.345042540881714
44.42058372775162
59.11158058380485
1.6060102822405533
0.03314955723230864
0.015448479667800361
8.12610566980806
33.643744887382724
0.051418450405289653
0.47618695136055617
2.288768114111136
1.3644160120128794
31.585103114440905
0
31.254731215173738
0
14.826192887681513
0.007098148248958514
0.007158692814737117
4.396490917496389
6.871568891672327
1.3212107242210154
2.4065019502972276
0
0.0003593126076715344
0.016815300239745316
0.06221494377490516
0.030299802980801233
0.010711171654732331
0.0001910183436846878
0.0001026853438630158
0.001293623186668246
1.921889432477385
0.4855354981763585
0.10133080550395009
0.15553083573883933
0.0054714902021871115
0.06899129933659567
0.0067768301882665735
0.0006300775812842
0.0649792281743486
1.4328340219107838
0.02608525623536984
20802259727547104e-22
0.008972450415994525
0.0010863276571594473
0
0.9022074944569832
0.4845359180820829
0.046238924299096
0
0.41388593657088785
0.00033323375367748294
0.06513662073655481
0
0.00022658987325990893
0
0.19491852557540643
0.6661455549225724
0
0
0
0
0.004392740003307637
0.4329884653441293
0.0011273751704398327
0.0020600160470475933
0.39217188449092166
0.3419456224590654
0.2385890882153143
0.552255758159385
0.023561033025963404
0.5065266195175634
0.0009989912843186258
0.4579714099581356
10435304860997397e-22
0.0034917610748575814
0.33976534129826885
0.024580028042099876
11934617934446454e-25
0.006606009984990949
0.07701079468812785
0.2089437321225395
0.017038234885102543
0.025867173005920063
0.1618233264083554
0.3000659999997409
0.26244518684425866
0.14543194340838672
0.23989745980411564
801068755957438e-25
0.19691289769807432
0.19695709452989882
0.47784519048760865
0.54481549474504
0.00025604426054842477
0.5583261967284151
0.505366845560925
11.025576608957333
1.985094407111221
2.8548905946458922
0.1182240853855864
0.4503682179783987
3.2301049801937443
3.7139149320865394
0.7450937394020122
5.507361826375075
6.793116884851486
5.020641154132511
2.1940448801253565
2.9015262486285995
0.5848896424937552
30.343396654858346
619.203485609811
5.631136800560276
4967.715469304497
1.1152281417909262
23.21849693142546
1.1715215289104164
45.11895320289371
1.3047080886065152
1.791389051406163
1.1152271979458661
0.9188645494423403
1.063172286750672
59.59611957669816
0
0.0005849448545017348
494615465364472e-23
0
0.008041193147490997
0.007505771518935588
0.0073399023413690525
0.006177175393477354
0.006371188098236814
0.01061585985417275
0.008538786165867186
0.00912588165616192
0.00587599987191659
0.006963398499489975
0.007675081698514685
0.01732078096302727
0.006597957007238351
0.008582589055210563
0.007375043008614398
0.00840426135230036
0.007208992406574615
0.01673651659364472
0.02256130118006314
0.009374520437529392
0.009273820678670074
0.0019819239592474306
0.007443130205256628
0.016726677849741394
0.07288600879689192
0.03969975616825704
0.1141162727661322
9119880024228841e-20
0.009940384242780409
0.2237044513019031
5447376904404481e-21
0.07384012387820246
0.011194358367662326
0.002045702913551176
5556882460800619e-21
12044232638315554e-22
0.10219934424440072
0.08893301585410371
0.0040617541828919905
0.03075315916698028
0.019637979520272887
0.005844771549888426
0.012106326999257181
0.00048287046759486684
0.31864094064013554
156991300032536e-23
0.06672104325353537
0.00040303403296271944
0.009628665463267232
0.011243934020984411
0.00015706027610000496
0.00017087336761247598
0.3368641970003975
0.0005199803373424632
0.05866416534449823
0.23967331853841975
12609148512609364e-22
258616556370228e-20
0.00014472512640756257
11840296474294903e-21
0.0005944646494645284
1532559732633253e-20
1412053464317952e-22
10044040216435908e-22
19076966113744362e-21
0.07667969974327907
0.07728652306653469
4343796501706024e-20
0.0002937158370052434
0.01751259121333847
0.008160863781681427
0.08995166170054227
0.010568302632769115
27828821361964847e-21
0.13333942936875354
0.038490182234617344
8240521324001904e-22
0.25115211669885407
45711195966975865e-23
0.0034738069255411262
0.0010109692270774788
22994565953047468e-28
0.3064941307523877
0.3357265727861647
0.017816981093431675
0.25384460136052384
0.33897654776640795
0.00873904726479333
0.19292079277871738
2053564017522491e-25
57647898592191215e-22
0.0005096771439962756
9120626364800503e-20
0.13137707838411736
8473124554736793e-22
0.00012876871305040968
0.16693396137875469
0.0009385122158589011
0.011854323982629417
12228958535700002e-21
0.13833566256154387
0.09701217916106876
0.022856956224402005
2744787025464356e-20
0.00015344867551343497
12006679532561766e-23
0.013798602315724344
0.15715556080899445
8326801828984667e-24
10255032820285517e-21
9138846290779876e-21
9650199629109229e-20
12087129156806608e-21
0.3023179130703946
0.16263773493145636
0.004546936646959419
0.0014705039462561134
0.04187638434854571
0.005469468066224799
6637413262892046e-20
0.028367734432730718
8323667029320191e-20
0.0007433070659039406
0.08117881212928563
11001002001173725e-22
0.3397173393138414
0.33897654776640795
0.0018280971052732121
0.0004889608897832764
7563075099648483e-24
0.0010191774081985201
1073943103403125e-23
0.010107976090948151
0.029497974594539268
0.0009038991242922203
0.0003411876780200136
0.0001504991239606329
267259914188589e-20
0.006123564692940881
0.015300562750655571
0.022696383118673034
11069415013389944e-24
0.3392479165803901
0.07088146740121752
0
0
8177909488506293e-20
6712850872135108e-20
10336381714021187e-22
7552912206369383e-22
0.0001770134173912998
0.010255246748861297
0.0053904863352141116
15204233664754656e-24
0.00018227509409224376
7328729540169819e-21
0.051906680452424976
0.013013021920151082
0.10073812526611788
38456357942015376e-23
0.05950148547805831
0.007689189816481521
0.0001224642938246708
0.14783004174850967
0.0003027208958712629
1652310701176756e-28
8602231065580895e-20
37936283756328476e-22
0.00012471572022874607
0.017935741467431297
0.0034914021991212223
0.00015498797459996615
0.00014114676431453308
38186113375928255e-25
0.000604909427342618
0.022276343234236894
13347307316366863e-24
0.0018058819921783896
0.001851089787045251
44187357062029604e-21
0.11081520926846156
4583813702785356e-20
0.30817005830515387
0.004745577577296826
0.18112959468132794
0.003097332617907513
0.0006735924554730657
0.000569287846897036
47372385794011896e-21
0.32915122394657015
1191974195313947e-20
2253022551401983e-20
0.008301757173223852
0.006394645955447384
21999713428276712e-24
8737505794663174e-20
0.0030556340658971664
0.13279536162839356
0.03026697260861886
0.00010011273745218281
0.023388368710965075
0
0
0.11298807419284171
0
0.3172119591090449
0.2991861029832165
0.30976513200194716
0.05166738772431909
0.02972664854483372
0.33958292162455617
0.3101537239459049
0.3395088459058406
0.300684196290943
0.22874703529913387
0.0007953869411076848
0.01611370182043596
0.14286133086290842
0.2737235851258699
0.1369581751153063
0.0003070216425573243
0.027026539385937437
0.2649041692956399
0.11459290399377749
0.16505267600100562
