1.084215088747368
0.4053793264803632
6.119621101068226
0
6.143030030749014
2569503464169476e-20
6.308278785393079
0
6.778257276377426
0
13.330857057927565
0
8.79438891672112
0
11.783199666697241
0
24.500883895498017
12.267582213991458
10.816097755802312
3.728476984968713
6222735367762816e-40
16.996207296603206
2.2160249753355794
0.040281071968491254
0
0.11950444736271183
0.0025974878329310877
0.021395210301111075
0.003817976259704546
0.19942359868106482
0.18602113470279022
0.004515705428700243
0.00021271679536156388
0.03821342751019456
0.007508631143989252
0.00246448388107243
17762361017937303e-25
0.13444113206262034
0.14467412351637426
0.06331788584382525
0.05456970550342983
0
0.08582549319955939
0
4.294437936826658
3.565374400111124
4.409755284392483
0
5.365784371840909
0
4.362022513876888
0.5415669476515808
29.15586635209457
35.87097044834313
16.043583347138917
43.60583490410528
56.09568695091238
1.6318156956775498
0.017855757592071166
0.017206745204288162
4.867654954011113
33.665219247817184
0.050980225414976016
0.48149619170551283
2.3341071880612194
1.3812117962410468
31.878721065350923
0
31.577454694002817
0
14.82839913539674
0.0046289530688979645
0.004704999236215887
2.44405278947136
6.932924256130972
1.3207601630117887
2.405286236668446
0
0.0003622206647363479
0.01734896765693927
0.06222315273718495
0.030283859438382396
0.010846787154791529
0.00018769932364004032
0.00010102167574169514
0.001302499408565942
1.9230958749831508
0.4855904956737853
0.10004168678619561
0.1544680831994451
0.005545935110317382
0.06925959945278333
0.006857709424269669
0.0005954762987722512
0.0644074137693675
1.4280659314644064
0.025978649658809548
1924736471714129e-21
0.008551550902515054
0.0010757301481479973
0
0.9013616051888066
0.4843486474951344
0.04676904586246562
0
0.41350295103721013
0.0005545146245558025
0.0657762860201275
0
0.0002219020850288997
0
0.19487971670242307
0.6654507929177406
0
0
0
0
0.003929397333273677
0.4330950999340198
0.0010678968934751019
0.0020118344825541482
0.39202550128859737
0.34130833111093994
0.23830933497580029
0.5618753281754886
0.013719015124966568
0.5163877909943649
0.0009999529289644237
0.45846485437435697
10434402091909124e-22
0.0019979936782567468
0.342057002511072
0.023983605220827292
11305522660579082e-25
0.010761823401070335
0.07644045498860713
0.20884621425041044
0.017067484354851947
0.025919294296395508
0.16083244689293538
0.2986999897527453
0.2623376938027647
0.14566656676775722
0.23983715477418244
7587776620236526e-26
0.19657613512364397
0.19662548704315044
0.4776653713190732
0.5447313841503252
0.0002516970816506908
0.5553124149693983
0.5061863201149871
11.031643632121646
1.9853639802263021
2.8556597818021032
0.11826254221024336
0.4505860272055802
3.230830799676481
3.7154930762995457
0.7452953905037503
5.506396304988123
6.792013368892756
5.0142727459602074
2.1942150032097603
2.8997243685396374
0.5855757088740372
30.34615323640342
619.2026423453102
5.631136162774625
4959.313857277001
1.1152281100099422
23.21849568075933
1.1714980659367582
45.118258612531605
1.30471800194486
1.7913886840287838
1.115227166157913
0.9185380425643077
1.0630927083908712
60.36181070332038
0
0.0005856495636534322
4956370692876889e-24
0
0.00803249675536792
0.007493031023649458
0.007323574536515891
0.006154887470695766
0.006356361233142306
0.010599572601618172
0.008511133993132242
0.009119974908789283
0.005855019390365479
0.006948137108622733
0.007662565227725018
0.017301620269196728
0.006584212135611407
0.00857044517955813
0.007358764640481109
0.00839310341375671
0.007210683973463903
0.016710912190614612
0.0225198011985737
0.009361288226613912
0.009259060032480202
0.001981914548214553
0.007442996679814645
0.016725996536843545
0.07287217011077252
0.03969581527716112
0.11408038266759644
9119878035606887e-20
0.009940145432154941
0.2235364224420771
544737683346164e-20
0.0738259030180741
0.011194055084688835
0.00204569288637823
5556882386976853e-21
12044232603634684e-22
0.10217104371823713
0.08891197264547021
0.004061714566665452
0.03075081898785708
0.019637037319644755
0.005844689358411557
0.012105971929633924
0.00048286990987103884
0.3181615357631243
15699130003194668e-25
0.06670953760050852
0.0004030336444512479
0.009628441472544248
0.011243628029006004
0.00015706021711554455
0.00017087329779564374
0.33621797108761353
0.0005199796905734747
0.058655360052040285
0.2394728598976167
12609148474598887e-22
25861655477124063e-22
0.00014472507632494924
1184029613912741e-20
0.0005944638040642014
15325596764802237e-21
1412053463841265e-22
10044040192317503e-22
19076965243665248e-21
0.07666430753844806
0.0772708739117814
4343796050587662e-20
0.0002937156306935749
0.017511843713433842
0.008160703136506416
0.0899301040672351
0.01056803251125279
27828819510421592e-21
0.13328899695576968
0.03848648311884094
8240521307767328e-22
0.25092521758987746
45711195917021133e-23
0.003473777966846152
0.0010109667809334389
22994565953047326e-28
0.30608082982758766
0.3350977393665602
0.01781620711810046
0.2536110695304731
0.3381671131198348
0.008738862933097686
0.19280372166715012
20535640175214829e-26
57647897797678495e-22
0.0005096765226111956
9120624375853034e-20
0.13132826740330183
8473124537572779e-22
0.00012876867340322747
0.16685042418847051
0.0009385101079495183
0.011853983636451388
12228958178167229e-21
0.1382809550194306
0.09698686169026025
0.022855675161259713
2744786845344595e-20
0.00015344861921070014
12006679529115282e-23
0.01379814017301819
0.1570827575353469
8326801828818903e-24
10255032568859574e-21
9138846091107398e-21
965019740247406e-19
12087128807518999e-21
0.30192398857307373
0.1625590318632281
0.004546886974749219
0.0014704987683426469
0.04187198813502334
0.005469396120736535
6637412209572738e-20
0.028365748693361434
8323665372788916e-20
0.0007433057439484872
0.0811614587309721
11001001972240547e-22
0.33900030638817463
0.3381671131198348
0.001828089099756928
0.0004889603178978662
7563075099511736e-24
0.0010191749221500532
10739431033755515e-24
0.010107729114173424
0.029495824668587203
0.0009038971690717664
0.0003411873996143705
0.00015049906980174206
26725991248093415e-22
0.006123474445918221
0.015299993571994904
0.02269512022217322
11069415013097005e-24
0.3384462910322085
0.07086841310645482
0
0
8177907889485327e-20
671284979473583e-19
10336381688478375e-22
7552912192731077e-22
0.00017701334246631928
0.010254992481504415
0.005390416458612895
1520423366420199e-23
0.00018227501464636049
7328729411761841e-21
0.051899843947075586
0.013012611260066333
0.10071068430848676
38456357906659003e-23
0.05949241760712866
0.007689047278251952
0.00012246425796489074
0.14776661012404366
0.0003027206767128776
1652310701176756e-28
8602229296312343e-20
37936283412261885e-22
0.000124715683038238
0.01793495703500036
0.0034913729457639125
0.00015498791716188397
0.00014114671667809502
3818611337557966e-24
0.0006049085519639529
0.022275127230313174
13347307315940952e-24
0.001805874180234935
0.0018510815786808798
4418735239384559e-20
0.11078152661219368
45838132004351254e-21
0.3077485743049833
0.004745523458515883
0.18102869390003487
0.0030973096053241067
0.0006735913699427447
0.0005692870716103279
4737238042858943e-20
0.3285945493747148
1191974161345908e-20
2253022430042749e-20
0.008301590907470242
0.006394547512129568
2199971342711962e-23
873750396930902e-19
0.0030556116697832004
0.13274538198866143
0.030264707113414946
0.00010011271348831927
0.02338702657588367
0
0
0.11295294774887232
0
0.316741286638151
0.2988058611639825
0.30933561980887664
0.05166061608311512
0.029724464579520195
0.3387931530318469
0.30972221853120885
0.3387161539169246
0.3002974938432823
0.22856926518184628
0.0007953854273314132
0.016113069962349916
0.14280256473095154
0.2734350593565557
0.13690466753270242
0.0003070214171265029
0.027024739753036216
0.2646414515274062
0.11455668837767212
0.1649712788164823
