1.0856756380037995
0.3202949084230955
5.585927094488807
0
5.607460617153122
2344802963547015e-20
5.759894917814655
0
6.192562159923289
0
12.186941599453567
0
8.721951109420862
0
11.647545277889746
0
24.475916772904153
12.410969837002064
10.482472105051606
3.8032120565374345
2511549522057957e-40
17.0692333492212
2.2161350325206106
0.03694561182092029
0
0.11624352461856521
0.002561645137677183
0.0210764963855715
0.003817915243792371
0.19638349716815173
0.18325174669746958
0.004163070150034186
0.00018298876353506146
0.03762009157172315
0.006921672616177093
0.002262740105200573
15150614853258937e-25
0.1315818230773073
0.14217203098654996
0.06499083354326742
0.05613371657931012
0
0.0858049880350605
0
4.280984195356648
3.5750771089744826
4.437952468099769
0
5.36947049847256
0
4.393622398961576
0.4960045263567706
29.10503578143892
35.79792518328867
15.810643822028391
43.190499927507496
52.91776316760487
1.6402512076385816
0.01105516242909264
0.017911352416589286
3.1737906038259798
33.67662360175841
0.05072049734632313
0.48425347452997874
2.3501525681719246
1.3915765677320984
32.03056683701957
0
31.755824027234382
0
14.829765262618386
0.0031504773166502655
0.003210883159297251
1.529557805283953
6.954773339878469
1.320506500654292
2.4045438636875627
0
0.0003636362214213472
0.017695143607832614
0.06222304592857199
0.030273832360618383
0.010920502709875891
0.00018597716317761152
0.00010017284457983039
0.00130793761105327
1.9237077075151114
0.48561698596696845
0.09896280184836065
0.15380586750078068
0.005574292152247921
0.0693992525755023
0.006904431501998856
0.0005745826636141615
0.06404729186223203
1.4199121583965697
0.025909881278387156
1832862384620113e-21
0.008278927725800338
0.0010691464327304233
0
0.9008422701473225
0.48420513417213046
0.047052559662367516
0
0.4132642852492191
0.0008383491786616313
0.06598647509119347
0
0.00021951412198818385
0
0.19485601387229443
0.665026722434583
0
0
0
0
0.0036642418088636756
0.43315863610324457
0.0010318641225374407
0.0019821271394791693
0.39193606395254
0.34090734907099474
0.23813303146661252
0.5652839827491674
0.008792198486525344
0.5225692000748311
0.0010006355981659497
0.458810255680036
10433851303844472e-22
0.001269442363813544
0.3434901565102531
0.023621535564381995
10937109726275406e-25
0.01596861139343384
0.07609525691284297
0.2087865209393672
0.01708365137708512
0.025949309471446816
0.16022816088471872
0.29786574198992316
0.26227202877243805
0.14580095539982216
0.23978192313492394
73397604132815e-24
0.19635276999767343
0.19640519537056178
0.47755541481741054
0.5446799277302317
0.00024957987546675626
0.553051769929222
0.5066586519423315
11.034462591684479
1.9855262322846223
2.856121176573208
0.11828540034456263
0.45068723896561574
3.2312675967926787
3.716439871571679
0.7454157157939634
5.5054503433189375
6.790755027960065
5.010064273496731
2.194316435921073
2.8984186418095885
0.5859613197278714
30.346214312374936
619.2021271779083
5.631135773138032
4954.188129781483
1.115228090594273
23.218494916701196
1.171483732145356
45.117834277975376
1.3047240669938296
1.791388459576233
1.1152271467379866
0.9183385882322043
1.0630440952268543
60.76544120277868
0
0.0005860398520934941
4962617677716826e-24
0
0.008027081746089208
0.0074844903530101115
0.007312872215655993
0.006140701403902681
0.00634666593072427
0.01058891450779531
0.008493430299644562
0.00911544450314356
0.005841619792953295
0.006938118235079752
0.0076541524933584
0.017288164866926345
0.00657515965288179
0.008562178874802427
0.007348099567309043
0.008385456992764325
0.007210924184143912
0.016693627482633925
0.022492179788553262
0.00935228076567224
0.009249112476876053
0.0019819087988392054
0.007442915107500769
0.016725580322162658
0.07286371706018219
0.03969340789665128
0.11405846220832297
9119876820716246e-20
0.00993999954055907
0.2234338321984521
544737679012117e-20
0.07381721654412535
0.01119386980680362
0.002045686760592189
5556882341876367e-21
12044232582447412e-22
0.10215375818976645
0.08889911935824489
0.004061690364472031
0.030749389410984304
0.019636461731767273
0.005844639146483499
0.012105755015279593
0.0004828695691461736
0.3178690122615218
15699130003158667e-25
0.06670250953213215
0.000403033407101627
0.009628304634478467
0.011243441096187284
0.00015706018108071161
0.00017087325514309086
0.33582378829652915
0.0005199792954491324
0.05864998136458606
0.2393504780202131
12609148451377483e-22
25861655379438583e-22
0.00014472504572843908
11840295934366568e-21
0.000594463287592005
1532559642175161e-20
14120534635500465e-23
10044040177583062e-22
19076964712115688e-21
0.07665490563815176
0.07726131507423577
4343795774990017e-20
0.00029371550465352156
0.017511387065766954
0.008160604996556296
0.08991693659933028
0.010567867491751318
2782881837927505e-20
0.13325819612376405
0.03848422342637815
8240521297849281e-22
0.25078670104695433
4571119588650272e-22
0.0034737602754909102
0.001010965286535661
22994565953047246e-28
0.30582860991929517
0.3347141515664484
0.01781573429688457
0.2534685057699944
0.3376735639084216
0.008738750322912554
0.1927322354310831
20535640175208664e-26
5764789731229404e-21
0.0005096761429943923
912062316076353e-19
0.13129845667566672
8473124527086924e-22
0.00012876864918193843
0.16679941013893612
0.0009385088201858023
0.011853775716642423
12228957959742966e-21
0.13824754368134173
0.09697139796773838
0.022854892568252752
2744786735305662e-20
0.0001534485848141889
12006679527009748e-23
0.01379785784796411
0.15703829708568715
8326801828717632e-24
10255032415258196e-21
9138845969123293e-21
9650196042176195e-20
12087128594131886e-21
0.3016835844552383
0.16251096925053388
0.004546856629221383
0.0014704956050556994
0.04186930262309601
0.005469352168194721
6637411566077966e-20
0.028364535631938723
8323664360779384e-20
0.0007433049363393358
0.08115085900147709
11001001954564663e-22
0.33856300085591
0.3376735639084216
0.0018280842090364026
0.0004889599685214055
7563075099428195e-24
0.0010191734033738959
10739431033587058e-24
0.010107578233852036
0.029494511310844514
0.0009038959745886707
0.00034118722953063664
0.0001504990367149495
267259911437692e-20
0.006123419312774044
0.015299645859234145
0.02269434872679709
11069415012918046e-24
0.33795749354466165
0.07086043914711103
0
0
8177906912610042e-20
6712849136530103e-20
10336381672873737e-22
7552912184399152e-22
0.00017701329669309314
0.010254837147346207
0.0053903737699776055
15204233663864362e-24
0.00018227496611122144
7328729333314718e-21
0.051895667825673744
0.01301236038558592
0.10069392373034308
3845635788505904e-22
0.059486878534640325
0.007688960199958646
0.00012246423605740428
0.14772787180823466
0.00030272054282450234
1652310701176756e-28
8602228215429263e-20
3793628320206437e-21
0.00012471566031778216
0.017934477825660506
0.0034913550743950897
0.00015498788207176555
0.00014114668757600398
3818611337536668e-24
0.0006049080171773928
0.02227438438067939
13347307315680753e-24
0.0018058694077714885
0.0018510765640368644
4418734954195433e-20
0.11076095420916224
4583812893538862e-20
0.3074913646028841
0.004745490396521414
0.18096707915734142
0.003097295546538458
0.0006735907067703684
0.0005692865979719397
4737237715074063e-20
0.32825492857936306
11919741405941213e-21
22530223559018516e-21
0.008301489333873296
0.006394487371788069
2199971342641272e-23
8737502854162076e-20
0.0030555979876082996
0.13271485763531077
0.03026332315832995
0.00010011269884829533
0.023386206675316237
0
0
0.11293149364145268
0
0.3164540866724734
0.29857380129972444
0.3090735149099147
0.05165647958222528
0.029723130428266645
0.3383115709322235
0.3094588982876195
0.3382327927586164
0.3000614939712975
0.2284607296777476
0.0007953845025351622
0.01611268395918691
0.1427666751643499
0.273258942587368
0.13687198891554428
0.0003070212794061683
0.027023640378525227
0.264481079959274
0.1145345691305807
0.16492157132345256
