1.0878388462386297
0.22553329654242957
4.86993147527427
0
4.888889343147682
20438096285105245e-21
5.023515635562897
0
5.4044901334185305
0
10.649941029177002
0
8.633172171630559
0
11.45007829067039
0
24.441924436756523
12.627379594685411
10.002362634329264
3.9047652739006113
6433862393609414e-41
17.119118397493327
2.2160652570852726
0.03243486353574984
0
0.11141796367936921
0.0025048152756332914
0.020609506068392233
0.0038178248053229863
0.19193746961185382
0.1791938559806715
0.003697614845181671
0.00014655734649913983
0.036752966555017835
0.006147178727246404
0.00199040281921473
12026394074110235e-25
0.127249378433444
0.1383165510925386
0.06724717112071886
0.05846563325450357
0
0.08577167373045688
0
4.256070461238031
3.5912942532119354
4.462150749851629
0
5.375677514916898
0
4.414644267645572
0.4153182101325967
28.98540194087829
35.625605948191925
15.416559219106974
42.6831535905834
49.35807923626028
1.6442027721981871
0.006055647612315238
0.018481301409676354
1.8104285919563943
33.691165619110805
0.05034624270615605
0.4874849798781234
2.3601642478990565
1.406714341930837
32.20773015440501
0
31.98265754335205
0
14.832006636489853
0.0018485007165338016
0.0018752758171126965
0.835847369608377
6.969240153019405
1.3201700146666149
2.4034448006485203
0
0.0003651451691426683
0.01816699928925932
0.062215990526074266
0.03025831408071187
0.011013531585882618
0.00018385324963318865
9914542269581971e-20
0.001315843604067755
1.924450190122915
0.48564492479582816
0.09705398382097427
0.1528260848435721
0.005594245536480399
0.06957150828262598
0.006969016904289172
0.000544170325062723
0.06351057685230463
1.4021247900114795
0.025804929000533324
17017928379510017e-22
0.007863069921998946
0.0010594489158152166
0
0.900066294931037
0.4839532790580949
0.04740201279192854
0
0.4128980683243165
0.0014903780136284873
0.06609183738806881
0
0.00021659335072907955
0
0.19482091585463426
0.664399136688254
0
0
0
0
0.003298708249735527
0.4332502085484537
0.0009792674717996534
0.0019377897004511262
0.39180358532654663
0.3402986723527378
0.23786973884351098
0.5674447833237071
0.004915118017481851
0.5316892348699634
0.0010017824697653986
0.4593832836216676
10433036727086324e-22
0.0007046074418792686
0.345574562288808
0.02309014913055969
10412759358951202e-25
0.02735447152024631
0.0755906831677754
0.20869794828820662
0.017105306349199274
0.02599138723802704
0.15933468383207508
0.29663151760815354
0.2621748001694042
0.14598848420096672
0.23967648232329394
6986360660122168e-26
0.1959986218325511
0.19605524500594396
0.47739234754527293
0.5446036162391156
0.00024728352826587847
0.5497826892298167
0.5073217553652782
11.037493642918081
1.985762421739419
2.8567900596701157
0.11831825417797452
0.45079609180962893
3.231903308266629
3.717812603144548
0.7455894179471467
5.503602475296565
6.788152524744599
5.003428596305842
2.194462601052898
2.8962370570911484
0.5864893224133622
30.3443446417263
619.2013641682319
5.63113519605033
4946.606186567969
1.1152280618378758
23.218493785060634
1.1714625027997392
45.11720580667072
1.3047330383884375
1.7913881271216008
1.1152271179752846
0.9180431999986421
1.0629720987200992
61.281064300700805
0
0.0005865640320905216
4971877300373769e-24
0
0.008018894050187433
0.007470883823106018
0.007296104711490718
0.006118979189051385
0.006331469504572435
0.010572240797478946
0.008466194453189973
0.00910756898033553
0.005821063983426535
0.006922400281392825
0.007640724215247507
0.017266021124069435
0.00656092556106191
0.008548864615398881
0.007331396607549778
0.008373080421208396
0.0072101532573407125
0.016665957484943525
0.02244840165758299
0.00933777178098207
0.009233204408468223
0.001981900283514382
0.007442794293018659
0.016724963888839976
0.07285119911374674
0.039689842612199724
0.1140260037239556
911987502135139e-19
0.009939783465576302
0.22328197308230438
5447376725929938e-21
0.07380435295244865
0.01119359539879182
0.002045677687771452
5556882275078384e-21
1204423255106711e-21
0.10212816209996341
0.08888008586762357
0.0040616545190550555
0.030747272197817626
0.019635609264001357
0.005844564778776853
0.012105433752244188
0.0004828690645016464
0.31743625204888143
1569913000310535e-24
0.06669210167470102
0.0004030330555651916
0.009628101968248167
0.011243164237142052
0.00015706012770981385
0.00017087319197074344
0.33524081616702534
0.0005199787102340697
0.058642015938316715
0.23916933407041566
12609148416984452e-22
2586165523475736e-21
0.0001447250004121958
11840295631096868e-21
0.0005944625226498443
15325595913662e-18
14120534631187249e-23
10044040155760003e-22
19076963924841766e-21
0.07664098267464423
0.07724715972630312
4343795366804505e-20
0.00029371531797667033
0.017510710750309612
0.00816045964440187
0.08989743790650145
0.010567623087375357
2782881670394272e-20
0.13321259032616706
0.03848087685707684
8240521283159746e-22
0.25058168574430206
45711195841302163e-23
0.003473734073126704
0.0010109630731987011
22994565953047124e-28
0.30545543078050275
0.33414682926342487
0.017815034028085115
0.25325750291757354
0.3369438951715391
0.008738583539502413
0.19262640641499937
20535640175199544e-26
5764789659339485e-21
0.0005096755807473934
9120621361104137e-20
0.13125431666969156
8473124511556409e-22
0.00012876861330798252
0.16672388228045998
0.0009385069128921453
0.011853467774918282
12228957636236484e-21
0.13819807323841554
0.09694849929763125
0.022853733525022853
27447865723278553e-21
0.0001534485338697957
1200667952389126e-22
0.013797439709118616
0.15697247017708665
8326801828567649e-24
1025503218776038e-20
9138845788453581e-21
9650194027449874e-20
12087128278085882e-21
0.3013278754334107
0.16243981019396964
0.004546811685066344
0.0014704909199483105
0.041865325448562224
0.005469287071073125
6637410613002939e-20
0.0283627390713404
8323662861900098e-20
0.0007433037401972651
0.08113516236736869
1100100192838504e-21
0.33791634728112313
0.3369438951715391
0.0018280769654520073
0.000488959451063084
7563075099304462e-24
0.0010191711539304057
10739431033337559e-24
0.010107354770310288
0.029492566214272813
0.0009038942054518738
0.0003411869776210865
0.0001504989877103697
26725990989255414e-22
0.0061233376564116425
0.015299130879066189
0.022693206119134637
11069415012652984e-24
0.33723483612610794
0.07084863062592567
0
0
817790546576781e-19
6712848161666799e-20
10336381649761823e-22
7552912172058799e-22
0.00017701322889874277
0.01025460708744604
0.00539031054479039
152042336633643e-22
0.00018227489422622522
7328729217127287e-21
0.051889483221890596
0.01301198882621534
0.10066910489227666
38456357853067515e-23
0.05947867560466216
0.007688831230782215
0.00012246420361040227
0.1476705154462996
0.0003027203445235715
1652310701176756e-28
8602226614541919e-20
37936282890742467e-22
0.00012471562666669793
0.01793376809593034
0.003491328605416693
0.00015498783010007647
0.00014114664447313247
38186113375051245e-25
0.0006049072251100137
0.022273284197335326
1334730731529538e-23
0.001805862339335873
0.0018510691369112646
4418734531804053e-20
0.11073049160091344
4583812438997213e-20
0.30711080822337067
0.004745441429079716
0.18087586056681113
0.003097274724296752
0.0006735897245520784
0.0005692858964705011
4737237229594448e-20
0.32775256367862715
11919741098588107e-21
22530222460923444e-21
0.008301338896286014
0.006394398299431526
2199971342536575e-23
8737501202526804e-20
0.0030555777231571855
0.13266966114700032
0.03026127350940996
0.00010011267716507276
0.023384992379724658
0
0
0.11289972561543629
0
0.3160291954244878
0.2982304303196799
0.30868572136276484
0.05165035365122234
0.029721154537162807
0.3375995608829416
0.3090693079811501
0.3375181573540213
0.299712297113134
0.2283000732664736
0.0007953831328285458
0.016112112269870527
0.14271353597627806
0.27299830579920215
0.1368236031991665
0.0003070210754297566
0.027022012185590874
0.2642437334128911
0.11450181633134168
0.16484797745657354
