1.0918853408468634
0.11654602336110181
3.748029194501933
0
3.7628540006916835
15731447691256038e-21
3.8683207180002865
0
4.1651482830156
0
8.235630018574257
0
8.515370790136418
0
11.094779173683246
0
24.389047960302577
13.040073290702386
9.147179826662045
4.02041814893445
48065833390741046e-43
17.152915573011164
2.215345691056731
0.02526868108790271
0
0.10249470010906206
0.002387096604753706
0.019755281828546252
0.0038176555229206765
0.18382522246204916
0.17177083605559323
0.002958564491550311
9734501713431407e-20
0.03517266505379517
0.004917955812900571
0.001558954262751842
7885250411416197e-25
0.11892727717306341
0.13070014247371736
0.06997989176838415
0.06250607056408362
0
0.08566502412160339
0
4.20812780032278
3.6250190967830966
4.4771087150592015
0
5.387861816599318
0
4.4256588302334885
0.3119408140290436
28.68687722701626
35.19607719273274
14.603704845824247
42.01506442248363
46.53202853950145
1.6423091462479682
0.0032489669064627584
0.01927702976243876
0.9960610921018859
33.71143858832387
0.04967642684599981
0.49101764785758706
2.3637283226608363
1.4336039516563512
32.40926269208988
0
32.27320654548151
0
14.837001412486575
0.0010149906137359496
0.0010224763535885734
0.43693114771633135
6.976861865916604
1.3196562762534498
2.4013903445579663
0
0.0003664198598213141
0.01870829974893016
0.062184146131881925
0.030226730507034404
0.011143079058618183
0.00018054167374319176
9756787586704765e-20
0.0013298157126377893
1.925412658435051
0.4856607803666925
0.09320638057631277
0.1510397960564
0.005595025567577253
0.06979120234996466
0.007074295671979792
0.0004894838315393414
0.06252454596840842
1.3638104103311315
0.025604485534520858
14740241743625189e-22
0.007094718075442156
0.0010419344211512831
0
0.8985865804009148
0.48336956708627893
0.04786341198074852
0
0.41216135262791714
0.0030200001648912275
0.06607227707655151
0
0.00021271364033260127
0
0.19475528379811669
0.663226700983909
0
0
0
0
0.0026980527374672676
0.4334125337204259
0.0008842649020251344
0.0018539880099615934
0.39155572069140143
0.3391234221963055
0.2373829178538385
0.5683238370493554
0.002632198182351591
0.5480083038713294
0.0010043522619952014
0.46064453406987976
10431517485190812e-22
0.00037533970530371396
0.34913835475118116
0.02211606248021166
949683663907383e-24
0.05121447023392762
0.07467210014523092
0.20853176114534572
0.017139648342631573
0.026063875652331783
0.15766826875602968
0.2943299610529924
0.261993096349298
0.14630976043421257
0.23941883051156743
6368182562869079e-26
0.19527464525246802
0.19533746515988556
0.4770865517305689
0.5444605473506755
0.00024497962200805085
0.5461982091957667
0.5084692239307473
11.040224743489448
1.986188704522626
2.8579864297898867
0.11837615790119724
0.45089428373683643
3.2330500852149937
3.7202682279820563
0.7458983515206657
5.499056162348844
6.781448362351867
4.99001913138647
2.194720632800108
2.891608752267322
0.587366990170524
30.336695212461986
619.1999368858129
5.631134116550957
4932.454553122575
1.115228008046197
23.21849166821537
1.17142279224538
45.11603021254136
1.3047497175912797
1.79138750516872
1.1152270641718094
0.9174907191823306
1.0628374352073664
62.074130741075074
0
0.0005873959748412586
4989218665203671e-24
0
0.008002961520534152
0.007443064016561332
0.007262489820418086
0.006076637790085956
0.006300880629778948
0.010538888385282994
0.008412790682873561
0.009089943074310741
0.005780946608206609
0.006890829183550644
0.007613211287247675
0.017219104861233257
0.00653226650227144
0.008521310197695206
0.007297928238739708
0.00834731716206249
0.007205545726967472
0.016609101822524754
0.022359412309929917
0.009307739205646147
0.00920054535795704
0.001981884354856687
0.0074425683028653145
0.01672381085043763
0.0728277888325887
0.03968317425534977
0.11396531172182416
9119871655462698e-20
0.00993937928859562
0.2229981826680188
54473766058539e-19
0.0737802963522272
0.011193082109570101
0.0020456607162724063
5556882150126164e-21
12044232492367159e-22
0.10208029930458239
0.0888444927844231
0.004061587467512407
0.030743312132913803
0.019634014738228397
0.005844425669178747
0.012104832820903683
0.0004828681205156434
0.3166283125790638
1569913000300563e-24
0.06667263710963169
0.0004030323979824002
0.009627722872505587
0.011242646363263302
0.00015706002787432816
0.00017087307380069235
0.33415302497486027
0.0005199776155332763
0.05862711872633596
0.23883085441965624
12609148352648892e-22
2586165496411686e-21
0.00014472491564372612
11840295063800975e-21
0.0005944610917526414
15325594963230253e-21
14120534623118963e-23
10044040114937807e-22
1907696245216824e-20
0.07661494518586591
0.07722068771295369
4343794603253301e-20
0.0002937149687795054
0.01750944570559298
0.008160187755795191
0.0898609750279906
0.010567165920032299
2782881357006844e-20
0.1331273220796116
0.038474617550063574
8240521255681516e-22
0.25019863424770145
45711195756750064e-23
0.003473685059547761
0.0010109589329463729
22994565953046902e-28
0.3047585845059494
0.3330881773235238
0.017813724180047952
0.25286327273496495
0.3355832083790044
0.00873827156321107
0.1924285987848043
20535640175182488e-26
57647895248623e-19
0.0005096745290105285
912061799466449e-19
0.1311717882668656
8473124482505044e-22
0.0001287685462022325
0.1665826917723516
0.0009385033451214317
0.01185289176099403
12228957031085677e-21
0.13810558141390075
0.09690567959085537
0.02285156557802298
27447862674618006e-21
0.0001534484385733231
12006679518057822e-23
0.013796657573140317
0.15684940851949908
832680182828709e-23
10255031762203266e-21
9138845450493054e-21
9650190258706477e-20
1208712768689064e-20
0.30066361225762234
0.16230678379818478
0.004546727613779128
0.0014704821560323881
0.04185788676516858
0.005469165302559413
6637408830182362e-20
0.028359378732849133
8323660058099114e-20
0.0007433015027005772
0.08110580841445872
11001001879413482e-22
0.3367100321731252
0.3355832083790044
0.0018280634156891918
0.0004889584831076676
7563075099073007e-24
0.0010191669461375667
10739431032870855e-24
0.010106936772954012
0.0294889280634621
0.0009038908961160992
0.00034118650639989765
0.00015049889604250714
26725990700222137e-22
0.0061231849130461815
0.015298167604349704
0.02269106891312769
11069415012157164e-24
0.3358871803248396
0.07082654690412743
0
0
8177902759307235e-20
6712846338089103e-20
10336381606528713e-22
7552912148974948e-22
0.00017701310208278575
0.010254176751542748
0.0053901922778256135
1520423366242888e-23
0.00018227475975831766
7328728999787226e-21
0.05187791628861327
0.01301129381620845
0.10062269522791868
38456357793224213e-23
0.0594633342509882
0.007688589987010682
0.0001224641429151042
0.1475632844902936
0.000302719973582448
1652310701176756e-28
8602223619924865e-20
37936282308384124e-22
0.00012471556371904642
0.017932440551795773
0.0034912790931177023
0.00015498773288194696
0.0001411465638449905
381861133744612e-23
0.000604905743472553
0.02227122634164848
13347307314574501e-24
0.0018058491172033674
0.00185105524381945
44187337416793754e-21
0.11067353077657596
45838115887322956e-21
0.3064002040107873
0.004745349832001363
0.1807053506175949
0.0030972357746133898
0.0006735878872196233
0.0005692845842451115
4737236321457022e-20
0.32681490380294054
11919740523653788e-21
2253022040682833e-20
0.00830105749524355
0.006394231684124414
21999713423407312e-24
8737498112980774e-20
0.0030555398168611962
0.13258515797363596
0.03025743981141138
0.00010011263660447646
0.023382721089195556
0
0
0.11284032437711425
0
0.3152359254724521
0.2975891808680414
0.30796162112351877
0.05163889644279665
0.02971745879039652
0.3362716965852428
0.30834185721227414
0.33618541270973135
0.2990601806124459
0.22799985284798613
0.0007953805706634017
0.016111042923012197
0.14261418697591255
0.27251142621794494
0.13673313885848373
0.00030702069387210113
0.02701896675331241
0.26380032497838113
0.11444057413095693
0.16471040102180562
