20.427632275798334
97.53427146749567
78.38167198834849
57.73258243479593
10.767786411163272
58.13241548439612
81.09031055041807
2.1326947378652816
43.35499667681222
45.66070104141306
1.5958400942389206
70.86039672867719
62.66052663132455
54.443394211555244
68.732594703055
77.77840870099706
42.1134618821555
11.910964606390673
85.88992521053653
41.87893011305248
57.44747947283167
51.81763140192635
55.51254481129118
88.97932709173999
59.99068094848106
34.647900791082066
59.47210527725695
54.87936112842855
92.40532692100756
11.181882162137423
96.29210010668771
31.598188297559314
35.365600179651466
96.32451754717195
41.72988359468746
5.444729720084185
18.7915044873886
83.63272485643733
43.498644309672116
84.64125867468357
68.87832805790015
1.4782977045661339
72.06424688671478
75.95731439500359
84.70081484429082
73.61840202768721
70.64145437697104
69.81653094115055
54.20653597266989
43.61849640234834
49.80713014833324
17.23856613298298
51.303897213432535
71.63999999070086
75.46487056687374
21.959090391362366
66.31344160807528
96.87950333550084
29.79683829552964
6.147852313633551
82.419001842659
38.428546155164625
88.65705922106018
77.5379615213513
14.634559202442432
53.71831781676726
76.23559514551239
90.70771665797133
75.85733679950653
12.596751176531097
34.338987282957255
54.67802774628871
72.53108407950532
47.55099934517688
61.24626910522537
73.61587626020855
37.65491931925082
35.21442171289593
92.44659373653828
36.79721518030459
55.588883074454664
55.548865156567494
49.110934940527315
79.6732877379518
4.418329403030508
27.63796994417307
24.482076690985455
12.786804832835564
47.969162960346964
77.07878469577354
90.61852146972609
88.15129950308891
50.45115973048593
35.755955553047336
46.867048626648675
35.53664409237582
25.434657106570402
58.604529455016284
31.74624205952221
77.18657616557101
10.526037375390507
2.522294689336513
88.05318809182035
24.531363026167206
33.82459376188371
59.80524051308864
51.05269714337793
12.42218129292285
80.49982605966277
73.23733715845158
28.73330441387023
3.159681257712621
80.70500912240458
78.19862964073035
71.80895973467432
10.464727968457566
55.98731098162817
41.579844297904486
43.19915560089373
.3948967688036209
63.97988186558112
47.2089147422774
28.30712258265924
59.06227908181931
72.08033087027492
83.81288215562397
66.91241956070633
57.407275444911
31.023443041384358
96.08673931770082
74.52319203411544
19.002758806757814
54.373275221821046
23.07321948886869
21.595868884815307
71.87101624724505
18.535902867663555
92.03345488971375
20.179877888713026
20.02819176247661
88.50086936773766
92.14052782726768
13.506415967037256
60.82981951016069
39.68594252185387
70.5011460031346
34.68552185179357
20.09612260168707
23.606406643960764
23.644770765700795
55.115539326630646
25.62644402667109
13.51275093526636
87.62263584009445
.02518108115013029
71.28263438647633
73.0367907400866
33.334300395152304
36.622340774276175
90.82976961737204
28.056402895296205
63.479071927523776
44.16892584126559
.7005768248171445
.7069634448532056
.3488910988590466
.5046739910843497
.11063441665960319
.9793543634533449
.4706866553948898
.08518286437221291
.5087182975217747
.9916131131082867
.29090601901085483
.9244517782604313
.17483900707042738
.3756759144081138
.040698751338377664
.612716560727651
.9707133815957283
.2164468089853477
.4903655297118955
.2572025214524056
.5317537071740059
.1697671920595306
.40861734619459417
.5644977865623788
.3888706038703838
.1995885825783479
.12358505103687108
.20296328251117104
.2195785462002376
.5844044786290138
.5214923633401675
.7201752860111392
.4086090880668069
.9300204740641748
.9473721752781905
.7991957652518462
.30086658398777555
.6614355249795467
.7732880594071342
.3348970121665437
.6783552122267446
.36448256071205926
.9379525191567436
.037957342748141734
.4876022096141897
.26397895903617313
.262737130248007
.1374122708956352
.6138877110705303
.034809502601365186
.621205873517771
.3830747396030345
.5795571899947749
.9633932221995851
.7171485289282777
.3230363297629314
.7078061689551308
.845473726062927
.7229863704312921
.8913150782766234
.8087074996021937
.044659610600916416
.9459962006578595
.10917378851670494
.887455714474184
.6520094002662135
.46716878656295413
.2623150361889768
.9875559513082206
.26618445144399144
.6210215430491888
.2565724284012668
.5287005861332619
.09473068986704958
.9404205786416797
.42848342116858096
.7360702027349316
.5682224542345207
.4232504505256444
.9032210618224003
.5639082494211671
.8382179366274799
.23825597670601759
.9632822649766645
.8259304876984667
.663816615435801
.31615392052556407
.4051869024112447
.9197534734301007
.07968036886028786
.49531124078306293
.19656180544209634
.35408383986763453
.11845762513522748
.7451947264820474
.8552135234845326
.708511919011842
.7655393652670487
.9258767650204488
.40550637163294745
.7856012377355027
.19100583537201632
.7745878803853329
.7799831095746215
.5047533445443475
.40060812672515306
.08541772713054978
.11815571283876906
.18504925986066634
.9271408807533743
.46622555982256103
.043735601347375766
.40618392967637323
.19807451639718268
.11934025085998072
.3355337378258888
.28916879711766735
.16028002848517517
.5298679895479168
.8978864766590215
.3201905461403328
.8719477016320346
.7879680606524638
.3264495309965185
.6449704124173835
.8908480849609676
.5138503502993366
.6276201236861798
.11737456029864686
.28381543926697944
.9754972016459691
.08786617326136943
.07188180394677812
.4240115663445556
.8437987191361127
.10618654401112672
.31070766722787646
.9431764019001051
.982989678786585
.7263780460242645
.08833697005620222
.6884557225571303
.8261080838129323
.11948632734281806
.20206549679443747
.1815805452439248
.6637314078205634
.6763957818695627
.06837684145247018
.8422276611697166
.5453419039911516
.21284899237709257
.9885122403560895
.32951462765389533
.33646270940850154
.3633862829758508
.3728640568140788
.36788114197390953
.127493697403779
.38304125130164446
.863159962187479
.5009632721538894
.5196937055781622
.0013696783210355979
5.898621270198425
4.263440454346726
.16188219196406675
.608264628837654
.10734413475382923
.9511988846370163
.001768725021425697
.0025551848035813467
2.171382362849956
.26628666846723115
.0016190269446747058
.015353830642890691
.0048357835658125025
.03189846631382658
1.7203145728169251
.2835401921300241
.12840350628534342
7.996324666288152
.08879677302030821
.0010456421735865337
1.7716122838977864
3.1259777697455524
.04006693765309653
.44048406072351903
2.815905585629491
.0023685652066164787
.20194643481064947
.0024343638956752216
.15671523364318848
2.0311362499836623
7.519859117085138
1.1530564718694083
.001628931753698049
.23478776735272894
.09035682600490944
.07788725210030992
.7390486803187317
.012290326648165421
.36441952084126317
.0037922054979041145
.0017489211518962574
.010448678871635768
.0013828561020097167
3.1677686377714083
.0395776189905683
.0029382183420622863
.0042273733420265976
.0074279755684340245
.00829322323237572
.004560405879246075
.034472101507921286
.014432187217070267
4.487762965964386
.25636756478605544
.00756619762582792
.029547509246232066
.7045869484653884
.01286162158806675
.08613337078864997
.06268748437497342
.9969825238703451
.4140641862744581
7.093793389782988
.0020253987628722106
6.657132537158731
.010382762485746742
2.345329144639264
.38021097992448705
.0029294603478518455
.15664052468766543
.5945964430059649
3.5598673979625706
4.9393382787309985
.0030643816787335417
.0020027106551853803
4.206061166656067
.008736956732977875
9.232681845429635
.6224470486960164
1.6661789229774988
.002584274355079027
.02773155997605827
.027392020282440227
.20675184224563553
.6567147552078414
.008498714160988281
.017239161432558214
.6009602909426085
1.071996713177143
.0035822240961535983
.03310128950736967
.4591901984777782
.10903534304055904
.11990269346636352
.05249772486392633
.07403527168250264
9.551346955009668
1.8593466309114084
.42999496308213003
.0029306630053107406
8.094444423273444
.010358912773433754
.14818097960771934
.0018998560104119128
1.1098133920981699
.005019087109824897
.3192805940996033
.641502132596786
5.497948483314635
.0679738161377342
.012987549883428937
.0470603230814088
5.47998183436589
.019489280121988282
.005252902914172427
1.7942031985650952
.1317072116402464
1.137350097653187
.002011359591034194
.08403245917052726
.005245739729319588
4.832842176309756
.013022949650525965
.004673270687569564
.0047889722715422686
.17364004598871358
.22629320197003067
.12331807853587708
.002120717771959081
2.069663869918439
.0023464565608699727
.07011728500400569
.6889813852721398
.001534487322911157
.19871231209285878
3.6458757666852755
.2642172068818476
.0013586121013592415
.004572978990696893
.05249243396363453
.0033912597237638876
.08925005730128355
.0024114358181077642
.061720309293049086
.0029039659025936
.12887561224176736
.001379305019582052
.00210602909438115
.0015356113788920034
.0017740531799278608
.2559759284117435
.0035199691068509027
.0013970401895807068
2.8217185928206474
.002164688682453761
5.480725893440946
.47303208032299443
.007451447132919632
.007678074656203115
.014353658509185206
.00374648186108875
.08801310750187648
.008090470296078733
.6633129145382659
.026102997991494674
.2274088517114475
1.5270112154482813
.002745371436714424
.010452913551149887
.049174221123407746
.001523591913667592
.0021108442648071343
.22911687074034318
2.3082028232286276
.021371670421999243
.26902089787309696
1.013924176408639
.5500101122734548
3.7159511586953204
.13522520978780322
.7469819758863132
.0034816969093842197
.7520117060500584
.0013756286600275266
.04202009082536394
.004810509829894068
5.455784298494392
.05593825992833772
.011222594036983512
.019613591386948945
1.6562796322762485
.0014294209963952552
.6329777202905549
.13447994189774515
.0011015214082552122
.08493848045958963
.0022306034828392628
.0036604010852999865
2.1153706673703567
.0064869118091450476
.02978857470226795
1.1528760293210958
.005191431203420029
2.132325480581574
.004248493813402157
.03454132520344465
.008136856437286044
.051431822840193944
.19350725613223796
.13155327300550104
.0021086498396822658
.3130922386350954
.07964471237155984
.003699925697945444
.04190307851863369
6.729130012192555
.002188075774935241
.11806346130768686
.040625540458509316
.1142072806755052
.006906628964030498
.07356501051894418
.911874601954179
.09596704019034794
.10393724280926359
.05909340925965226
.22803879020691442
.0013404690348955094
.0053831840203614435
.0048700580769386066
.037711457519819865
.03667945391133881
2.878979020469483
.0010729359536623296
6.83554714481679
.8673279502077984
.05725872765677498
.0034471673324535227
.8431822688866091
.2425046011796289
5.174738600030445
.41395118936212694
.003164316369771933
.02111404240274181
.013310661244952325
.020333850972404196
.010500490902108393
.021320363656672937
.546131545986406
.0014622754797532283
.00102276187825609
.0013296568571294733
.3353716379508507
.0011360494420786086
.08776859254757893
.641105454948274
5.150645591269354
2.2206393891413394
.001880708396276383
.008589437554333385
6.56556891079305
.7300074136426935
.11566329928380223
.0010920926994703317
.45046685933968916
.3227056027655692
.008034102594061659
.03702551826793131
.15700622206517756
.0038110916424894422
.8984999236186522
.3871271586532361
.002702635278563306
2.764827821407877
.23993194050579175
.018217394264857554
1.6608950243013612
.02095371377358095
.026645114190257897
2.2789706393799505
.004992194014451131
.002330622336936457
4.344027501148837
.002534130528715273
1.952704797431247
8.017901127634918
4.077649354108462
.01394314040651923
1.132312007088512
8.637127759824716
.3398940356970314
.01898134503843898
.009988492376368417
.022536845732943227
.006876941324800908
.09521314544155264
.003044099714621702
2.3585023145023327
.18464944575064202
.038633145867963764
.2848326852151774
1.3134448732147388
.7721035796266931
.029638098181635646
1.5485403373124533
.012972126708757217
4.156308461562926
.0015638936278427244
1.1473927333638483
.0013625220814345344
.0017288559651699844
.10296107368540984
.9925147585751033
.0014753780478027674
.0012627776668332283
7.377538641287113
3.0426893759531897
.09426571118069166
9.662597327994492
2.0993627210461816
.19890675482012263
1.7752128738836626
1.2561866549370697
.006585814208019763
.01971120532414503
.07192200823999985
.0017111789684525125
3.8770642178529355
.7224335081393056
.2818616595232977
2.9235078069728946
5.024932250516256
.0011878971860988326
.01624904344502589
.001422689867142965
.37695303466374974
.0011214035317443742
.332484875262708
.17087612144206327
1.0671668028754344
.0018030279578816412
3.8801285348421817
.6953922153905833
.8067629279164381
5.302828032169619
.048099675085279237
.05951330885983536
.004981592338913007
.27057971251189933
.002432624847438141
.0023748293319042053
.01794841827452601
.47882909582393063
.26252367527205567
.4087603411931571
.006788999677334253
.03994676735972243
5.219470857627723
.0711263187939464
.01707144922146252
3.710272704754577
1.1702592214737222
.3904101947087356
.0031931953076695303
.0031099921204454906
.03260398153805436
.004554716669649406
1.6789895736067808
.13014526225708462
.3206356530999809
.5123319919471029
.028330840743459124
.028191152176978238
2.018338097909818
.8488228644219546
.058764920862137776
.0016352306390160522
.004660058113885601
.032988579727645836
.7662305218978194
.7000239058865798
2.283481679210327
2.8027578660168926
.05209737791509998
.053411084009748505
5.252725777520259
.2964015570510342
.057538025563906955
.01712494891656521
7.167381418700055
3.9989385825056614
.9912387222594997
2.65104093541845
.3441522914292113
.8625649039886767
.18554812013872435
.011562139426853163
.09645309203032996
4.882210205797479
.037291652115157836
.25298132068463136
.013288632078627016
.002740341432310383
.0015012021779401072
9.653528194877946
.5842376533438566
.013488268441974021
3.2611688442146107
5.425096717290313
.005967765123767968
.33675030554377194
.002375562556960328
.004890863502909059
.051633927423975955
.02466269846592622
.25145241804076557
.0037447604593427194
.0011239559050394668
.005487750775298282
2.932115415811377
3.26567050502868
.054285279538996194
3.60376114501994
.00445250311795127
.0016856492424184631
.004093301224144466
.1554023070277953
.3077064052779222
.8872794286975186
.005680655454606395
.2182048734030805
.0016820462378559322
.0145478685499045
1.4980297362219326
1.925836691079175
.1357163195235318
.10837293289379575
.0061713043817137395
.0039979906534055
.007899278683337993
.004800394853817725
4.74655785223659
1.433872240791034
.013799935726267577
.020409251159520338
.9635428280819691
.04610093481795599
3.0506417662176983
.7701685854332092
.004829468927271058
.44739006848947216
9.124242433039658
.7600218773906509
.08346477286800201
1.17085
2.9565
1.20274
.0162921
.00812746
.0764206
.00953642
1.09595
.0129062
139.75
.073836
1.64798
4.277
.382617
1.03476
.864245
.0261159
.288461
1.0277
7.82276
.117037
1.17055
.40326
1.38878
.0532845
1.31205
181926e-9
5.89223
.067948
.035341
185727e-10
.35985
.0519835
.290466
