58.38130783135493
70.22134915497193
5.428407019921377
92.5376174660077
56.83627502726096
11.98262544075368
81.85964414716864
80.21772821049046
17.615771610218566
37.47921005050523
60.73226730931955
26.218370872394516
44.91429254364125
90.88105717213853
63.329472402518135
89.32995523151664
46.67291141976728
82.89465953457031
67.89777712183043
4.511004286178433
86.10700929423054
46.125294723428986
97.64340484446514
99.37108802528019
65.86088118615424
9.326480847384232
42.980717966502354
92.00349845051967
75.05436082412098
9.088178268624336
63.17724304904972
67.11381941782206
53.34903284564814
64.27037806750118
22.44602958149804
76.35493313492874
95.90072493594228
60.34610388515858
5.148203031461462
46.37510077252174
62.61901532874275
15.554897816026436
57.6909035830933
87.24597456449912
21.201051072799125
75.71017366620127
72.5113841264498
10.861257130138924
25.099478505267925
57.787795961369824
17.60700549648735
22.065925658060404
7.203889050870926
66.89244634674145
18.610519289267735
76.6782283551502
8.003076787198427
25.91989113499089
42.67568377399502
68.43882094802483
9.365416824946916
16.62393345555666
91.87484158052976
47.86879331079168
69.6454222134875
63.74641894744533
57.54735903431427
34.30715497878032
31.596633096617555
14.295292402781001
80.70266816036708
47.55609533483685
10.935791759553858
65.64410542618941
58.940374224366685
89.2954837909534
47.703841331262
85.81463435335475
46.53049629366828
19.59781099288984
50.067188999045456
23.732849154038703
87.66423533564777
98.87369724878641
57.35395812240833
94.83970483854876
91.07876153571964
70.95350097470343
18.382484096132636
34.89231984102599
46.6560618418989
9.437134659553736
16.22743689612951
76.46039584766137
54.772696368099204
9.950358971794682
30.714415652251724
79.16220517261368
.40097429499521553
11.837912050122835
76.945832821095
4.8277401033339995
26.24412655031798
64.63666083635533
52.54087513911641
13.304406729259366
39.17251315907797
63.811051575621505
75.99314630225071
19.80483685619774
59.9315129722493
41.29492632087941
95.53569968506497
29.49926194419714
27.588494288661725
2.346015119794176
50.893862172489726
58.38587569439766
48.46389390774895
99.57290818121767
35.16785289049382
86.1824769668418
49.018803334599866
88.33047544836938
99.23525078921512
21.871668127177845
2.6663815756981846
69.53421481109044
23.244687305228172
7.621586051759888
49.67764883853037
11.433850185911654
59.37177556771407
82.44755151773184
17.01840833738082
44.51760547108865
82.62123774213002
46.33835285856591
75.62178216200985
32.7324808183721
99.57631800321502
53.337715233991865
58.28330009834713
28.183892413504587
92.4848926528832
60.426835316873095
9.096270710711064
84.35144129810641
96.37231408748251
55.93937297993197
12.636398384971127
38.08450836392141
65.20220034777189
88.64142686977661
.013239762228649067
26.541055677164916
73.4653106051899
80.87091516532956
54.3612373569907
69.9312208623701
12.439182081311007
48.082708249756976
70.6512595303286
.11622364422259636
.8027784693303684
.980502857110178
.4308736480685082
.7764018571703429
.49901720358695933
.7361181892717965
.9230568968144136
.935902304034518
.5541874992442007
.4750614801929162
.2832175186363127
.16671648042218706
.1428219129293427
.6282919688512638
.9258284306719033
.2865610871167415
.7990073856587446
.6999994847549614
.40835577680818286
.6696774122648133
.9580264182287989
.4934131725494518
.9331175228166906
.6108583743943019
.3266437567823293
.7987547892970254
.2209876774353706
.3282084383507974
.3558117437446052
.9603560048236633
.8222863403029802
.992345494779579
.3099109142224811
.9906945914622356
.46947144117728995
.6219443460329795
.9665786956695119
.07978230035247577
.7860973196368036
.7965251563408563
.22364051090112572
.1403817911475127
.1155908257009142
.5669983504797842
.4015035399179428
.8101599892537436
.8555300877759103
.1218898018045664
.04662566799705005
.4131198991866343
.7685462829672101
.17598673617782162
.5913707022913955
.5919103729415419
.8715820627273726
.4512057729299109
.4368738057930047
.8050969450406845
.8553535245500362
.7785955079504264
.1504502006781774
.5203122029391913
.7538599916875136
.3475914841686122
.7768537157049644
.2344432041421586
.2576921214595935
.26377788313228
.7814985069823033
.29525707160940867
.5073501054081619
.2805122477810019
.8277122785366762
.9833087958324227
.5589302512760773
.11970025841022569
.16489236880008834
.6905177943642596
.520551582738159
.40057700349264924
.8213262714213276
.8597800931885147
.47470572667649547
.7753730005969472
.6912329987177086
.40583854213359
.30632956573956205
.08710551106833915
.9978429995854233
.08059691300452856
.4222577186409069
.9317897430620236
.17415950034054997
.8615765543708181
.3624449378455779
.38188544399958824
.992892281862015
.24997107691906703
.5118189207909871
.19658361153593035
.7154697803298382
.08183922673075497
.10022513598638229
.8030482134918648
.892792279619849
.3025252042360153
.11733380213800948
.5192951786386585
.17674758722895978
.18312787794560373
.05138132419494777
.8157423041604218
.7182434760473692
.6544214335322618
.7369005798531856
.23741799959561835
.8851250996418754
.6725611958805323
.03255088265995397
.2134920331373832
.22109564366586698
.28368853251276566
.6746997620548265
.6472390807971441
.33468663233291
.12771860650636854
.42184846123899467
.16874129301811022
.1876368211094308
.3184585089353047
.9065020389978669
.5352781523548014
.7543745837288902
.7759871628320183
.7287983195642906
.4600198125015716
.4096576427975227
.26797140514491724
.3808191571372889
.05074710973846666
.8655884438445337
.8941577223115962
.7602564840897285
.5767165242960101
.4270221332104212
.36489336450606624
.6311454857737248
.5990991828621902
.3112371202902737
.5034787860610399
.73756599574881
.23629485781816267
.439488215145435
.9991522129963216
.6461145389644799
.7687778680707784
.8717088053215424
.7291002484259563
.9831870302223874
.9929700055503602
.4593949259742775
.3398801974968413
.09110205158479681
.0021151460932650407
1.490240840931782
.07956890457649812
.0011308630753644223
.005781367537995888
2.358745480623767
.003911178268495226
.007815565435534936
1.1592928988217754
5.093290525511749
.14318088643560967
1.2349432215360738
.001433958261462028
.046428159137175525
.00810786348755699
.17286445966351457
.4898357328827704
.1269461776983891
.18507793476448553
.10943035532781227
.02277692162087447
.004606958046846395
.3988854749344358
.21960462767227296
.0017329352058218178
1.8009541610097108
.016065445286383585
6.558251250366123
1.2477189820412589
.042263251143253557
.13039567725337842
.002019020247423353
.13398432566267093
.0027156249258166554
7.483707675966151
.47023584641476457
.1883269749984704
.009983961903346592
.0018408032957934906
.9187646866386774
1.0989556834191012
1.4360319290359604
.016640597738115832
.27931175370400413
1.3117281835882035
.2645655230969501
1.1046112134970307
.04923922257775111
.024656058310310314
.00201689009382514
4.032931377371402
.011295533503508901
.015303251067213272
.13957912823700835
6.537231707303553
.0924061522834558
.001753345456903841
.29118285992474746
.30376041531793774
.010133634396787121
.04191952983697612
.035661021761341685
2.6179640527757435
.11878578035876489
.010824522461475736
7.0344544550617565
.014342463654816773
.004127294578471568
.025972336310203986
.03617575851714994
1.0688449304053012
.0017761492108976746
1.0470313557529205
.001036157062729805
.5271848521445269
.03200938016439093
.1121054370195196
.31564555576777065
2.0562128306762455
.05206637917690995
4.780499389493497
.6058139978009593
.019700220823481975
.8880628069594071
.0015781983426771287
3.4329056789857604
1.45572566405734
.054533230280244836
1.854957484039569
1.428013410355797
3.5868102399145374
.001446463123044502
.515511746729884
3.2086424293668188
.00102360400920236
.1884945266068732
.026822287196149812
.003407049649174797
.008727149752626414
.009679876960347444
1.5079146716844023
.018083136826705305
.07145962476732373
1.1409625201742921
.026164372328368622
4.307194539655559
.4835105669570251
.09620551284107712
.626914341844554
.1779677669891428
.002821280081275236
.017428736938710436
.015648268284188385
.0023761174627754634
.05528060286059067
.2941105747531544
2.5013489675329574
.0014616041498685525
.3804681864189366
.0347560830391224
.17298303714340085
.00738631755343394
.2097018670570886
.014358793913086167
.16308057247138352
.024767370860614323
.005777214390231843
.17487328110364905
.13634630411055815
.06303350839049934
.5066370109068971
.0013451902989281054
.010392017124207285
6.170185666148052
.06319950610313353
.20452770894619438
.41628399702322366
1.3848323315729958
.0017669577822102148
.3948134365549738
.21489786137156835
.00875329114225022
.0069117208733685785
.08003520824060872
.017862090410948175
5.008615111423883
.0495284003932957
8.635472113674265
1.535647718733267
.06599070558210286
.6895650886637694
.011353413244819581
.0014183641999720312
.12811183284919792
.8890655254665678
.007613466177981801
.002952314888554736
.8986975922883189
.7889771635902206
.32991630150467877
.004920548977534264
.04400399961162477
.013819492008488383
.05596095723798
.00197137369114935
.0011530896423194417
.0044745993210236834
.3860399562957076
.002082418751890562
1.420185839393838
.009812309766612622
2.7381420197565145
.0058913801530447694
.030020465541432582
7.233833799831935
.15556600634187484
.046730557610106416
.011004698164428624
1.984893872006359
.001530652670529877
.0021498356453605455
2.0539276234440194
1.2976945492245457
.053239624302417715
.007539381092198668
.0021633892992134448
2.333709140643835
.6936353630483914
5.40611200673947
.3129807284523016
3.4551623720413147
1.3014803488804179
.13178092144034864
.2503899890493323
.027343576034854242
2.1681979833198617
.0018091111049946085
1.0670236607450412
3.136777493067893
1.5560659841282827
.16252409196393303
1.1059413870296249
2.5338334555480784
.0415997419228816
1.4775017994422348
.005011413888868808
.0014469378037579596
.011580211462478339
.5822678944577094
.22583017756518473
.055885458798525495
4.762772010071691
1.6020341039440489
6.8934225992056355
.6069181903608681
2.820489963065828
5.389173876412148
9.450289995014428
.03750482035060238
4.369579093996986
3.9364091314881047
.35496360249562076
.03159468935647099
.21013008589624416
1.4667212651160129
.09109118619557036
6.563768620191333
.03031965531272872
2.5096084051141085
.46763991655732917
.09000598294263049
6.015563373079318
8.62534706796922
.5435889997251244
.009599026531890199
.08347016400633006
.08196933676910786
3.338742024315467
2.9553510934803064
2.192937720181868
.001113257827158585
.1281800994883081
.15452953111107026
.11717785362191722
.001485803132107776
.08368435860582521
.0019261007963666562
3.204131267355769
5.893122018033456
2.1815894045616586
.014467128743853927
.3879317010195013
.8114751341633939
.0013288993559149914
.24021973850516626
1.0185138519116246
.004061665414509353
.4556750835931424
.02012544827726251
.04106534962799593
3.381812443183094
.7724104755820038
1.0034738050393155
4.888803420418348
.1153606478779566
.007094052646236862
5.424233810795533
.9745245632782049
.04534370352808021
1.8183537827374048
.24295732511243506
.0012076539156793153
.022691209694917558
.09391506675050362
.4446980855908973
.020110438558100064
.13173252117998488
.7442726704494029
.018617528063637378
6.086095784745497
.33230814436624495
.00289889668209544
1.6467346990832286
.14881203758222275
.09773411099817579
2.3920927063782202
.0011432486357887124
.8201864933358882
.5990921712193447
.005532682938703201
.0018669665871721948
.6500406013021642
.011385990396208096
.020008435844058526
.034872766174826465
.41641867405255656
.18290312125743569
.001282379316558324
.03330859139971681
.1795100720332983
.15792100608924312
6.126843302131904
7.41462532751358
4.006097456622348
.010397943392573135
.00530994274387139
.06535011104056451
.14523887051048967
.04218539508773356
1.168002502040304
.5137899954453231
3.520318241764601
.14476722625284977
.016375452975519948
.012880295490794762
.03829659304109141
3.8647783375386977
.002100910800888827
.771994002148668
1.0004733851571106
2.0054512214437703
1.5232261753514764
.15468556280913814
.0013079873442450817
.004772248739094062
.008905800508117113
9.208582533342252
.0018959470168418947
.1864291224902358
6.229235166872828
.0022406717598709132
.17817915252102245
.9073171937042894
.6911836716547894
.015768180803323317
.035132219368368564
.0018211728596557748
.38567707853669797
1.2489227276576267
.02159365532368052
5.754048652795385
.020053474627762607
.0010601949117244717
9.475099051273169
.0018729510004664796
.507663790571133
1.7417504945256006
.001480074872204235
.0021190697079835844
.0017210964700732356
.0032208011458580016
.043376534932957574
.03770683051812281
.8386132587900553
.017216824476782164
.005837996763357567
.30397449745860955
.005173438839081161
.8998719954021321
7.791128092061513
.008565199718735542
3.546170188831243
1.4384999861952115
.010799228126731923
.003362207834726516
.013241096151484014
3.2435084053314953
.0019531577372028305
3.6701789556129585
.4152722662418248
.5504838576232856
.12542963359600515
.08930026187917375
6.947841698480636
.0026238578225413712
.9462362691307181
2.9635530413625073
.006400009322543251
.6658276488432413
7.077266102735223
.006909190479362682
.2436680980221127
3.5858160356654967
2.0147272380034784
.11891019071176066
9.451283969104933
8.271112556171826
.01906443272110212
.015082450075454905
.7969337740392084
.028210683144360673
.9521250166194631
2.2308494442770646
2.750688687313044
2.3470458142147033
5.122828471477431
.0026927974749028616
1.3523129816835244
2.230479007029305
.28564384351723215
.008359648817590432
1.2392023707642208
2.209213221827415
.049436405768124934
.0056594844263025655
8.87889458345268
5.561559535259201
2.451533231709473
5.916444742807705
6.895247327100063
.1587873188677958
.05256703474220042
.003791147402556722
.8994590951970715
.004691647937589807
.9648888030252966
8.781585303479176
.16145725560993715
7.857902566190744
3.5315722211726386
.021155766060815394
.0011154229632224177
1.3403022000468243
4.841935851497102
.3878593961100124
.041397333573874
8.471067396005227
.3503359537672661
.010144408738362018
.003982522887841886
.013052895365353132
.004225946366331775
.03693747901079522
.16041192902240975
.0014509417477717096
1.3457121149808648
1.2890327926756315
.005109614719269212
1.0066100551183432
1.132052450321866
.0037453245383729113
.045814822254077105
.03058119909795477
.01941985228110504
.047341822424866
.009667014955913834
6.908919283850845
.039312940613632386
.002148502796364203
1.4105433692669842
5.477844880266853
.01699023730853238
.693399806848277
.0015383771772082859
1.17085
2.9565
1.20274
.0162921
.00812746
.0764206
.00953642
1.09595
.0129062
139.75
.073836
1.64798
4.277
.382617
1.03476
.864245
.0261159
.288461
1.0277
7.82276
.117037
1.17055
.40326
1.38878
.0532845
1.31205
181926e-9
5.89223
.067948
.035341
185727e-10
.35985
.0519835
.290466
