57.14721602402308
27.27129746732535
53.89345105092329
6.672147174861265
6.831301702431536
38.20266088367559
80.7119003330357
38.02570556444118
59.976093494443106
41.97328951126884
16.11866261894006
68.18761041981433
9.696833274448258
49.2200383033951
62.87032520524796
51.85694868437298
4.989794348009613
19.082908032676936
18.117207032394788
59.484714870025336
7.7322942462151545
44.895704336502604
64.67190980918804
67.12508069881457
78.02473288104237
5.531929969364935
13.538309648852188
71.5789162409751
37.26017759370737
6.792760541797893
25.837085822896675
80.71837083706639
42.689639238948814
92.50109864497098
98.02600717868857
25.120167635583822
39.69931873908219
74.5231433370952
86.0099798410144
82.9638290608826
59.41282962002434
67.78332900573241
50.916375322608445
42.251758602744836
75.7615964856105
99.17827097360579
22.230001572850554
17.197955511714525
7.31061017764576
5.91596114668258
93.84180473384389
96.57900735936312
42.626865845835724
71.17846302116193
91.59745623855355
81.53373931112769
54.732466588230366
32.703161095390485
92.54072252972738
68.04381838848231
19.197898836316398
16.678672304842813
19.610074769142315
82.43388191880558
11.18527353319223
79.57127245458786
19.313280576385704
63.91003155897719
66.20760835002864
49.17809080126763
19.12422153044655
72.84010604982589
88.44621856475146
55.79467276829186
30.726765213362594
46.77438852794764
44.102625114478776
53.1838247616006
87.63516187719593
8.265448598001356
53.845995518553266
51.91945700995804
80.07699837836671
61.06145504984624
94.31063462233035
26.130772623483757
38.128266076192816
75.51459591165832
1.96529082895045
15.459586244701494
77.10314089651926
37.69990773861511
18.299478855173025
18.710987676408685
88.58918865664052
52.65125931440684
97.52237688589128
13.61084239386261
8.924249979404397
79.6069551549517
6.156378784528238
29.32381415783858
95.66376272065553
73.64275628752408
18.695171274672063
8.038629303259892
55.63120473628202
23.715749611060843
31.243310758605514
75.78384028782534
21.05056751558456
14.988601220779586
85.59886971283784
17.305136220928198
.7031101891433078
83.85655170041548
14.198534989534984
15.04533563271153
91.33029698732962
18.81715183374313
53.19344456606587
46.767485164222265
63.52659938909486
80.68405272437651
23.897391410447778
6.1955735625026875
81.33127720010343
59.666268669839575
32.594860756751444
65.27788536091157
68.46654526036696
37.805751068776
87.92283362308291
.717854567829157
32.35742366037335
89.81682382924751
37.48092615189871
35.62964537522939
15.106758765747607
20.308944073363875
45.29511036126856
88.89675816174677
56.993778752270366
89.54151579489478
31.37497606024018
88.93673645545768
58.246943115241166
82.6553621109078
82.70844614889856
64.50674585425502
12.47339482758212
38.43709527810113
52.621754645110585
93.37119620634124
.010323818104321281
54.87600819895149
74.03616001439761
47.679258768359944
9.130413705686703
7.9559520365106495
76.35502918175862
46.319466051491176
27.916509887763997
.47783405268175183
.2744805422665773
.5628416923419182
.5450799335017299
.9109498371884164
.5196639201888071
.4786945185991697
.28175513552143266
.15725937586929997
.35712824357485123
.3026305612333962
.45707313014749434
.6580386235925266
.7579547719154992
.6637956002128909
.42492799592064473
.6650475150309546
.9694605381215727
.24940008903368346
.39314189198109695
.6284157212474569
.2893236719624749
.0497823547239144
.4353259292056452
.39298768956653984
.5376203631162348
.4128776485158913
.7904579759759681
.761457867527185
.35267974333675456
.32247497239582923
.1199246521110155
.2723361985341366
.1505668137632321
.5753293808823442
.30399327795337244
.7328843772671705
.43810605799295693
.6634395323370518
.5428592777438428
.9524802789773831
.40445751890514686
.7979374568687375
.396888013682927
.9430524594222004
.7781951390491876
.5310685589304144
.31072479366286077
.12108375776066056
.5342420149177098
.3055889525797726
.9683891910997274
.8928439937671807
.8656321804689189
.635932024719338
.951264595842403
.4569050654443145
.690594484812528
.28197504017586333
.33474161020233073
.03585906938403259
.951765373703587
.960960535763948
.729996356643463
.35317425468511315
.26970732179313545
.820825294433099
.9765436186183759
.32719135792186016
.38002767628843437
.3697545718950505
.44274379304827155
.5774717382384562
.9617853554092592
.04873459371502382
.33821869340407984
.4054161367724216
.5695008012255682
.3490195391684818
.26313474000073933
.12297722769154693
.507136006095326
.2860419900847565
.8524510409859998
.04808893184094717
.5769418495007264
.27966841290509314
.38997585148966396
.764258245439166
.5988937201461983
.34345731512984773
.8241134557597816
.873659887495763
.19786105153813105
.5734355928651305
.8138322348199981
.34592984649454844
.1031773899872399
.7167338837342565
.7173765186786583
.28169567454633104
.13744516286284406
.08058769611312988
.7184357892588324
.33483326896046156
.3526853741331003
.3605176603194072
.6365120025722866
.9996348369723136
.24046460612764234
.8460990091364842
.13859396460229395
.5992805646487928
.1346126715263248
.3521780280894139
.7033455214589285
.19746327189244386
.24167716049970017
.45938717398113404
.17674490408611368
.8969081641451475
.06930511055940977
.2341845179613401
.7673105425244714
.46732524012706905
.9798301235123396
.45511953719852755
.8862107868839586
.6718482838663854
.30234557014886304
.13418945340492786
.8023981387274762
.4697929047166544
.8779549854509124
.5500560239580641
.26582416877313453
.9043001435286027
.2693234648842517
.8493092752889224
.8787353715476702
.7043647241229737
.7710495380615031
.12616853570568223
.45060140452745934
.1787549854503133
.5281716742949986
.6745907166633945
.19597583747865163
.9359973716551683
.2318765991217084
.24717344130582483
.11170628657074987
.42995899068785765
.9067411115057198
.45583236417752404
.9604148576749336
.9025350152659306
.9231701911365755
.8054114653424396
.8416935174005826
.41133786773908
.2763361921969408
.02859070360360665
.005125864295258921
.02266360508552255
.40512228610414425
.4382773930058136
.0035179748245734665
.8391624751953435
.004715540901604596
.0061481712735370515
.051142176526944194
1.1591145767730278
.005817400973856957
.07728044968229052
.03870480157262544
.037192830809796094
.06972066768653823
.003884518076021617
.008071059689984693
.9949287173769485
.4389622020569867
.06911818854564912
.09638801584211326
5.14555801790301
2.7652902241376167
2.0862152986322005
9.092688583716756
.25753871231931946
1.0901736525263679
.0012793220558161413
.3312102203391703
.03649545520933966
.461120310628528
7.648073151038197
.6983892242314491
.003816177492833795
.4148307614781196
.05417780443715775
.0023362248713041504
.005691719149174909
.013514116112707931
.7843143123869851
.12291772998037273
.018332664508755123
.3202823480160003
.04267276145822049
.10323811148862533
3.693580644811357
.006316897161002746
.10828310082010649
.004319559704074488
.29586602922689925
6.052879245151425
.008999936169589719
.0016184015685895383
.33236246571938144
.003379878562695171
.0010562553589815713
3.966516724756938
.05221005994979854
2.341811277397122
.001161814854121373
.002661647676015463
.057137648616787495
.0014493767430920515
1.0523833784222805
.00990124284306431
1.5287182317304815
.008282603926342407
.012312747071757016
.004281189515185542
.0019210804505109655
.41027485200031766
.0019134429740467747
.026057353819411683
.012273747779699397
.20630808526389363
.44688391353809204
2.137599680620152
.016109930132187353
6.146352838349724
.18566043885717126
1.1623993885095534
5.390942441513185
.002425347454961597
5.324743726209764
3.5704366564524155
.004142768301779178
.023839724072968204
.19159627375187221
.04305796906320732
.2755607281588307
.0019249118250231026
.002265915074452979
.001574693525745192
.20140536252769137
4.620323530306753
.005563582232822165
.04762822759174054
.029132722694365017
.16525639093795663
.018222735591439672
.7462981976102439
.0027016518155624407
.004247937431267
5.589816129323492
.19045832599538104
6.182342476957471
.1895324208436875
.0016032035256677076
.0013526650741780887
.005140378095864588
.016777140667910275
.0032048068619226423
.5891138187729013
.14025359649873556
.009208239000909448
.42669918906810034
.058862180709416206
6.847024514707195
.018240026740050416
.01059997377753187
.9477702948182325
2.8760898844400797
.001096592254056791
.08695029393546011
.6040748846217074
.0013371584332965295
.005463047040890977
7.051094349032093
.6436315741641437
.01442555939936325
1.0374459219901966
.012544444749696218
3.452274872172635
1.0870041039190452
.004741543767240516
.05319332649424351
5.556284592033223
.5084743662929164
2.2980357624807737
.001839165743704909
.22946007081906591
.13598306432001422
1.2764105574099813
.32217985024231754
.0021805465202558148
.0015932260853983027
2.365705459078244
.02217856363042991
.004367204912557366
1.87952448617023
3.351580327647512
4.612911101390458
1.2666810616392035
1.6861230992173608
.0094071299231136
9.607740032704326
.0014162896001039004
.9231214010121772
1.2495815563238124
.3592494903100777
.21915073822587064
3.1451827441566573
.044005518728986635
.03218010855101915
.008269834213221238
4.58100716503529
.01779170815254977
1.3971871662715736
.10168293287417954
.0010143272278253413
.9496094890179075
3.015185177758574
.002303450177154087
1.0810354638924382
.27138118713963794
.003325050424129012
.2114578065296507
.0019115475426278897
.003840077145464616
.0010464047331514368
.3126813197507351
9.553497028178391
5.435286649930793
.041513185860445265
.0034569933386354654
.0676589708616775
.0057821192202170725
.001227686829587337
.002143531606363782
.0012708046911330555
.004946195775679047
.004122375012952851
2.371081223449498
.001990907854856336
.02756596446989199
.36006157159086294
8.01440634055001
1.7821118777467195
.004681277774675314
.004857050706288691
1.660346175497736
2.2007503379981377
.028513903787356156
1.7846030159973296
4.0192378064326
4.261458698372535
.008360580705636743
3.8180456013592665
1.2835973964854588
.10981036721122067
.0032144768140183887
.1516402280275533
.02300128318822478
.012580391959920263
.5782109683748392
1.5539868862070532
2.50999154084483
.048948607113189706
.008929247040468878
.15770917957500044
.00195801439602044
.021126868453101084
.8673319157500391
2.0699850318025685
5.08215017277391
.0015556512087747123
1.1282676313172566
6.943656612348146
.04619374217520101
.003000412402379171
.06562184161114878
.0017428540411026925
.0072544351754950265
1.9681738202101868
.19321550704103138
.10508391655819295
.002788939465815156
.7948734202065939
1.1495472917769114
.031000958781533722
.24894906379840698
.028995951652244143
.0014733975400606106
.7467387519126579
2.657631391461641
3.493729716954017
.02128689468719063
.04530111686637743
.0018630227279236727
2.7611711198649664
.37514956526335
.02702219361774671
.005000683691493193
.16229337632718918
3.2014802279403067
.5438264810379609
.0017795302225172744
.023635212180788536
2.8269455093339713
.052869691409362825
.025806916296560328
1.3406309677779977
2.157225758304703
.050722018210649186
8.018977847776611
.22984465624629516
.32718516650799867
.3562962413176487
.007092006636988991
2.9393475490814884
.015098808496811129
4.46205764404895
.027588755914054942
2.476491532081913
.45468146639162493
.011882417714954406
.8453981233729689
1.343291293134148
.24372973766720704
6.937361851225069
5.7932763976910415
1.186744713383853
.12046415245254101
.7328864101812783
.0032734285747262116
.0015417772045119714
8.372062756919453
.15028763117984958
.001963716391144666
.023097276497685813
.004521590941283543
.0545670274698207
9.636274146882288
.024860075232116793
1.6520168637636035
.3394970007132743
.030273182835149712
1.7520007293730342
.11010447034134312
.005383473998974092
.010564975849799652
.0019413237545315854
.004542702689273719
1.0513041598008108
.10360493870146634
.03249080381272237
.0029086795267648153
.049867778012153204
.14875746518083507
.05741044073813822
.11918181846237817
.010955163731081583
.11138808854201994
2.4843668633897256
.013094561452377536
.7961023285380315
.004239209887388712
.15347586912954936
.08753735872114445
4.978927001149345
4.4181902198456315
.34960877836215676
1.2634937772031196
.0022437266443276894
.04520811088552667
2.5747000266515205
.013194768210353938
.0021667535037259815
.5321396777659166
.28618320578098455
.030303077204861546
.8279307985983355
.33975433060312266
6.652001639235421
4.083939812224232
.004616652012623134
.0011226143988627767
.002247470751689163
.03771783995715199
.5729919664491784
.09193482682579636
.005019405140398275
.001744558865933982
.030794613639882628
.1409811615167813
.002065550195354685
.011278839792083158
.008830331475071097
5.022467456388909
.36809169661176183
1.0290625918357588
.07462161825133559
.08716609850418874
2.1312611192627915
9.204502410865604
.033658893426335705
.013686360231614465
2.8351921755105094
.15869103281590202
.014834783199607538
.0394308677052039
.028474367632590335
.14497612184000053
.05998315018570554
.003135632565318365
.09930814300758709
.05506717607486476
3.316384057546582
1.6693781557964422
.2964700655798527
1.6550694491391487
5.240735582530966
3.906639497401667
8.176274648476815
1.0523431959356633
9.9405848923014
8.118449095459544
.12692161788680353
.2149398943992632
.25493287881108573
.11467779274529458
.01581548025031761
6.171482166871167
.001840656922023404
7.972078936870944
.00237307991929615
6.19282458590607
.6563992180118139
.016305799399389406
2.7554621105925943
.0016594206388251785
.5509345285721714
6.107338693184205
.17752024173284608
.14731350803152224
.011759926356232145
9.114374174409086
.49906983932081533
.14929600554375744
.011520438677899283
.0020666033983056616
.003620266782011697
.10175662813622403
4.579477130984995
.18409744677185316
.002374502701893737
1.2826292590437394
.012262710592452599
1.2750612018737342
.002793339665216836
.05169159540732744
.10814391608040796
.09066566461620365
.16603251261482194
9.161122107656494
.0012421248345742305
.8751198463738546
.6906881831662179
.07325362520769979
5.010963627491595
.010444366248424467
.5467956602972093
.0015516925112102188
.009226704864925009
6.191249755632723
.35019639475313236
.047237794443442005
.025352460469739976
1.0987817243941211
.5561193227446695
.011819882715819683
.016773086249055952
.03807151651767075
.7367382095699971
.0021533048328052583
1.330312459271867
.03465441949796301
.037884167979968915
1.6319235824413667
.0652872314777871
.013108479840653907
.22603228962327274
.004695795365075905
.0011239570285728681
.5130721589692737
1.8691705231948825
.006698653597017801
.32708150403639397
.059432230203668224
1.1744662251228133
9.431179876823906
.003383461257477643
.8492661372222141
1.0972977689000614
6.675754382793597
1.17085
2.9565
1.20274
.0162921
.00812746
.0764206
.00953642
1.09595
.0129062
139.75
.073836
1.64798
4.277
.382617
1.03476
.864245
.0261159
.288461
1.0277
7.82276
.117037
1.17055
.40326
1.38878
.0532845
1.31205
181926e-9
5.89223
.067948
.035341
185727e-10
.35985
.0519835
.290466
