75.06554294414232
32.73788043939552
70.49293040518452
95.49242598358892
74.70828876897097
3.154574963333401
99.32381784113187
27.03515110506345
78.34587078250894
70.64742191006785
4.178911890806591
49.72099686949949
8.153190817983358
37.08594115058135
38.02793044269761
76.964027979868
16.501833432773182
11.031293558319554
83.60040306821732
44.431026815505525
95.54303315539194
67.4967774390347
63.713063205031695
82.07985366257134
32.83703213076912
79.31518115808475
88.09302265425552
49.37144946346448
78.59567053019478
9.977617418911011
9.606644092799455
89.10984809538192
69.84964753064693
90.87157881258628
59.07522003338135
48.42684849242174
55.78815337740581
34.2917309200451
23.205502693093493
29.8978488347476
32.62514946915902
86.13094951352936
45.72751345599275
27.45749416805472
4.031574187659226
70.35563212968378
8.974115010342754
35.50471720524926
68.46357167038435
79.7527908770121
22.61936738850807
52.73475678064494
41.416814018493156
32.177816556465146
47.05389362657717
14.32095576676151
82.00881950933392
37.48871722987302
32.334754170389715
31.22948304431601
99.13746555736014
91.12366096101188
22.651843313257046
83.3903810142721
39.887004031263395
42.88399584760241
42.54786273795401
39.5188870452458
48.52829198178561
38.321683727179725
37.53652728992516
83.53934189386551
84.0200022429644
60.44961191725295
48.547966324958125
70.51104575212553
49.35838018724201
71.2454188685502
7.969656457598906
25.42754309840378
14.466552924553122
27.832610123518165
97.0344003935178
33.53210502942836
6.37691925641255
8.90267654646959
34.51674989166824
55.05809207376502
78.79725481671194
17.35227312990675
99.94797071816508
82.39891638246407
30.62413647937683
38.521997074373914
35.11836450412036
52.75916706768879
69.33803751674013
3.124863074246287
13.054193946239433
67.05354480481105
46.613833973232175
40.738814447702
75.04858447956747
48.65189892521127
74.12261840868292
42.77969746166932
4.284328944535032
73.49284390120279
10.523183101493272
90.60488183387699
67.348779176443
23.12142646456783
45.11596311378467
4.69928086236695
47.030682646947966
3.429535691797514
6.268434390275446
48.85386908597695
13.121663902891845
52.51703219941981
1.3675557016811002
6.402747434425393
16.64633619857614
84.80095249965198
62.100659938964164
15.19372934465597
15.556633862586967
31.978309580727405
95.70936161922843
69.69062867292118
79.6839291541247
29.889644899974254
4.65813564842068
79.42292549487304
9.610670793026621
84.79370780939198
24.431543416303334
73.70217076305472
71.59457572386631
52.67111791764092
84.16230788811528
89.32877347502755
55.67961992202315
57.51679992411645
13.079274926225647
80.15717789421262
59.92338953655882
28.114224046324175
59.12617655624821
86.74685983968754
23.296327469896582
67.99805233519041
59.77030136699935
48.4743584911288
.05339980782826628
53.385176633653366
38.89426032427321
51.09808342788198
82.45924464445606
20.35835537279853
79.39664762671019
36.3651816553201
38.37872486639298
.903763232972887
.8019668310353565
.7123063906688826
.7333334207639134
.5402453601664203
.34955993892184967
.1076528405361052
.16378581092662642
.5444389670751547
.7702642589632126
.3775809481740729
.2823133066209814
.8672176110539759
.1534656450387764
.030182691374560627
.15952384090712565
.6463499162457431
.6329618685565701
.1477492875402426
.9887086308731482
.9915340942232823
.2815287156143228
.07825548759997562
.5220413825834942
.165899703418479
.26616184854783986
.8516797980076376
.5139481652948064
.4691997402476163
.4000029664332532
.9356969289394476
.6734850040444439
.9651574487632878
.638101835481798
.2016644078759016
.8722551234053241
.4542808779391339
.2805946294027368
.5740813583475917
.5487300198301773
.19429405647339953
.48709713688126893
.045097278364447844
.6660063612353377
.47948112335419835
.98111828750142
.35619936427351484
.31441906598262453
.8643938240618795
.033815718378456386
.7148684586353017
.1628007926165656
.4484180860968294
.6278997008344808
.35215401996853807
.8757431389447807
.5182911212931064
.6081837290117943
.8212715228356461
.20673945091874643
.99940931431983
.07377574968333715
.5192609809587653
.18514950710575728
.6242656408795944
.913459777996236
.4251052538349697
.33581171605429666
.269567858743163
.057907728150267804
.3150681624886687
.3087410416384439
.06296412415495761
.6259871424850875
.26530524527952193
.07078881433052206
.5690407368924277
.9996100281829885
.0567041557550859
.27174626038709937
.40948154520238805
.7345846873435246
.2582730192842745
.16478439843145237
.45231817292375226
.7468460897378526
.215379599234044
.2202694749742128
.585889255701213
.37251045761048457
.26580294211493966
.21162183983498647
.9701302476747163
.5267748137532902
.6608119983372124
.7967474216330612
.23041291827991497
.9080593947020333
.3564865548198242
.7555092573632947
.0652976258301961
.7248299978900136
.8350009781450918
.6187060939738186
.7791445963881265
.9506750545890029
.24881613845403455
.30505788615595375
.9101887770304838
.20743181001201286
.022102430177569292
.5870307038049527
.7857097479588915
.7643504795822226
.21354416549631644
.9089629421546321
.8760204672599945
.05142609082293874
.1253678375138365
.3197937225585276
.43363486650881766
.4057893740938821
.23223866158594225
.11989176553205493
.3830737195734048
.9601391400370378
.3646857607562352
.23065442089876148
.6181282018821861
.8164971761972821
.9647078226318622
.2146252492933398
.17663041550243516
.5193566254003178
.6690376599447011
.3890177317164309
.9194695339495574
.27682413474588163
.1495477819206995
.35733219600293203
.8894857819392633
.9669433804313965
.13011902083262986
.7646135623907413
.8614074192886549
.16406388084478343
.82542335702889
.5960597491157127
.2272216517802295
.48867558244990184
.5753067417273524
.9484955489264524
.26216837548079
.7380623221542956
.46309112964320187
.9153030427948475
.8214107967035014
.5558811248523331
.5588807252500688
.39753301411095704
.6432265013699267
.6175777735049129
.7111789422141644
.06112292518096696
5.208690739972954
.020457255697440724
4.29048203386611
.30392100325091814
3.09419701196276
.6874195187339807
.004781822260554961
6.850907920974903
.00648307781372097
.7649762156971872
4.050541566234921
.0012745866528426604
.01685964451358637
.0012141386559441094
3.6582287156597277
.3023651376474781
.009945184164166768
.401329111831842
.0031304316166099484
.02775490686427464
.03514414405420826
.014455477911444423
.002033518365319036
.0018069488725752914
.00794574333683202
.008029324134623178
.001691309130139506
.3953199094755783
.002338820305417935
.18537702713585844
.02611828187127469
.1765703864012536
4.779709563903649
.6483804025609339
5.722915518451183
.005431363439131678
.0010045219355438479
1.7169373401281371
.727821113389477
2.9620421657944833
.1894736310735007
.07999778294202714
3.85019954387699
1.1037461642695998
.007304184335573863
.005968655303360272
.651864683495981
3.5091077905968278
.32292647613160036
.015208393256671341
2.972229157121095
2.452117376815468
.002162269678081542
5.732736631339762
.044358821300543666
.045558332000614654
.3189639205247987
.19596896130250147
.02911673469150098
9.318460733405292
.13885786275668685
.0614073034191613
.25260329578309737
.291401353186156
6.401141434348485
.4330099941507513
.17048898697020248
.009798740826884882
.10474115747120306
.053436351369705
.00734899799347187
.4842473921173782
.15416315387827906
2.7744793492116404
.5872724635867869
7.17844612139334
.13578789064395835
.001157140897314699
2.4511456598566865
.017656895274370296
8.99617084860206
.013537855170947685
.05212251414667205
.008746229385780227
3.2945558384526974
.6309226206277494
.14049890655666916
.0021621562353228746
.018568248124279572
.0170368666589012
1.6704819267212339
.008978705494686127
1.7017548332801686
.012904083498570581
.8281863793403699
.5346142328357301
2.781130747449055
.15764122006445164
.043925789095610665
.07608085470883767
.41346101457359824
.0013846773517073028
.008717052673992462
.24265670047545612
.002524908497145455
7.786328464029948
6.459448864511527
.1962904458179577
1.1936952475986142
.6269738975301229
1.1450241791314273
.05876981878165727
.045916914851555315
3.6400766153361017
.0013843857085415264
2.1734931774391035
.0719699155179876
1.5659837703447663
.0112061293708157
.18548611801950846
.002072231404837085
.07843234626827457
.025462372092198864
.06361162802052168
1.209023129406892
5.644176363951981
.08286187717383814
.0020168616776705763
.292031206540321
.08549265270708523
.002210484061972765
.04780157122673072
.0015665138134927112
.0010123160284416966
1.1374723489248753
.201733128868949
.0028722482938345582
.6068636414153177
3.021049934741212
.0010724574605305783
2.4715381055566343
.002493827242342322
2.375992418969459
4.655321499511119
.0021837497101427007
.006973510202471179
.016180835535126246
2.006751320848963
9.42645929883293
.013221943042423811
.14687883207230426
.0656363878810469
.23617433395854315
.02263004634692171
.12295269348504162
.25880814078233294
.12022695760153439
.011242041402813485
.07491850633753562
8.425396693164425
.011953098675561324
.6891243252510615
.019355955541550528
.5563186334660728
1.4492853306260922
.0032532782378221106
.3429485693252345
1.0495878572709425
2.3237870157077176
1.1344278871295845
.043886665476762204
.005537418616563284
.03856935161976217
.0037653217070516545
5.8207275474199855
.2211344706125487
.08450721730563569
4.982689241040509
5.759145634627111
.1863662126717362
.0019496243590047823
.012179238101601996
.058392251724581665
5.901163794494091
.10440250266025017
3.716332619940555
2.0374781655876952
.00435140398781595
.005360356749764757
.1673664883628864
1.2727420396695959
.00256423413469018
.04222974631021156
.0018015967340389311
.015586215123377415
.001422902122688036
.36504491411700096
4.350323045342272
.6738516619675017
2.231900039616628
.01058529683176461
.017721971955073555
.008243160677347558
.01788195607952234
.3034024017145999
.06480729893338144
.042603935758103145
.09101564193282966
.2984146322095703
.0010388311840686265
.0407714587413408
1.6071714919602136
.10095371890973524
1.0059513348095466
.0020065563292615907
.0489437955932056
.02704008803119123
.0011695555495886383
3.1538837138798326
.06478258497686053
.002114851298649992
.9323371699618735
8.47644933082545
.007657266871874106
.008656606877953789
.005118358972493063
1.8195277172855273
.10547921162756899
1.901065551132813
.0036726741976303334
.027175538323958918
1.0683045070918746
.03914519660908549
.002113214971860334
.0022074401596814093
.5843692225529797
.0068218212401695184
5.496990736158464
.3433223868679758
.0011737381659508248
.2534017261955362
8.917845988893706
.1647254418060886
.1894706844207261
1.6939695136810982
.7101352060673518
.12550029783494346
.042514254077557524
.14239354041744473
.005838603032474461
.4836839711137613
2.168535946231808
.01262658718435246
.3607555146071335
1.1422383495534647
.02249743180583113
.00554476176434013
.04839402948764823
.001021540729100113
.003097303361729968
.020833598388964727
.00824143322715822
.10063004037303978
1.329411330731224
.5066336283717856
1.2944239270301754
.025199259182384207
.06951156290012682
.006997194605283385
.0025277162434301755
.00433149392781996
.00665256594349047
5.585556085898275
.004641285975860313
.6239306218782977
8.008034643025134
.0015764187322435642
.0017820846403838507
1.2133510886423065
.005731283865890165
.2191487707218599
.004423732187973654
.005789105400017076
.45002536131304227
.23989919673677654
.020916810571918888
2.164646257755122
.0032381390444259153
.026418015978909914
4.065559444346307
.004256940977756812
1.3365833984812427
.08059475824890083
.15782760914204683
.0019895001989325267
.0014519880427185591
.03299887484656175
3.3675987384397628
.011122380679186914
.6873949906128184
.0014273126883983466
.02222061985184449
.008444014568697138
.23518774663888944
.01240392593249741
.09156301913469528
.009892878949283743
.8324068569959187
1.6570112107449106
8.611758319655072
.0024820758551703445
2.5149557207891946
.053724348729078115
.19880261809972272
.015070136880831891
.08968704560952778
2.1397596369378102
.01620565905971511
8.29972854152612
8.545968879296773
.005153011053809971
2.2579015464887733
.013472077525184834
2.7658464885033993
6.8811981824802455
.044194373346124236
.0012953125995026236
.43416690295549026
.6632702075264212
1.2926194798691568
.2120006492469229
.31898681022783415
.011426102523091473
.01077745541753362
1.1418788197115375
1.9914604998970553
.001422369062876307
9.024873909085484
.02625671937984604
.08149881033591826
.7906289269638065
.05953777358839495
.0879522052233646
.6452872480955378
3.039474457273758
.0012761687739833655
4.95764017990577
.051001715355439715
.1329904256544999
5.87077758469222
.38428625585935766
.010695998620708963
.01574355613680572
.029046076616003502
.09878276322927113
1.652728051322128
.29542430236228656
1.1294991284143745
.01347577977802233
.013125496034715106
.04855619005084218
.6630864187339667
2.6551751030295483
.7414560263011737
.07924849312749757
3.933749687905297
.0024738092906173926
.0013908595260356468
.0019166885291563194
3.1967650623473953
.23321103986622044
3.1119593504604603
.0037551187092762835
.21132415407072422
.0160474185853048
.004588217799808169
.00548310628057589
.020689129961200443
.05044672091455412
.001811741918379073
1.2381129832192086
.014566499321602153
.0328033748755441
.14330589765929505
7.908681227371497
.0015481380244370105
.005553769896585714
.0037337855898747457
1.8296949024739977
.6775838795304472
4.6631226544028115
.23949214283531564
.031348930321794345
.0019062509895748057
.0023817638748913723
.29491693690580373
.015763715926523446
.08361934627423165
.0012957389373452895
2.261668660908325
.15411446220675548
1.210289274092037
.0024467218064241607
.002640448406926456
.09876640708436546
.22480161532266285
.05280193387584554
.19017986662354572
.023190180067758963
.12031185262953811
.0027828940044016936
.0015905324407556487
.6927655231283892
.008977402368045426
.007157639465164201
.05755948002495498
.009358883059414394
.0038804122290906325
.004093555964327098
2.3182281156209568
.24209513261150434
.08219883571960165
.1967682766406764
.1375336563013411
.09243668857659218
.75426341308121
7.699960928110595
.34565555738124915
.9424038910769786
.5605321227080303
3.0403186745915254
.0016313675948815068
.010910192531338878
.005313131908710703
5.9954863804491705
.22164466458448762
.013917834531576063
.053675566033283134
.013170681080998111
.03360244523839516
2.234853156665844
.013291244051793279
.3849676764121909
.7415161078453264
.036297650317596554
.3102448929331793
.2712559707309949
.003942677787568446
.5195724309032028
9.88866273612733
.41267544078109053
.06836111055538269
2.481533990962702
.0020957872038399627
1.17085
2.9565
1.20274
.0162921
.00812746
.0764206
.00953642
1.09595
.0129062
139.75
.073836
1.64798
4.277
.382617
1.03476
.864245
.0261159
.288461
1.0277
7.82276
.117037
1.17055
.40326
1.38878
.0532845
1.31205
181926e-9
5.89223
.067948
.035341
185727e-10
.35985
.0519835
.290466
