1.1517452782393367
33439212423547944e-23
0.018064304360778143
0
0.018690196653366548
11932318559606464e-21
0.019537589485174204
0
0.021132160985084934
0
0.12556125936204462
0
3.332256749514828
0
4.96837335042715
0
9.271779129502717
2.986516661348528
33.21984713974596
4.39496722175015
1.5065137497631917
27.73026352824268
10.861389009366047
0.00010969978458939131
0
0.029534210290687674
0.0006248434988889185
0.029763990205819598
0.006857722850573918
0.28136392108480285
0.26112837321563515
0.00020564902887651015
8309057403962509e-23
0.04552267532603219
0.00023050856717951032
0.00034704640453853494
43461732314454184e-30
0.034120006111146566
0.038942194829497616
0.20134424413387528
0.19977614626919787
0
0.0748055798226716
0
3.152024087236746
2.776915247520707
4.128278715516187
0
5.2730063365555395
0
3.3539360645371357
0.253767924686424
32.46819842196231
32.93514616161258
16.50797318968529
14.763304323992049
61.21869266801513
1.17034701369009
0.12081614012754419
0.009692790040239114
15.935898241861953
34.4949738340672
0.045748118960497686
1.2862225415812436
2.0001490517934197
1.3738825884407158
82.28268824214143
0
82.64051428152946
0
15.123539187130486
0.030034385395409216
0.03020097060005075
3.7393750776294863
6.131161595693516
0.5436404573846269
0.45999891941973997
0
0.0010868220534997102
0.0185376062939547
0.06968750502203902
0.03290825027138041
0.023289173362308232
0.00018928403553658714
0.00014008983015566291
0.0013492121608082496
2.002505460773186
0.38519374645046095
0.12432430979987277
0.0019385247685758259
0.004636324260316966
0.04055331437900057
0.011080817445947652
0.00012858596894433096
0.06748539506167998
0.4957651790822186
0.021146960535156765
4856112426144291e-22
0.0017263473000779807
6210638862389547e-20
0
0.9061017193568396
0.550861809762002
0.13262249075554045
0
0.2982525970841115
0.0001085143496114925
0.05560896762182074
0
0.00011147630231719511
0
0.12627406602097202
0.6965831308744923
0
0
0
0
0.00013401637193408286
0.3880378820856173
0.00024275829646467451
0.0011385453018801252
0.3849830312985968
0.34254225310027253
0.1791257054432583
0.4704742098000421
0.053062046048041205
0.39885784594718293
0.0006296704320156461
0.2911068241313599
9493224090849809e-22
0.007624520052627511
0.3304460444788738
0.034164876051878484
6445833823728824e-26
0.0027052805559228924
0.06469868180385374
0.2125147054026498
0.021190424233573552
0.030794425551235103
0.1386843825249493
0.2535093651117123
0.24267977585721
0.1651334296637606
0.26140829188366527
3827497865954609e-27
0.21073427441700104
0.2107027197478219
0.4408147188926532
0.5530146605284716
0.0005278854607098265
0.5582908308188304
0.5416273755913692
11.372474446844741
2.099110322612454
2.7888494688341785
0.10211581502047297
0.47569536188766065
2.6199923656178905
4.164769276326555
0.6282369625752783
5.168320513612246
7.177530684047733
4.670684790754208
2.4558363941153525
2.899144763359887
0.6044767931643721
52.784395667798556
619.1788234309789
4.0020957138128335
4727.776618796348
1.0999846676557166
23.218486096585394
1.1712712095871483
45.09602816083476
1.3053512060661
1.3969319258988286
1.0999836570129171
0.9095785678567037
1.0846717600532376
68.75464725296392
0
0.0008370213517150777
0.0007620120539208453
0
0.008107736618202887
0.007469316876367758
0.007283329944782894
0.00615795211576294
0.006729965088768756
0.009373509423647815
0.006213118862123572
0.009658469450597678
0.005359638778110419
0.006996349299975258
0.008986528900886555
0.016952713447071367
0.007365264232317119
0.00856650814220365
0.007792508645346063
0.008954692142669926
0.004100689307534861
0.011601374424430752
0.017692521921330022
0.011924152180860731
0.007496050999012207
0.0019006122334316378
0.007439226024007868
0.02288225661371864
0.07159890139399638
0.041437317240679304
0.11307125714156488
9119821863897723e-20
0.010100510391707026
0.21884195003828763
48061008851717564e-22
0.07342534081197215
0.010919635653253476
0.0012694131754386671
5486347555331087e-21
12044231624016628e-22
0.10137487790237844
0.08831962500892024
0.004142169293867744
0.04040791600722623
0.020226297189028877
0.005780700641419863
0.012095946706278376
0.00048285415631299256
0.3116519667234241
15699130001530197e-25
0.07820123588032764
0.0003418995760902576
0.009622116639118296
0.010907737350388311
0.00015705855101188175
0.00017087132571650714
0.31846751672785567
0.00039348707510194727
0.056474319424365836
0.234445032080797
13179226155679048e-22
25861650960522445e-22
0.00014472366166656586
12571452866393505e-21
0.0005944399248422052
17003036368871496e-21
14432276543518119e-23
10044039511053767e-22
19076940666870137e-21
0.07603421735108272
0.07683014432181468
4349963307621899e-20
0.00021267742556414234
0.019599988968614496
0.008156166756071297
0.0907252560105869
0.02017630511353293
27828767210597077e-21
0.13576462370922476
0.03855704536340855
5573478086292468e-22
0.2660209405200349
4458963312322675e-22
0.0037633598319434685
0.0009824676681184667
22994565953043772e-28
0.27144675936532314
0.3178169064838758
0.018086686906599196
0.26069764134105766
0.31608463207272547
0.007400805536040238
0.18849768809271966
22332184592651943e-26
4630614921192623e-21
0.0006293820707567706
9120568194949246e-20
0.12995698679116305
864559960897468e-21
0.00011181321779092601
0.16039154030584912
0.000929087123690578
0.011844374035717352
12200728566250429e-21
0.13674455537772826
0.09627445090021289
0.021225364930173272
31468971286591206e-21
0.00015344702885615778
1200667943176363e-22
0.013669847817118308
0.16158687567877852
8333314510470489e-24
11103286923103037e-21
9106327172881439e-21
9650134507724526e-20
10586393055047768e-21
0.2910064764082906
0.1603515973828551
0.0051532346302079835
0.0015481561447798571
0.041748000327487794
0.005880870961609236
6760359946724605e-20
0.02836367937529339
8323618581482642e-20
0.0007209236880429213
0.08067281285080266
997037790686645e-21
0.31935985027348196
0.31925094399528925
0.001827862985301512
0.0005370607461220374
5829910091094281e-24
0.0010307076266134272
10390421286669828e-24
0.010271842582965292
0.02926673051044255
0.000903841942410629
0.000337624324725229
0.00015454756993543372
2618180374249751e-21
0.006120925820076224
0.03057911770534431
0.021442307271290307
11257175933796546e-24
0.3162602862215888
0.06717790960206592
0
0
8177862722645162e-20
6661696427536988e-20
10336380966979755e-22
7596603772843014e-22
0.00019348028137787445
0.009747339553300932
0.005388714961057297
1520423364859113e-23
0.000131497358821678
7328725784668923e-21
0.056319869019539705
0.013395357900258966
0.0999386494094913
3845635690796076e-22
0.060543795946250326
0.007685022143454537
0.00012014245515450288
0.12287952884501183
0.0002964192556734554
18549559457235319e-29
8514768523072308e-20
37361555248421264e-22
0.00012471463253593
0.01632899801431039
0.003902801528723394
0.0001635490668471999
0.00015211339622049936
3799874509554888e-24
0.0005144602434347172
0.022910861045098305
13135133548699313e-24
0.0018056535330393663
0.001800599950370055
4418722053353653e-20
0.10753304812494188
43372253207903244e-21
0.2960782498646559
0.0019104230044081863
0.17972335209086257
0.003301891811287017
0.0007008425648745584
0.0005692651728019877
44751067400192204e-21
0.31325333953570084
12101979425760318e-21
21567590699042948e-21
0.008296895833813066
0.006441368305178206
2171598472560051e-23
8722954145140375e-20
0.0030549791226167767
0.13117959243862146
0.03020078448248622
0.00010011203659206508
0.02298732778505178
0.00035411165858186043
0
0.11193594661647475
0.012329031496564946
0.30465147126671815
0.2882626364584149
0.2974462714515955
0.05215353463422801
0.02966284112988116
0.31817678772739405
0.30193860538893746
0.3172544444780551
0.2846096397032731
0.20732596999498643
0.0007651634833525169
0.01572131078632731
0.13934360110524238
0.2596258787301919
0.13540186241831506
0.00029922627755864256
0.026973955638907924
0.24579034999257232
0.11353843303551969
0.16401990667587932
