1.1517455022618839
3343791840849374e-22
0.01806400720674978
0
0.01868989360602324
11932125306077047e-21
0.019537272699566507
0
0.021131818044889103
0
0.12556058256729266
0
3.332261417904216
0
4.968360906603513
0
9.271755568853017
2.9864284591618766
33.21890764315372
4.394963815226216
1.5064653724130477
27.652570143073337
10.833387069840837
0.0001096979804523047
0
0.029534098154297365
0.0006248411246946337
0.029763926617260242
0.006857722829525932
0.2813633056248577
0.26112781580303723
0.00020564727925182034
830884296910141e-22
0.04552257290941542
0.00023050661160587465
0.0003470431163159344
4346060452989106e-29
0.034119876885708854
0.038942048383749685
0.20134006248172912
0.19977618880700335
0
0.07480571430433511
0
3.1516019249797593
2.7769193535547854
4.128279409383972
0
5.273006240246668
0
3.3539566961498455
0.253767378823034
32.468198209921646
32.93514608752753
16.50797112723885
14.763326391058817
61.218621311531294
1.1703534281065142
0.12081533342660093
0.009692796637429384
15.935843132148584
34.49497352308434
0.045748194829649654
1.2861978209077045
2.0001612747449395
1.3738824646107477
82.28119631246318
0
82.64049548079463
0
15.12357989154887
0.03003375396063666
0.030200656776539124
3.7278988381339664
6.131180507891966
0.542226705907343
0.4582606107064361
0
0.0010868028252668746
0.01853757058840717
0.06968759519694169
0.03290825417412211
0.02328874702615159
0.00018925757219813959
0.00014007011837218882
0.0013492121629724552
2.002507723857949
0.38519370795110836
0.12432464168736114
0.0019295514392620064
0.004621630652959231
0.04044874665095861
0.011080831283563885
0.00012858500481810502
0.06748546870025483
0.49576627457744993
0.021146986717079843
4856072841540084e-22
0.0017263389324965286
6183175358661284e-20
0
0.9061016480454684
0.5508611208559396
0.13261999169308708
0
0.2982525088285543
0.00010851496756610817
0.055609316320837945
0
0.00011147647175293437
0
0.12627406460193397
0.6965830383420644
0
0
0
0
0.00013401104107908272
0.38803786821553043
0.00024275652503094234
0.0011385409962184421
0.3849830152082038
0.3425423931712683
0.17912570698002211
0.47047679300851997
0.05306185739025074
0.39885798568461783
0.0006296706670040695
0.29110693117184544
9493223955458662e-22
0.007624489952991642
0.33044615403716365
0.03416483496068274
6445798455375029e-26
0.002705286917709091
0.06469863728992983
0.21251469473747064
0.021190463409194685
0.03079446636266308
0.13868430291305622
0.25350925983425515
0.2426797598579237
0.16513361772225316
0.26140861541134935
3827479983771605e-27
0.21073454616147747
0.21070274271484765
0.44081469683957963
0.5530146448473059
0.000527885230184426
0.558292720114962
0.5416279436305574
11.372489928972145
2.0991103542070375
2.7888495117317857
0.1021158095962714
0.475695928586973
2.619992433787585
4.164769381517702
0.6282369402591194
5.168326101369041
7.177540714661539
4.670689659133016
2.455836449585152
2.899149068746623
0.6044774160662509
52.78416417628577
619.1788233519644
4.00209571377271
4727.775868917873
1.0999846676527343
23.218486096473207
1.1712712073890093
45.09602809527245
1.3053512066991164
1.3969319258719677
1.0999836570099342
0.9095785374075497
1.084671752445271
68.75465326325788
0
0.0008370221929075842
0.0007620120976109314
0
0.008107736800477877
0.007469328828133526
0.007283341658181313
0.006157960781347298
0.006729975545829294
0.009373519824532066
0.006213128148654539
0.009658486181928681
0.0053596465484060845
0.0069963606286982775
0.008986543660761006
0.016952742514192265
0.007365275909039836
0.008566522307071915
0.0077925210466557905
0.008954706914293146
0.004100695735217166
0.01160139376928366
0.017692551019285914
0.01192417167080155
0.007496063527030921
0.001900612232620618
0.007439226011502381
0.022882256493201386
0.0715989001370968
0.04143731683622596
0.11307125380877339
9119821863711382e-20
0.010100510368581563
0.21884193462967538
4806100885166581e-21
0.07342533948677102
0.010919635626198946
0.001269413175077146
54863475553243434e-22
1204423162401338e-21
0.10137487527152028
0.08831962305044495
0.004142169290005593
0.04040791562312222
0.020226297095167718
0.005780700633883468
0.012095946673034786
0.00048285415626073304
0.311651918573155
1569913000153019e-24
0.07820123436702162
0.00034189957606406
0.009622116618143384
0.010907737323393086
0.00015705855100635468
0.00017087132570996509
0.3184674594255534
0.00039348707506724564
0.0564743186582712
0.23444501362433026
1317922615567516e-21
2586165096050746e-21
0.00014472366166187292
12571452866358099e-21
0.0005944399247629906
1700303636880673e-20
1443227654351765e-22
10044039511051508e-22
19076940666788605e-21
0.07603421592484357
0.0768301428639296
4349963307579507e-20
0.00021267742555400692
0.019599988880542804
0.008156166741026634
0.09072525393668647
0.020176305020140825
2782876721042358e-20
0.13576461872162734
0.038557045014506304
5573478086291773e-22
0.26602091410727086
44589633123222294e-23
0.0037633598287568223
0.0009824676679019856
22994565953043772e-28
0.2714467312525412
0.3178168506445133
0.01808668683173895
0.2606976164829524
0.316084561262649
0.007400805523664145
0.1884976774528836
2233218459265194e-25
463061492118782e-20
0.000629382070667966
9120568194762874e-20
0.12995698226595231
8645599608973006e-22
0.00011181321778812489
0.16039153302874617
0.0009290871234969938
0.011844374003851688
12200728566217081e-21
0.13674455030934404
0.09627444854558473
0.021225364826685647
3146897128636935e-20
0.00015344702885088205
12006679431763307e-23
0.013669847774581297
0.16158686827599558
8333314510470472e-24
11103286923075419e-21
910632717286286e-20
9650134507515884e-20
1058639305502266e-20
0.2910064408537237
0.16035159010992717
0.0051532346242232525
0.0015481561442419627
0.04174799991678408
0.005880870953808478
6760359946622213e-20
0.02836367918887366
8323618581327418e-20
0.0007209236879263931
0.08067281123467368
9970377906864224e-22
0.3193597870438077
0.3192508799155254
0.0018278629845514536
0.0005370607460573817
58299100910942735e-25
0.001030707626375152
10390421286669805e-24
0.0102718425590438
0.02926673031174191
0.0009038419422274273
0.0003376243246996827
0.00015454756993008202
26181803742482153e-22
0.006120925811623252
0.030579117488071055
0.021442307165648634
11257175933796518e-24
0.3162602156347684
0.06717790850230713
0
0
8177862722495328e-20
6661696427437564e-20
10336380966977363e-22
759660377284172e-21
0.00019348028136948638
0.009747339531773353
0.00538871495451132
15204233648591077e-24
0.0001314973588178037
7328725784656891e-21
0.05631986825778586
0.013395357859426414
0.09993864685820861
38456356907957443e-23
0.06054379506097334
0.0076850221301051755
0.00012014245515126884
0.12287952484641365
0.00029641925565376505
18549559457235319e-29
8514768522909874e-20
3736155524838999e-21
0.0001247146325324451
0.016328997953421704
0.003902801525295671
0.00016354906684120654
0.00015211339621531492
3799874509554885e-24
0.0005144602433753902
0.022910860924275352
13135133548699274e-24
0.0018056535323074429
0.001800599949642227
44187220533099095e-21
0.10753304513664237
433722532074818e-19
0.2960782118934101
0.0019104230035887626
0.17972334259685138
0.0033018918088352717
0.000700842564764434
0.0005692651727293427
4475106739974354e-20
0.31325328985020273
12101979425727507e-21
21567590698938736e-21
0.00829689581824218
0.006441368295813501
217159847256004e-22
8722954144969899e-20
0.0030549791205186014
0.1311795878183759
0.030200784270655374
0.00010011203658981957
0.022987327663409655
0.00035411165855375764
0
0.11193594335611474
0.012329031462018285
0.3046514284181994
0.2882626021070917
0.29744623277811244
0.05215353398458987
0.029662840925665502
0.31817672023448157
0.30193856422057813
0.3172543753066485
0.2846096068592907
0.20732595655768424
0.0007651634832212415
0.015721310729927277
0.13934359581864136
0.2596258541727705
0.13540185746041913
0.0002992262775385775
0.026973955470596677
0.24579032899522912
0.1135384296726485
0.16401989901283046
