1.1517672064456057
3331281122680902e-22
0.018035240923031996
0
0.018660550900614397
11913416967795357e-21
0.019506605588871618
0
0.02109861930570637
0
0.125493849647128
0
3.3327810727711813
0
4.96715573285374
0
9.269466122957583
2.9776462098132437
33.12563912693323
4.394551932346764
1.5016496118364548
27.587703186970195
10.805613041515008
0.0001095232925681887
0
0.029523235924326378
0.0006246108113978685
0.029757766362177387
0.006857720790364866
0.2813036749066012
0.261073815454181
0.00020547357656505418
8288096347269381e-23
0.04551265002642116
0.00023031244837407627
0.0003467249325360355
4335056279357123e-29
0.034107359305247324
0.038927862623559115
0.20092068371798155
0.19977974973552357
0
0.07481870462578664
0
3.1105799324872643
2.777355917035544
4.128352330407854
0
5.27299692275026
0
3.356010453841635
0.25370887357825767
32.46817720954357
32.93513836306066
16.507770650499147
14.76578313820511
61.212178332081464
1.1709922562014248
0.12073482352674123
0.009693561490928324
15.930343804561366
34.49494862611285
0.04575554438946403
1.2837395736714945
2.00137798562678
1.3738696595587
82.13279210611454
0
82.63831920839782
0
15.127627970695684
0.02997092587147456
0.030166581332586834
3.714192179589535
6.133062512432928
0.5408273921159655
0.4564512042932306
0
0.0010848900623645606
0.018533704822478146
0.06969659567014057
0.03290865214746105
0.02324632848040374
0.0001866848850848934
0.00013815395954041963
0.001349211971190889
2.002733365555357
0.38518997827051343
0.12435838354163331
0.0019202339865978094
0.0045991213537801175
0.04034335808060203
0.011082179285088197
0.00012849161034638693
0.0674928448284854
0.49587848042702853
0.021149606059746685
4852257282536018e-22
0.0017255395620420994
6154658553345283e-20
0
0.9060947514895754
0.5507925849062435
0.13237135845346934
0
0.2982439592998209
0.00010857779459106531
0.05564402581910947
0
0.0001114953492349502
0
0.1262739270987618
0.6965740554623039
0
0
0
0
0.0001334842167214301
0.3880365268610028
0.00024258492438786138
0.0011381239046749988
0.38498145630308583
0.34255655963254833
0.1791258641355183
0.4707339245624022
0.053042994051211684
0.3988713751539791
0.0006296934373353221
0.29111730178265666
9493210838354592e-22
0.007621482349781786
0.33045681550409434
0.03416094894431878
6442379855549914e-26
0.002705951862192132
0.06469432471315924
0.21251366144511472
0.021194366532494083
0.03079852370873851
0.138676589973883
0.2534990690464929
0.24267820979906146
0.16515232696479265
0.261440924964738
3825761261278566e-27
0.2107617655106071
0.2107058321795961
0.44081256032851696
0.5530131255864816
0.0005278626565294438
0.5584809079564441
0.5416844264274268
11.374033820282532
2.0991134185890146
2.788853681173789
0.10211528497093894
0.47575243933074973
2.619999045737165
4.164779605879803
0.6282347822542744
5.168884361894256
7.178542512336857
4.671176380870485
2.455844496002635
2.899578760544015
0.6045394553915487
52.76102032350815
619.1788156967193
4.002095709885332
4727.703218311779
1.099984667363804
23.218486085604212
1.1712709944246944
45.0960217433385
1.3053512663789058
1.3969319232695645
1.0999836567209367
0.9095755873759164
1.0846710153559047
68.75523539720243
0
0.0008371061689050469
0.000762016332747586
0
0.008107754503696267
0.007470524569683004
0.007284513861607412
0.006158830972153009
0.006731022217479407
0.009374559660971307
0.006214059293544185
0.009660156707098216
0.005360426335027889
0.006997494092881087
0.008988019326165792
0.016955645618890004
0.007366444769960905
0.008567937793941273
0.007793761996547947
0.008956182851205873
0.004101338762097698
0.011603326310726412
0.01769546093676068
0.011926119604642243
0.007497315751704153
0.0019006121540458233
0.007439224799921802
0.022882244817020014
0.07159877836383693
0.04143727765121705
0.11307093091531635
9119821845657865e-20
0.010100508128096207
0.2188404417879841
4806100884665242e-21
0.07342521109619796
0.010919633005050106
0.0012694131400515657
5486347554671042e-21
12044231623698527e-22
0.10137462038397907
0.08831943330587808
0.004142168915825238
0.04040787840963558
0.02022628800153252
0.005780699903728035
0.012095943452265803
0.00048285415119762653
0.3116472536213568
15699130001529655e-25
0.07820108775213247
0.0003418995735259428
0.009622114586011745
0.010907734707990037
0.00015705855047087224
0.00017087132507614307
0.31846190780247385
0.0003934870717052177
0.05647424443606413
0.2344432254962735
13179226155298173e-22
25861650959055824e-22
0.00014472366120720436
12571452862927887e-21
0.0005944399170883695
17003036362531855e-21
1443227654347244e-22
1004403951083255e-21
1907694065888964e-20
0.07603407774532164
0.07683000161843263
43499633034723956e-21
0.00021267742457204954
0.019599980347813167
0.008156165283440694
0.09072505300929645
0.02017629597194899
27828767193614452e-21
0.1357641355044805
0.03855701121150213
5573478086224351e-22
0.2660183551474473
4458963312279078e-22
0.003763359520022039
0.0009824676469284343
22994565953043772e-28
0.27144400758968357
0.3178114407544109
0.018086679578986013
0.2606952081433815
0.3160777009797084
0.007400804324619845
0.18849664662664745
2233218459265183e-25
46306149207224235e-22
0.000629382062064227
9120568176706406e-20
0.12995654384652325
8645599608810776e-22
0.00011181321751674
0.16039082799601076
0.0009290871047417999
0.011844370916581368
12200728562986198e-21
0.13674405926527755
0.09627422042023884
0.021225354800400928
31468971264874996e-21
0.00015344702833974518
1200667943173202e-22
0.013669843653429327
0.16158615106693458
8333314510468964e-24
11103286920399632e-21
9106327171063018e-21
9650134487301593e-20
10586393052590206e-21
0.29100299620832526
0.1603508854816831
0.0051532340443990595
0.0015481560921286432
0.04174796012621534
0.005880870198040565
6760359936702092e-20
0.028363661127804397
8323618566288745e-20
0.0007209236766366789
0.08067265465790795
9970377906648463e-22
0.31935366116413316
0.31924467167746545
0.0018278629118828277
0.0005370607397932759
5829910091093535e-24
0.0010307076032901137
10390421286667461e-24
0.010271840241435997
0.02926671106085018
0.0009038419244781365
0.00033762432222465626
0.00015454756941158632
2618180374099435e-21
0.006120924992666173
0.030579096437792348
0.021442296930671175
11257175933793768e-24
0.31625337698123424
0.06717780195344393
0
0
8177862707978758e-20
66616964178049e-18
10336380966745472e-22
7596603772716469e-22
0.00019348028055681744
0.009747337446097265
0.005388714320311436
1520423364858606e-23
0.00013149735844244777
7328725783491143e-21
0.05631979445613129
0.013395353903409131
0.09993839968023586
3845635690763646e-22
0.060543709291926456
0.007685020836766778
0.00012014245483794272
0.12287913744714318
0.00029641925374608905
18549559457235319e-29
8514768507172517e-20
37361555245360324e-22
0.00012471463219481538
0.016328992054287835
0.0039028011932044663
0.0001635490662605472
0.000152113395713025
3799874509554571e-24
0.0005144602376275514
0.022910849218476376
1313513354869553e-23
0.0018056534613958308
0.0018005998791274002
441872204907193e-19
0.10753275561884898
4337225316665089e-20
0.2960745331131519
0.0019104229241997824
0.17972242278215841
0.003301891571300589
0.000700842554095151
0.0005692651656912072
4475106735627523e-20
0.3132484761614832
12101979422548711e-21
21567590688842554e-21
0.008296894309673779
0.006441367388524151
21715984725590166e-24
8722954128453542e-20
0.0030549789172391734
0.13117914019162324
0.030200763747658788
0.00010011203637226603
0.022987315878246078
0.0003541116558310494
0
0.11193562748008964
0.012329028115002624
0.3046472771140893
0.2882592740354784
0.2974424859631099
0.05215347104513497
0.02966282114045744
0.31817018132408154
0.30193457569494464
0.317247673780778
0.2846064248233256
0.207324654703232
0.0007651634705027677
0.015721305265671535
0.1393430836329361
0.2596234749644023
0.13540137712086156
0.0002992262755945937
0.026973939163947382
0.24578829469871086
0.11353810386495888
0.16401915658827232
