1.1518193443771334
3301415591809278e-22
0.01796632541811987
0
0.01859020313650233
11868594099991132e-21
0.019433131187925216
0
0.021019084204624762
0
0.12531741150066464
0
3.334586804204773
0
4.964264516274835
0
9.263911757377054
2.95674581163072
32.90656888417209
4.392876907944774
1.490198851970274
27.42946037041117
10.738047042838195
0.00010910481853332882
0
0.0294971586452256
0.0006240581351662728
0.02974297164352738
0.0068577158922867
0.28116040895921585
0.2609441259483719
0.00020502994794643748
8238494990585259e-23
0.04548881029427061
0.00022981647771235859
0.00034596370603355776
4308159004200175e-29
0.034077307985655
0.03889380554385908
0.19988674345123794
0.19978369292274775
0
0.074849925021369
0
3.015365981093907
2.778723680968263
4.128560789138779
0
5.272974665252064
0
3.3609575218664083
0.2535299428343193
32.468124083471466
32.93511660229246
16.507283696044816
14.77432299008412
61.20262689742941
1.1725307410708325
0.12054009283788576
0.009696379564258886
15.91703016280402
34.49493099761375
0.04577319142055785
1.2778585965819536
2.0043086525653107
1.373839417917641
81.77762775600782
0
82.63027981702315
0
15.137307769350564
0.0298205010592987
0.030060067341778508
3.6810082283401733
6.137591147053457
0.5374238236181993
0.4520745683380986
0
0.0010803108867505917
0.01852156192268308
0.06971805627094203
0.03290959522683852
0.023144821652064097
0.00018071625354012751
0.00013370965174314432
0.0013492118021044377
2.0032714637245115
0.3851810211481374
0.1244393428680317
0.0018977641776468665
0.004544978390109125
0.040086759565083716
0.011085207201900869
0.0001282673699106282
0.06751041202457739
0.4961491718433252
0.021155847376039524
4843084505125579e-22
0.0017236197324452182
6085835994740038e-20
0
0.9060781832327135
0.5506283279863792
0.1317764890939748
0
0.2982234298186766
0.00010874046709097915
0.05572739826529439
0
0.00011156106987081295
0
0.12627359661662663
0.6965524720507345
0
0
0
0
0.00013223226554665775
0.3880333242751063
0.00024217288942743342
0.0011371224325596061
0.3849777114531179
0.3425902099568822
0.17912623581470824
0.47135315257572286
0.05299730419554013
0.3989038742206092
0.0006297481359416774
0.291142215039758
9493179329345151e-22
0.007614199386137647
0.33048257288147265
0.034151546009918966
6434169706244848e-26
0.002707833757201896
0.06468396587861669
0.21251117919930032
0.02120367909510159
0.030808208543643207
0.13865806329914193
0.25347458391652933
0.24267448635722613
0.16519696909729142
0.26151794733973877
3821626769168063e-27
0.21082660724499488
0.21071969272491634
0.44080742863475175
0.5530094759441322
0.0005278064240682329
0.5589317122002645
0.54181921744446
11.377715810886842
2.0991208070734446
2.7888638046974754
0.1021140319095911
0.47588720278185015
2.620014988679748
4.164804433226639
0.6282296311153043
5.170214339810107
7.180929559140729
4.672336044813891
2.4558522499267195
2.9006025619078915
0.6046874394228621
52.705170467023194
619.1787973072402
4.002095700547048
4727.528701114586
1.0999846666697344
23.218486059494616
1.1712704828405875
45.09600648468502
1.3053514092160483
1.3969319170180519
1.099983656026704
0.9095685008063108
1.0846692447170858
68.7566324610313
0
0.0008373064176521038
0.0007620265247275536
0
0.008107797382908823
0.007473373163953059
0.007287306636570032
0.006160902275334802
0.006733515796463433
0.00937703689933491
0.0062162765685011695
0.009664139319935944
0.005362282747638396
0.007000194733109298
0.008991535962629442
0.016962565913130292
0.007369229174548032
0.00857131144502523
0.0077967185746896095
0.008959700678752394
0.004102870969590134
0.011607932655299285
0.01770239529434063
0.011930762047924185
0.007500300133053266
0.0019006119652929523
0.007439221889455849
0.022882216768445398
0.07159848584016508
0.041437183520884796
0.11307015526231835
911982180228959e-19
0.01010050274598972
0.21883685571556197
4806100883460922e-21
0.07342490267644433
0.010919626708511855
0.0012694130559128922
5486347553101681e-21
12044231622942197e-22
0.10137400809408595
0.08831897750190922
0.004142168016966892
0.04040778901529559
0.020226266156759515
0.005780698149744275
0.01209593571531707
0.00048285413903499945
0.3116360477290973
15699130001528373e-25
0.07820073555401391
0.00034189956742886133
0.009622109704413642
0.010907728425254355
0.000157058549184533
0.00017087132355357172
0.3184485720528152
0.0003934870636289326
0.056474066139393424
0.23443893009913752
13179226154392578e-22
258616509555687e-20
0.0001447236601149966
12571452854687816e-21
0.0005944398986523455
1700303634745831e-20
1443227654336384e-22
10044039510306568e-22
19076940639914685e-21
0.07603374581060009
0.07682966231864079
4349963293606269e-20
0.0002126774222131851
0.019599959850449617
0.008156161782019316
0.09072457034202956
0.020176274236340202
27828767153235443e-21
0.1357629747241306
0.03855693000982641
557347808606239e-21
0.26601220809807796
4458963312175415e-22
0.003763358778377434
0.0009824675965456348
22994565953043772e-28
0.27143746490069987
0.31779844545746716
0.018086662156387545
0.26068942290529057
0.3160612217717767
0.0074008014442686135
0.18849417039218355
2233218459265156e-25
4630614919604445e-21
0.0006293820413962694
9120568133331035e-20
0.1299554906785585
8645599608421061e-22
0.00011181321686481741
0.16038913437444516
0.0009290870596879525
0.011844363500323783
12200728555224947e-21
0.1367428796832278
0.09627367241825568
0.021225330715213805
3146897121324114e-20
0.00015344702711188893
12006679431656856e-23
0.013669833753576298
0.1615844281956644
833331451046534e-23
11103286913971826e-21
9106327166739428e-21
9650134438742696e-20
10586393046746945e-21
0.2909947216253283
0.16034919283177776
0.005153232651541872
0.0015481559669416945
0.04174786454120687
0.005880868382530356
676035991287192e-19
0.02836361774143316
8323618530162754e-20
0.0007209236495164547
0.08067227852942314
997037790613017e-21
0.3193389460162405
0.3192297587008889
0.0018278627373177934
0.0005370607247456008
5829910091091764e-24
0.001030707547835086
10390421286661833e-24
0.010271834674065566
0.029266664816284385
0.0009038418818406758
0.0003376243162791315
0.00015454756816605267
2618180373742035e-21
0.00612092302536259
0.030579045870734924
0.02144227234416161
11257175933787164e-24
0.31623694972743727
0.06717754600176126
0
0
8177862673106958e-20
6661696394665248e-20
10336380966188423e-22
7596603772415589e-22
0.0001934802786046187
0.0097473324358744
0.00538871279683265
15204233648574014e-24
0.00013149735754076528
7328725780690781e-21
0.05631961716971113
0.013395344400243418
0.09993780591019771
38456356906865385e-23
0.06054350325745976
0.007685017729901745
0.00012014245408526877
0.12287820683908286
0.00029641924916345763
18549559457235319e-29
8514768469368137e-20
37361555238082435e-22
0.000124714631383759
0.016328977883358735
0.003902800395452926
0.0001635490648656835
0.00015211339450642083
3799874509553819e-24
0.0005144602238200559
0.02291082109875425
13135133548686532e-24
0.0018056532910515055
0.0018005997097362352
44187220388914274e-21
0.10753206014050493
4337225306856659e-20
0.29606569611003447
0.0019104227334910706
0.17972021321654788
0.0033018910006932948
0.0007008425284653304
0.0005692651487841529
4475106725185541e-20
0.3132369129893549
12101979414912589e-21
2156759066458942e-20
0.008296890685782052
0.006441365209028288
2171598472556558e-23
872295408877784e-19
0.0030549784289200612
0.13117806490596368
0.030200714447239686
0.00010011203584965749
0.022987287567874062
0.000354111649290542
0
0.11193486868428693
0.012329020074783514
0.30463730505546777
0.2882512794771813
0.29743348553256754
0.05215331985187682
0.029662773612355673
0.3181544740600561
0.30192499464798506
0.31723157591013906
0.28459878106117914
0.20732152741339085
0.0007651634399503684
0.01572129213940855
0.13934185326479148
0.2596177597036566
0.1354002232530105
0.0002992262709247433
0.026973899992048505
0.2457834079671645
0.11353732121142493
0.16401737314489465
