1.151870456713676
3272393322312853e-22
0.017899021151932468
0
0.018521454580786276
11824812824442331e-21
0.019361364471490478
0
0.020941407299014704
0
0.12513022782150388
0
3.337070681003495
0
4.961436254004649
0
9.258392833074765
2.936516563530239
32.69820207314789
4.390501877643367
1.479129196430748
27.32817524969839
10.691224281739872
0.0001086961645373584
0
0.02947161630047746
0.0006235171309610881
0.029728472313385986
0.006857711091115336
0.2810199329935238
0.26081702569392406
0.00020457188940820945
8190199867266322e-23
0.04546543553042234
0.0002293043002602788
0.00034522161344785175
42814403803322264e-30
0.034047873130837174
0.03886044586013719
0.1988466029481389
0.19978111586805827
0
0.07488054994473077
0
2.926416694568107
2.7804704660034707
4.128791435192549
0
5.2729530452950195
0
3.3658259390204632
0.25331361276879133
32.468069870085955
32.93509271835283
16.506798897952685
14.78607330388053
61.1976868219246
1.1740443294650027
0.12034734644375439
0.009699898585323993
15.903834917578328
34.49497099987743
0.04579047896736072
1.2721263226500645
2.007192544218192
1.373810484742697
81.43126703772776
0
82.61847656818574
0
15.146736907972235
0.02967371599009981
0.029935264353996672
3.6564615197939903
6.142041287266732
0.5350679366527291
0.44900019922134016
0
0.00107584328218674
0.018506615878973322
0.0697388869595053
0.03291050294663348
0.023045844774824444
0.00017514371415082805
0.00012956176517911686
0.0013492120374667376
2.0037938721923076
0.3851722434318351
0.12451859780995068
0.0018820412659567296
0.004502363550627894
0.03990732458402132
0.011087897555425975
0.00012804769604973052
0.06752743558296072
0.4964162019645271
0.021161899816641388
4834083565316312e-22
0.0017217382777451361
60376423367373385e-21
0
0.9060619390770124
0.5504678111905219
0.13119658956587946
0
0.29820331550615603
0.00010890945066952128
0.05580912129889819
0
0.0001116515885061783
0
0.1262732724023493
0.6965313067895123
0
0
0
0
0.00013102300018355637
0.3880302113368169
0.00024176921635853726
0.0011361413012445486
0.3849740402156113
0.3426227048530217
0.17912659214518037
0.47196233233126667
0.05295198950785826
0.3989361943561973
0.0006298017581651266
0.2911666395633192
9493148441491465e-22
0.007606978870963949
0.3305080247032149
0.034142239505463357
6426124203452477e-26
0.0027099050887627978
0.0646738119955975
0.2125087456932843
0.021212726263659304
0.03081762297453136
0.1386399029568607
0.253450574318176
0.24267083632250463
0.16524034268884577
0.2615926878682715
3817566362448109e-27
0.21088946766230343
0.21074091256698266
0.4408023988152064
0.5530058980053376
0.0005277485567676985
0.5593719306663197
0.5419502010389393
11.381290720634391
2.0991280871576654
2.7888738752907036
0.10211281327041076
0.47601803660029884
2.6200306990322684
4.164829133866807
0.6282246258921012
5.171503758514108
7.1832443490804865
4.673460518416688
2.455857181862548
2.9015952895796726
0.6048311554160667
52.65008064635399
619.1787792794975
4.002095691392456
4727.357623064066
1.099984665989318
23.218486033898614
1.1712699813199678
45.09599152618652
1.3053515485321885
1.396931910889508
1.0999836553461277
0.9095615536566113
1.0846675089109772
68.75800019545575
0
0.00083750081409242
0.0007620365411012807
0
0.008107839897339443
0.007476134828303332
0.007290014527795764
0.00616290809904681
0.006735933429276825
0.009379438584343636
0.0062184249069636354
0.00966800428124178
0.005364080861744071
0.007002813502053563
0.008994946844160672
0.016969280649637868
0.0073719284122954944
0.008574584197400153
0.00779958530768064
0.008963113426919094
0.004104356869242922
0.011612401694915191
0.017709120836430926
0.011935265337356801
0.007503195059267921
0.0019006117802530204
0.007439219036242204
0.02288218927164215
0.07159819907182889
0.04143709124237934
0.11306939487220267
9119821759774404e-20
0.010100497469756374
0.2188333402411057
4806100882280292e-21
0.07342460032481249
0.010919620535835091
0.0012694129734292993
5486347551563189e-21
12044231622200742e-22
0.10137340785201653
0.0883185306662539
0.004142167135790001
0.040407701379606024
0.02022624474171364
0.0057806964302633
0.012095928130565137
0.00048285412711162137
0.31162506265685724
15699130001527113e-25
0.07820039028545493
0.0003418995614517144
0.009622104918842895
0.010907722266108642
0.000157058547923497
0.00017087132206095056
0.3184354991701342
0.0003934870557115147
0.05647389135050783
0.23443471927230505
13179226153504795e-22
25861650952150172e-22
0.00014472365904427342
12571452846609832e-21
0.0005944398805789733
1700303633268128e-20
14432276543257378e-23
1004403950979093e-21
19076940621312985e-21
0.07603342040670769
0.07682932969460285
4349963283934215e-20
0.00021267741990072144
0.019599939756306483
0.00815615834947517
0.09072409717170804
0.020176252928311024
27828767113650724e-21
0.13576183678689613
0.03855685040561887
5573478085903618e-22
0.2660061821039864
44589633120737915e-23
0.003763358051321717
0.000982467547153908
22994565953043772e-28
0.2714310510647406
0.3177857063042522
0.018086645076521878
0.26068375159209933
0.3160450675570848
0.007400798620577293
0.18849174289881646
22332184592651305e-26
4630614918508458e-21
0.0006293820211348679
9120568090808892e-20
0.12995445823553817
8645599608039016e-22
0.0001118132162257187
0.16038747408513518
0.0009290870155203525
0.011844356229954446
1220072854761637e-20
0.13674172331438134
0.0962731351989395
0.021225307103828188
3146897116262296e-20
0.00015344702590818561
12006679431583173e-23
0.013669824048468284
0.16158273923248695
8333314510461792e-24
11103286907670465e-21
9106327162500884e-21
9650134391138993e-20
10586393041018628e-21
0.29098661003841275
0.1603475334949992
0.005153231286083669
0.0015481558442172834
0.04174777083664471
0.005880866602733236
6760359889510503e-20
0.028363575208571103
8323618494747391e-20
0.0007209236229297079
0.08067190980138995
9970377905622071e-22
0.31932452098529296
0.3192151397507529
0.00182786256618661
0.0005370607099939258
58299100910900276e-25
0.0010307074934709063
10390421286656315e-24
0.010271829216212712
0.02926661948145727
0.0009038418400419305
0.0003376243104505601
0.00015454756694501968
26181803733916655e-22
0.006120921096758061
0.0305789962984533
0.0214422482413158
11257175933780689e-24
0.3162208464391898
0.06717729508580034
0
0
8177862638921116e-20
6661696371980773e-20
10336380965642335e-22
7596603772120628e-22
0.00019348027669082135
0.009747327524209141
0.005388711303322332
152042336485622e-22
0.00013149735665681962
7328725777945504e-21
0.05631944337119894
0.01339533508401915
0.09993722382351748
3845635690610949e-22
0.06054330127653711
0.007685014684152461
0.00012014245334740049
0.1228772945436717
0.00029641924467097025
18549559457235319e-29
8514768432307401e-20
3736155523094771e-21
0.0001247146305886568
0.01632896399119513
0.003902799613393958
0.00016354906349825798
0.00015211339332355157
3799874509553081e-24
0.0005144602102841653
0.02291079353220314
13135133548677716e-24
0.001805653124058006
0.0018005995436771458
44187220289111824e-21
0.10753137834714466
43372252972411686e-21
0.2960570331938939
0.0019104225465337707
0.1797180471412362
0.0033018904413104
0.0007008425033396699
0.0005692651322096744
447510671494896e-19
0.313225577688437
1210197940742668e-20
2156759064081336e-20
0.008296887133176722
0.006441363072405572
2171598472554148e-23
8722954049882591e-20
0.0030549779502066538
0.1311770107805924
0.03020066611667754
0.00010011203533732911
0.022987259814423643
0.0003541116428786918
0
0.11193412481960002
0.012329012192727057
0.3046275294720966
0.2882434423934876
0.29742466241208676
0.05215317163313694
0.02966272701924376
0.3181390765232272
0.3019156023630296
0.317215795490443
0.28459128785724613
0.20731846168564186
0.0007651634099989604
0.015721279271360335
0.13934064710952182
0.25961215698880546
0.13539909209221157
0.0002992262663467526
0.026973861590747553
0.24577861745586171
0.11353655395855147
0.16401562480210422
