1.1519508602261799
3227246687459197e-22
0.017793656411793226
0
0.018413781494876432
11756257877571716e-21
0.019248989080595528
0
0.020819800388703878
0
0.12482130424774364
0
3.3422782883799536
0
4.957001523512722
0
9.249566358906566
2.905200505631208
32.38221588741134
4.385769519612818
1.462018662480091
27.153091229934994
10.611973359044162
0.0001080564907968547
0
0.029431480276118346
0.0006226677085429364
0.02970567139349171
0.006857703539630435
0.2807988977604868
0.26061715399466373
0.000203828060700926
8114898613686857e-23
0.04542865737770664
0.00022847251120951357
0.0003440623315030569
4239211260341487e-29
0.03400162061188322
0.0388080235911081
0.19717978102225803
0.1997639447492836
0
0.07492875857291224
0
2.794827422014024
2.7839509882406346
4.129178955675839
0
5.272919485232
0
3.3735192516528727
0.25291806048400584
32.4679825432031
32.93505270009057
16.50602121155664
14.810715409281787
61.193445345924516
1.1764352766895232
0.12004048914767394
0.009706100480913955
15.882791987902642
34.49514716504903
0.045817645193735476
1.2631770087168714
2.0117494446587143
1.3737664402412246
80.89017493535512
0
82.59189987527743
0
15.161446941064154
0.029444223529636084
0.029720262551257783
3.6157193998931363
6.1490605155420255
0.5310805206248472
0.44385845466385426
0
0.0010688603514960166
0.0184790051712956
0.06977125952857899
0.03291189876553765
0.022891248728921867
0.00016690580755556245
0.00012343255666435066
0.0013492132316408846
2.0046059379007475
0.38515844188011295
0.12464301896946514
0.0018558477122396144
0.004433223537264088
0.03960349448210545
0.011091599943771745
0.00012770244889736456
0.06755383406639372
0.49683951749975375
0.021171294398149642
4819909093651829e-22
0.001718779322961851
5957270911511578e-20
0
0.9060363817093565
0.5502163583514568
0.13029110370834956
0
0.2981716969859641
0.00010918473977956077
0.05593761660042906
0
0.0001118415439714839
0
0.12627276192685646
0.6964980000498501
0
0
0
0
0.0001291558392497542
0.3880253671516416
0.00024113473160517314
0.0011345991920594669
0.38496826498262837
0.34267288127779333
0.17912713615237705
0.47292457659634546
0.05287966302067428
0.3989879698856308
0.0006298861094579761
0.29120506407626257
9493099855299037e-22
0.007595459572386212
0.33054846571589264
0.03412743025060875
6413474972852147e-26
0.00271338050886621
0.06465784154810265
0.2125049174308286
0.021226801736797373
0.030832280597217248
0.1386113391370209
0.25341279387599974
0.24266509487466217
0.165307829203733
0.2617088001469412
3811165697438718e-27
0.21098700734560805
0.21078659555625498
0.44079448850293484
0.5530002694651751
0.0005276520608524134
0.5600607363317424
0.5421540470863325
11.386848341890534
2.0991396122877894
2.788890006198005
0.10211091558617935
0.47622141294977105
2.6200555727487025
4.164868704998333
0.628216840473817
5.17350462766302
7.186837391221085
4.675205801237632
2.4558648668259107
2.903136029429515
0.6050546468872726
52.562790633343035
619.1787509205164
4.002095676991601
4727.0885170769725
1.099984664918972
23.218485993634204
1.1712691923911116
45.09596799536424
1.3053517663488419
1.3969319012488444
1.0999836542755304
0.9095506253155442
1.0846647783643317
68.76014794458615
0
0.0008378029756197712
0.0007620523468485204
0
0.008107907722559425
0.007480420251393598
0.007294217166143602
0.006166016260357808
0.006739685276713202
0.009383165447495009
0.006221756138582936
0.009674009256486461
0.005366867907273402
0.007006878233236061
0.009000242701144056
0.016979711123116033
0.007376116582151535
0.008579666662475286
0.007804034498502781
0.008968413553261625
0.004106663498811561
0.011619342836895186
0.017719562632637516
0.011942258185001704
0.007507690392720829
0.0019006114891714607
0.007439214547926832
0.022882146017189405
0.07159774796620053
0.04143694608183275
0.11306819873226169
9119821692894854e-20
0.010100489169853896
0.21882781025222703
4806100880423073e-21
0.07342412470569454
0.010919610825761828
0.0012694128436764752
5486347549143027e-21
1204423162103438e-21
0.10137246363372483
0.08831782776506059
0.0041421657496334965
0.040407563522523414
0.02022621105429726
0.005780693725392685
0.012095916199195015
0.00048285410835525994
0.3116077831036547
15699130001525134e-25
0.07819984715537931
0.0003418995520492173
0.009622097390788474
0.01090771257732071
0.0001570585459397935
0.00017087131971294634
0.31841493563804285
0.0003934870432568269
0.05647361639566639
0.2344280954811172
13179226152108247e-22
25861650946772568e-22
0.00014472365735994608
12571452833902563e-21
0.0005944398521482139
1700303630943591e-20
14432276543089906e-23
10044039508979797e-22
19076940592051117e-21
0.07603290852496557
0.07682880645512995
4349963268719355e-20
0.00021267741626304385
0.019599908146764298
0.008156152949830475
0.09072335284454237
0.020176219409239537
27828767051381005e-21
0.13576004674616968
0.03855672518260366
5573478085653854e-22
0.26599670304269674
44589633119139304e-23
0.003763356907609202
0.0009824674694570478
2299456595304377e-27
0.271420961929755
0.3177656677008337
0.018086618208653617
0.2606748304437168
0.3160196574450884
0.007400794178702701
0.18848792433420583
22332184592650906e-26
46306149167843894e-22
0.0006293819892621753
9120568023918394e-20
0.12995283414236525
8645599607438028e-22
0.0001118132152203688
0.16038486236116595
0.0009290869460414321
0.011844344793130976
12200728535647513e-21
0.13673990427984387
0.09627229011900704
0.021225269961413065
3146897108299679e-20
0.00015344702401467062
12006679431467264e-23
0.013669808781624439
0.161580082403334
833331451045621e-23
11103286897757953e-21
9106327155833337e-21
9650134316254824e-20
10586393032007557e-21
0.29097385036561013
0.1603449232694016
0.005153229138116942
0.0015481556511626636
0.04174762343281448
0.005880863802980887
6760359852761253e-20
0.028363508301340098
8323618439036385e-20
0.0007209235811067769
0.0806713297681397
9970377904822792e-22
0.3193018306558691
0.31919214440815835
0.001827862296984544
0.0005370606867884431
58299100910872946e-25
0.0010307074079520084
10390421286647635e-24
0.01027182063060951
0.029266548166539563
0.0009038417742893944
0.00033762430128178334
0.0001545475650242438
2618180372840509e-21
0.006120918062920715
0.030578918317724538
0.021442210325798867
112571759337705e-22
0.31619551642684224
0.06717690037820097
0
0
8177862585144241e-20
6661696336296404e-20
10336380964783295e-22
7596603771656631e-22
0.00019348027368027562
0.009747319797798852
0.005388708953920194
1520423364854361e-23
0.00013149735526630724
7328725773626978e-21
0.05631916997427926
0.013395320428917567
0.099936308164674
3845635690492041e-22
0.060542983546864874
0.007685009892964415
0.00012014245218667874
0.12287585944874506
0.00029641923760395314
18549559457235319e-29
8514768374008106e-20
3736155521972425e-21
0.00012471462933790189
0.01632894213781094
0.0039027983831572653
0.00016354906134719577
0.0001521133914628101
3799874509551921e-24
0.0005144601889912019
0.022910750168032075
13135133548663844e-24
0.0018056528613648237
0.0018005992824538604
4418722013211514e-20
0.10753030584415392
4337225282115288e-20
0.29604340629453474
0.0019104222524360499
0.1797146397962649
0.0033018895613596334
0.0007008424638151363
0.0005692651061367862
4475106698846056e-20
0.3132077472459388
12101979395650783e-21
21567590603411854e-21
0.008296881544667003
0.006441359711340329
2171598472550356e-23
872295398869747e-19
0.003054977197154959
0.13117535258000979
0.030200590089259897
0.00010011203453139843
0.02298721615624672
0.0003541116327923741
0
0.11193295467504494
0.012328999793675355
0.30461215238616574
0.2882311145083171
0.2974107835160692
0.05215293847487146
0.02966265372495633
0.3181148565590107
0.3019008281905129
0.3171909733035002
0.28457950088859985
0.20731363915928802
0.0007651633628831671
0.01572125902898333
0.1393387497585715
0.2596033437457235
0.13539731271114483
0.0002992262591452324
0.026973801182751462
0.24577108181372423
0.11353534702312561
0.16401287456638552
