1.1531852391534232
2606552625313476e-22
0.01625176708722365
0
0.016837534461382638
10751499547963096e-21
0.017602070649915317
0
0.019038923384686737
0
0.12000272089285346
0
3.5492003866919175
0
4.892759885649671
0
9.094936688952423
2.4882202283307686
28.69316093517337
4.307406614488629
1.2371498548638051
25.194849275994496
9.673817658083252
9870670669554379e-20
0
0.0288220033594463
0.0006098800387514823
0.029355964935340876
0.006857587778258175
0.27739740704659305
0.25755161285866096
0.00019243753937676366
7055547151194133e-23
0.04486290071116146
0.00021573300338125333
0.0003273581383040049
3635439299656589e-29
0.03329925551749476
0.038011620571701925
0.1735886694127739
0.19765502077114067
0
0.07566851059286038
0
1.6463893872187443
2.905140376577119
4.136258746168865
0
5.272488230869352
0
3.495028434983058
0.24665514123529192
32.466536643872345
32.934312398817276
16.49155358721802
15.794330304320525
61.16039157145514
1.2140401048495424
0.11479254297798387
0.009822830875513132
15.5158016692088
34.51359319669706
0.04622642392143527
1.1365107469976885
2.083662966534721
1.3733360696506134
73.18616766151075
0
80.97967089018856
0
15.36829980911192
0.026147246120019056
0.026387597577118938
3.11634638024709
6.257836756569944
0.4839413093375831
0.38547543761428027
0
0.0009690904276011914
0.01804487170124813
0.07022013999282577
0.03292939977144102
0.020693931063647485
9516193196608316e-20
7018389641653813e-20
0.0013493681636658446
2.015891063931924
0.3849475647309544
0.12648647456259773
0.001567270534363617
0.0036062462853712384
0.03591487384574047
0.01108993262882186
0.00012245519514863
0.06791058395243997
0.5037806915045557
0.021299867630608958
4601249940842253e-22
0.0016730947536279675
5065118032191965e-20
0
0.9056432765751514
0.5465119016051113
0.11745830959890585
0
0.2976898489230777
0.00011393932987098466
0.05787446091207831
0
0.00011944370412517199
0
0.126264858861165
0.695985074365567
0
0
0
0
0.00010490640638196875
0.38795843483703407
0.00023148287766375157
0.0011111201767468343
0.38487958687170315
0.3433286785061831
0.1791327353123377
0.4880554386169205
0.051608708062451415
0.39993234546678
0.0006311815908168025
0.29179571551135025
9492354361031014e-22
0.007393965759226495
0.33123185820835294
0.03387905670116992
6220750083084779e-26
0.002777869850666904
0.0644130116563011
0.21244611778549274
0.021423933725509544
0.031038920364327528
0.13817334743865037
0.25283141292678735
0.24257700090177872
0.16625357987429967
0.2633138251187927
371159585405632e-26
0.2123207600489007
0.21200769383923454
0.4406733899833532
0.5529138315170653
0.0005253701212751256
0.5698867673499388
0.5450163515545055
11.46415227999498
2.0993268261467075
2.789178432615915
0.10208450887091532
0.4790477189935135
2.6204599888936335
4.1655771074735375
0.6281097593642875
5.200847238659239
7.236062104689959
4.699118174542312
2.456004678432807
2.924208854524995
0.6081715804681125
51.15238055318174
619.1783155450663
4.00209545590535
4722.9590433056255
1.0999846484867009
23.21848537548287
1.1712570805845293
45.09560674463838
1.30535495728021
1.3969317532411316
1.0999836378394034
0.9093828567262251
1.0846228590586326
68.7924127164893
0
0.0008420022830011212
0.0007623020053416969
0
0.008109082964722012
0.007539014904784229
0.007351762660698061
0.006207970521691829
0.006791016425331177
0.009434114498030508
0.006266997669451702
0.009757058819356042
0.005404576821754796
0.00706258711672334
0.009073028760682455
0.017123682886560805
0.0074333327511614386
0.00864965326290551
0.007864958717614544
0.009041428897437219
0.00413832128296951
0.011715032617423115
0.01786301920037929
0.012038476151966808
0.007569545036356232
0.0019006070204053303
0.007439145642298069
0.022881481972073448
0.07159082281355043
0.04143471759725464
0.11304983682007395
9119820666139918e-20
0.010100361748108699
0.21874292973731196
4806100851910484e-21
0.07341682324453401
0.01091946175487797
0.001269410851673721
548634751198798e-20
1204423160312803e-21
0.1013579688141645
0.08830703731652188
0.00414214446899979
0.04040544715812805
0.020225693881983
0.005780652199563656
0.012095733026686586
0.00048285382040204534
0.31134262243881067
15699130001494706e-25
0.0781915093324495
0.00034189940769928454
0.009621981818570179
0.010907563833212062
0.00015705851548538348
0.00017087128366568275
0.3180994047367199
0.00039348685204875953
0.056469395374203306
0.2343264285333736
13179226130668047e-22
25861650864213977e-22
0.0001447236315016482
12571452638816726e-21
0.0005944394156708071
17003035952565963e-21
14432276540518812e-23
10044039496527027e-22
19076940142814142e-21
0.07602505039492923
0.07682077397251771
4349963035136249e-20
0.0002126773604163306
0.01959942287395637
0.008156070053308415
0.09071192647633276
0.020175704821353772
27828766095397615e-21
0.1357325684644902
0.03855480277222771
5573478081819421e-22
0.26585122003269174
4458963309459696e-22
0.0037633393490340266
0.0009824662766322312
22994565953043708e-28
0.27126611755689933
0.31745818758844135
0.018086205730062154
0.2605379086041615
0.3156298100985188
0.0074007259860415075
0.18842931029013565
22332184592644754e-26
4630614890315962e-21
0.0006293814999432072
9120566996995392e-20
0.12992790312266117
864559959821148e-21
0.00011181319978593554
0.16034477172652942
0.0009290858793807834
0.011844169212960512
1220072835189803e-20
0.13671198095126905
0.096259317128592
0.02122469974803376
3146896986055181e-20
0.0001534469949448616
12006679429687775e-23
0.013669574402582247
0.1615392994454402
8333314510370486e-24
1110328674557809e-20
9106327053471149e-21
965013316661057e-19
10586392893666913e-21
0.29077803024399473
0.1603048556334224
0.005153196161997547
0.0015481526873330463
0.04174536051016889
0.005880820820507346
6760359288575739e-20
0.028362481141199908
8323617583744305e-20
0.000720922939028856
0.08066242544654743
9970377892552012e-22
0.3189536842013754
0.31883932084559724
0.001827858164118367
0.0005370603305310128
5829910091045341e-24
0.0010307060950410325
10390421286514371e-24
0.010271688822745484
0.029265453340267977
0.0009038407648372681
0.00033762416051999364
0.00015454753553591753
26181803643789787e-22
0.006120871486725284
0.030577721159063962
0.021441628243784993
11257175933614075e-24
0.31580689703938725
0.06717084099941702
0
0
8177861759545521e-20
6661695788459258e-20
10336380951595083e-22
7596603764533218e-22
0.00019348022746147725
0.00974720118039103
0.005388672885319926
15204233648258253e-24
0.0001314973339187446
7328725707327658e-21
0.05631497286905655
0.013395095441399083
0.09992225174751096
38456356886665274e-23
0.06053810587458884
0.007684936337578227
0.00012014243436693047
0.12285382954315392
0.000296419129109
18549559457235319e-29
8514767478979831e-20
37361555047418296e-22
0.00012471461013593713
0.016328606641749576
0.003902779496241915
0.00016354902832344453
0.00015211336289614982
3799874509534098e-24
0.0005144598620953296
0.022910084438526657
13135133548450871e-24
0.0018056488284248088
0.0018005952720801038
44187217721854775e-21
0.1075138417980443
4337225049898212e-20
0.29583428074638063
0.001910417737364991
0.17966233731875933
0.003301876052120009
0.0007008418570228776
0.0005692647058581083
4475106451629436e-20
0.3129341362965008
12101979214863712e-21
2156759002921271e-20
0.00829679574865601
0.006441308111475094
21715984724921454e-24
8722953049365111e-20
0.003054965636101954
0.13114989801645868
0.030199422917482004
0.00010011202215850885
0.022986545913180386
0.0003541114779442242
0
0.11191499179897967
0.012328809441266417
0.30437617614250495
0.28804191927269757
0.2971977918017871
0.05214935908983201
0.029661528511724933
0.3177432557407388
0.30167410137470163
0.3168101393340886
0.2843986050637168
0.20723961636245036
0.0007651626395476897
0.015720948265189702
0.13930962429837251
0.259468077733936
0.13536999805243613
0.0002992261485853481
0.026972873797992312
0.24565542136436538
0.1135168193975487
0.1639706579079308
