1.1548290592041932
19596562159830294e-23
0.014403850401361279
0
0.014948678586114329
9546128174211773e-21
0.015626540507603474
0
0.01690144824023651
0
0.1140376770050752
0
4.043519089457526
0
4.824643050385967
0
8.849115129361293
2.070319421149122
25.551520138748256
4.269769078779672
1.0171732153285453
23.665650097677144
8.860753865534473
8753087651266204e-20
0
0.028029608015101227
0.000593591933855877
0.028889238180466962
0.006857434119740136
0.27284843253786456
0.2534601725236651
0.000178689013111839
58829008556797604e-24
0.044106926873584744
0.00020035426585971995
0.00030768142958649314
2971323695295361e-29
0.03238601940945956
0.0369752625763604
0.15059895305937
0.19102988434197193
0
0.07662449306078561
0
1.2362962188514786
3.1682153222993983
4.148755914418863
0
5.272203736236906
0
3.6594060065829397
0.242309009887464
32.4642892629122
32.932941337930224
16.46346307063575
18.178371706519577
61.101841334722195
1.2643956654467579
0.10622387329283213
0.010031792846573847
14.884808968862055
34.574601983894
0.0467274264825238
0.9982047357854682
2.180769941437216
1.3735504090753745
64.67683284188114
0
76.15242750238242
0
15.590498209782341
0.022393037106058646
0.02258280834039129
2.638128519716719
6.39900662588147
0.4431141432487602
0.33853202478612365
0
0.0008582395471733765
0.01777945912986557
0.07069515168138306
0.03294288999013345
0.018275752004614513
6866715337024265e-20
5056790811191312e-20
0.0013500068359081933
2.027914839510388
0.384669854212078
0.12860745576699348
0.0013462089650750617
0.0028984207275458604
0.03256833030493099
0.010991943696836147
0.00011564615568843556
0.06825690818462606
0.5142126041034639
0.02143048514071715
43103688199454e-20
0.0016104997382081169
43728909057238914e-21
0
0.9051174893466404
0.5419810943488564
0.10341492606054137
0
0.29705893992132404
0.0001218005997227802
0.06026951739551287
0
0.00013796943570449898
0
0.12625416932760813
0.6952985310083508
0
0
0
0
8181423535047553e-20
0.3878874576709174
0.0002189346997117561
0.0010804184326604408
0.38476145512744425
0.3439134563827405
0.1791314132841607
0.5083234248194002
0.04939504796587389
0.40164488621657995
0.0006329122036148053
0.29258642090048587
9491362806964947e-22
0.007046514410571432
0.33232397460451396
0.033495605589751634
596913071691932e-25
0.00289773172698741
0.06408794740250244
0.21236773592039568
0.021637746832861352
0.031267230715284026
0.13759137599462695
0.2520537108389537
0.24245983388213588
0.1672835094154153
0.264998699921529
3576593991750628e-27
0.21367873104300217
0.21345057790714825
0.44051310016453676
0.5527986444557772
0.0005203027119369884
0.5802777627797274
0.5481500820977822
11.546636389122428
2.0996010595899457
2.7896618663300385
0.1020559996553491
0.48205815513150135
2.6210532590670232
4.166766366963776
0.6279975369336358
5.2286935941724355
7.286474597671944
4.723644621437618
2.456225588321212
2.9456925185710157
0.6115250774211697
49.16774145611916
619.1777357568897
4.002095161485229
4717.465431179605
1.099984626603878
23.218484552291947
1.1712409515093758
45.095125672232285
1.3053589517532136
1.3969315561346471
1.099983615951446
0.9091594589148322
1.084567037732238
68.8328460259803
0
0.0008464769711551294
0.000762651903348151
0
0.008110977184701686
0.0075986136041927945
0.00741051122025125
0.006249094098369979
0.006843309961960786
0.009486034386443524
0.006312130265645782
0.009844193997799374
0.005441781798364683
0.007119608867514464
0.009148116084352714
0.01727394561549296
0.0074913760756351614
0.008722235789380143
0.00792717099993761
0.009117245678276398
0.004170884313466114
0.011814578974659862
0.018010840343630968
0.012138055330086831
0.007633551992004659
0.0019006010693743555
0.007439053881795257
0.02288059769438455
0.07158160164097054
0.04143175011468486
0.11302538892633483
9119819298812519e-20
0.010100192063310625
0.2186299456327028
4806100813940323e-21
0.07340710102996545
0.010919263240627296
0.0012694081989323253
5486347462508673e-21
12044231579282171e-22
0.10133866930845624
0.08829266974367903
0.004142116129790424
0.04040262897181363
0.02022500518513431
0.005780596900159887
0.012095489100514847
0.0004828534369355683
0.31098985877126434
15699130001454187e-25
0.07818040724984097
0.0003418992154688505
0.009621827913423843
0.010907365754116908
0.00015705847492931328
0.0001708712356616228
0.31767969823043285
0.00039348659741748714
0.05646377473783095
0.23419110730457413
13179226102116172e-22
25861650754270867e-22
0.00014472359706620965
125714523790213e-19
0.0005944388344151791
1700303547732297e-20
14432276537094877e-23
100440394799437e-20
19076939544566152e-21
0.07601458699912399
0.0768100784346463
4349962724074093e-20
0.00021267728604539238
0.01959877665574213
0.008155959661477006
0.09069671223798464
0.02017501956602924
2782876482231642e-20
0.1356959843241269
0.038552242850827756
5573478076713112e-22
0.2656576041165415
44589633061913954e-23
0.00376331596644032
0.0009824646881519588
22994565953043627e-28
0.271060048743716
0.31704917879181604
0.018085656447717428
0.26035568170563983
0.31511139769314706
0.007400635174980878
0.188351282377848
22332184592636542e-26
463061485506801e-20
0.0006293808483186662
9120565629444178e-20
0.12989470995714922
8645599585924503e-22
0.00011181317923193369
0.1602913986634209
0.0009290844589127438
0.011843935397225124
1220072810719919e-20
0.13667480436087606
0.09624204373619571
0.02122394041975289
31468968232624255e-21
0.00015344695623266118
12006679427318047e-23
0.013669262286700234
0.16148500483966535
8333314510256325e-24
11103286542920466e-21
9106326917155619e-21
9650131635631733e-20
10586392709438939e-21
0.2905174615497317
0.16025151318360736
0.005153152248090189
0.001548148740415637
0.041742347170858174
0.005880763581317481
6760358537251042e-20
0.028361113331761997
8323616444753621e-20
0.0007209220839758075
0.08065056910445216
997037787621104e-21
0.31849064751076256
0.31837007180547655
0.0018278526604029103
0.0005370598561040428
582991009098947e-23
0.0010307043466425993
10390421286336906e-24
0.010271513297091599
0.02926399542580774
0.000903839420553557
0.0003376239730678794
0.0001545474962663787
26181803531107737e-22
0.006120809461845376
0.03057612697793679
0.02144085311081584
11257175933405768e-24
0.31529011479690333
0.0671627725848629
0
0
8177860660097418e-20
6661695058905653e-20
10336380934032357e-22
7596603755046988e-22
0.0001934801659120092
0.009747043220057547
0.00538862485320892
1520423364787825e-23
0.00013149730549024175
7328725619036973e-21
0.05630938407768885
0.013394795831819017
0.09990353591322262
38456356862354926e-23
0.06053161089787715
0.007684838385104501
0.00012014241063640998
0.12282449849205969
0.00029641898462654057
18549559457235319e-29
851476628707254e-19
37361554817958803e-22
0.00012471458456472207
0.016328159872989873
0.003902754344714858
0.0001635489843457887
0.0001521133248539914
3799874509510365e-24
0.0005144594267690457
0.02290919791785397
13135133548167262e-24
0.001805643457780308
0.0018005899314869288
441872145121159e-19
0.1074919205730654
43372247406551996e-21
0.29555601799123854
0.0019104117246700855
0.17959270984145517
0.003301858061977312
0.0007008410489596059
0.0005692641728081975
4475106122411557e-20
0.3125701401766867
12101978974109926e-21
2156758926455282e-20
0.008296681495650089
0.0064412393966752435
21715984724146243e-24
8722951798458169e-20
0.0030549502403377582
0.13111600789161212
0.030197868667095798
0.00010011200568155788
0.022985653382114647
0.0003541112717333448
0
0.1118910751467871
0.012328555953891242
0.30406221082330676
0.28779016113531036
0.2969143879446279
0.052144592811039545
0.029660030133690337
0.3172490694905997
0.3013724340430701
0.3163036932753092
0.2841578849540363
0.20714108137889753
0.0007651616762842828
0.015720534431178747
0.13927084743060633
0.2592880536637301
0.1353336317288016
0.00029922600135302564
0.02697163885098877
0.24550148106721564
0.11349215088815112
0.16391445493521228
