1.1578084830462139
11663676108536805e-23
0.011573454343069268
0
0.012055541675716602
7699435406833674e-21
0.012600455346101717
0
0.013625249830354345
0
0.10445892586125861
0
5.249366118935247
0
4.771167465633906
0
8.35482897441429
1.5743876521396987
21.9367476998323
4.320289053648571
0.7628630013653083
22.155382981040518
7.944583022274213
7047706479826708e-20
0
0.026647728349825327
0.000566135650005059
0.028040203908272446
0.0068571570711584914
0.2645791648487609
0.2460170544387029
0.00015785752925461888
4269497678937905e-23
0.0427345482610827
0.00017704964870285592
0.00027724485424418066
2085571313617007e-29
0.030792939932614602
0.03516564820412307
0.12498732902185074
0.1742300517370303
0
0.0781802903076226
0
1.1163800317439463
3.7023181463216837
4.184913003086916
0
5.2728249034490124
0
3.946932963915432
0.24088710505653177
32.458451757506445
32.9283452337295
16.375487358545723
24.204245324266633
60.87644295259569
1.3509252423103941
0.08491266505592578
0.010665343670354537
13.104139172425691
34.746205131484786
0.047449127529610904
0.8209639833145662
2.350089682146257
1.3763642025911442
53.622624568724184
0
64.39318591616365
0
15.86943029104164
0.016914883586057427
0.01705346496578185
1.945232596493547
6.630697462549074
0.397378292771855
0.2899021843570071
0
0.0007130243122355549
0.017866725333080806
0.07123488535751939
0.03294294628899301
0.015150831301151566
58373274295209205e-21
4293090152897837e-20
0.0013524771213321628
2.041900157055151
0.384177611159711
0.13119957582721392
0.001126074175635113
0.0021572849478706693
0.02856222378260747
0.010669113509735087
0.00010392265882230887
0.06853731825057138
0.5375631664946846
0.02155956920096978
3796016628654986e-22
0.0014919936781891733
3674497504390008e-20
0
0.9041586102367437
0.5347624414326699
0.08538618831617124
0
0.29594946921986076
0.00014433873805679554
0.06399632755988897
0
0.00018540642556866732
0
0.12623444954577712
0.6940477640611038
0
0
0
0
5587703514315209e-20
0.3877932048469107
0.00019726882503502967
0.0010263907584419907
0.38454724614246205
0.3442384943187175
0.17910188334097113
0.543214064175383
0.043073556675044145
0.40609337042428106
0.0006360892221454102
0.29404308517131084
9489569236803755e-22
0.00607414852273891
0.3348153486070494
0.03267238717503883
5529729449571108e-26
0.0033006559656598186
0.06350135893765567
0.21222544158085194
0.02189560911739739
0.03155778377279798
0.13653919016752994
0.2506347788480005
0.24224790409178512
0.16855360500330277
0.26687122231898763
33290867474271246e-28
0.2150455869279324
0.21495357044338406
0.4402248673324541
0.5525896445044366
0.0005070814384870125
0.5913709245323963
0.5520707080886013
11.64254116478532
2.100144429441244
2.790724882577404
0.10201693326183257
0.4855516384426848
2.6222304301458426
4.169384882733959
0.6278516754852553
5.257287510386716
7.3388547102927575
4.749241427264758
2.4566944322881796
2.9678163256389967
0.6155374291730968
45.65305679400844
619.1766848922032
4.002094627848818
4707.524541117361
1.0999845869412617
23.218483060258475
1.1712117181267763
45.09425374157678
1.3053658783900288
1.3969311988601054
1.0999835762795234
0.9087546070166723
1.084465868956551
68.89745242616729
0
0.0008516573955316036
0.0007633209490227545
0
0.008115043870304308
0.007658367706014859
0.007470074752948691
0.00628514145901941
0.006896026426862089
0.0095391796077546
0.006354386850349623
0.009940341140791393
0.005475180080916514
0.007177917167809531
0.009226889121151606
0.01743729213296687
0.007549014941338632
0.00879967675309103
0.007990336998065183
0.009198464376631976
0.004204863269905852
0.011921808409441013
0.01816518716442421
0.012243645399789973
0.007701326528129265
0.0019005902831782068
0.007438887568768786
0.02287899502817564
0.07156489129286413
0.04142637209420875
0.11298109059391089
911981682053213e-19
0.010099884516879976
0.2184253106668954
4806100745119408e-21
0.07338948279746461
0.010918903442746524
0.0012694033908526759
5486347372827429e-21
1204423153606155e-21
0.10130369832032703
0.0882666344757973
0.0041420647654676354
0.04039752151011196
0.020223756981866906
0.005780496671338908
0.012095046996866424
0.0004828527419033549
0.31035149306600424
15699130001380744e-25
0.07816028874277285
0.00034189886705146425
0.009621548966620624
0.010907006744925224
0.00015705840142146268
0.0001708711486542985
0.3169203911450795
0.00039348613589872583
0.0564535887602982
0.23394603672870487
13179226050365898e-22
2586165055499898e-21
0.00014472353465199827
12571451908142121e-21
0.000594437780890802
1700303461594506e-20
14432276530889e-20
10044039449886416e-22
19076938460241702e-21
0.07599562576462328
0.07679069656759495
4349962160273993e-20
0.00021267715124813314
0.019597605439535322
0.008155759580090885
0.09066914293462423
0.020173777600075108
27828762514856905e-21
0.13562970070075991
0.03854760342650937
5573478067457931e-22
0.2653070346025344
44589633002676006e-23
0.003763273585859525
0.0009824618090380109
22994565953043477e-28
0.27068694793464465
0.31630919301314847
0.018084660915986397
0.2600257202492998
0.31417394451062775
0.007400470582773643
0.18820993913298747
2233218459262166e-25
4630614791181099e-21
0.0006293796672509053
9120563150758126e-20
0.12983456895717913
8645599563654356e-22
0.00011181314197781497
0.16019470526491347
0.0009290818843199574
0.01184351161796944
12200727663682582e-21
0.13660744755643867
0.09621074361256572
0.021222564206483316
3146896528200576e-20
0.00015344688606682279
12006679423022915e-23
0.013668696594828219
0.16138664237561132
833331451004941e-23
11103286175603526e-21
9106326670083747e-21
965012886073321e-19
10586392375525739e-21
0.29004577579281726
0.1601548752310313
0.0051530726550869255
0.00154814158665348
0.04173688604775332
0.0058806598367058495
676035717547524e-19
0.028358634345284475
83236143803334e-18
0.000720920534194742
0.0806290839261475
9970377846593025e-22
0.3176531061760602
0.3175213174730693
0.0018278426849608837
0.0005370589962062278
5829910090888205e-24
0.001030701177677999
10390421286015252e-24
0.010271195164488937
0.029261353140964376
0.0009038369840444268
0.0003376236333111876
0.000154547425090365
2618180332687152e-21
0.0061206970433525226
0.030573237736482146
0.021439448253731067
11257175933028213e-24
0.3143556014579663
0.0671481510536263
0
0
8177858667348106e-20
6661693736589945e-20
10336380902199917e-22
7596603737853195e-22
0.0001934800543536483
0.009746756923477727
0.005388537796098966
1520423364718949e-23
0.000131497253963596
7328725459010107e-21
0.0562992558069813
0.013394252806535766
0.09986962239816631
38456356818292425e-23
0.06051984052863358
0.007684660849428087
0.00012014236762485352
0.12277135380951845
0.00029641872275226245
18549559457235319e-29
8514764126740999e-20
37361554402063474e-22
0.00012471453821690816
0.016327350135769792
0.0039027087579852028
0.0001635489046363177
0.00015211325590260352
3799874509467349e-24
0.000514458637741095
0.022907591186570066
13135133547653221e-24
0.001805633723527866
0.0018005802517021736
4418720869446478e-20
0.10745219974431504
43372241801522955e-21
0.2950523336949078
0.001910400826708804
0.1794665788088754
0.0033018254550935084
0.0007008395843473004
0.0005692632066565064
4475105525704214e-20
0.3119114760178145
12101978537743691e-21
21567587878606854e-21
0.008296474416087036
0.006441114852968896
21715984722741174e-24
8722949531189792e-20
0.003054922335712912
0.13105460436003707
0.030195051792152296
0.00010011197581709116
0.022984035757888138
0.0003541108979764321
0
0.1118477392411934
0.01232809652130776
0.3034939739063563
0.2873344102351952
0.29640140709679114
0.052135955041026576
0.029657314516425566
0.3163553151369778
0.30082643067716913
0.31538782241644653
0.28372209895951805
0.206962606118022
0.0007651599303724487
0.015719784384799738
0.1392005918666115
0.2589620783361245
0.13526774266641017
0.00029922573449462573
0.026969400653658313
0.24522271011442903
0.11344745287769566
0.16381263614390118
