1.1589386093311183
9575635476735513e-23
0.010651782600552766
0
0.011113202630590487
70978756880860765e-22
0.011614871163260572
0
0.01255817939910657
0
0.1011920476231708
0
5.716417926999365
0
4.776189500230744
0
8.16756107600543
1.4505028734930745
20.947227520698547
4.363795546523043
0.7004501327431129
21.830919561113
7.7119265741839405
6493923340626244e-20
0
0.02614133910382786
0.0005563730999291823
0.027718100711711012
0.006857052473657174
0.26144531299808266
0.24319322095627424
0.0001511659669804185
3788542950201061e-23
0.0422150691205519
0.00016956297789575903
0.0002669956711362094
18310682996189022e-30
0.030208939336195312
0.034501841229985106
0.11886563619108492
0.16749860100097475
0
0.0786996693421423
0
1.1074668885036947
3.865295424660121
4.206065824132655
0
5.273599413137987
0
4.049240731127949
0.24108452552660015
32.4549678087697
32.92508256092773
16.32365731851718
26.621982006249205
60.6873591092985
1.381198583751772
0.07424912988327989
0.011059172691207712
12.072253685451653
34.82081146172917
0.04765328147289659
0.7730135757365122
2.410146531075249
1.3782526917853062
50.603309294822466
0
60.07254896381924
0
15.944691540155377
0.015027882004910982
0.015161487943001841
1.6871684878960684
6.708809615548328
0.3858899559598493
0.2782816799271048
0
0.0006730777899064023
0.018018742811030265
0.0713549307799021
0.0329367986497739
0.014301624668067744
5679845536005069e-20
4175886002505455e-20
0.0013538533009076488
2.045156644934292
0.383995634610276
0.13175965305689813
0.0010744791547595252
0.0019819094756976683
0.02746335846544425
0.010511473161297285
9970489248748114e-20
0.06854641621113883
0.5481213288893602
0.021579399814702842
3608910112595456e-22
0.0014459228051219232
3509001389687136e-20
0
0.9037933086172756
0.5323760027567382
0.08050845046530297
0
0.29554136076567084
0.0001589663877680723
0.06521215636613724
0
0.00020468836192603582
0
0.12622688991605563
0.6935719051836184
0
0
0
0
495304401253618e-19
0.38776388469041795
0.0001894552807840173
0.0010064369131728122
0.38446596643790976
0.3441717000073691
0.17908140350303994
0.5554524583309096
0.03941794632268132
0.4082317316872575
0.0006373160663567019
0.29460730023418813
948889017281899e-21
0.005523362440917309
0.33592720516388797
0.032328732178219625
5369419510605519e-26
0.003586635814313914
0.06327968907008831
0.21217139166528765
0.02195886174898646
0.03163536011024649
0.13614067677457203
0.2500940317451494
0.24216766698373401
0.16887870487067538
0.26727064501583425
32359270686650165e-28
0.2152756900860675
0.21522026613392217
0.44011612489657775
0.5525102941703786
0.0005012673238273437
0.5933412278651187
0.5530964081852215
11.664780866024753
2.1003588705349805
2.7911625073221473
0.10200447219626455
0.48636073538029123
2.622695342775494
4.170463641050197
0.6278071076390941
5.2624735120371655
7.348582045302006
4.7540367824316965
2.4568892657708457
2.971863174841028
0.61651819736869
44.44825131143893
619.1762862888231
4.0020944254350255
4703.759340918973
1.0999845718968209
23.218482494314767
1.1712006297932134
45.09392301366943
1.3053684515385675
1.3969310633346192
1.0999835612315525
0.9086010617477436
1.0844274970813856
68.91895023635286
0
0.0008528477891983854
0.0007635819588812289
0
0.008116708076729026
0.007668323207879919
0.007480304765289466
0.006288718549638104
0.0069049503692525886
0.009548686684185764
0.006360017570256533
0.009960479468137719
0.005478895732866314
0.007188162384765306
0.009241656870995313
0.017470477096572092
0.007558351881705086
0.00881478303311483
0.008001235750997447
0.009214455941019982
0.004211212073743291
0.011943177093434832
0.018193761047305846
0.012263958025945898
0.00771430983404678
0.0019005861918784393
0.007438824485490034
0.022878387149669766
0.07155855390547165
0.041424332338028155
0.11296429232030529
9119815880494917e-20
0.010099767863787065
0.21834774062165688
4806100719014922e-21
0.0733828011258225
0.010918766970789669
0.0012694015671030898
5486347338810405e-21
12044231519667522e-22
0.10129043661993324
0.08825676103777061
0.0041420452826152684
0.04039558436595621
0.020223283545606947
0.0057804586539648714
0.01209487930660631
0.00048285247827070806
0.31010969727913423
15699130001352886e-25
0.07815265893930831
0.0003418987348932382
0.009621443161328019
0.010906870572116088
0.0001570583735391835
0.00017087111565153187
0.31663285310552913
0.00039348596084002696
0.05644972559435261
0.23385314602563542
13179226030736483e-22
25861650479413093e-22
0.00014472351097764927
12571451729532778e-21
0.0005944373812785956
17003034289215527e-21
14432276528535045e-23
10044039438485378e-22
1907693804894623e-20
0.07598843480955599
0.0767833461043675
4349961946418801e-20
0.0002126771001181606
0.019597161203421577
0.008155683688435328
0.09065868780503088
0.020173306529541135
27828761639613695e-21
0.13560456710736116
0.03854584379092624
5573478063947344e-22
0.26517418101111706
4458963298020644e-22
0.0037632575105916604
0.0009824607169625138
2299456595304342e-27
0.27054556131891994
0.3160289607712477
0.018084283314837534
0.25990067187633664
0.31381908883153753
0.007400408152204348
0.18815635392885022
22332184592616015e-26
4630614766948132e-21
0.0006293792192602653
9120562210567041e-20
0.1298117641385503
8645599555207058e-22
0.0001118131278469456
0.16015804371892725
0.0009290809077521461
0.011843350878080389
12200727495452145e-21
0.13658190710823392
0.09619887381495215
0.021222042217897624
3146896416280572e-20
0.00015344685945220285
12006679421393726e-23
0.01366848202817332
0.16134934815047008
8333314509970925e-24
11103286036276423e-21
910632657636683e-20
9650127808185704e-20
10586392248869007e-21
0.28986706090950065
0.16011823470255754
0.005153042464959003
0.001548138873166137
0.041734814774172235
0.005880620485780206
6760356658939664e-20
0.028357694096752754
832361359727759e-19
0.0007209199463476233
0.08062093587309846
9970377835358607e-22
0.3173359945565976
0.3171999684151967
0.00182783890118677
0.0005370586700384512
5829910090849794e-24
0.0010306999756594924
10390421285893245e-24
0.010271074496079297
0.029260350957400205
0.0009038360598530266
0.0003376235044380491
0.00015454739809257529
26181803249402607e-22
0.006120654402395359
0.03057214188872978
0.02143891540098572
11257175932885003e-24
0.3140018559076672
0.06714260578829938
0
0
8177857911477805e-20
6661693235021987e-20
10336380890125542e-22
7596603731331412e-22
0.00019348001203842475
0.00974664833042314
0.005388504774804493
1520423364692824e-23
0.00013149723441901152
7328725398310261e-21
0.05629541452570326
0.013394046837187154
0.09985676166284693
3845635680157906e-22
0.06051537650456232
0.007684593509382363
0.00012014235131012925
0.12275120149755236
0.00029641862342070027
18549559457235319e-29
8514763307305039e-20
3736155424431007e-21
0.00012471452063670738
0.016327043004570285
0.0039026914666063523
0.0001635488744017009
0.00015211322974863697
3799874509451033e-24
0.0005144583384549476
0.022906981766251513
1313513354745824e-23
0.0018056300312389434
0.0018005765800732927
4418720648776973e-20
0.1074371370629716
4337223967547764e-20
0.29486150565517055
0.001910396693015615
0.1794187591797621
0.003301813087049403
0.0007008390288055026
0.0005692628401856043
4475105299366966e-20
0.31166200113114656
12101978372225464e-21
21567587352903227e-21
0.008296395870018637
0.006441067612882642
2171598472220822e-23
8722948671191596e-20
0.003054911751266717
0.13103132088845226
0.030193983391083663
0.0001001119644891923
0.02298342220606544
0.0003541107562066718
0
0.11183130587488267
0.01232792225825489
0.30327871366710496
0.2871617280676788
0.2962070600824459
0.052132679019817975
0.029656284519747434
0.3160169639113583
0.3006195848191652
0.31504111727192463
0.28355697570818866
0.20689494883934328
0.0007651592681310709
0.01571949989381046
0.13917395247640285
0.25883853975475796
0.1352427586559342
0.00029922563327253627
0.026968551730844493
0.24511705223476887
0.11343050306539268
0.16377403177013009
