1.159555041850157
85982247308536e-21
0.010180371858865332
0
0.01063113845656556
679012561796105e-20
0.011110694309974705
0
0.012012339502491722
0
0.09948620320245131
0
5.957773078165146
0
4.784376545495528
0
8.067915731205744
1.3946027261026492
20.47957552582595
4.3911327503018125
0.672432776800565
21.681719756582282
7.600430466537126
6210935517397253e-20
0
0.025869144207539815
0.000551190272435746
0.027542600687659135
0.006856995533562151
0.25973857897088626
0.24165461531068233
0.00014776779123098428
35507146650981906e-24
0.041932296508323114
0.00016576092539020905
0.00026164514584750727
17072737998094547e-30
0.02989496769704036
0.03414488745636503
0.11613016430231234
0.1638891903148912
0
0.0789666118859183
0
1.1052236260819852
3.9384686058849505
4.220219719857194
0
5.274193582371452
0
4.102795333521972
0.24102876926502445
32.45247097453364
32.92258920569776
16.289320061608436
27.890454427790576
60.52788213029371
1.396926091223026
0.06770553646725477
0.011332649719746726
11.382420879489374
34.8622354457851
0.04774863732868989
0.7504265831947131
2.4415368958884507
1.3794714242480801
49.17692004989975
0
57.881590967313244
0
15.98043687179842
0.013977569096910345
0.014112466489595705
1.5384556156029447
6.748846829203935
0.38040728774283344
0.2728253251592284
0
0.0006541603510062461
0.018119483506114684
0.07140630008753499
0.03293245448970955
0.013901374396830707
5613226307682138e-20
41262808296316725e-21
0.001354703759908131
2.046592856544668
0.38389766292854527
0.13196942133051057
0.0010503337993476207
0.0019015327075623941
0.02691951244403215
0.010419429743264421
9745991437087928e-20
0.06853349255439616
0.5542247527622581
0.021585142552406067
3509282765655524e-22
0.001420633982798054
3431226902039582e-20
0
0.9035937453562309
0.5311693263031403
0.07821227380612811
0
0.29532195551996027
0.0001698295556395299
0.06582982991126056
0
0.00021486235815464441
0
0.12622275360733878
0.6933121167531201
0
0
0
0
46646388549839086e-21
0.38774863308383234
0.00018529230698434727
0.0009956770620069336
0.38442162601194346
0.34410398710963525
0.17906807572839747
0.561820486561004
0.036990760507753365
0.4095027053667436
0.0006379918460933327
0.29491847001237464
9488520073848776e-22
0.005161849420704781
0.33657196723495775
0.032136458467153475
52835792840625344e-27
0.0038049190999473116
0.06315897330711323
0.21214189230422723
0.02198757736854464
0.03167221997866571
0.13592340352496327
0.24979863510884218
0.2421239369212451
0.16902998854498602
0.2674367987210469
31855918959511753e-28
0.21535320140522016
0.21531408824922924
0.44005691566728683
0.5524669950268367
0.0004980035586447905
0.5939665581883228
0.5535792053772796
11.674555935935588
2.100476720300933
2.7914050578812506
0.10199794705529575
0.4867162428633397
2.6229508956211403
4.171061670421832
0.62778403785785
5.264372411048976
7.35221720444657
4.755840763252844
2.4569981752490815
2.9733586182385374
0.6169633334044766
43.83484372917476
619.1760688689058
4.002094315027507
4701.706864822006
1.0999845636907624
23.218482185618207
1.1711945816555167
45.093742617651415
1.3053698482553662
1.3969309894097492
1.0999835530235689
0.9085173142721947
1.0844065675441008
68.93001342697735
0
0.0008533676139157875
0.0007637253400204603
0
0.008117630574100376
0.0076716421388428255
0.007483830484402506
0.006288998855761843
0.006907978911328702
0.009552115880892774
0.006361364154590284
0.009968743907620285
0.005479435329397766
0.00719177764957886
0.009247199835187611
0.017483789995948303
0.007561363887221443
0.008820650464279179
0.008005011021136295
0.009220715329141375
0.004213603636889518
0.011951621879981503
0.01820436087432667
0.012271756563992918
0.007719275527783334
0.0019005839602640963
0.0074387900766543745
0.02287805558638308
0.07155509738525569
0.04142321978607972
0.11295513067834409
9119815367747387e-20
0.010099704235395182
0.21830544129952348
4806100704776112e-21
0.07337915683405952
0.010918692532259418
0.0012694005723316928
5486347320255666e-21
12044231510725326e-22
0.10128320369692943
0.08825137599163331
0.004142034655643513
0.04039452778102354
0.020223025312318375
0.005780437917320785
0.012094787840171631
0.00048285233447114325
0.3099778880789385
1569913000133769e-24
0.0781484975422569
0.00034189866280695465
0.009621385449840635
0.01090679629675495
0.0001570583583306697
0.0001708710976500255
0.31647612414758214
0.00039348586535349676
0.056447618524353205
0.23380249391617028
1317922602002953e-21
2586165043818443e-21
0.00014472349806436967
12571451632109502e-21
0.0005944371633084144
17003034110999415e-21
1443227652725107e-22
1004403943226663e-21
19076937824603255e-21
0.07598451275722602
0.07677933705734846
43499618297705195e-21
0.00021267707222908985
0.019596918897058432
0.008155642293284493
0.09065298551522062
0.020173049586613444
27828761162208314e-21
0.1355908598377386
0.0385448840235551
5573478062032478e-22
0.26510174345822535
44589632967950313e-23
0.003763248742292677
0.0009824601212854813
22994565953043392e-28
0.2704684724759426
0.31587621147793304
0.01808407735389761
0.2598324890216341
0.313625700151746
0.0074003740993885325
0.18812713206627366
22332184592612934e-26
4630614753730151e-21
0.0006293789749018689
9120561697735581e-20
0.12979932683490847
8645599550599443e-22
0.00011181312013919943
0.1601380500485224
0.0009290803750792271
0.011843263202696772
12200727403690089e-21
0.136567977967371
0.09619239999713293
0.02122175750226229
3146896355233298e-20
0.00015344684493513936
12006679420505077e-23
0.013668364993235758
0.16132900947843104
8333314509928115e-24
11103285960279822e-21
9106326525248513e-21
9650127234068931e-20
10586392179783518e-21
0.28976962648139604
0.16009825249307513
0.005153025997691051
0.0015481373930841362
0.04173368503190799
0.005880599021749932
6760356377193003e-20
0.028357181247057016
832361317015627e-19
0.0007209196257039423
0.08061649182758854
9970377829230743e-22
0.3171631580333106
0.31702482420936823
0.0018278368373132823
0.0005370584921288384
5829910090828842e-24
0.0010306993200136253
10390421285826695e-24
0.010271008677544286
0.029259804326287043
0.0009038355557490249
0.00033762343414363066
0.00015454738336651016
2618180320714684e-21
0.006120631143816662
0.030571544170147773
0.021438624759615672
11257175932806887e-24
0.3138090716000207
0.06713958129114041
0
0
8177857499184942e-20
6661692961439481e-20
10336380883539518e-22
7596603727774076e-22
0.00019347998895739767
0.009746589098357863
0.005388486763274618
15204233646785736e-24
0.0001314972237583303
7328725365201254e-21
0.05629331939183838
0.013393934491604705
0.09984974741436706
3845635679246268e-22
0.06051294172112741
0.00768455677869705
0.00012014234241118967
0.12274021072166366
0.0002964185692398622
18549559457235319e-29
8514762860340005e-20
37361554158262765e-22
0.000124714511047508
0.01632687548089657
0.003902682034977452
0.0001635488579100941
0.00015211321548283893
3799874509442133e-24
0.0005144581752080314
0.022906649362002134
13135133547351886e-24
0.00180562801726635
0.0018005745773697862
44187205284117934e-21
0.10742892194495232
4337223851581661e-20
0.2947574696585685
0.0019103944382776452
0.17939268111640366
0.0033018063408630544
0.0007008387257828893
0.0005692626402924844
4475105175910291e-20
0.311526008032586
12101978281942796e-21
21567587066155805e-21
0.008296353027022032
0.006441041845708897
21715984721917514e-24
8722948202101706e-20
0.003054905977947885
0.13101862255661356
0.030193400642798233
0.00010011195831033895
0.022983087548338273
0.00035411067887773553
0
0.11182234323823267
0.012327827206718845
0.3031613633501148
0.2870675815398186
0.2961011063360486
0.05213089218592383
0.02965572271845495
0.3158325612485662
0.3005068197582676
0.31485216604418104
0.28346694898871366
0.206858054191893
0.0007651589069087428
0.015719344719077304
0.13915942404876938
0.2587711799159377
0.1352291329588896
0.00029922557806050194
0.026968088693299905
0.24505943985321807
0.11342125878063351
0.16375297867363403
