1.1635428621143287
4281356993481193e-23
0.0075960242941598794
0
0.007987227098843896
5101921615673292e-21
0.008345453226264203
0
0.009018736533408048
0
0.08958223724918213
0
7.15341527725098
0
4.90939047992225
0
7.4981028502370775
1.177626823304514
18.530296422959747
4.596414895308387
0.5645673014781935
21.59209511202142
7.274634188841475
46616202014997973e-21
0
0.024174713618412606
0.0005198606326204371
0.026414755850424312
0.006856629090473859
0.24878451043886443
0.23176645658523182
0.0001299071810670562
2345442774901358e-23
0.04011978605381513
0.00014577832648237415
0.00023038882114887426
11073844534031915e-30
0.02793939349918809
0.03192062164360371
0.10582046311756299
0.14306743786869558
0
0.0804398414428199
0
1.115589778376194
4.14520510479231
4.373879079444117
0
5.282656576116721
0
4.37798669311574
0.2101245216309739
32.38537810423221
32.84553245629174
15.895059695247548
34.37361480656606
52.81776676907728
1.4758543955012695
0.016592684691934315
0.01408291325550841
3.798176803461468
35.12515375343805
0.048115853812749895
0.6516234757998189
2.601970495265046
1.3903780288312402
42.90908614398134
0
47.260889003988076
0
16.145568952997728
0.004891261840360111
0.0050866299093540075
0.41406555588219673
6.945874142303142
0.36482624009704295
0.2568539435296802
0
0.000570623338618609
0.018920256613915797
0.07158439281180967
0.032894067752595985
0.012155768280019167
5400227012098011e-20
3967609177154532e-20
0.001361782069706869
2.052186476608524
0.3832872285897974
0.13144972128605067
0.0009777847352586456
0.0016085445098454844
0.024783693479542762
0.009762208115545939
8391269072498088e-20
0.06822274050900229
0.5950140923693039
0.021562628840813943
2912872479042047e-22
0.0012544659294797017
3192477281668197e-20
0
0.9022967284319031
0.5252970191139412
0.0682110490220217
0
0.29395935717104243
0.0004865767796619637
0.06887356793798176
0
0.0002674864015456498
0
0.1261958593784086
0.6916293014584862
0
0
0
0
3461635875553895e-20
0.3876532764248613
0.0001601100885065686
0.0009281696105148507
0.3841346796490707
0.3433281177472259
0.17894654290562867
0.5940501120683044
0.011659994304596917
0.4194981802454982
0.0006425083411027361
0.2970042288275262
9486131168849108e-22
0.0015621643666130602
0.3414091527401653
0.03084832909164165
4756774267670005e-26
0.010373702731521191
0.06238250108906529
0.21195075713796874
0.02211016821440899
0.03185089611802545
0.13451912271929373
0.24788206048635397
0.24184167035410814
0.16972476687523946
0.2679480528290059
28721591190731734e-28
0.215331080984594
0.2153541091779766
0.43967510748569905
0.5521865939811638
0.00047699493452574754
0.5905795906607939
0.5558661719710755
11.712085934684003
2.10124119162146
2.792988741753453
0.10195695240754322
0.4880805623489933
2.6246091939088605
4.174968201333305
0.6276403282267302
5.2666813293559835
7.357790596770648
4.758738602896614
2.457723921279887
2.975445210419724
0.6188647692613204
40.73994123967844
619.1746623395804
4.002093600780153
4688.450623244921
1.0999845106041988
23.218480188601017
1.1711554558466437
45.092575618626576
1.305378865388562
1.3969305111428982
1.0999834999245488
0.9079756129201102
1.084271180165539
68.99079723028714
0
0.0008553071543986565
0.0007646617085890279
0
0.008123680178307825
0.007670239851562081
0.007484373590192871
0.006272788529726883
0.006907617149775484
0.009555368213168196
0.0063514189677489384
0.009992653884047404
0.005466779541118648
0.0071937715414055695
0.009255813138687187
0.017517936470541152
0.007558301017386812
0.008832870485610862
0.008005926022871307
0.00923448364937325
0.004217761966258045
0.011971403498857508
0.018218812989376977
0.012286620144575558
0.007728441833806119
0.0019005695235859523
0.00743856748313841
0.022875910755940403
0.07153274052605081
0.04141602319588481
0.11289588020708007
911981205068591e-19
0.010099292620801814
0.21803199677279403
4806100612662519e-21
0.07335558558333716
0.010918210987382406
0.0012693941369834544
5486347200221497e-21
12044231452876544e-22
0.10123642500656299
0.08821654703209882
0.0041419659083825255
0.04038769319797517
0.020221354831280427
0.005780303769787884
0.012094196142963786
0.0004828514042051964
0.30912654155510766
15699130001239403e-25
0.07812158201898674
0.0003418981964673194
0.009621012111516666
0.010906315807409871
0.00015705825994391078
0.00017087098119487198
0.31546408703798356
0.0003934852476333681
0.05643398938419173
0.23347508065564665
13179225950764176e-22
2586165017146827e-21
0.0001447234145259133
12571451001859655e-21
0.0005944357532194133
17003032958085262e-21
14432276518944798e-23
1004403939203636e-21
19076936373285562e-21
0.07595914513829036
0.07675340681951741
4349961075150474e-20
0.0002126768918094274
0.019595351443074928
0.008155374505185756
0.09061610497241186
0.02017138745256892
27828758073781508e-21
0.1355022183488949
0.038538675681579426
5573478049644835e-22
0.26463360885750914
44589632888663085e-23
0.003763192018977423
0.0009824562677451692
22994565953043223e-28
0.26997030036552433
0.31488982912862434
0.01808274500972163
0.2593918329951725
0.3123775076670938
0.007400153808973666
0.18793819984374446
22332184592593037e-26
4630614668220483e-21
0.0006293773941027998
9120558380131151e-20
0.1297188963151643
8645599520791892e-22
0.00011181307027632305
0.16000876744575632
0.0009290769291232685
0.01184269602949533
12200726810063755e-21
0.13647790199577825
0.0961505301515354
0.021219915714460368
3146895960306799e-20
0.00015344675102150294
12006679414756228e-23
0.013667607895974852
0.16119749663167962
8333314509651185e-24
11103285468643224e-21
9106326194554299e-21
9650123519998171e-20
1058639173285626e-20
0.2891400952436501
0.15996904397909437
0.0051529194690458245
0.0015481278181838196
0.0417263772512032
0.005880460168711702
6760354554520063e-20
0.028353863748027695
8323610407027009e-20
0.0007209175514018816
0.08058774836212051
9970377789588402e-22
0.31604731742607345
0.3158941168060168
0.001827823485775917
0.0005370573411988349
58299100906933e-22
0.001030695078524762
10390421285396169e-24
0.010270582895000052
0.02925626831142364
0.0009038322946102882
0.0003376229793959012
0.00015454728810080265
2618180293378623e-21
0.006120480681742856
0.030567677696256335
0.021436744640007176
11257175932301545e-24
0.31256476931523286
0.067120018529883
0
0
8177854831983797e-20
6661691191582013e-20
10336380840933295e-22
7596603704760993e-22
0.00019347983964187034
0.009746205923457015
0.00538837024468582
15204233645863876e-24
0.00013149715479235846
7328725151012748e-21
0.05627976745250593
0.013393207729237806
0.099804382796938
3845635673348705e-22
0.060497193006387576
0.007684319165086407
0.00012014228484225761
0.12266913305456173
0.00029641821873386203
18549559457235319e-29
8514759968837982e-20
373615536016062e-20
0.00012471444901315475
0.016325791779629114
0.0039026210205107704
0.00016354875122276502
0.000152113123194686
3799874509384555e-24
0.0005144571191336541
0.022904499091654346
1313513354666385e-23
0.0018056149885454147
0.0018005616215502835
4418719749746424e-20
0.10737579194415385
4337223101374758e-20
0.2940853270959981
0.00191037985200931
0.17922406867058555
0.0033017626988219237
0.000700836765474617
0.0005692613471472262
4475104377245447e-20
0.310647675091219
12101977697886928e-21
21567585211131787e-21
0.00829607587280021
0.006440875155407394
2171598472003694e-23
8722945167469798e-20
0.0030548686295040145
0.1309365043369435
0.030189631004024543
0.0001001119183381599
0.02298092270100276
0.000354110178622415
0
0.11176437957329395
0.012327212317796802
0.30240329788991666
0.28645927485791006
0.29541658627325407
0.052119334294088
0.029652088575194576
0.3146422219373421
0.2997783421804613
0.3136325392510452
0.2828852390156582
0.20661953453913068
0.0007651565700963002
0.01571834090095663
0.13906547349678317
0.2583358395038756
0.13514101887003827
0.0002992252208835023
0.026965093406631127
0.24468706131418944
0.1133614739274036
0.16361684752218503
