1.165982260750203
27936657151591373e-24
0.006350219937075619
0
0.0067126967075948245
4287742684073096e-21
0.007012197189199034
0
0.007575055494381279
0
0.08436782393349644
0
7.576131038921859
0
5.024523342222672
0
7.230934469256979
1.120349040660554
17.988019868147372
4.703511074421495
0.5363658509058565
21.509872337739527
7.195045793386997
39136302388010715e-21
0
0.023192845828893388
0.0005020754204157724
0.025736690520802817
0.0068564065436965286
0.2422171674241234
0.22582135018086522
0.00012286494592776085
18271694358315118e-24
0.03903506347011093
0.00013790449552236113
0.00021374851562870045
871037445863766e-29
0.02680527438421764
0.030630012641507828
0.10316203402338407
0.1331551882173918
0
0.08112156038591056
0
1.1240070807579081
4.10299273831169
4.436818521724532
0
5.2923527584164685
0
4.421856447095786
0.12757566076410767
32.14220695962928
32.557093092346065
15.472025237224054
36.74769815535594
40.90863268786474
1.4864592747472918
0.0040222677288474
0.01336742283658708
1.0237657749453284
35.271040088020605
0.04816019985689602
0.6193366386738398
2.6264022686724995
1.39857660130414
40.85414712899617
0
43.52033906175288
0
16.20893860550382
0.0013338823128151794
0.0013677037838000306
0.10254623826711035
6.97604290548277
0.3612463217088311
0.25292884094903073
0
0.0005430282463571968
0.019349645654071414
0.07161671663508648
0.032865301503224344
0.011594792640574798
5385277366146481e-20
3956324375984476e-20
0.0013669009137376766
2.0538043603104765
0.38293300425108695
0.12885135310202706
0.0009582042961841364
0.0015137875377859609
0.02388273598142747
0.009341133334325017
7648283076046952e-20
0.0679181149406446
0.6128095823005388
0.02151877767689916
25925411685201387e-23
0.0011488808319483372
3124669693622527e-20
0
0.9014886968711046
0.5234010799409623
0.06499301448309257
0
0.29316889768272064
0.0016152051326751436
0.06949665709011055
0
0.000287017703085307
0
0.12617935596604543
0.6905992187239358
0
0
0
0
3053444436669022e-20
0.38759184446098477
0.0001462545254418523
0.0008886543981924012
0.3839590661165781
0.3426905606869001
0.17885280000238704
0.5989034845996043
0.003044514594984317
0.42664458875153033
0.0006454279007321382
0.2983552677825336
9484674690646322e-22
0.00040243570353348384
0.34476489833154983
0.030050685449624404
44589651818093074e-27
0.03211075697748181
0.06191758341538031
0.21183358651250278
0.02215414253028798
0.031930735167970244
0.13366118619715317
0.2467076486235707
0.2416695747379996
0.17001104669696476
0.2679854313569359
26929318752748717e-28
0.2150593244932508
0.215099002242739
0.4394419223951408
0.552014822165363
0.00046624696609894674
0.5811444282552117
0.5568549261044374
11.722462663378067
2.1017024693970936
2.7939380057426613
0.10193074567691536
0.48845767428134707
2.6256100796328474
4.17731098349926
0.6275472279924654
5.263370923240248
7.352708463218664
4.7562922173442495
2.4581704726861155
2.973186662989319
0.6195499421567784
39.56609631949094
619.1738019498916
4.002093163866336
4680.360048440166
1.0999844781304966
23.218478967001143
1.1711315227531183
45.09186176587726
1.3053844011061229
1.3969302185534078
1.0999834674432265
0.907644314021157
1.0841883704037578
69.01592779803825
0
0.0008557850471367949
0.0007652364861305289
0
0.008127340861053397
0.007658379757632856
0.00747398458446734
0.006254254247225048
0.006897666833888827
0.009548312480161482
0.006336382173174157
0.009993006784038371
0.005451265425960058
0.007184672636160317
0.009247948354556
0.017513730227590348
0.0075455747770863295
0.008827930675773206
0.007995170843516293
0.009230007966944884
0.004215063741659904
0.011966688624950362
0.018201519651790374
0.012278553535270766
0.007722976454314852
0.0019005606925466712
0.007438431323234138
0.022874598835938346
0.07151906800420313
0.04141162156961612
0.11285965128793903
911981002159926e-19
0.010099040839368918
0.21786489626588174
48061005563155e-19
0.07334117049239033
0.010917916430935697
0.0012693902004179776
54863471267951195e-22
12044231417489728e-22
0.10120782055808317
0.08819524850596915
0.004141923855401067
0.040383512969632614
0.0202203330455334
0.005780221711629002
0.01209383420878373
0.0004828508351509742
0.3086069154615233
15699130001179276e-25
0.07810512203273863
0.00034189791120195023
0.009620783743019628
0.010906021896610536
0.00015705819975955228
0.00017087090995786337
0.31484660752122
0.0003934848697668563
0.05642565389397485
0.2332750240043727
13179225908393712e-22
25861650008314734e-22
0.00014472336342443725
12571450616328096e-21
0.0005944348906523008
1700303225283354e-20
14432276513863765e-23
10044039367427017e-22
19076935485496747e-21
0.07594363162922323
0.0767375492916512
4349960613540188e-20
0.00021267678144457934
0.019594392674024224
0.008155210700251079
0.09059355208812708
0.020170370772269047
27828756184553056e-21
0.13544802382978188
0.03853487845548395
5573478042067173e-22
0.2643476527712333
44589632840162073e-23
0.0037631573210502494
0.0009824539104946806
22994565953043073e-28
0.2696660147958452
0.31428796591737584
0.018081930046813553
0.2591226467647803
0.3116164230727867
0.007400019057853721
0.1878227212279363
2233218459258087e-25
4630614615913175e-21
0.0006293764271105506
9120556350712367e-20
0.12966972054856138
8645599502558251e-22
0.0001118130397746001
0.15992973514570213
0.0009290748211959842
0.011842349096071314
12200726446935255e-21
0.13642283070702382
0.09612492683716112
0.021218789149036816
31468957187254335e-21
0.00015344669357340637
12006679411239572e-23
0.013667144790953914
0.16111710146160338
8333314509481778e-24
1110328516790309e-20
9106325992264594e-21
9650121248056174e-20
10586391459465363e-21
0.2887556776394425
0.15989005695387531
0.0051528543052507215
0.0015481219611288846
0.0417219076227989
0.0058803752322189595
6760353439568882e-20
0.028351834584448562
8323608716787356e-20
0.0007209162825287756
0.08057017068343661
9970377765338694e-22
0.3153666801056647
0.3152044380979386
0.0018278153185245965
0.0005370566371620311
58299100906103885e-25
0.0010306924839625327
10390421285132819e-24
0.010270322447289091
0.029254105498354003
0.0009038302997374689
0.00033762270122143166
0.0001545472298256282
2618180276656818e-21
0.006120388644067588
0.03056531276774681
0.021435594629030153
112571759319924e-22
0.3118060477281828
0.06710805455851995
0
0
8177853200424527e-20
6661690108938693e-20
10336380814870546e-22
7596603690683602e-22
0.00019347974830378513
0.009745971538089721
0.0053882989700759385
15204233645299974e-24
0.0001314971126050442
7328725019991015e-21
0.05627147917305473
0.013392763179211007
0.0997766428638307
38456356697410966e-23
0.06048756134465961
0.007684173817544141
0.0001201422496266484
0.12262567426420722
0.0002964180043252411
18549559457235319e-29
8514758200071165e-20
37361553261092586e-22
0.00012471441106599415
0.01632512890171212
0.003902583697682321
0.00016354868596084974
0.00015211306674091696
3799874509349331e-24
0.0005144564731210549
0.022903183844374602
13135133546242976e-24
0.0018056070187631365
0.0018005536963623177
4418719273427321e-20
0.10734330462371183
43372226424640455e-21
0.29367492500717907
0.0019103709294647133
0.17912100449907017
0.003301736002733689
0.0007008355663326723
0.000569260556115837
44751038886924224e-21
0.3101116092444789
12101977340612788e-21
2156758407639088e-20
0.00829590633872276
0.00644077319102912
21715984718886566e-24
8722943311148709e-20
0.003054845783227256
0.13088629698718413
0.03018732530169219
0.0001001118938866949
0.022979598537818818
0.0003541098726104395
0
0.11172893729962464
0.01232683619780953
0.30194051466433236
0.2860878017905985
0.29499863725308756
0.05211226545291339
0.02964986574466267
0.313916289352923
0.2993335943000219
0.3128888086367944
0.28252998849449595
0.2064737647334819
0.0007651551406429453
0.01571772688468262
0.1390080340602493
0.25806989753832277
0.13508714670454064
0.0002992250023941548
0.026963261316983955
0.24445955177774298
0.11332491833376955
0.1635336302175053
