1.168593909843196
1768528149443547e-23
0.005241992864407193
0
0.005578046128271213
35629953424541577e-22
0.0058256322257805885
0
0.006290581155697827
0
0.0794154057410179
0
7.853433578250458
0
5.160999694487284
0
7.015698690949998
1.0821660607850314
17.59117176296798
4.7333790382600665
0.5176554228172012
21.27226160341314
7.102086198893695
3244784945356202e-20
0
0.022185414731832907
0.00048356737543042006
0.02502706777068761
0.006856169599618661
0.23535446894573547
0.21959931470631927
0.00011683221063282434
14038409637392024e-24
0.03790309082876788
0.0001311611838142088
0.00019781937412459102
68089274288790165e-31
0.025640996211794123
0.029304517581016588
0.10031007826808414
0.12457811116583982
0
0.08163913870083203
0
1.1313576026320606
3.986123723993167
4.449536017369755
0
5.3035684956870055
0
4.427367651639382
0.09084015918014667
31.786403305638135
32.13563816201636
14.96939991970091
38.32865878858196
39.77658882696066
1.4855135958013557
0.0022878871088408336
0.014094508368908371
0.6024799755659652
35.40993737269883
0.04809250379006286
0.5967552024476516
2.6280560268685096
1.4069952713692326
39.41741065488923
0
41.0231651717432
0
16.260549558482104
0.0007473790661963231
0.0007555401059271476
0.05734829845507588
6.979866480750428
0.35696494876467244
0.24854705656911966
0
0.0005236667332551645
0.019466026873385833
0.07162033534342632
0.03283124510830443
0.011211552715995344
5395400823620921e-20
39633526793947025e-21
0.0013721977740965992
2.054848139157973
0.3825713693047997
0.1254370404093572
0.0009367319374093537
0.0014364059276556018
0.02290253214947121
0.008897057110996035
6924423994824289e-20
0.06757683576901118
0.6294847252381333
0.021463457626557294
22870866471288922e-23
0.0010420733487212874
3050786819710016e-20
0
0.9005984129828959
0.5223964560285851
0.0627860494806959
0
0.2923492972089666
0.00314453297024162
0.069745444250017
0
0.0003000970827981632
0
0.12616168556648696
0.6894961000471785
0
0
0
0
27282171416847013e-21
0.3875200887868414
0.00013272461089840014
0.0008478348110332863
0.383770978410012
0.34194811680703496
0.17875397369677243
0.5992283923502946
0.001757091228951436
0.4341445936632802
0.0006487019260502032
0.2998689054174826
9483119793434293e-22
0.00023168752430437228
0.3482483250336629
0.029208091415723652
4160019393458986e-26
0.057535392759181084
0.06143627600005043
0.21170794031976184
0.022189060646174045
0.03200488429111898
0.13274368738855452
0.24545323120368806
0.24148584557523345
0.17026519803114612
0.26792139886231475
2512333954839294e-27
0.21466645821122932
0.2147167875164256
0.43919198013585864
0.5518307134198979
0.0004578013466166836
0.5718491757314017
0.557757044422683
11.728802232011729
2.1021864486148485
2.7949202727221496
0.10190050272824883
0.4886880980555945
2.626660327412996
4.1797359694910075
0.6274375361119605
5.258191641963648
7.344342423346832
4.752143769831371
2.4586407820043426
2.9696050039426156
0.6201025631763366
38.740115926339186
619.1728808078179
4.002092696101279
4671.713657512477
1.0999844433637676
23.21847765914192
1.171105900241624
45.091097519188786
1.3053902773589448
1.396929905280671
1.099983432668338
0.9072896780647423
1.0840997203070324
69.03698848914736
0
0.0008560150170319401
0.0007658501703704664
0
0.008131161439358027
0.007641702307491109
0.007458982669666384
0.0062313390198369305
0.0068832857900255374
0.009537544816704588
0.006317071415277414
0.00998819811836759
0.005431917950453646
0.0071711743502134015
0.00923476285789226
0.017500090032920537
0.007528021015850333
0.00881813009358503
0.007979566225967651
0.009220516058356838
0.004210414867031928
0.011955531382525024
0.018173476734262606
0.012263687161284613
0.00771310314078873
0.0019005512379768265
0.007438285551589313
0.02287319436222868
0.07150443293687464
0.04140690965487231
0.11282087706405268
9119807849235543e-20
0.010098771286140137
0.21768613843024381
4806100495989719e-21
0.0733257406649531
0.01091760108412074
0.0012693859858978504
548634704818397e-20
12044231379604185e-22
0.10117720525485507
0.0881724517510887
0.004141878833453923
0.040379038047190625
0.020219239166829876
0.005780133860482693
0.012093446729766234
0.0004828502259155226
0.30805156572670683
15699130001114902e-25
0.07808750362039399
0.0003418976057937287
0.009620539255008227
0.010905707241004304
0.00015705813532549033
0.00017087083369071048
0.31418686623417547
0.00039348446521889226
0.05641673118399912
0.23306103098399067
13179225863031394e-22
2586164983364059e-21
0.00014472330871461128
12571450203573449e-21
0.0005944339671791137
17003031497782718e-21
14432276508423934e-23
10044039341079962e-22
19076934535019565e-21
0.07592702619441123
0.07672057566574537
43499601193347985e-21
0.0002126766632867283
0.01959336625651118
0.008155035332393276
0.09056941292442663
0.02016928235908765
27828754161922834e-21
0.1353900265601356
0.03853081351492055
5573478033954431e-22
0.2640418472823642
44589632788236354e-23
0.0037631201733927633
0.0009824513868006367
2299456595304292e-27
0.2693406231916726
0.3136448790531396
0.018081057578575657
0.2588347624234379
0.31080365212233774
0.007399874794427266
0.1876991671001893
2233218459256785e-25
4630614559912348e-21
0.0006293753918388338
912055417799306e-19
0.12961709305309166
8645599483037098e-22
0.0001118130071191032
0.15984516549595518
0.00092907256442935
0.011841977676300755
12200726058165586e-21
0.13636389536369486
0.09609752318213774
0.0212175831010348
314689546008558e-19
0.00015344663206881713
12006679407474616e-23
0.01366664900262215
0.16103107388199733
833331450930042e-23
1110328484592714e-20
910632577569085e-20
9650118815688736e-20
10586391166769847e-21
0.28834468207702263
0.15980553573707684
0.005152784541032716
0.0015481156905210107
0.04171712291633104
0.005880284299562912
6760352245889136e-20
0.02834966229883114
8323606907197129e-20
0.0007209149240606643
0.08055135606193876
9970377739376668e-22
0.31463960636675103
0.31446772879930296
0.0018278065746089784
0.0005370558834129072
5829910090521628e-24
0.001030689706200697
1039042128485087e-23
0.010270043616203331
0.02925179014226908
0.0009038281640078643
0.00033762240340480147
0.0001545471674355601
26181802587542553e-22
0.006120290108975626
0.03056278105005637
0.021434363482029987
11257175931661432e-24
0.3109957926757153
0.06709524815270196
0
0
8177851453658191e-20
6661688949848119e-20
10336380786967458e-22
759660367561218e-21
0.00019347965051619626
0.00974572060858518
0.005388222663678797
1520423364469624e-23
0.0001314970674388206
7328724879717593e-21
0.05626260699576713
0.013392287255038455
0.09974695270857896
3845635665878752e-22
0.06047725127312932
0.007684018209789901
0.00012014221192441122
0.12257916383357481
0.000296417774777002
18549559457235314e-29
8514756306408855e-20
3736155289653466e-21
0.00012471437043932705
0.016324419246590043
0.00390254373981544
0.0001635486160906986
0.00015211300630086591
3799874509311623e-24
0.0005144557814932082
0.022901775808760943
13135133545792377e-24
0.0018055984862587577
0.001800545211600812
4418718763474502e-20
0.10730853420817948
43372221511488504e-21
0.29323617845969235
0.0019103613769289032
0.1790107284676831
0.003301707421824455
0.0007008342825193674
0.0005692597092294741
44751033656418234e-21
0.30953871609587674
12101976958110874e-21
21567582861523886e-21
0.008295724837370103
0.006440664028546364
2171598471765495e-23
8722941323749786e-20
0.003054821323921951
0.13083256574227348
0.030184856984632392
0.0001001118677086733
0.02297818095758908
0.0003541095449906846
0
0.11169100483903026
0.012326433532013162
0.3014458384291228
0.28569063224555974
0.29455183146558833
0.052104698530433514
0.029647486140644674
0.3131409536433101
0.29885817327727415
0.3120945165556028
0.28215014755397283
0.20631781583931072
0.0007651536102562006
0.015717069538167948
0.13894656501516028
0.2577854803624024
0.13502949432899367
0.00029922476847704644
0.026961299998064698
0.2442162118371933
0.11328579454785258
0.1634445836979406
