1.1716185856853787
10413507672086451e-24
0.004197881476108333
0
0.004507220579594757
2878935273819336e-21
0.004705938032115561
0
0.005078933546953529
0
0.07432628803188487
0
8.05135206933206
0
5.323522982817908
0
6.847455791360195
1.0532456467834577
17.267688923271756
4.741865807948065
0.5035521119750431
21.061038979473633
7.0206676751891335
2610801728387048e-20
0
0.021072788420615884
0.0004627230984959845
0.024228196068931878
0.006855896831051314
0.22763082771068566
0.21259444111268427
0.00011064989918447965
10395875859308611e-24
0.03663097610331167
0.00012424951017060495
0.0001814922903342808
5148985871735673e-30
0.02435457321619072
0.02783918095642876
0.09799961532677089
0.11670912604628003
0
0.08200024065117047
0
1.141525743051082
3.8125664540614665
4.45348524693711
0
5.316248245317702
0
4.429178757508217
0.0730580668240101
31.351614350528983
31.622661364991266
14.364341627438868
39.468034914431556
39.50190096665246
1.4831120720466198
0.0016890270119073114
0.014845315016172906
0.4566083515373944
35.54845162284828
0.047898181616847085
0.5799431118885531
2.6272438498807076
1.4159997016310812
38.350664640890535
0
39.27821625348105
0
16.30671181161407
0.0005388121721113018
0.000541913278896279
0.041517909046170996
6.981175910052057
0.35329634567366885
0.2447716940658818
0
0.0005092181031746244
0.0194992704034563
0.07159577178133897
0.032788478992392636
0.010938074015339144
5422695635373439e-20
39826359184836125e-21
0.001377947500062665
2.055425999686428
0.3821766412328941
0.1214820124121243
0.0009176829514032323
0.001377078329216882
0.021877803807975316
0.008403144732953364
6170998474467841e-20
0.06718107715664348
0.6488573597066597
0.021393326990120958
19771464962699366e-23
0.0009303475421788157
29843241369733434e-21
0
0.8995396387362782
0.5220557215318257
0.06119747479603087
0
0.29143312197984234
0.004837575902520278
0.06993760229242478
0
0.00030955398046864275
0
0.12614124160425144
0.688218315237246
0
0
0
0
24349551779256e-18
0.3874273822195982
0.00011860644362954636
0.0008024627785823285
0.3835530451421627
0.3410350201086472
0.17864508360159434
0.5990681687740963
0.0013080882408886823
0.4424043873711552
0.0006526747269069791
0.30170315868832115
948132511451431e-21
0.00017226010832427585
0.35203835268397304
0.028251955052760742
3838073996479122e-26
0.08135538152204277
0.060897361182060725
0.2115621753735272
0.02221813596239712
0.032080198581721696
0.13168235257898248
0.2440053132848647
0.24127377499062663
0.17051171436836648
0.2677524926187182
231730218613219e-26
0.21411808129798535
0.21417740546674058
0.4389020682563535
0.5516172190747688
0.00045098660757890354
0.5644530536401188
0.5586590707745256
11.731784682442933
2.102731856286333
2.7960049216044265
0.10186197070783803
0.48879660635315403
2.627843921169716
4.182414452899438
0.6272944263104845
5.250832893809922
7.332241847446204
4.746000380675299
2.4591706033021743
2.964541435864642
0.6205772414854547
38.150247614150274
619.1718139907971
4.00209215436024
4661.719818380519
1.0999844030987556
23.21847614444764
1.1710762262850063
45.090212424699686
1.305397001429441
1.3969295424352872
1.0999833923938798
0.9068790310313496
1.0839970594421262
69.05802912821325
0
0.0008560126536389646
0.0007665566140951477
0
0.00813541963524876
0.007618926104353465
0.007438232022705642
0.006202152727048488
0.006863328225618836
0.009522327706165241
0.006291934447595613
0.009978078094581622
0.005407178808600045
0.007152257087750445
0.00921533279430481
0.017476288932824487
0.00750427268432539
0.008802834975968843
0.007957937780113632
0.009205406526194043
0.00420362245077998
0.011937267684533952
0.01813264129727196
0.012241028327666804
0.0076981539600328944
0.0019005402882456487
0.007438116730038999
0.02287156788175653
0.07148748710741697
0.0414014532308499
0.11277598742685413
911980533331777e-19
0.01009845911263287
0.21747929371335192
4806100426123545e-21
0.07330787469993558
0.010917235877260595
0.001269381104877816
5486346957140633e-21
12044231335727122e-22
0.10114175978021567
0.08814605710185042
0.00414182669199319
0.04037385604497973
0.02021797236749042
0.0057800321175331
0.012092997987281102
0.00048284952033174073
0.3074096374372466
1569913000104036e-24
0.07806710386026659
0.00034189725208618745
0.009620256109502446
0.010905342834628583
0.0001570580607013515
0.00017087074536211211
0.3134245157557713
0.00039348399669304795
0.05640639912972847
0.23281344073819957
13179225810495112e-22
2586164963134212e-21
0.00014472324535256853
1257144972554255e-20
0.0005944328976623994
1700303062332226e-20
14432276502123814e-23
10044039310566178e-22
19076933434226498e-21
0.07590779918293115
0.07670092238893424
43499595469719484e-21
0.00021267652644254661
0.019592177580445572
0.008154832235194566
0.0905414642414829
0.020168021889075207
2782875181941813e-20
0.13532288818037286
0.03852610624853258
5573478024558674e-22
0.2636881213888699
4458963272809865e-22
0.003763077151370532
0.0009824484639978492
2299456595304278e-27
0.26896426224993564
0.3129017336646639
0.018080047183951675
0.25850174947326016
0.3098649921108549
0.00739970771956151
0.18755617472018868
22332184592552777e-26
4630614495055108e-21
0.0006293741928432251
9120551661663464e-20
0.12955616932386513
8645599460428712e-22
0.00011181296929922085
0.15974727722196758
0.0009290699507667234
0.011841547531841643
12200725607912832e-21
0.13629567133895357
0.09606579546050181
0.02121618640477525
3146895160542411e-20
0.00015344656083743867
12006679403114244e-23
0.013666074828896767
0.1609314986269403
8333314509090376e-24
11103284473031391e-21
9106325524866427e-21
9650115998648329e-20
10586390827785155e-21
0.2878694194556846
0.15970770350546545
0.005152703744932427
0.0015481084282615806
0.041711582204451425
0.0058801789878580365
6760350863431739e-20
0.028347146678865044
8323604811424547e-20
0.0007209133507569095
0.08052957143875433
997037770930881e-21
0.3137996420741426
0.3136166620926388
0.0018277964479139796
0.0005370550104612849
5829910090418822e-24
0.0010306864891510906
10390421284524329e-24
0.01026972069803489
0.029249108846558063
0.0009038256905234718
0.00033762205848943296
0.00015454709517866686
26181802380204388e-22
0.006120175992750971
0.03055984920866666
0.021432937720118984
11257175931278137e-24
0.31006002847252206
0.067080419495195
0
0
8177849430644943e-20
6661687607450087e-20
10336380754651554e-22
7596603658157251e-22
0.00019347953726377002
0.009745430003187295
0.005388134290937716
1520423364399704e-23
0.00013149701512967416
7328724717260235e-21
0.05625233345068237
0.013391736085606136
0.09971257815932327
38456356614055846e-23
0.06046531288189894
0.007683837996938338
0.00012014216825966022
0.12252531992306269
0.0002964175089264193
18549559457235316e-29
8514754113268406e-20
37361552474322645e-22
0.0001247143233876555
0.0163235973995723
0.003902497463208192
0.00016354853517076893
0.00015211293630237936
3799874509267947e-24
0.0005144549804870508
0.022900145203489382
13135133545270524e-24
0.0018055886044073496
0.0018005353850422878
4418718172873802e-20
0.10726827900052195
4337221582133272e-20
0.2927288641876532
0.0019103503137395672
0.17888309735964947
0.0033016743212144046
0.000700832795676658
0.0005692587284114087
4475102759871961e-20
0.30887654363400074
12101976515117112e-21
21567581454528347e-21
0.008295514636927183
0.006440537604561332
21715984716228566e-24
8722939022048516e-20
0.00305479299667428
0.13077036458073685
0.03018199856070603
0.00010011183739066178
0.022976539299347672
0.00035410916555894103
0
0.11164708953446652
0.012325967201915677
0.30087394294048053
0.2852313402082923
0.294035209957631
0.05209593628838432
0.02964473044598375
0.31224539313927707
0.29830850901405864
0.3111771284474063
0.2817108737275625
0.2061373511557775
0.0007651518378458731
0.015716308268056974
0.13887540873996965
0.25745647492470186
0.13496275510151232
0.0002992244975666735
0.02695902867902435
0.24393469090246955
0.11324050029806551
0.16334151525469764
