1.1746867936665277
60847630541986655e-25
0.003350999462415101
0
0.00363676058087825
2322763877038386e-21
0.0037958042297634525
0
0.004094217586412536
0
0.06975300631618515
0
8.181069525196959
0
5.4858814404374066
0
6.750272514592349
1.0348848869456924
17.06047866167947
4.744516141398639
0.4946573601050236
20.926415569275964
6.965683309485754
20933908676754586e-21
0
0.020000739745048506
0.00044223737031978363
0.023442891061430556
0.006855621880924951
0.22003897984339577
0.20570822154985732
0.00010505455455416248
7706375120658565e-24
0.03538248894966828
0.00011799254929529506
0.00016692383124730398
3899399924418512e-30
0.023114660419538906
0.026425986443933926
0.09661760731650243
0.11063652374625148
0
0.08215715666772122
0
1.1530311918310026
3.6246700165171872
4.454681649899908
0
5.3285154668213375
0
4.429934327393568
0.06376069745914814
30.894600897849035
31.085935226451916
13.733173161620536
40.21925546834223
39.38594419001803
1.4804104194417413
0.0014195972636357715
0.015449302002430049
0.3919108672950963
35.66613423459449
0.04760587794111461
0.569314500234593
2.6257646889359942
1.4243414891411987
37.68071712770165
0
38.22628567280652
0
16.343438113690986
0.00044468125137056964
0.00044618778465199774
0.03434729210066151
6.981767108827591
0.3509435850205548
0.2422457923947466
0
0.0005000731304461241
0.019512937698832358
0.07154945892159902
0.03274250502163367
0.01077870262076944
5460360062541384e-20
4009190839820643e-20
0.0013833728438047176
2.055548096434073
0.3818025185274174
0.11754707050667294
0.0009041142749692465
0.0013396296430280422
0.020955675796956206
0.007930817656773214
5490481628411912e-20
0.06678679022384013
0.6680727089746559
0.021318621405479053
17051602288315648e-23
0.0008291815317709294
29357706609449613e-21
0
0.8984423325565384
0.5221739044424902
0.06025373496634997
0
0.2905391726096944
0.006436948608325641
0.07008035734798941
0
0.00031579876650389573
0
0.1261205417952288
0.686922163096971
0
0
0
0
21995522857694317e-21
0.3873213934138637
0.00010581960876590368
0.0007584957783853303
0.3833318592913504
0.34007131703140614
0.17854086419066506
0.5987788888107595
0.0011062439439265277
0.4503054338289559
0.0006568867681548672
0.30364534058117854
9479511766224087e-22
0.00014554534278351115
0.3556167165070941
0.02730675605569733
35364180092494164e-27
0.1005602758797062
0.060366894351443906
0.21141405299213673
0.02223908009259157
0.0321485855751868
0.13060709103497015
0.24254214547155034
0.24105948585797335
0.1707266019057017
0.2675119090956628
21342410731308002e-28
0.21349349788875954
0.21355838286843884
0.43860754600649665
0.5514003561236903
0.0004462188807608726
0.5595599565441853
0.5594695243421707
11.731606098234858
2.103266875063013
2.7970409503819975
0.10181852325600177
0.4887903198784644
2.629004933799211
4.184973434097612
0.6271292622049811
5.2425243972396895
7.318501935318285
4.73885263418701
2.45968972734878
2.958901047721282
0.6209372165819478
37.80128306608718
619.1707318216694
4.002091604822361
4651.603987183687
1.0999843622542371
23.218474607953482
1.1710461260191534
45.08931460938725
1.3054037449819642
1.3969291743359464
1.0999833515397777
0.9064625556652884
1.0838929309716865
69.07664709622738
0
0.0008557993581058268
0.0007672666602056204
0
0.008139523769085666
0.007593487045541191
0.007414900468376718
0.006170791352842048
0.006840807176574342
0.009505095863944614
0.006264589178438519
0.009964689491788846
0.005380550597271785
0.00713083136572219
0.009192797811461201
0.017446675953798996
0.007477873210025983
0.008784632934135346
0.007933598672589472
0.009187268249512255
0.004195946010982982
0.011915100090809354
0.01808549024499146
0.012214343267862844
0.007680597881602062
0.0019005291809867583
0.0074379454826676225
0.022869918110602926
0.07147030149105658
0.04139591901078201
0.11273046997137182
9119802781190781e-20
0.010098142456080084
0.21726967282436255
4806100355251837e-21
0.07328975604951832
0.010916865426703675
0.0012693761536276965
5486346864786972e-21
12044231291218565e-22
0.10110581684951525
0.0881192906447467
0.004141773800765882
0.04036860014112478
0.020216687417044913
0.005779928912094941
0.012092542803357477
0.00048284880459401616
0.30675983697783066
1569913000096474e-24
0.07804641594489517
0.00034189689328834375
0.009619968897386658
0.010904973196035821
0.00015705798500323354
0.0001708706557623059
0.31265308316514023
0.0003934835214245941
0.056395920306339255
0.23256255582080151
13179225757202719e-22
25861649426132116e-22
0.0001447231810786266
12571449240631686e-21
0.0005944318127548111
1700302973627633e-20
14432276495733025e-23
10044039279613227e-22
1907693231759052e-20
0.07588830042438652
0.07668099139936102
43499589663715396e-21
0.00021267638762894784
0.019590971870237364
0.008154626220121294
0.0905131221235314
0.02016674335844105
2782874944319952e-20
0.13525481753803567
0.038521331821159695
5573478015027698e-22
0.2633297887029058
44589632667095444e-23
0.0037630335106635933
0.0009824454991379976
2299456595304263e-27
0.2685830219058469
0.3121496916532327
0.018079022305079823
0.2581643814308918
0.30891571889750297
0.00739953824395287
0.1874112356429741
2233218459253747e-25
46306144292644216e-22
0.0006293729765936073
9120549109118724e-20
0.12949439801709522
8645599437494942e-22
0.00011181293093503526
0.15964804135384225
0.0009290672994949088
0.011841111212564022
12200725151179911e-21
0.13622650028479352
0.09603362180545395
0.021214769700734493
3146894856688146e-20
0.0001534464885809084
12006679398691107e-23
0.013665492416118382
0.1608305531606239
8333314508877312e-24
11103284094768813e-21
9106325270432065e-21
9650113141064981e-20
10586390483921702e-21
0.28738811703217787
0.15960852443135906
0.005152621787282209
0.001548101061516108
0.04170596250066605
0.00588007216239911
6760349461077844e-20
0.028344595081327934
8323602685489446e-20
0.0007209117548131528
0.08050747930335009
9970377678808196e-22
0.3129498797240241
0.3127556997874401
0.0018277861755295456
0.0005370541249473025
5829910090314535e-24
0.001030683225810897
10390421284193077e-24
0.01026939314269463
0.029246389211854774
0.0009038231814467866
0.00033762170861028793
0.00015454702188186296
26181802169882143e-22
0.00612006023630164
0.030556875458590066
0.021431491535064608
11257175930889322e-24
0.30911367312377225
0.06706538076708059
0
0
8177847378516327e-20
6661686245732092e-20
10336380721870543e-22
7596603640451102e-22
0.00019347942238144493
0.009745135224153502
0.005388044647787657
1520423364328777e-23
0.00013149696206769842
73287245524647356e-22
0.056241913961965324
0.013391177006736185
0.09967772098316006
3845635656868039e-22
0.06045320507717141
0.007683655194721787
0.00012014212396648785
0.12247072523749239
0.00029641723924987034
18549559457235316e-29
8514751888564126e-20
3736155204603403e-21
0.0001247142756588188
0.01632276376653251
0.0039024505211333006
0.0001635484530862537
0.0001521128652964842
37998745092236435e-25
0.000514454167953821
0.02289849124862276
13135133544741151e-24
0.001805578580388311
0.0018005254171114635
44187175737730604e-21
0.10722745985524273
43372210049283086e-21
0.2922151451922631
0.0019103390913905957
0.1787537223144149
0.003301640744548426
0.0007008312874380375
0.0005692577334788107
4475102145383741e-20
0.308206288213728
12101976065747646e-21
21567580027282964e-21
0.008295301416651378
0.006440409363575745
21715984714781642e-24
8722936687221016e-20
0.003054764261999832
0.13070729841287063
0.030179099273950034
0.00010011180663631276
0.022974874133646954
0.0003541087806667053
0
0.1116025598276489
0.012325494178265353
0.3002949250533633
0.2847661922820128
0.2935120788239438
0.05208704944271239
0.029641935352144547
0.31133956019209497
0.29775196667119785
0.31024929206339924
0.28126597645279017
0.20595445043917995
0.0007651500399306225
0.015715536079166433
0.13880326559042838
0.2571231633391806
0.13489508904267974
0.00029922422275751914
0.026956724865901102
0.24364944978680755
0.11319457266087413
0.16323702982101948
