1.1751925979020772
5568951847860606e-24
0.003228809423116012
0
0.0035109817116048794
22423893968862853e-22
0.0036642971766607645
0
0.003951945415536052
0
0.06904882583779617
0
8.197974124794586
0
5.512106518272505
0
6.740236253616928
1.0326564290605968
17.035968549168256
4.744784575054572
0.49358402198898527
20.9108862970691
6.958890444976449
20184738080213353e-21
0
0.019829285651934064
0.00043892505201438884
0.02331582364495074
0.006855576718690205
0.21881060203670122
0.20459395837275302
0.00010418839227781924
73391426436079225e-25
0.03518065954803738
0.00011702381939676164
0.0001646941423499999
372662929425956e-29
0.02291633232761262
0.026199864420970016
0.09646097232486343
0.10979588145302265
0
0.08216624584256826
0
1.154988377424678
3.593616486889004
4.454759146804148
0
5.330475199769175
0
4.430014600445243
0.06264527565874756
30.818006548799392
30.99623016212159
13.627730837731457
40.31737146614002
39.36728423051867
1.4799571148624369
0.0013890687733232171
0.015534426189369177
0.38466656997882404
35.68350154588729
0.04755049955188528
0.5680021399135151
2.6254936960268624
1.4256437737465737
37.59854255634755
0
38.09876303585713
0
16.348762347856123
0.0004340631053703764
0.00043552454856787733
0.03353389825424359
6.9818344021548
0.3506677519167599
0.24193407505775275
0
0.0004989449423557071
0.019514782875292597
0.07154043161953774
0.03273474255154776
0.010760561419486265
5467165335285975e-20
4013974359993949e-20
0.0013842299739783622
2.0555387283982696
0.3817433276141293
0.11690766393193021
0.0009023377028242143
0.0013350715331185564
0.020813581807878748
0.007855954627353362
5385753222732276e-20
0.06672292370218603
0.6711689824386904
0.021306156111863463
16640382419465408e-23
0.0008135938369288949
29292777767048865e-21
0
0.8982595917612269
0.5222153832440231
0.06014399584895807
0
0.2903951289948962
0.006688812529048985
0.07010032297051932
0
0.0003166146154986053
0
0.12611713375317105
0.6867085061258698
0
0
0
0
216537283236566e-19
0.38730270489899987
0.00010384856915238763
0.0007514441024902848
0.3832953843351085
0.3399102227067433
0.1785242708096447
0.5987260244701836
0.0010834341771457684
0.45156277639720976
0.0006575975501785662
0.30397285596604645
9479213553123912e-22
0.00014252502199046333
0.35618180262692484
0.027153500271344413
348897756254059e-25
0.10333724041755743
0.06028077007457354
0.21138961019653094
0.022241972448944585
0.032159329321705656
0.13042996194126635
0.24230148926673378
0.24102424361717037
0.170759794587385
0.2674678862510765
21054359364058647e-28
0.21338619541903397
0.21345170730689406
0.43855895555089336
0.5513645768845082
0.0004455809769425819
0.5589366310851076
0.5595965245643042
11.731373349323238
2.103353249210727
2.797205321260043
0.10181091718641098
0.4887819002491485
2.629192360731121
4.185379467463786
0.6270999995717861
5.2411155464682455
7.316172198856777
4.737622457223411
2.4597734314127133
2.957954622767743
0.6209888456494952
37.7601160554611
619.1705534226904
4.002091514229231
4649.938467858794
1.099984355520883
23.218474354657342
1.171041163965038
45.089166603279416
1.3054048501821813
1.3969291136504953
1.0999833448048433
0.9063939062995615
1.083875766008176
69.07949054781069
0
0.0008557495513556708
0.0007673829798784172
0
0.008140177896827158
0.0075891642802003376
0.007410927620839319
0.0061655276841869775
0.006836962837137962
0.009502161751306382
0.006259981525339198
0.009962304851911229
0.005376080062002146
0.007127173582164509
0.00918892487242201
0.017441485271980625
0.007473393160009147
0.0087814813405145
0.00792945368188518
0.009184119420899505
0.0041946542163785756
0.011911240928323514
0.018077391803105768
0.012209736890630683
0.007677569538761369
0.0019005273499246192
0.007437917252350505
0.022869646151796815
0.07146746878205375
0.04139500674732794
0.11272296803237603
9119802360464274e-20
0.010098090255153213
0.21723513553205998
48061003435683995e-22
0.0732867695600606
0.010916804357910844
0.0012693753373995893
5486346849562166e-21
1204423128388118e-21
0.1010998927650179
0.0881148788862147
0.004141765081536943
0.04036773375368493
0.020216475596554446
0.005779911898513985
0.012092467766426952
0.0004828486866023864
0.306652847180953
1569913000095227e-24
0.07804300600003385
0.0003418968341393684
0.009619921550342555
0.010904912261093991
0.0001570579725241519
0.00017087064099148593
0.3125260923820714
0.00039348344307507237
0.056394193024559794
0.2325212225785362
13179225748417289e-22
25861649392302565e-22
0.00014472317048285738
12571449160692528e-21
0.0005944316339043964
17003029590043882e-21
14432276494679477e-23
1004403927451053e-21
19076932133509392e-21
0.0758850864704844
0.07667770620710701
43499588706576494e-21
0.00021267636474507558
0.019590773112045386
0.00815459225835467
0.09050845068353955
0.020166532596218794
27828749051472048e-21
0.1352435991555876
0.03852054479782528
5573478013456484e-22
0.2632707631461925
4458963265703885e-22
0.003763026316397281
0.0009824450103719023
229945659530426e-26
0.2685202250794651
0.3120258887022959
0.01807885335598559
0.258108807483407
0.30875950752797343
0.007399510305710832
0.18738735271315085
22332184592534943e-26
4630614418418609e-21
0.00062937277609106
9120548688323348e-20
0.12948421764104273
8645599433714232e-22
0.0001118129246105736
0.15963168791265053
0.000929066862424706
0.01184103928543136
12200725075885976e-21
0.13621510057875635
0.0960283189066793
0.021214536161469993
3146894806596768e-20
0.00015344647666918362
1200667939796194e-22
0.013665396405828407
0.16081391804717926
8333314508842189e-24
11103284032410974e-21
910632522848772e-20
9650112669982993e-20
10586390427234677e-21
0.2873088500358752
0.1595921803475399
0.005152608276417614
0.0015480998470871127
0.041705036146605125
0.005880054552055157
6760349229895193e-20
0.028344174464085922
8323602335022064e-20
0.0007209114917168844
0.08050383792370487
9970377673780067e-22
0.3128100146999015
0.3126139944153894
0.001827784482098533
0.0005370539789675333
5829910090297345e-24
0.001030682687839463
10390421284138469e-24
0.010269339145116334
0.029245940895357748
0.0009038227678178637
0.0003376216509315883
0.00015454700979864572
26181802135209827e-22
0.006120041153678254
0.030556385253837425
0.02143125313604374
11257175930825224e-24
0.30895794088292705
0.0670629019067388
0
0
8177847040216186e-20
6661686021248402e-20
10336380716466487e-22
7596603637532184e-22
0.00019347940344272019
0.00974508662971075
0.005388029869961021
1520423364317085e-23
0.00013149695332025823
7328724525297654e-21
0.056240196460098174
0.01339108484297606
0.09967197583243968
384563565612001e-21
0.06045120929831106
0.007683625059589232
0.00012014211666461342
0.12246172745894517
0.00029641719479282276
18549559457235316e-29
851475152181432e-19
3736155197542924e-21
0.00012471426779056395
0.01632262634345588
0.003902442782631182
0.0001635484395543538
0.00015211285359093067
379987450921634e-23
0.0005144540340051534
0.022898218600161422
13135133544653886e-24
0.0018055769279009554
0.0018005237738703906
4418717475009329e-20
0.10722073217567311
4337220909774168e-20
0.2921305435202433
0.0019103372413555727
0.17873240339605362
0.003301635209356751
0.0007008310388002232
0.0005692575694610475
4475102044083334e-20
0.3080959341228622
12101975991667604e-21
21567579791996845e-21
0.008295266267109769
0.006440388222870214
2171598471454312e-23
872293630231704e-19
0.003054759525019645
0.1306969046671288
0.0301786213436787
0.00010011180156635751
0.022974599637159886
0.00035410871721598707
0
0.11159522066362408
0.012325416200494764
0.30019957908540035
0.2846895839729809
0.29342592833390563
0.052085584562368024
0.029641474596983155
0.31119048315091874
0.2976603185708702
0.31009660101504516
0.28119270115628425
0.2059243142364853
0.0007651497435387515
0.01571540878491622
0.13879137615244508
0.25706825726863036
0.13488393732685897
0.0002992241774543451
0.02695634509358993
0.24360245888075613
0.11318700312663822
0.1632198114700972
