1.1755654667606243
5216916827448238e-24
0.003141595359696825
0
0.003421172041600484
2184998181208305e-21
0.0035703982552081977
0
0.0038503619362136366
0
0.06853804200362316
0
8.20978073074003
0
5.531320323880662
0
6.73380712335368
1.0311372265337615
17.019444246098544
4.744970048169942
0.4928535639986915
20.900518050397
6.9542506661707115
1964957655018061e-20
0
0.019703828755206192
0.00043649512993406325
0.023222581769316155
0.006855543455271533
0.21790922432615503
0.20377630872198016
0.00010355924698892671
70803603073915845e-25
0.03503258970991402
0.00011632014594256035
0.00016307961326466762
360451250451957e-29
0.02277120723413583
0.02603438799527783
0.09635633943676053
0.10920269587006104
0
0.0821702463388085
0
1.1564372673021766
3.5707777584133975
4.454801631219509
0
5.331908357111484
0
4.430068651179846
0.0618738396351956
30.76134420614243
30.929914934935738
13.549774335348461
40.38592278110441
39.35112370696032
1.4796223525091408
0.0013681691003340107
0.015593996052566804
0.3797185832853952
35.695957005871534
0.047508565154138635
0.5670999527690199
2.625290763228266
1.4265910079514146
37.542164068367626
0
38.011342055318714
0
16.352575293913002
0.0004268084881776138
0.00042826948812398703
0.03297730776392641
6.9818805186775315
0.3504824535819113
0.24172101482724742
0
0.0004981697989907374
0.01951613034901464
0.07153358556763063
0.03272899295160531
0.010748399819268164
5472259650477908e-20
4017551922395343e-20
0.0013848553220119988
2.055527866921873
0.3817001350559393
0.11643810401396068
0.00090110156370894
0.0013319558215751075
0.020710475477096278
0.007801323545220373
53098354508090044e-21
0.0666760844250933
0.673436393356827
0.021296956972065358
16343579138737428e-23
0.0008022912180863024
2924733076332184e-20
0
0.8981245803722347
0.5222481506689206
0.06006991365210144
0
0.29028953311593925
0.006872332681495326
0.07011449742192111
0
0.0003171846202964442
0
0.1261146222550455
0.6865510071503408
0
0
0
0
21409035115146455e-21
0.3872887042648516
0.00010241919683137746
0.0007462810320724266
0.3832684935347826
0.33979118969143524
0.17851214275751562
0.5986864563668238
0.001067828871660755
0.45248162821574506
0.0006581243731440617
0.30421556676229883
9478993850645568e-22
0.00014045840566715443
0.3565939910139549
0.0270410013435906
34544071904628934e-27
0.10532195911527803
0.06021749900307244
0.21137158711527843
0.022244027269992583
0.0321671756418201
0.13029941005836967
0.2421241831786153
0.24099827931775547
0.17078396489995082
0.2674348537239889
20844437571759418e-28
0.2133065120765242
0.21337244177451956
0.4385231294292926
0.5513381959388236
0.00044513260175857493
0.5585044190653332
0.5596892663968485
11.731174556801276
2.1034165892372014
2.7973253223264076
0.10180522850386498
0.48877470511465176
2.629329802954064
4.185675902812662
0.6270780531647624
5.24007363107881
7.314449855858448
4.736709486252599
2.4598347892870467
2.957256733334382
0.6210258728382773
37.732113261426406
619.1704219105314
4.002091447445772
4648.711061874571
1.099984350557188
23.21847416793245
1.1710375060505438
45.089057496420956
1.305405663831894
1.396929068913831
1.0999833398399834
0.9063433007999128
1.0838631125110805
69.0815487567061
0
0.0008557107061274053
0.0007674685874539687
0
0.008140655916729078
0.007585962876131319
0.007407984388968433
0.006161637232223397
0.006834112901288948
0.009499989012238006
0.006256573818237131
0.009960525938679163
0.005372775836623734
0.0071244624537222054
0.009186051494331594
0.017437622524660842
0.007470075866571104
0.008779140439151232
0.007926382924624789
0.009181779541192455
0.004193701555469924
0.011908372107340833
0.018071383260605697
0.012206317066692774
0.007675321477654254
0.0019005260001030272
0.0074378964415887944
0.022869445671225327
0.07146538063700474
0.041394334257661376
0.11271743807128609
9119802050313042e-20
0.01009805177383721
0.21720967884000386
4806100334955602e-21
0.0732845680571414
0.010916759339425755
0.0012693747356927409
5486346838338741e-21
12044231278472206e-22
0.1010955258695863
0.08811162676668646
0.004141758653905918
0.040367095081940245
0.02021631944810775
0.005779899356471342
0.012092412450986974
0.0004828485996213137
0.30657400031694526
15699130000943078e-25
0.0780404923516559
0.00034189679053592254
0.009619886647189168
0.010904867341280489
0.00015705796332482084
0.00017087063010273103
0.3124325103217218
0.00039348338531736767
0.05639291974053696
0.23249075723533041
13179225741940843e-22
2586164936736409e-21
0.0001447231626718668
12571449101762967e-21
0.0005944315020594495
17003029482244218e-21
14432276493902822e-23
10044039270748921e-22
19076931997808436e-21
0.07588271729451655
0.07667528451860307
4349958800099267e-20
0.00021267634787554006
0.019590626592736367
0.008154567222503926
0.09050500714493122
0.020166377227895764
2782874876269832e-20
0.13523532978216846
0.03851996463011606
5573478012298218e-22
0.26322725914736717
44589632649625326e-23
0.003763021012935537
0.0009824446500633788
22994565953042577e-28
0.2684739419049853
0.3119346550618202
0.018078728811072448
0.25806784713092046
0.30864440218376865
0.007399489710260019
0.1873697486394165
22332184592533082e-26
4630614410423292e-21
0.0006293726282845966
9120548378121349e-20
0.1294767133820386
8645599430927169e-22
0.00011181291994830606
0.15961963355251538
0.0009290665402253459
0.011840986262454353
12200725020380782e-21
0.13620669755220807
0.096024409902291
0.021214364002598584
31468947696703974e-21
0.00015344646788809676
12006679397424412e-23
0.013665325629377261
0.16080165607294902
8333314508816295e-24
11103283986442013e-21
910632519756718e-20
9650112322710702e-20
10586390385446126e-21
0.2872504299766744
0.15958013288451248
0.005152598316498674
0.0015480989518347349
0.0417043532699245
0.005880041570092362
676034905947193e-19
0.028343864397387418
8323602076664466e-20
0.0007209112977675906
0.08050115367625393
9970377670073432e-22
0.31270694900255436
0.3125095731358257
0.0018277832337357553
0.000537053871354166
5829910090284674e-24
0.001030682291257763
10390421284098215e-24
0.010269299339353522
0.0292456104097211
0.0009038224628989401
0.0003376216084120003
0.00015454700089113804
26181802109650087e-22
0.006120027086384567
0.030556023889643947
0.021431077394708113
1125717593077797e-23
0.3088431884008808
0.0670610745986875
0
0
8177846790828036e-20
666168585576348e-19
10336380712482724e-22
7596603635380416e-22
0.00019347938948146876
0.009745050807005745
0.005388018976066041
1520423364308466e-23
0.00013149694687181903
73287245052706195e-22
0.05623893038534207
0.013391016902084727
0.09966774083321367
38456356555685774e-23
0.06044973809187568
0.0076836028446424015
0.0001201421112818166
0.12245509489819766
0.0002964171620199725
18549559457235316e-29
8514751251453643e-20
3736155192338078e-21
0.0001247142619902427
0.016322525038628032
0.0039024370779706065
0.0001635484295789061
0.00015211284496182917
3799874509210956e-24
0.0005144539352608725
0.02289801761119768
13135133544589554e-24
0.0018055757097209936
0.0018005225625065977
4418717402202665e-20
0.10721577293390282
43372208396284235e-21
0.29206819252816796
0.0019103358775475645
0.1787166891399827
0.003301631128929085
0.0007008308555094104
0.0005692574485504332
4475101969406682e-20
0.3080146085750358
12101975937057264e-21
21567579618548584e-21
0.008295240355659645
0.006440372638405491
21715984714367284e-24
8722936018573466e-20
0.0030547560330164312
0.1306892431329681
0.030178269027800488
0.00010011179782888711
0.02297439728588947
0.0003541086704413823
0
0.11158981068638738
0.012325358717143513
0.3001293113119795
0.28463312304236743
0.2933624360915375
0.05208450470798814
0.02964113494199519
0.31108063221871823
0.2975927754706776
0.3099840883199677
0.2811386962833746
0.20590210124866953
0.0007651495250446115
0.015715314946777855
0.1387826121464865
0.25702778910904966
0.1348757170932661
0.00029922414405774745
0.026956065136394217
0.24356782391914228
0.11318142334012911
0.1632071196059653
