0.00022833982237884675
32.73439486764089
142.51151681049632
0
277.8075948730936
0.5308859897003314
211.04887938793902
0
89.60251661547304
0
736.2425532887881
0
29.094912701089488
0
34.18717384615877
0
27.52133707055729
16.533648643502076
293.7823939523786
579.5154269557921
6.658897040701576
59.69448167813821
14.834399308561057
1.1118461258155818
0
6.456797802940377
0.6503755369200702
7.8296690338941435
0.006482654005580381
2.9565103078872763
56.52163814808252
18.091536182047133
13.524714551445603
0.4006417552111747
38.73645979925444
2.431577746553595
35958883815640027e-22
45.23149250907507
61.321110436029294
72.89074022471812
46.59926425532792
0
4.74291701333937
0
247.46458051875157
33.93084943639264
4.840219850972767
0
13.569945135928332
0
3.584348263770933
11.48229292864355
31.279028581296096
30.65777024888543
18.390373746216795
87.74061021167134
1420.0964743578065
2.0489144490184934
0.0638025788427128
0.3399004620224881
12.047779104052529
51.5688713400462
1.816227048974038
3.363755536237527
0.0035263340685224042
0.005674469975504665
333.22988044140783
0
271.5505231674222
0
7.334195759809642
0.031193952465310575
293.76489043905525
8.044408597680496
5.588501648651118
0.9988332320434182
2.9874650805859826
0
6297937318000958e-20
6.860975567887416
0.075260314897258
0.0018865450817049246
0.04715898953504138
0.008172216374085467
0.0006345224982952681
0.0017364712081264684
0.17962880423113292
0.6788481616806675
0.8263092704438695
0.09819662982609696
0.010863624721833592
0.08589949594968076
0.016895201027012932
2.29189984903079
0.02474465300775694
3.392116252628667
0.012379348304960439
0.026132250387381054
10.782315261512926
0.0004616164288638317
0
1.2638284646079114
1.552658699223808
0.22355605589587216
0
2.7421680453061104
0.020988782434518644
0.05401198464148238
0
0.0036285641091465945
0
0.13422243969894393
1.2391444336807085
0
0
0
0
1.8218609312039582
0.565848521628907
1.2132159100696291
5.8773230956997535
0.29638505321481223
1.1402232022989527
0.09949078851199854
0.3943312182013311
0.005285654029697536
5.508986627743447
0.0036984426617536616
1.6222535794052035
9046938142335252e-22
0.039300053266841925
1.8433947228850245
0.25045721846742236
0.5196188557936278
0.15137582740555003
0.8722903107995674
0.19965173078567536
0.0004149897932012686
0.01735321165384016
0.9992384847823644
2.3266461534404943
0.13319302448903012
0.08385257612168315
0.23003039813057433
0.023275113196834864
0.2788097929472333
883.66902723842
0.3532594733311167
0.6326738216136587
0.1568776205236289
43.02808523845784
0.22686266932158605
6.84054996655249
1.9907156752455901
2.81284933819032
0.18430509637469558
0.30107507562923463
2.3963800957710193
4.2290662390137195
0.9235094450404101
3.720604898692945
3.6039814470861695
4.406124080172127
2.1590955862711523
2.5354535952964494
0.24054595531701986
30.176747917237876
619.5851062121603
4.002301964201801
10683.98499551814
1.0999999969602585
23.219062759528864
1.1826247204046643
45.43429282227949
1.1491055981658491
1.3844893782150205
70.94433717190338
0.21871926067815273
1.124491247117041
45.89338995970376
0
0.0008629966489629698
5846296949608757e-22
0
9365048924205166e-35
0.019874152834058315
0.03230287721150049
0.05541143272398798
0.02663329131752935
0.029007298978128745
0.04248667607982515
0.032268316561236764
0.04651760193514199
0.030872342877535087
0.02845165138620381
0.04390028076903771
0.033561419014345006
0.025959591191037332
0.030064929940982643
0.025961246963499746
0.033009725611561014
0.03483598385127684
0.04848501598409512
0.03196197155149635
0.024492822660120168
0.001904785599834461
0.00750378503655761
0.023510199013993895
0.07836005331254572
0.04356931695552043
0.13156826642012542
912077974470138e-19
0.010220081722581252
0.3142751673440059
4806127483828346e-21
0.08056308856962259
0.011059590192330526
0.0012712728208355926
5486382216330391e-21
12044248328360846e-22
0.11584142093914583
0.09898270907155607
0.004162069107633861
0.04243131084826136
0.020714560926670258
0.005819569180107243
0.01226803753865944
0.0004831228545055805
0.6895547549425838
15699130029910914e-25
0.08637993084978712
0.0003420342625903822
0.009730537822639095
0.011047384113106962
0.00015708696363678294
0.00017090495649572297
0.8030370602969105
0.00039366548815431067
0.0605527244054712
0.35138317949900655
13179246156652954e-22
25861727977196983e-22
0.00014474778614938808
12571634857726252e-21
0.0005948472418660086
17003369285934673e-21
14432278942020382e-23
1004405112789115e-21
19077359751855246e-21
0.0837304158559951
0.0847015802175407
43501812161138115e-21
0.0002127295297627131
0.02005796220596775
0.008233866856898517
0.1020370409125127
0.02066211413605939
2782965903457654e-20
0.16398222924848513
0.04039283022831213
5573481663328725e-22
0.44316184970879596
44589656018111465e-23
0.00377977547594638
0.0009835810517070302
2299456595310469e-27
0.4622549908786779
0.7841406851437923
0.018475604739870317
0.4255954742456087
0.9997716862451742
0.007464695113461356
0.2519487477603622
22332184598394975e-26
4630639612900976e-21
0.0006298387082925334
9121526232550196e-20
0.15542899390410334
864560821616124e-21
0.00011182761706244091
0.20251875891074714
0.0009300827148331316
0.012009307191984541
12200899982115603e-21
0.16544412731504163
0.10917136281178093
0.0217640320572522
31470111691382666e-21
0.00015347414965278242
12006681091794714e-23
0.013890253836412798
0.2044922864208577
8333314590436558e-24
11103428888266306e-21
910642266414982e-20
9651207037782266e-20
10586522109889441e-21
0.5453143788475738
0.20245299040140413
0.0051840892466640184
0.0015509234909167572
0.043913380208316775
0.005921105290342469
6760886279838284e-20
0.029338281098445638
8324416497395802e-20
0.0007215229134981225
0.08942279155002807
9970389353935788e-22
0.8836113745996481
0.8957940503195342
0.0018317224931616877
0.0005373931915282074
5829910130231844e-24
0.0010319331328863248
10390421410988624e-24
0.010395542343761098
0.030306119155927107
0.0009047841229766236
0.0003377556629646138
0.00015457508120687714
26181882677826077e-22
0.006164530227782177
0.03171658721340278
0.02199225908574292
11257176079721442e-24
0.996066831009279
0.07307553145542946
0
0
8178632936493082e-20
6662207508835825e-20
10336393269897608e-22
7596610418070385e-22
0.00019352340238963073
0.009858625739131526
0.005422467748646746
1520423391478588e-23
0.00013151727486494848
7328787633681929e-21
0.0603747448581058
0.013606897637185023
0.11395203374456805
38456373937656576e-23
0.06526965568152035
0.00775394755899647
0.00012015907984179888
0.14525199236414094
0.0002965204848305714
18549559457239282e-29
851560351045074e-19
3736171598807405e-21
0.0001247325467901891
0.01664499571970391
0.0039204604813785696
0.00016357987666978114
0.0001521400475819542
379987452618172e-23
0.000514765285810781
0.02354040727276705
13135133747372646e-24
0.0018094196756608474
0.0018043450086324222
4418946905404206e-20
0.12404467965324502
4337441954901298e-20
0.5724003208910143
0.001914639638801875
0.23579257525070565
0.00331451831109622
0.0007014088530743442
0.0005696387040483473
4475337367313469e-20
0.7079001926803054
12102148078045784e-21
2156812635973522e-20
0.0083773203297197
0.006489684916592872
21715985268637786e-24
8723830465617313e-20
0.003065783186431601
0.15721408975455303
0.031309500381718584
0.00010012357957466272
0.023621171905106503
0.0003542561415196637
0
0.1300143721082827
0.012507892648617862
0.6277382220503905
0.5318763251137297
0.5803039163468174
0.05560201445076063
0.03073134153422007
0.9466819390625748
0.6085452229984807
0.9730399996280207
0.5150666324436467
0.28929303070116374
0.0007658385604630181
0.016013906792052595
0.16934835671065873
0.42218344817989595
0.16344243966961836
0.00029932943352767956
0.027853130046816776
0.38130279551928264
0.13220945100770165
0.20854156748269526
