0.00025840928873348767
32.65773205788115
142.43439131612658
0
214.7385631298799
0.5312628814996729
211.0809557994834
0
90.39563428367306
0
709.0493051832174
0
29.171275797473843
0
34.18498693146966
0
27.544261423772802
16.643512781250347
295.63799145390493
563.9655894936424
6.986506316886267
59.30197826156728
14.72563733838971
1.110885548878968
0
6.456195531090429
0.6497244728639999
7.743277419386609
0.006489208119639518
2.9662005572450783
56.007784783062554
17.17681635694512
10.42997863229018
0.40469954382963247
36.47926228852984
2.4415869640421817
26652177930865066e-22
45.19718735063117
61.28553801388686
70.73179681239334
46.63373482409406
0
4.7456602647436785
0
244.2844562410682
34.24396308971748
4.849101818207008
0
13.928152294311987
0
3.626763450461035
11.462977874181433
31.630558163652182
31.06064365092645
18.38731535957906
95.60083387245366
1336.865358169642
2.0410593142272484
0.06800803832558598
0.3092655279264495
12.379568443267074
51.550022116747556
1.8174359191674843
3.3559515376835267
0.003989128133552047
0.006445820132773913
333.61267811694114
0
271.98301508447133
0
7.280059735166504
0.03173385046131163
291.5677418850114
8.313745926047531
5.6863857690548985
0.9961122422394619
2.9894757555498574
0
6288663895507164e-20
6.605755577154266
0.07468999211392752
0.0018897974228852677
0.047057545885923105
0.008145720881330632
0.0006315357888921466
0.0017359666231745292
0.1789612727660029
0.6788350428582993
0.8209347566426951
0.09967206789445379
0.010844631529096718
0.08571045677722265
0.016909176838089963
2.2905733482880097
0.024638830707937973
3.3798954937937147
0.012305932693470684
0.025993401862262566
10.759203726481564
0.000464129126219336
0
1.2638701911786534
1.5519765718232454
0.2230522703972964
0
2.742081064933379
0.017888142891386558
0.05361023207752747
0
0.003667540502931794
0
0.13422218183779286
1.2391266892784236
0
0
0
0
1.8296630792560094
0.5658685739479565
1.2127525379483384
5.8767397172559175
0.296432325737843
1.1351092945109942
0.09955915412601958
0.39260935476518466
0.0056886816773362055
5.505273161284451
0.003699136063963677
1.6224016875176013
9047026528241961e-22
0.04051108786836945
1.8450372004428361
0.24974361852512228
0.517893988064913
0.1357662766739433
0.8722299121693524
0.19965678105580473
0.0004126991877676693
0.017229261886806877
0.9991083607796298
2.32622631522992
0.13320677220645236
0.0833045116862076
0.22831696489612638
0.023102846275493978
0.27657247003532515
838.6510453692767
0.3571487861693438
0.6326698549128675
0.1566071607725858
42.86708669479709
0.22573569362109117
6.788263873498637
1.9906947943177387
2.8127207785577397
0.18431605627643033
0.29895449139202984
2.396337493884263
4.22874437593483
0.9235439587242159
3.6950823574387925
3.576702788021634
4.3745110343393705
2.169026705091816
2.51473894217842
0.23905683225734922
29.9847505501345
619.5850955994518
4.002301958815862
10683.757539930977
1.099999996559963
23.21906274447033
1.1826244224991296
45.434283956157415
1.1608473415015685
1.3859101714472286
68.26201332818823
0.22081423502082723
1.1244901884443892
46.79620570093913
0
0.0008574536046349714
6518195459266963e-22
0
4724964996688665e-34
0.019693764874204944
0.032008852723034505
0.054913109114533655
0.026396942024349862
0.028797258251533713
0.042102410095211075
0.031972187421123725
0.04609680112508713
0.03059152189351347
0.02819405545013765
0.04350115614166724
0.033255889653967516
0.025725787824273073
0.029794113849169815
0.025728218843176862
0.03271530133555015
0.03452251186251829
0.048045934311492615
0.03168323576657686
0.02426998428955934
0.001904785490736133
0.007503783343439777
0.02351018239363071
0.07835986867397676
0.04356925987456158
0.1315677458967782
9120779719687002e-20
0.01022007858181653
0.314272197217353
4806127483133776e-21
0.08056289340306631
0.011059586514389048
0.0012712727722392749
54863822154252885e-22
12044248327924645e-22
0.11584101741994542
0.09898241445743287
0.004162068586745468
0.04243125671021881
0.020714548024014685
0.005819568161731772
0.012268033013050232
0.00048312284748713505
0.6895404552360627
15699130029910172e-25
0.08637970648255676
0.0003420342590726322
0.009730534975554888
0.011047380443279442
0.00015708696289477934
0.00017090495561743882
0.8030176661222487
0.0003936654834943694
0.060552614150366536
0.35137946653951596
13179246156130667e-22
25861727975185847e-22
0.00014474778551937492
1257163485297389e-20
0.0005948472312261298
17003369277241154e-21
1443227894195775e-22
100440511275878e-20
19077359740911594e-21
0.0837302050417402
0.08470136448453575
4350181210423442e-20
0.00021272952840195388
0.02005795010831272
0.008233864818288453
0.10203672783571399
0.020662101298657216
27829659011288046e-21
0.16398142064709365
0.04039278116712744
5573481663235317e-22
0.44315594373506495
44589656017513624e-23
0.003779775046352509
0.0009835810226168696
2299456595310469e-27
0.46224856501119704
0.7841221930388252
0.018475594475678554
0.4255900272233166
0.999741624096071
0.007464693437937713
0.2519468389030312
22332184598394825e-26
46306396122562015e-22
0.0006298386963640708
9121526207531726e-20
0.15542826745667387
8645608215936479e-22
0.00011182761668640971
0.2025175255929548
0.0009300826888214187
0.012009302855250977
12200899977639406e-21
0.16544330423180012
0.10917100442391449
0.02176401781408899
31470111661602824e-21
0.00015347414894451673
12006681091751364e-23
0.01389024803481828
0.20449102894826895
8333314590434472e-24
11103428884559159e-21
9106422661656251e-21
9651207009773823e-20
10586522106519424e-21
0.5453054361170927
0.20245175788454553
0.005184088438552792
0.0015509234185887312
0.043913322222266904
0.005921104236121047
6760886266093655e-20
0.029338255216449425
832441647655889e-19
0.0007215228978440968
0.08942255109688883
997038935363687e-21
0.883587892864342
0.8957699165551287
0.0018317223922723553
0.0005373931828444019
5829910130230821e-24
0.0010319331008657644
10390421410985376e-24
0.010395539094227833
0.030306091538120698
0.0009047840983607221
0.0003377556595343222
0.00015457508048841363
26181882675764844e-22
0.0061645290850978664
0.031716556965061884
0.021992244542292844
1125717607971763e-23
0.9960369912736375
0.07307537088097493
0
0
8178632916379605e-20
6662207495489488e-20
1033639326957634e-21
7596610417896858e-22
0.0001935234012634899
0.009858622816598729
0.005422466864508499
15204233914778923e-24
0.0001315172743448431
7328787632066865e-21
0.06037463525018724
0.013606892069877433
0.11395164328107206
38456373937211884e-23
0.06526952757996272
0.007753945751105824
0.00012015907940764978
0.14525135793463453
0.0002965204821867315
18549559457239282e-29
8515603488645714e-20
37361715983876662e-22
0.0001247325463223621
0.016644987388751795
0.003920460019210173
0.00016357987586517099
0.00015214004688594846
3799874526181286e-24
0.0005147652778428737
0.023540390609665306
13135133747367453e-24
0.0018094195772133898
0.0018043449107363987
4418946899532513e-20
0.1240442169596412
4337441949244208e-20
0.5723904676639668
0.0019146395285718288
0.23579090336025793
0.003314517980751878
0.000701408838280935
0.0005696386942911575
44753373612909616e-21
0.7078851219127925
12102148073641751e-21
2156812634574739e-20
0.008377318219455938
0.006489683650185163
2171598526862361e-23
8723830442732877e-20
0.0030657829038077036
0.15721334652457894
0.03130947090488049
0.00010012357927322436
0.023621155127469675
0.00035425613774602325
0
0.1300138638078363
0.012507887944316124
0.6277263714316279
0.5318678177242254
0.5802937891211248
0.05560192148737666
0.03073131313596825
0.9466549851620651
0.608534086008788
0.9730115237405785
0.5150586543290079
0.2892905140184603
0.0007658385428270117
0.01601389908085562
0.16934749432131221
0.4221780881496579
0.1634416363829955
0.000299329430833512
0.027853106718880798
0.38129842330916147
0.1322089253984847
0.20854025971589643
