1.178203746954851
32866438746230924e-25
0.00258824537747999
0
0.002850591520771091
18203470509326406e-22
0.0029738568567720686
0
0.0032050439914247685
0
0.06511238863006567
0
8.279703156458432
0
5.664078102096752
0
6.709516735173444
1.0230263174319605
16.936072736740776
4.746199609921324
0.48898246680671553
20.850590989412694
6.929444076805707
16245182456245212e-21
0
0.018838395114902273
0.0004195910672680393
0.02257316493129638
0.006855308795878481
0.2116313218948233
0.19808137308045773
9931956326650625e-20
5505201017955502e-24
0.03400205624441678
0.00011157759519750414
0.0001523233126005199
2853689874511177e-30
0.02177002408240296
0.02489250390262083
0.09584272382162973
0.1055959200304664
0
0.0821397260671372
0
1.1667502457714767
3.4114056291920374
4.454831889689048
0
5.34176892771902
0
4.430342159843605
0.05755462115307036
30.35616289029845
30.456849592102575
12.9932171255193
40.7922166813593
39.335054993617376
1.477243445153974
0.001254629488372028
0.016006329141727133
0.3532402984454026
35.77613495592602
0.04718859930300061
0.5620601475266379
2.6237880476351396
1.4329923462890761
37.229776961385795
0
37.52557500180333
0
16.3771820816387
0.0003874988464220211
0.0003883462693319156
0.029947629732138985
6.982132630361195
0.34956273633911594
0.2405750216733232
0
0.0004938538647343831
0.019526024673230828
0.07148154780914745
0.03268775314534295
0.010687393287160805
5509678038738682e-20
40437356650716026e-21
0.0013891272654597837
2.055378724872623
0.3814050229044498
0.11316057003858383
0.0008939446858951207
0.0013150129539477385
0.020017668656966883
0.007428373289987369
480250925125816e-19
0.06635109475137013
0.6890789954413156
0.021231911416549884
14389182567856932e-23
0.0007266924388460595
28978111840970658e-21
0
0.8971627052891444
0.5225054068973196
0.05968631317430921
0
0.289556384564864
0.0081190241886211
0.07020305159973629
0
0.0003205620127413507
0
0.1260968729167896
0.6854367442728617
0
0
0
0
19834961384429392e-21
0.3871841879046778
9285460569026666e-20
0.0007105972441812095
0.3830781700491698
0.338944356130528
0.1784288061964778
0.5983938084001643
0.0009834065746732006
0.45879176657975135
0.0006619183985106591
0.3059625598127145
9477442641414002e-22
0.00012926968447222258
0.3594068193939987
0.026256785435320378
32192668076127496e-27
0.11799955780918756
0.05977469463432724
0.2112439587999291
0.022257103118825002
0.03222128694656694
0.12937627248714031
0.24087209035347698
0.24081495076155476
0.17094954418872355
0.26719064815300386
1941642641640513e-27
0.21273205460290706
0.21280004000552502
0.43826950055137454
0.551151408096922
0.0004424064251148792
0.5560049750541706
0.56032952234717
11.729271795556903
2.103856691836439
2.798146169451456
0.10176298918649253
0.4887057742721531
2.630284730855934
4.187703718210004
0.626913643021661
5.232683118622767
7.302257483649446
4.730156858769059
2.460260438580283
2.9523595806765437
0.6212690335046059
37.580776446871084
619.169491380618
4.002090974911097
4640.035648896221
1.099984315435945
23.218472846737196
1.171011624345966
45.0882855047552
1.3054113964700975
1.3969287523606033
1.0999833047104992
0.9059852706237432
1.0837735853260382
69.09524233468255
0
0.0008553932588016328
0.0007680707677807308
0
0.008143934887050145
0.007563098575695983
0.00738694827342335
0.006133977049146238
0.006813693906239433
0.009484498679531035
0.006232312500235614
0.009947617848722596
0.0053492876025405
0.007105059626421858
0.009165449590392507
0.01740974325924312
0.007446390732688268
0.008762314126265817
0.007904437227043152
0.009164942397506547
0.00418702446888578
0.011887715326996963
0.018028279013665296
0.012181762076366178
0.007659182324835631
0.0019005164492991002
0.007437749194107788
0.022868027196103865
0.07145060744882448
0.041389576285124775
0.11267831789065211
9119799855799557e-20
0.010097779498667608
0.21702964204311745
4806100274014678e-21
0.07326899293746982
0.010916440810813853
0.0012693704782489059
5486346758925994e-21
1204423124020034e-21
0.10106463274386741
0.08808861941760893
0.00414171317468453
0.04036257636889706
0.02021521463472095
0.005779810614459185
0.01209202106690949
0.00048284798417631456
0.30601668838382284
15699130000878062e-25
0.07802270903141134
0.00034189648201445256
0.009619639689184606
0.010904549510814265
0.00015705789823382003
0.0001708705530580049
0.31177115886589607
0.00039348297664575397
0.05638391128166185
0.2322753099038013
1317922569611596e-21
25861649190908805e-22
0.00014472310740423912
12571448684799496e-21
0.0005944305691748911
1700302871949424e-20
1443227648840752e-22
100440392441332e-20
19076931037639378e-21
0.07586595600706338
0.0766581517440277
43499583008546515e-21
0.00021267622851307196
0.019589589908366616
0.00815439008041005
0.09048064570009252
0.020165277934112522
27828746719443794e-21
0.13517683324131982
0.03851585983064329
5573478004102747e-22
0.26291964648367877
4458963259717008e-22
0.003762983487842908
0.0009824421006591792
22994565953042435e-28
0.2681466873607116
0.3112898817211654
0.01807784760249152
0.2577782126898031
0.3078311849895382
0.007399343986212374
0.18724523605677837
22332184592519935e-26
4630614353851425e-21
0.0006293715824624896
9120546183248651e-20
0.12942362848380956
864559941120696e-21
0.00011181288695985503
0.15953436742374766
0.0009290642604667107
0.011840611098539318
12200724627646852e-21
0.13614725569622824
0.09599675579913441
0.02121314591090903
31468945083932606e-21
0.00015344640575643402
12006679393621054e-23
0.01366482485222728
0.16071492165027407
8333314508633077e-24
11103283661182891e-21
9106324978785033e-21
9650109865542579e-20
10586390089766009e-21
0.2868374107889341
0.1594949155337763
0.005152527844397878
0.0015480926173794748
0.04169952181009577
0.005879949715411527
6760347853620961e-20
0.02834167057862833
8323600248623225e-20
0.0007209099254566218
0.08048216350492836
9970377643846677e-22
0.31197866433103255
0.3117717231596993
0.0018277744008133117
0.0005370531099229558
5829910090195001e-24
0.0010306794851987556
10390421283813382e-24
0.010269017693113646
0.02924327212400285
0.0009038203054099391
0.00033762130755949575
0.00015454693786496915
2618180192879892e-21
0.006119927552414335
0.03055346713423725
0.021429833956103286
11257175930443642e-24
0.30803245964894016
0.06704814667469099
0
0
8177845026251232e-20
6661684684854356e-20
10336380684295107e-22
7596603620155314e-22
0.00019347929069691902
0.009744797342743024
0.005387941895580328
15204233642474768e-24
0.00013149690124509102
7328724363566836e-21
0.056229972929484
0.013390536187667794
0.09963778070759804
3845635651666846e-22
0.06043932940982883
0.007683445661845589
0.00012014207319517194
0.12240817564781223
0.0002964169301316797
18549559457235316e-29
8514749338483137e-20
37361551555105436e-22
0.0001247142209493528
0.016321808261624594
0.0039023967141702197
0.00016354835899639672
0.00015211278390555737
379987450917286e-23
0.0005144532365839177
0.022896595539075307
13135133544134367e-24
0.0018055670903599594
0.0018005139913740177
44187168870500525e-21
0.10718068975188497
43372203433034725e-21
0.2916274003369497
0.0019103262277814304
0.17860554042337506
0.003301602257497409
0.0007008295586137342
0.0005692565930330093
447510144102274e-19
0.3074397924814592
12101975550655005e-21
21567578391293785e-21
0.00829505701826936
0.00644026236965566
21715984713123115e-24
8722934010910628e-20
0.00305473132502545
0.13063504582076366
0.03017577629029404
0.00010011177138395245
0.02297296557511176
0.00035410833948199943
0
0.111551539208809
0.012324951994169166
0.2996325925877686
0.28423394646083483
0.2929135811388651
0.052076864703003885
0.02963873178188483
0.31030447531018335
0.2971153035022346
0.30918915615023784
0.28075687427067525
0.20574499892008233
0.0007651479790638079
0.015714650999313913
0.13872061713614345
0.2567416335394512
0.13481756811430845
0.0002992239077560548
0.026954084347344757
0.24332290056904343
0.1131419507214497
0.16311734492725202
