1.1794351302793944
2649097440654789e-24
0.002364459053022098
0
0.0026193920271358273
1672573334320339e-21
0.002732149279640939
0
0.0029435983386063478
0
0.06361774569774133
0
8.30545729855218
0
5.72395214045826
0
6.709332896808606
1.0206012619898739
16.914735580691694
4.746800332875496
0.4878445056523691
20.839638682284317
6.922109524963429
1486367643820674e-20
0
0.01844750296942298
0.0004118757254838794
0.022276184043006148
0.006855199684392894
0.20876043757857776
0.19547698753932932
9745761507788049e-20
4902227348940493e-24
0.03353122476314816
0.00010949442392885787
0.0001476766851182259
25622513916334977e-31
0.021317785890344405
0.02437654204682321
0.09571617195844512
0.10423038473663113
0
0.08209463037454645
0
1.1715499179879592
3.338860204307248
4.454726852640471
0
5.3462038927304825
0
4.430426178394699
0.05600685489666239
30.16496843382009
30.23431867661151
12.7308510698929
40.94192198001595
39.332483339000206
1.4761330897642
0.0012153464668367183
0.016176162576654236
0.3442422588328524
35.80912673986819
0.047027731094885714
0.5603701432511564
2.623059818489192
1.4358059802794456
37.126657241355204
0
37.36284494372557
0
16.387452251087076
0.00037401778465207485
0.00037473094682446533
0.028900801769416944
6.98222058153313
0.34933908158764954
0.2402293136352605
0
0.000492418549760738
0.019531037698627695
0.07145572199489265
0.03266823290156928
0.010671325127750226
5527658246533073e-20
40562535166328816e-21
0.0013910330892680917
2.055279760054155
0.38127342009947884
0.11165860619335069
0.0008914370947583586
0.001309670476226954
0.01971440286030223
0.007262474714708725
4582690956326486e-20
0.06620356847663939
0.6961218239363022
0.0212017453733101
1355880361925111e-22
0.000693898912121685
2887993474037841e-20
0
0.896710230709428
0.5226252603799235
0.059576718595585054
0
0.2892223700510199
0.008669932881270541
0.07023833136446767
0
0.00032180547349540346
0
0.12608860159819943
0.6849167780773149
0
0
0
0
19182824326616116e-21
0.38713213649368944
8870313656400813e-20
0.0006944453692844113
0.38298930553631017
0.33854760573403314
0.1783913583000688
0.5982521571043302
0.0009543636463661167
0.46162482465218446
0.0006637271799091075
0.30679488699675855
947672067426822e-21
0.0001254160775516451
0.3606593666120738
0.025897920823904116
31149997702600984e-27
0.12318952408643968
0.059570681207404386
0.21118432863249154
0.022262573835308948
0.032245927081027526
0.12894577971128313
0.24028917227497398
0.24072962056757974
0.171024631445724
0.26707250238657626
18783223693454836e-28
0.2124596053105041
0.2125281251555415
0.4381510507215881
0.5510641515461973
0.0004413505733823321
0.555111527332652
0.5606219869620255
11.728183166877526
2.1040573011389343
2.7985125512877604
0.10174208277867362
0.4886663174675831
2.6307199716522005
4.188608863936636
0.6268314349155988
5.229259235731545
7.296629355286276
4.727075402809147
2.4604539861048087
2.95012461956844
0.6213749157100918
37.53228887129449
619.169057068236
4.002090754361638
4635.992055077763
1.099984299043557
23.218472230086345
1.1709995445892654
45.08792519210544
1.3054140586077851
1.396928604605464
1.099983288314265
0.9058181859599449
1.083731802192297
69.10114493268699
0
0.0008552249430044088
0.0007683496257816651
0
0.00814540245248693
0.0075523849185166105
0.007377086495004002
0.006121054318345366
0.006804089928914156
0.009477269117756109
0.00622096828905755
0.009941511305435512
0.005338318506228693
0.007095951748390413
0.009155773342052085
0.017396597608058614
0.007435292119308014
0.008754399417406121
0.007894151186086773
0.009157015719351683
0.004183988228854794
0.011877989888457988
0.01800800932390781
0.012170220161785105
0.007651595991479782
0.0019005119916007198
0.00743768046923898
0.022867365171212777
0.0714437132987343
0.0413873557498813
0.11266006369747453
9119798831538813e-20
0.010097652420249426
0.21694566327135778
4806100245571284e-21
0.07326172458390531
0.010916292144865156
0.0012693684911466792
54863467218611156e-22
12044231222337437e-22
0.10105021700659304
0.08807788308997803
0.004141691948014226
0.040360467490885614
0.02021469899795908
0.005779769195733544
0.012091838397764664
0.0004828476969255509
0.3057569171056502
15699130000847715e-25
0.07801441028270072
0.00034189633801612264
0.009619524426884529
0.010904401170705598
0.00015705786785344237
0.0001708705170983825
0.311462960951112
0.00039348278590368345
0.0563797071920132
0.23217482098540054
13179225674727788e-22
25861649108550568e-22
0.00014472308160879243
12571448490187168e-21
0.0005944301337635315
17003028363490514e-21
1443227648584266e-22
10044039231710653e-22
1907693058949284e-20
0.07585813415918362
0.076650156552427
4349958067838673e-20
0.00021267617280219917
0.01958910606805748
0.008154307402934808
0.09046927755391058
0.020164764873399257
2782874576578109e-20
0.13514953939536367
0.038513944118047656
5573478000277619e-22
0.26277619530494917
44589632572687275e-23
0.003762965973616978
0.0009824409107598456
22994565953042367e-28
0.26799408208496545
0.3109893984201158
0.018077436324430395
0.2576431408300324
0.30745236008876836
0.007399275972371015
0.18718714973657558
22332184592513796e-26
4630614327447234e-21
0.0006293710943390763
9120545158820248e-20
0.12939885924114172
8645599402002806e-22
0.00011181287156292341
0.15949458614759734
0.0009290631964206244
0.011840435999679199
12200724444343353e-21
0.13611952085503223
0.09598385132858868
0.02121257740623071
3146894386445528e-20
0.00015344637675728868
12006679391845887e-23
0.013664591127219348
0.16067445548987688
8333314508547565e-24
1110328350937239e-20
9106324876671286e-21
96501087186912e-18
10586389951761123e-21
0.2866448427213461
0.15945515701016463
0.005152494952781763
0.0015480896608628817
0.04169726697999694
0.00587990684391262
6760347290805616e-20
0.028340646700080505
8323599395408642e-20
0.0007209092849490336
0.08047330162032215
9970377631605676e-22
0.31163932765107966
0.31142793773398963
0.0018277702781750566
0.0005370527545351081
5829910090153147e-24
0.0010306781755094442
10390421283680437e-24
0.010268886241000138
0.029242180823232287
0.000903819298431479
0.0003376211671405532
0.00015454690844832482
2618180184438896e-21
0.006119881096768882
0.030552273874786935
0.02142925362183292
11257175930287601e-24
0.30765479124219547
0.0670421135856485
0
0
817784420265785e-19
6661684138347664e-20
103363806711389e-20
7596603613049192e-22
0.0001934792445905191
0.009744679043817178
0.005387905919633137
15204233642190112e-24
0.00013149687994940836
73287242974284184e-22
0.05622579264060865
0.013390311826307632
0.0996238002874067
3845635649845762e-22
0.06043447190493539
0.007683372299898835
0.0001201420554187249
0.12238628284545794
0.0002964168219008657
18549559457235316e-29
851474844562892e-19
3736155138321766e-21
0.0001247142017940503
0.016321473725957596
0.0039023778750287975
0.00016354832605292933
0.00015211275540833672
379987450915508e-23
0.0005144529104857662
0.022895931835445502
13135133543921912e-24
0.0018055630673982168
0.0018005099909221673
4418716646609221e-20
0.10716431905791592
4337220111650209e-20
0.2914218940239917
0.0019103217238939697
0.17855368685435066
0.003301588782214683
0.0007008289533051907
0.0005692561937317027
4475101194406357e-20
0.30717187177168587
12101975370306726e-21
2156757781848843e-20
0.008294971449289073
0.006440210903782129
21715984712542418e-24
8722933073859999e-20
0.003054719792957071
0.13060975761666657
0.030174612907624816
0.00010011175904112194
0.022972297373072947
0.00035410818501107293
0
0.11153368098233409
0.012324762166049679
0.29940103698823295
0.28404782759614766
0.2927043190033769
0.05207329921261394
0.029637610204524965
0.3099428772152882
0.29689271190245153
0.30881882988458126
0.280578841302391
0.205671714465546
0.0007651472574982346
0.01571434111998206
0.13869169124295833
0.25660818318022677
0.13479043640858834
0.00029922379746534494
0.026953159889371657
0.24320867006421884
0.11312353209707351
0.16307546065604436
