1.1794351302793944
2649097440332907e-24
0.0023644590530205395
0
0.0026193920275605275
1672573334352614e-21
0.0027321492796936594
0
0.002943598338597103
0
0.0636177480294615
0
8.305457298500976
0
5.723952140469477
0
6.709332896809104
1.0206012619293259
16.914735579661055
4.746799918931579
0.48784450562260095
20.83964180049417
6.922110169219773
1486367643816249e-20
0
0.01844750296942298
0.00041187572548231867
0.022276184043007265
0.006855199684392894
0.20876043757772692
0.19547698753933906
9745761297662426e-20
490222734981514e-23
0.033531224763008835
0.00010949442156806127
0.00014767668512063347
25622513368055542e-31
0.0213177858903444
0.02437654204682319
0.09571616359711779
0.10423038473494438
0
0.08209463037425514
0
1.171549979073766
3.3388602042863456
4.454726849956946
0
5.346203892721549
0
4.430426580582679
0.056001974688126496
30.164969981539965
30.234320483417317
12.730851076647351
40.94192198062985
39.32821476496805
1.4761332077583589
0.0012152137645779573
0.01617443795690786
0.34420498661958737
35.80912673987729
0.047027731094884714
0.5603701432392035
2.6230600545940654
1.4358059802848724
37.12665724058161
0
37.362844943581784
0
16.387452251103372
0.00037397769042236885
0.0003747285244642726
0.028897661841308833
6.982220855393899
0.34933911427649483
0.24022934147479036
0
0.000492418549751741
0.019531035991104555
0.0714557219950486
0.03266823290161059
0.010671325127520503
5527658245775381e-20
4056253516072346e-20
0.001391033089265231
2.0552797600552792
0.3812734200993769
0.11165861160340011
0.0008914372091393173
0.001309670661407937
0.019714404695172407
0.007262474714702283
45826909561045904e-21
0.06620356847686944
0.6961218681035711
0.021201745373375883
1355880361854175e-22
0.0006938989338643411
28879938365196265e-21
0
0.8967102307104252
0.5226252603791769
0.05957671859432541
0
0.289222370050776
0.008669928805340297
0.07023833477161054
0
0.0003218054734928901
0
0.12608860159819943
0.6849167780773274
0
0
0
0
19182824325792193e-21
0.387132136493689
8870313655971047e-20
0.0006944453692844128
0.38298930553631017
0.338547605734145
0.17839135830013736
0.5982522040182039
0.0009542601511962441
0.46162482464353133
0.0006637271799091361
0.30679488699675755
947672067426822e-21
0.0001254024588795359
0.36065936660690207
0.025897920823812145
3114999770260693e-26
0.12318948316030887
0.05957068120684935
0.21118432863249154
0.022262573835325507
0.03224592708104669
0.1289457797112788
0.240289172275017
0.24072962056757974
0.17102463144581645
0.26707250238676583
1878322369346756e-27
0.21245960531091793
0.2125281251553293
0.43815105072159677
0.5510641515461973
0.00044135057337906907
0.55511155403723
0.5606219869622946
11.728183166886243
2.1040573011389334
2.7985125512877578
0.10174208277867347
0.4886663174678998
2.6307199716521987
4.18860886393663
0.6268314349155981
5.229259235734852
7.296629355292217
4.727075402812077
2.46045398610569
2.9501246195709463
0.6213749157104238
37.532288871072936
619.169057068236
4.002090754361638
4635.992055077763
1.099984299043557
23.218472230086345
1.1709995445892654
45.08792519210544
1.3054140586077847
1.396928604605464
1.0999832883142644
0.9058181859599449
1.083731802192297
69.10114496191879
0
0.0008552249430048909
0.0007683496257816646
0
0.008145402452486919
0.007552384918524143
0.007377086495011382
0.0061210543183512975
0.006804089928931133
0.009477269117762388
0.0062209682890636865
0.009941511305444958
0.005338318506235046
0.007095951748397728
0.009155773342061161
0.01739659760807602
0.007435292119315599
0.008754399417414713
0.007894151186094567
0.009157015719360864
0.004183988228855296
0.011877989888469656
0.01800800932392582
0.012170220161796984
0.0076515959914874344
0.0019005119916007198
0.00743768046923898
0.022867365171212777
0.0714437132987343
0.0413873557498813
0.11266006369747453
9119798831538813e-20
0.010097652420249426
0.21694566327135778
4806100245571284e-21
0.07326172458390531
0.010916292144865156
0.0012693684911466792
54863467218611156e-22
12044231222337437e-22
0.10105021700659304
0.08807788308997803
0.004141691948014226
0.040360467490885614
0.02021469899795908
0.005779769195733544
0.012091838397764664
0.0004828476969255509
0.3057569171056502
15699130000847715e-25
0.07801441028270072
0.00034189633801612264
0.009619524426884529
0.010904401170705598
0.00015705786785344237
0.0001708705170983825
0.311462960951112
0.00039348278590368345
0.0563797071920132
0.23217482098540054
13179225674727788e-22
25861649108550568e-22
0.00014472308160879243
12571448490187168e-21
0.0005944301337635315
17003028363490514e-21
1443227648584266e-22
10044039231710653e-22
1907693058949284e-20
0.07585813415918362
0.076650156552427
4349958067838673e-20
0.00021267617280219917
0.01958910606805748
0.008154307402934808
0.09046927755391058
0.020164764873399257
2782874576578109e-20
0.13514953939536367
0.038513944118047656
5573478000277619e-22
0.26277619530494917
44589632572687275e-23
0.003762965973616978
0.0009824409107598456
22994565953042367e-28
0.26799408208496545
0.3109893984201158
0.018077436324430395
0.2576431408300324
0.30745236008876836
0.007399275972371015
0.18718714973657558
22332184592513796e-26
4630614327447234e-21
0.0006293710943390763
9120545158820248e-20
0.12939885924114172
8645599402002806e-22
0.00011181287156292341
0.15949458614759734
0.0009290631964206244
0.011840435999679199
12200724444343353e-21
0.13611952085503223
0.09598385132858868
0.02121257740623071
3146894386445528e-20
0.00015344637675728868
12006679391845887e-23
0.013664591127219348
0.16067445548987688
8333314508547565e-24
1110328350937239e-20
9106324876671286e-21
96501087186912e-18
10586389951761123e-21
0.2866448427213461
0.15945515701016463
0.005152494952781763
0.0015480896608628817
0.04169726697999694
0.00587990684391262
6760347290805616e-20
0.028340646700080505
8323599395408642e-20
0.0007209092849490336
0.08047330162032215
9970377631605676e-22
0.31163932765107966
0.31142793773398963
0.0018277702781750566
0.0005370527545351081
5829910090153147e-24
0.0010306781755094442
10390421283680437e-24
0.010268886241000138
0.029242180823232287
0.000903819298431479
0.0003376211671405532
0.00015454690844832482
2618180184438896e-21
0.006119881096768882
0.030552273874786935
0.02142925362183292
11257175930287601e-24
0.30765479124219547
0.0670421135856485
0
0
817784420265785e-19
6661684138347664e-20
103363806711389e-20
7596603613049192e-22
0.0001934792445905191
0.009744679043817178
0.005387905919633137
15204233642190112e-24
0.00013149687994940836
73287242974284184e-22
0.05622579264060865
0.013390311826307632
0.0996238002874067
3845635649845762e-22
0.06043447190493539
0.007683372299898835
0.0001201420554187249
0.12238628284545794
0.0002964168219008657
18549559457235316e-29
851474844562892e-19
3736155138321766e-21
0.0001247142017940503
0.016321473725957596
0.0039023778750287975
0.00016354832605292933
0.00015211275540833672
379987450915508e-23
0.0005144529104857662
0.022895931835445502
13135133543921912e-24
0.0018055630673982168
0.0018005099909221673
4418716646609221e-20
0.10716431905791592
4337220111650209e-20
0.2914218940239917
0.0019103217238939697
0.17855368685435066
0.003301588782214683
0.0007008289533051907
0.0005692561937317027
4475101194406357e-20
0.30717187177168587
12101975370306726e-21
2156757781848843e-20
0.008294971449289073
0.006440210903782129
21715984712542418e-24
8722933073859999e-20
0.003054719792957071
0.13060975761666657
0.030174612907624816
0.00010011175904112194
0.022972297373072947
0.00035410818501107293
0
0.11153368098233409
0.012324762166049679
0.29940103698823295
0.28404782759614766
0.2927043190033769
0.05207329921261394
0.029637610204524965
0.3099428772152882
0.29689271190245153
0.30881882988458126
0.280578841302391
0.205671714465546
0.0007651472574982346
0.01571434111998206
0.13869169124295833
0.25660818318022677
0.13479043640858834
0.00029922379746534494
0.026953159889371657
0.24320867006421884
0.11312353209707351
0.16307546065604436
