1.1819061851967947
17185532418267264e-25
0.001972059228849728
0
0.0022131897878907014
1412918931906557e-21
0.0023075060818033228
0
0.0024843241102318293
0
0.06079588890272039
0
8.34666230756425
0
5.839747295270115
0
6.726334237104062
1.0178249784077293
16.899323165833934
4.748184864855825
0.48658816152671636
20.836933626430003
6.91407695553154
12434010560710445e-21
0
0.017687255782684572
0.0003967296766568981
0.02169178224150061
0.006854981499436504
0.20311109805915897
0.1903519266358401
9391956502176315e-20
3895218041337337e-24
0.03260550952252358
0.00010553530042416254
0.0001390000843354272
20692328656068795e-31
0.020438194127214218
0.02337272366040854
0.09562778836397184
0.1020050259650695
0
0.08195620067325132
0
1.1810392210226512
3.1977823361957087
4.454365938723647
0
5.354786698923655
0
4.430539156307834
0.05352501831832277
29.778648667783877
29.78604445061299
12.200462588185632
41.18128647121346
39.34392280533152
1.4739123347650593
0.001153997892650579
0.016485009309894133
0.330454042448987
35.86777252495922
0.04668882251627723
0.5579299724148382
2.6215644909415947
1.4411355140393156
36.98111312187687
0
37.125694402728435
0
16.406196489494633
0.0003531578115553195
0.00035368290537076845
0.02726936198770992
6.982359197166559
0.3492106755198088
0.2398293820028024
0
0.000490377791876495
0.01954209508638206
0.07140225966117131
0.032628675858861
0.010657057510261797
55640402310339023e-21
4081440375732887e-20
0.0013946983442484652
2.0550542380123322
0.38102061769526874
0.10869911651860173
0.000887703614823338
0.0013027449619838637
0.019139569968255547
0.006945097716461384
4171647671695753e-20
0.06591602371097616
0.7097231721389985
0.02114192073814203
12034596438570785e-23
0.0006325133327353783
2872591838240578e-20
0
0.8957964711246666
0.5228356150041755
0.05945694321351797
0
0.28856710074724656
0.00971684694134998
0.07029958991879673
0
0.0003237908868063009
0
0.12607202857915187
0.6838735834737271
0
0
0
0
18005014637561387e-21
0.3870214694426705
80927442652135e-18
0.0006629815072622074
0.38281091146516466
0.3377511827777349
0.1783188845291168
0.5979614878652748
0.0009093012864453271
0.4671024078703086
0.0006674246188922354
0.30849530741071474
9475275924686363e-22
0.00011942849257526897
0.3630624107690458
0.025191620661611517
29157396657299185e-27
0.13243064566046497
0.0591657282451041
0.2110645516627662
0.022272856684710785
0.03229467484200247
0.1280826432340013
0.23912225913407031
0.24055885288250245
0.17117334472260537
0.26683186749713916
17573374884848387e-28
0.21190890633023907
0.21197795561986216
0.43791324567645246
0.5508889056053863
0.000439532594403467
0.5537020755869414
0.561203398315902
11.725817576841811
2.1044508317290216
2.7992165207282493
0.1016978659117043
0.4885805612814603
2.6315736889475327
4.1903480385196294
0.6266560667260674
5.222511932597321
7.285589174117675
4.72091485045206
2.460832604095738
2.945788604076703
0.6215805293847984
37.46480072612426
619.1681855210957
4.00209031177827
4627.888278305576
1.0999842661484471
23.2184709926341
1.1709753041446482
45.087202150278635
1.3054193777227003
1.396928308085384
1.0999832554114357
0.9054829332268438
1.0836479595406479
69.11213008236543
0
0.0008548600066184667
0.0007689048352911622
0
0.008148225402745726
0.00753098140401628
0.0073573850537508615
0.006095235899674136
0.006784840152647323
0.009462907356055065
0.006198306941668869
0.009929329928969785
0.00531641598827284
0.007077740929761081
0.009136450632896387
0.01737036694194164
0.0074131097397771425
0.008738599200829813
0.007873608428469467
0.009141186491761162
0.004178133648821671
0.011858582884305396
0.017967463202161357
0.012147179052267719
0.00763644759617027
0.0019005030462313603
0.007437542558839667
0.022866036723252825
0.07142988060175613
0.041382900092676825
0.11262344136573751
9119796776123518e-20
0.010097397412890759
0.21677723849909497
4806100188493054e-21
0.07324714112966817
0.010915993818426045
0.001269364503576704
54863466474818785e-22
12044231186491394e-22
0.10102129470482063
0.08805634211755192
0.004141649352128081
0.040356235872707806
0.020213664293435553
0.005779686080394063
0.012091471838279619
0.00048284712049109443
0.30523629113491124
1569913000078681e-24
0.07799775959039032
0.0003418960490504131
0.009619293130636475
0.010904103498119624
0.00015705780688821875
0.0001708704449371214
0.31084540951016376
0.00039348240313596326
0.056371271661231064
0.2319732979083972
13179225631807476e-22
25861648943279752e-22
0.0001447230298442874
12571448099652614e-21
0.0005944292600110811
17003027649086877e-21
1443227648069569e-22
10044039206781946e-22
19076929690183387e-21
0.07584244024848665
0.07663411487029183
4349957600238355e-20
0.00021267606100551552
0.019588135166829952
0.008154141494022767
0.09044646905297674
0.02016373533801377
27828743852036823e-21
0.1350947846170153
0.03851010008591728
5573477992601612e-22
0.2624885634778345
44589632523556844e-23
0.003762930827525247
0.0009824385229564808
2299456595304223e-27
0.26768810633024054
0.3103872840665899
0.0180766110282809
0.25737230144256856
0.30669356631914924
0.0073991394887827295
0.18707064048104385
2233218459250147e-25
4630614274461129e-21
0.0006293701148079015
9120543103068507e-20
0.1293491683375645
8645599383532544e-22
0.00011181284066543201
0.15941478575717058
0.0009290610611701831
0.011840084631204785
12200724076502571e-21
0.13606388153711885
0.09595796076240386
0.021211436616312345
3146894141729263e-20
0.00015344631856382542
12006679388283605e-23
0.013664122116093542
0.1605932815328558
833331450837597e-23
11103283204729575e-21
910632467175648e-20
9650106417269556e-20
1058638967482246e-20
0.2862588003692765
0.1593754022511338
0.005152428948794117
0.0015480837279468317
0.04169274251068036
0.005879820813295777
6760346161386834e-20
0.028338592162990676
8323597683236872e-20
0.0007209079996244076
0.08045552114668554
997037760704128e-21
0.3109594833576569
0.3107391961346558
0.0018277620051777004
0.0005370520413680563
5829910090069163e-24
0.0010306755473205075
10390421283413663e-24
0.01026862245706383
0.029239990999159065
0.0009038172777001122
0.0003376208853577042
0.00015454684941705368
26181801675000886e-22
0.006119787873855405
0.03054987946481535
0.021428089094555583
11257175929974459e-24
0.3068983087633733
0.06703000843738394
0
0
8177842549927849e-20
6661683041655952e-20
10336380644737931e-22
759660359878912e-21
0.0001934791520674167
0.009744441654044544
0.005387833726314398
15204233641618875e-24
0.00013149683721471524
7328724164706419e-21
0.05621740486345548
0.01338986160478343
0.09959575126443312
3845635646191338e-22
0.060424725377703284
0.007683225084329547
0.00012014201974618794
0.1223423616952738
0.00029641660471087055
18549559457235316e-29
8514746653911095e-20
37361551038285145e-22
0.00012471416335452248
0.016320802423596546
0.00390234007021671
0.00016354825994427673
0.00015211269822210075
37998745091194e-22
0.0005144522560951658
0.02289460001892986
1313513354349558e-23
0.0018055549944237823
0.001800501963118801
4418716164109224e-20
0.10713147502422062
43372196467844934e-21
0.2910099349542287
0.0019103126858360485
0.1784496761095342
0.0033015617411149153
0.0007008277386154336
0.0005692553924422937
4475100699513692e-20
0.30663493118810436
12101975008396279e-21
21567576669022293e-21
0.008294799738038674
0.006440107626866257
21715984711377116e-24
8722931193451884e-20
0.003054696651330918
0.13055902576444228
0.030172278447032436
0.00010011173427238767
0.02297095653005498
0.00035410787502970114
0
0.11149785295261919
0.012324381240924661
0.29893690693354014
0.2836747047163144
0.29228483712988507
0.052066144969458786
0.029635359628665852
0.3092185178741772
0.29644653343419847
0.3080770223318085
0.2802219175623609
0.2055247310292408
0.0007651458095123844
0.01571371929399856
0.13863366295561977
0.25634059345477755
0.13473600684890424
0.0002992235761416966
0.026951304846681574
0.24297960194333776
0.11308657992039803
0.1629914426392575
