1.1844088911844397
110873853732559e-23
0.0016409617744492
0
0.0018694190414820628
11931449091436039e-22
0.0019481564231500035
0
0.002095727194420321
0
0.05815348866103061
0
8.376757711696712
0
5.950837178176168
0
6.762554095550445
1.0173080306783637
16.913986740842372
4.749873431868289
0.4864437571184723
20.855443263158875
6.913395177832983
10375967012626715e-21
0
0.016949041309515002
0.0003818480272976129
0.021115344834379147
0.006854761544756274
0.1975387373080811
0.18529654726968417
9057647379856692e-20
30983203371145603e-25
0.03169343164427179
0.00010179339992772195
0.00013101159180105857
1672156364637391e-30
0.019584078123195393
0.022397638742351792
0.09571239267497131
0.10034062650392274
0
0.08176353292628888
0
1.1903447637417577
3.061771056917285
4.453856677375887
0
5.363056700564662
0
4.430599805945029
0.051634402774611905
29.38567518911747
29.331919755712164
11.659511772274882
41.35567238790372
39.38118454630446
1.4716786131472785
0.0011087626052590834
0.016764331291680715
0.32059608918989624
35.918059467591306
0.04633032283524977
0.5564451875377572
2.6200176549197556
1.4461245304157435
36.8974648865908
0
36.97648266798452
0
16.423094211073494
0.00033799948791799243
0.00033836939674961356
0.02607104770742582
6.982462970860122
0.34943390177133865
0.23974826081891473
0
0.0004891906587603526
0.01955458870300947
0.07134700556709303
0.032588213643081614
0.01066144058868314
5600633236793837e-20
4106557926975997e-20
0.0013982061461904206
2.0548137303697973
0.3807792488768629
0.10577633465822504
0.0008853632143089457
0.001299779681185007
0.018598066247093016
0.006644349346293652
3793174485574993e-20
0.06563658286241841
0.7227491419532477
0.021082561804539785
10666150379336234e-23
0.0005759130368182218
28617846612240755e-21
0
0.894864260721952
0.522986313407733
0.05943998870050098
0
0.28792292059017427
0.01069899412752033
0.0703506870200236
0
0.00032523277360364507
0
0.12605527762835791
0.6828173969808564
0
0
0
0
16961559409177288e-21
0.3869010880322626
7375194332732399e-20
0.0006323806438118235
0.3826301379077312
0.3369463935367586
0.17824898164279826
0.5976609418978776
0.0008764421510068772
0.4723778696578998
0.0006712549137736125
0.310255542321671
9473818332173152e-22
0.00011505129891057941
0.36535275965341274
0.024495042554793463
2726798202286061e-26
0.14042858290780913
0.05876091046767556
0.2109430864596135
0.022282761838171385
0.032343507262676416
0.1272095230536021
0.23794426418147988
0.24038655052866692
0.17132316088752284
0.2665870265493565
16426644371299142e-28
0.21134942007381075
0.21141852843608444
0.4376722873626344
0.5507112168718539
0.00043799049050836014
0.5526604379694329
0.5617904224927152
11.723345518134495
2.1048374410821764
2.799888491211276
0.10165006282417083
0.48849093548608385
2.6324122654697617
4.192008122415526
0.6264645679435732
5.215904488098152
7.274857000194697
4.714761458600263
2.461202975752185
2.9416367494730693
0.6217859023175246
37.42554601326967
619.1673028117954
4.002089863526021
4619.695141189964
1.0999842328319933
23.218469739331738
1.1709507537222446
45.08646985902436
1.3054247365710823
1.3969280077465638
1.0999832220871641
0.9051434428051437
1.0835630495722401
69.12217216297
0
0.0008544633289541905
0.0007694610573240766
0
0.008150917993803988
0.007509577136096055
0.007337690708905165
0.006069353607145357
0.00676551057138938
0.009448677096073348
0.006175611106907413
0.00991727862429533
0.005294479410869003
0.007059521382588092
0.009117180761651699
0.017344332459872384
0.0073909056161508314
0.00872287120036622
0.007853083332380148
0.009125429319639087
0.004172591591781998
0.011839296030707307
0.017926915750637786
0.012124230733950005
0.007621352222846591
0.0019004939863261146
0.0074374028845900575
0.022864691338227747
0.07141587345544131
0.041378387853111306
0.11258636208300013
9119794694381438e-20
0.010097139145776451
0.21660678969804828
4806100130683724e-21
0.07323237383892106
0.01091569167911487
0.001269360464943798
5486346572149941e-21
12044231150186203e-22
0.10099201038292613
0.08803453060253306
0.004141606211089354
0.04035195050511089
0.020212616389647275
0.005779601901671101
0.012091100594960357
0.0004828465366739473
0.3047099001992726
15699130000725122e-25
0.07798089924623235
0.00034189575638366934
0.009619058877446398
0.010903802021009244
0.00015705774514213227
0.0001708703718515974
0.3102211960827373
0.0003934820154658549
0.0563627293685058
0.23176937186950267
13179225588337407e-22
2586164877589204e-21
0.00014472297741676378
12571447704115816e-21
0.0005944283750682826
1700302692553267e-20
1443227647548279e-22
10044039181533935e-22
19076928779354968e-21
0.0758265486282367
0.07661787113666375
4349957126648723e-20
0.0002126759477769184
0.019587151878642295
0.008153973463469345
0.09042337426543047
0.02016269266916793
27828741913780054e-21
0.1350393511110695
0.038506207207696166
5573477984827291e-22
0.26219756836475594
445896324737971e-21
0.0037628952315913854
0.000982436104574308
2299456595304211e-27
0.26737856749454686
0.30977864564658486
0.01807577519954208
0.25709828315084116
0.30592696218686344
0.0073990012595793785
0.1869527128070296
22332184592488975e-26
4630614220796342e-21
0.0006293691227317324
9120541020985672e-20
0.1292988604068535
8645599364825701e-22
0.00011181280937219175
0.159334003922317
0.000929058898574902
0.011839728772775318
12200723703950232e-21
0.13600755273186232
0.09593174568943218
0.021210281276860463
3146893893878513e-20
0.0001534462596250004
12006679384675692e-23
0.013663647113940332
0.16051110964159818
8333314508202168e-24
11103282896184678e-21
9106324464216983e-21
9650104086370186e-20
10586389394336577e-21
0.285868343241487
0.15929466659567879
0.00515236210024118
0.0015480777190608498
0.04168816058907875
0.005879733682019193
6760345017501827e-20
0.028336511461710318
832359594913472e-19
0.0007209066978387438
0.08043751693217042
997037758216224e-21
0.3102724428129651
0.3100431852005055
0.0018277536262519402
0.0005370513190672072
5829910089984099e-24
0.0010306728854746444
1039042128314347e-23
0.010268355301297575
0.02923777329337579
0.0009038152310903519
0.000337620599965815
0.00015454678962969007
26181801503443193e-22
0.0061196934583224345
0.03054745457677062
0.021426909715669944
1125717592965731e-23
0.30613403266747685
0.06701775046544996
0
0
8177840876028817e-20
6661681930917202e-20
10336380617998793e-22
7596603584346396e-22
0.00019347905835925616
0.009744201229505511
0.005387760609277069
1520423364104033e-23
0.00013149679393265922
7328724030284426e-21
0.05620891092498004
0.013389405631924048
0.09956735101870794
38456356424901054e-23
0.060414855612047756
0.007683075985991193
0.00012014198361674196
0.12229789403725334
0.00029641638473910996
18549559457235316e-29
8514744839244027e-20
3736155068893452e-21
0.00012471412442264528
0.016320122550849588
0.0039023017815463744
0.00016354819298888362
0.00015211264030340376
379987450908326e-23
0.0005144515933235027
0.022893251222502967
13135133543063785e-24
0.0018055468180816067
0.001800493832525969
44187156754290696e-21
0.10709822056058148
4337219175964491e-20
0.2905932927983073
0.0019103035320556874
0.1783443948764187
0.003301534353878807
0.0007008265083691919
0.0005692545808905362
4475100198282136e-20
0.30609206976090925
12101974641850225e-21
2156757550483302e-20
0.008294625831008696
0.006440003028792595
21715984710196865e-24
8722929288958546e-20
0.003054673213468668
0.13050766418733395
0.030169914269059787
0.00010011170918640366
0.022969598592315687
0.00035410756107813885
0
0.11146157774252939
0.012323995448633876
0.2984675653332567
0.28329730219248295
0.2918605949930381
0.05205890009142062
0.029633080399991085
0.30848660593958555
0.2959953234500502
0.30732752941199093
0.279860884883439
0.20537597199036814
0.0007651443429824705
0.01571308952829599
0.13857491614705714
0.25606986066941734
0.13468090251898113
0.00029922335198334074
0.026949426173390433
0.24274781966296813
0.11304916673678002
0.16290639258055267
