0.0003726732608811229
32.53382118182228
142.14091347044888
0
156.49141442361258
0.5295341007592655
210.92703102764614
0
93.23027326871072
0
597.7103173556695
0
29.310833734974448
0
34.17683571917877
0
27.631665743344968
16.996391638962216
301.50022049133753
511.6170072085936
8.004344508873773
57.44339775523836
14.55419162171994
1.107232135422198
0
6.453905364775711
0.6472487296338828
7.4107208733356105
0.006510266413807307
2.9999020667115586
54.01076816829104
13.902131773274958
7.601881980294811
0.4185402136315696
28.68498443543182
2.4781546531348035
1627765317203762e-21
45.066647032287904
61.15025321938015
62.417835165486814
46.73699547238487
0
4.755967107298016
0
231.0467550891609
35.31856323934683
4.86318348427977
0
15.102720730552415
0
3.6622385839507885
11.369902497736659
32.59907888476487
32.17853197654144
18.37738444619676
120.3758184361667
897.2720893946463
1.9907777268392752
0.08693086835628881
0.17906980002734435
13.971108225422556
51.47731205871659
1.8220088283902927
3.3253440532720213
0.005686766162965343
0.009442299535382784
333.4011791871984
0
273.5815278689165
0
7.136810934716408
0.03423272299563446
282.71599560457594
9.645092294232091
5.927365109294244
0.9858887361748562
2.994083351355716
0
6316764498685817e-20
5.660378822562362
0.07377231785805953
0.0019093187544610946
0.04665877729447291
0.008044148364171163
0.0006202745637510447
0.0017340439254981954
0.17907705387097492
0.678785826670881
0.8064737378738714
0.10354768792568872
0.010709374448635992
0.08594682049689169
0.017158823060862697
2.2855724628700216
0.024606194942288273
3.306083599090682
0.012230459116867681
0.02588247916170137
10.625895442378772
0.00047185793767368084
0
1.2640138408690365
1.54931589479217
0.2210735886398779
0
2.7417464024918776
0.00806445606739582
0.05180483452131153
0
0.0037431408648887776
0
0.13422120664912982
1.2390594877874834
0
0
0
0
1.8786021896116356
0.5659433100323226
1.211003653728957
5.874521662117253
0.29661181985601753
1.1267647646804364
0.09981633282827415
0.3822384779967959
0.007341903913242032
5.491147135932601
0.003701751560255806
1.6229628918538495
9047359974528318e-22
0.0464488162185467
1.8512108814057642
0.2501686647102764
0.5148782698365663
0.07384629510313814
0.8719950089611235
0.19967596648917288
0.0004120668533748807
0.017026305231903203
0.9986154702159099
2.325212607812696
0.1332588645023677
0.08241755258987903
0.22558044069170924
0.022819223840606404
0.2730223377364356
675.1669761055022
0.36914439283395595
0.6326552293399348
0.1555868808485056
41.98851129649581
0.22444361895217832
6.704928616027488
1.9906121740714202
2.812227020995716
0.18435690381421319
0.29556933148836
2.396168956109785
4.2275083866164795
0.9236726072924026
3.654866921116692
3.5368134188742473
4.320986094162186
2.185476848803186
2.482023868836745
0.2366961260037299
29.709720668418022
619.5850552711614
4.002301938349295
10682.893252861504
1.09999999503884
23.21906268724791
1.1826232904587826
45.43425026490934
1.1918062970658612
1.3892743280039572
57.972311603910754
0.22868314640396614
1.1244861655070761
49.137160886541096
0
0.0008486607262292851
9046828711513116e-22
0
5132019853540716e-32
0.0194028739578356
0.031532952231715365
0.05410209362231327
0.02601788387201239
0.028455097523896217
0.0414796253257537
0.031487438885931446
0.045412246714445006
0.030137370788010365
0.027777315890942282
0.042856127302837714
0.03276127136663866
0.025347632385979774
0.02935781985088019
0.025351281056344807
0.03223901386115968
0.03401547742523209
0.04733986526399883
0.03124944989813386
0.02390951773697734
0.0019047850761625428
0.007503776909595492
0.023510119236357787
0.07835916705138248
0.04356904296759996
0.13156576792683977
9120779624632382e-20
0.010220066646919376
0.3142609109920667
4806127480494407e-21
0.08056215177446434
0.011059572538222586
0.0012712725875732845
54863822119859e-19
1204424832626708e-21
0.115839484059803
0.09898129493176196
0.004162066607370168
0.042431050986287064
0.02071449899399681
0.005819564291906605
0.012268015815750462
0.00048312282081704313
0.6894861190556884
15699130029907358e-25
0.08637885389239634
0.0003420342457051823
0.009730524156642498
0.011047366497945982
0.00015708696007516566
0.00017090495227995895
0.802943972530149
0.00039366546578659307
0.06055219518279968
0.35136535765126015
13179246154145982e-22
2586172796754352e-21
0.00014474778312532514
12571634834914912e-21
0.0005948471907945922
1700336924420578e-20
14432278941719739e-23
1004405112643507e-21
19077359699325708e-21
0.08372940395241232
0.08470054470412801
4350181188800038e-20
0.00021272952323106884
0.020057904137290163
0.008233857071574818
0.10203553815263955
0.020662052516601682
27829658922791768e-21
0.16397834799816943
0.040392594735169055
5573481662880367e-22
0.44313350175269806
4458965601524183e-22
0.0037797734138962443
0.0009835809120742672
2299456595310469e-27
0.46222414752942004
0.784051927017027
0.018475555471801856
0.42556932917439305
0.999627396173173
0.007464687070951297
0.2519395853770679
22332184598394262e-26
463063960980606e-20
0.0006298386510359149
9121526112461535e-20
0.1554255069874067
8645608215082393e-22
0.00011182761525749113
0.20251283905384176
0.0009300825899769159
0.012009286375677709
1220089996062986e-20
0.1654401765528272
0.10916964256075187
0.021763963690153813
3147011154843942e-20
0.00015347414625310713
12006681091586638e-23
0.01389022598878121
0.20448625062295187
8333314590426544e-24
11103428870472002e-21
9106422652180685e-21
9651206903341736e-20
10586522093713358e-21
0.545271455078727
0.20244707438891402
0.005184085367731282
0.0015509231437422632
0.04391310187597572
0.005921100230081355
6760886213864065e-20
0.029338156865072067
8324416397378627e-20
0.0007215228383588021
0.08942163738085644
9970389352500986e-22
0.8834986679611072
0.895678214179995
0.0018317220088929437
0.0005373931498459421
5829910130226935e-24
0.0010319329791876435
10390421410973037e-24
0.010395526746010688
0.03030598659068587
0.0009047840048203022
0.00033775564649921475
0.00015457507775825231
26181882667932144e-22
0.006164524742899414
0.0317164420216296
0.02199218927727027
11257176079703144e-24
0.9959236084305758
0.07307476070126565
0
0
8178632839948396e-20
6662207444773412e-20
10336393268355521e-22
759661041723745e-21
0.00019352339698415477
0.009858611710981997
0.005422463504784474
15204233914752497e-24
0.00013151727236844263
73287876259296216e-22
0.06037421874191149
0.013606870914129359
0.11395015953198934
3845637393552206e-22
0.06526904079633665
0.0077539388811252085
0.00012015907775788322
0.14524894712778208
0.00029652047214014007
18549559457239282e-29
8515603405786612e-20
37361715967926596e-22
0.00012473254454461948
0.01664495573117178
0.003920458262970763
0.0001635798728076527
0.00015214004424112662
3799874526179634e-24
0.0005147652475648272
0.023540327289986257
13135133747347727e-24
0.0018094192031130995
0.0018043445387315564
44189468772200826e-21
0.12404245873968665
43374419277472674e-21
0.5723530269480249
0.0019146391096977106
0.2357845502846695
0.0033145167254436778
0.0007014087820659825
0.0005696386572138377
44753373384054344e-21
0.7078278559223153
12102148056906426e-21
21568126292593632e-21
0.00837731020045849
0.006489678837838126
21715985268569742e-24
8723830355772025e-20
0.0030657818298371314
0.15721052228272156
0.0313093588931488
0.00010012357812775865
0.0236210913725584
0.00035425612340618946
0
0.13001193228426347
0.012507870067985665
0.6276813411206144
0.531835490885105
0.5802553072753012
0.055601568227935085
0.030731205222850656
0.9465525673389104
0.6084917673067447
0.9729033229681788
0.5150283386203853
0.2892809508238558
0.0007658384758101906
0.01601386977834097
0.16934421728184695
0.4221577206553696
0.1634385839298342
0.0002993294205956756
0.027853018072902268
0.3812818093679182
0.13220692810251738
0.20853529027685372
