0.0004002960099107378
32.52722553481504
142.0699106438187
0
153.93519481647726
0.528900498559054
210.87079250850348
0
93.87580021987105
0
570.9941917119581
0
29.324433784574378
0
34.174893872009555
0
27.652836433654144
17.067992131579384
302.67491966725237
499.5104724870975
8.207319880153198
56.87668081218938
14.545823926100162
1.1063480287434655
0
6.453351363677731
0.6466493094229022
7.329388621993943
0.006514568963931765
3.0073758711608023
53.51772461419545
13.208794702090255
7.479521898858058
0.4215443830463933
27.09005656650993
2.485241786683841
15326284304660783e-22
45.03504677462676
61.117522652225524
60.38553752913757
46.75534950218409
0
4.758425669799662
0
227.45817292810833
35.55695829875645
4.862288923828922
0
15.345363226345723
0
3.644847910137502
11.338854317327563
32.75215864235329
32.356294734463816
18.375453001067942
125.37127949943857
770.708750915913
1.9720462003380648
0.09219379632298011
0.14832285887612207
14.416191744469247
51.459571741624025
1.8231090060000779
3.317743794714211
0.006068352395163439
0.010180808294910306
333.1111910249308
0
273.9549604560426
0
7.111385566439373
0.034898249813162585
280.3917092599383
10.030394951871127
5.957890938569996
0.9834938113994722
2.9947888802725298
0
6332017856275644e-20
5.43782902602133
0.07372104390559447
0.0019150421000910154
0.04655955276115606
0.008019584711634158
0.0006175978811659621
0.0017335772652448706
0.17947122944937713
0.6787740531746953
0.8027145108016194
0.10424070884369321
0.01065738428267434
0.08613345167444031
0.01724458534938939
2.284376036508339
0.024649392335619538
3.27933345047571
0.012240125941223721
0.02591120157189303
10.578543313987367
0.00047348071705138455
0
1.264045067284586
1.5486616890126066
0.22058163729847144
0
2.7416639668279044
0.00631678689134119
0.051274727899902194
0
0.0037513991874279853
0
0.13422097115652193
1.2390432700990166
0
0
0
0
1.8918577463883517
0.5659612083357102
1.2105844729306823
5.873985169687095
0.2966551780723183
1.1262813294997809
0.09987798138757224
0.3784986075806547
0.007772743520820749
5.487725067582362
0.003702379656455677
1.6230981785067946
9047440098614649e-22
0.04814682462297901
1.8526894869215627
0.25068632550885045
0.5146411071268193
0.060206261698842634
0.8719369819536256
0.19968060312399633
0.0004130212105336377
0.017013930214008943
0.9984966160325927
2.325049486457186
0.13327142808519318
0.0823671673693691
0.2254347795455184
0.02280137924472275
0.2728389682503593
637.9563879768733
0.37148964084822805
0.6326517836182846
0.15534306841783244
41.68864616939192
0.22454133775271753
6.700535914152586
1.9905918608631148
2.8121071611615687
0.18436668673350082
0.29539071526924876
2.3961275225377134
4.227208393701491
0.9237034187293095
3.6529205145520973
3.5358756976886214
4.317160003383155
2.1874206727837358
2.480382271849028
0.23657847205861993
29.705522065428493
619.5850455219975
4.002301933401605
10682.684326239929
1.0999999946711159
23.219062673414662
1.1826230167938012
45.43424212022082
1.197153966335304
1.3898067713435345
55.49429892304833
0.23056385846526736
1.1244851929861308
49.477795385057576
0
0.0008482191474535533
9655468656281062e-22
0
12555624320758664e-32
0.019386130898557143
0.0315049901790546
0.054053094584457735
0.025996735921186526
0.02843475764529745
0.04144279846988357
0.03145720631270291
0.04537095597489988
0.03011080741162037
0.02775290767379761
0.042818545061639644
0.03273217827792368
0.0253255263680616
0.029332862569751365
0.025329243600265745
0.032211163733230956
0.0339858331755478
0.04729987286926157
0.031229568379398435
0.023888406933740003
0.0019047849759414456
0.007503775354246347
0.023510103968425504
0.07835899743854013
0.043568990531578956
0.13156528976687226
9120779601653397e-20
0.010220063761719224
0.3142581826638681
4806127479856353e-21
0.08056197249044968
0.011059569159556254
0.0012712725429312004
5486382211154444e-21
12044248325866374e-22
0.11583911338063357
0.09898102429387935
0.00416206612886614
0.04243100125369574
0.020714487141250376
0.005819563356395934
0.012268011658392081
0.00048312281436968085
0.6894729841960153
15699130029906677e-25
0.08637864778421317
0.0003420342424736676
0.009730521541225846
0.011047363126733366
0.000157086959393538
0.00017090495147313974
0.8029261584845385
0.00039366546150582603
0.060552093899901696
0.35136194698247136
13179246153666197e-22
25861727965696033e-22
0.00014474778254657547
12571634830549247e-21
0.0005948471810204687
1700336923621964e-20
14432278941662204e-23
10044051126156403e-22
19077359689272528e-21
0.0837292102941875
0.08470034652746775
4350181183572687e-20
0.000212729521981033
0.020057893024039083
0.00823385519884628
0.10203525055473373
0.02066204072379878
27829658901398223e-21
0.16397760520916013
0.040392549666296136
557348166279456e-21
0.4431280766852538
4458965601469263e-22
0.003779773019258138
0.0009835808853511426
2299456595310469e-27
0.46221824491779573
0.7840349414995598
0.018475546042820305
0.42556432567472424
0.9995997840978478
0.007464685531764698
0.2519378319044551
2233218459839412e-25
463063960921375e-20
0.0006298386400780583
912152608947879e-19
0.15542483966499956
8645608214875922e-22
0.00011182761491205717
0.20251170612251354
0.0009300825660817487
0.01200928239182593
12200899956517882e-21
0.1654394204608095
0.10916931333963092
0.021763950605980898
31470111521082735e-21
0.0001534741456024722
12006681091546814e-23
0.01389022065926625
0.20448509550324417
8333314590424625e-24
11103428867066499e-21
9106422649890015e-21
9651206877612303e-20
10586522090617554e-21
0.5452632406489296
0.2024459421933165
0.005184084625375672
0.0015509230772994987
0.043913048608517705
0.005921099261641518
676088620123782e-19
0.029338133089163457
832441637823719e-19
0.0007215228239785277
0.08942141649593485
9970389352226393e-22
0.8834770996352694
0.8956560469943202
0.001831721916212883
0.0005373931418687283
5829910130225995e-24
0.0010319329497725628
10390421410970054e-24
0.010395523760892585
0.03030596122021811
0.0009047839822073707
0.00033775564334804223
0.00015457507709824936
2618188266603863e-21
0.006164523693194916
0.03171641423468697
0.02199217591724578
11257176079699642e-24
0.9958962006274131
0.0730746131941094
0
0
8178632821471529e-20
6662207432513052e-20
10336393268060398e-22
7596610417078044e-22
0.0001935233959496467
0.009858609026256064
0.005422462692588153
1520423391474611e-23
0.00013151727189065763
7328787624445971e-21
0.060374118053531114
0.013606865799837038
0.1139498008459011
38456373935113545e-23
0.06526892311935222
0.0077539372203423535
0.00012015907735906032
0.14524836433317803
0.0002965204697114265
18549559457239282e-29
8515603385755837e-20
3736171596407074e-21
0.00012473254411485897
0.016644948078117727
0.0039204578384087075
0.00016357987206851277
0.00015214004360175403
37998745261792355e-25
0.0005147652402452597
0.023540311982793195
13135133747342962e-24
0.0018094191126762197
0.0018043444488012406
44189468718261625e-21
0.12404203370246604
4337441922550489e-20
0.5723439762080736
0.001914639008436982
0.23578301448582112
0.0033145164219792124
0.0007014087684762971
0.0005696386482505798
4475337332872972e-20
0.7078140128482441
12102148052860745e-21
21568126279743963e-21
0.008377308261906748
0.006489677674477613
21715985268556715e-24
8723830334749672e-20
0.0030657815702101244
0.15720983954386322
0.03130933181492789
0.00010012357785084803
0.023621075960150364
0.0003542561199396058
0
0.13001146535231842
0.012507865746475198
0.6276704557509254
0.5318276763268538
0.5802460048627993
0.05560148282955253
0.030731179135446117
0.9465278100008452
0.6084815374119572
0.9728771677736304
0.5150210102158772
0.28927863901640066
0.000765838459609207
0.016013862694611313
0.1693434250833137
0.4221527970620408
0.16343784602296546
0.0002993294181207295
0.02785299664321859
0.38127779313860716
0.13220644527064376
0.20853408895736536
