1.1955342755568719
15810052533039311e-26
0.0007248806940908721
0
0.0009090947835283028
5790705869803994e-22
0.0009445801575127877
0
0.0010110114132421705
0
0.04841449046742429
0
8.422201953944851
0
6.3680973346215
0
7.048313477530477
1.031068731679364
17.189139766957624
4.759992243702064
0.4937080999342972
21.083130974080067
6.96331018150122
4633656518130885e-21
0
0.014021558845633034
0.00032120537923482066
0.018732261093766564
0.006853795476875584
0.17450110163542673
0.1643950739052627
779362513729885e-19
11814210099396903e-25
0.027933399439650956
8763521072982761e-20
0.00010313731176273048
6775549120026973e-31
0.01619728659663254
0.01852841706460157
0.09723929911978971
0.09752208957833665
0
0.08055895483469373
0
1.226090157888588
2.5481984287983264
4.450721919439068
0
5.3950040403500825
0
4.430550792788637
0.047094940332050916
27.680758077581235
27.38352283768264
9.26118571511709
41.61178213860452
39.65523991656549
1.4620037709366673
0.001007303385994018
0.017687410361359217
0.30037638379214787
36.06103543183343
0.04469456622361782
0.5562027625052763
2.612962765000841
1.463940012753983
36.93803050418991
0
36.88727661478145
0
16.481258727939263
0.00030574371471156237
0.00030584863020990233
0.023428924440081187
6.982707330896418
0.352856794641306
0.2416472045160519
0
0.0004897623026259817
0.019619366529308235
0.07110260190535689
0.03240552735662491
0.010806233143302412
5748490197734627e-20
42050098493100834e-21
0.0014116461615480962
2.0538969504962576
0.37986297923467155
0.0936709250560495
0.0008853256762808608
0.0013142935778599498
0.016574454062582317
0.0055378439311732485
2488307533076446e-20
0.06453092724493807
0.7714899228578584
0.02083609794861102
6245084214141202e-23
0.0003800827939574146
28487913555493434e-21
0
0.8906625642046884
0.5227532648096005
0.06004687197448885
0
0.2852672133959656
0.014180875626978702
0.07048477462766414
0
0.00032729495682990524
0
0.1259812106727334
0.6781279063511853
0
0
0
0
13545432686985862e-21
0.386271604004718
48870192811236904e-21
0.0005109207793504063
0.3818252839883036
0.33341718242831
0.17797674627484894
0.5962895499124545
0.0008054591575958458
0.4928207850478905
0.0006891323548880294
0.3184569691261412
9467412285211932e-22
0.00010550029896451298
0.37398536427160906
0.021619070505502123
20235021892298355e-27
0.16445431622320503
0.05700955595069352
0.2104013251679045
0.022326118329149908
0.03255931695973473
0.12334325832405046
0.2327540906677592
0.23962903000612074
0.17200217922781333
0.265529976913545
12164240788825319e-28
0.20888806196064122
0.2089556506678121
0.43660104245410036
0.549918916343279
0.00043284082939103196
0.5503196097606003
0.5644465332233751
11.713506669305747
2.1064228054443612
2.8024304236950077
0.10140329620988653
0.4881342495544435
2.635849294506577
4.198286030754462
0.6254554086589238
5.189827256808568
7.233535106667102
4.689051575742831
2.4627004464635798
2.926288024637864
0.6227428822707537
37.417497466057846
619.1633788821829
4.00208787089202
4583.449043934778
1.0999840847289721
23.218464167974748
1.1708416249247597
45.08321471780673
1.305448272070314
1.3969266723888492
1.0999830739493894
0.9036349917719568
1.083185676091752
69.15564922553801
0
0.0008525049973492168
0.000771857188787096
0
0.008160882381426857
0.007419318822257915
0.007254820229809179
0.005958757259231787
0.006683224790384625
0.009390493634722146
0.006079070330724692
0.009869267624462563
0.005200997162592804
0.006982744630056109
0.00903705921784667
0.0172387356189469
0.007296930300217475
0.008658093441665661
0.00776685979369879
0.009060615011473299
0.004153113671578202
0.01176048343678315
0.017756777122512498
0.012029411364065972
0.007558850058323794
0.0019004537124703374
0.007436782016509805
0.02285871159950837
0.07135364013478192
0.041358335358465566
0.11242167968163651
9119785440331415e-20
0.010095991140041359
0.21585070708591345
480609987370148e-20
0.07316676420474211
0.010914348667718319
0.0012693425119943012
5486346237273717e-21
12044230988797242e-22
0.10086193426309464
0.08793763632725311
0.004141414439851058
0.04033290608695119
0.020207958756250772
0.005779227713285871
0.01208945042934227
0.00048284394141552886
0.30238087770506944
1569913000045092e-24
0.07790599334845455
0.00034189445538289456
0.00961801761091328
0.010902461952988506
0.00015705747065994624
0.00017087004696181657
0.3074614901652382
0.00039348029214421147
0.056324771619220435
0.2308650184077055
13179225395098082e-22
2586164803179639e-21
0.000144722744358714
12571445945819579e-21
0.0005944244412107202
17003023709087038e-21
14432276452309664e-23
10044039069297892e-22
19076924730411543e-21
0.07575594523128555
0.07654570384556976
4349955021381403e-20
0.00021267544443779498
0.01958278142360387
0.008153226552077827
0.09032078138583108
0.02015805830194097
27828733297567215e-21
0.13479320538199835
0.03848890679442482
5573477950267757e-22
0.2609078950240757
4458963225259813e-22
0.003762736999562243
0.000982425354110193
22994565953041535e-28
0.2660068878485747
0.30708745206486665
0.018072060122563384
0.2558837047785063
0.30254227005451995
0.0073983868147320326
0.1864293830569853
22332184592433492e-26
46306139822380055e-22
0.0006293647126326661
9120531765420874e-20
0.12907546115234028
8645599281667381e-22
0.00011181267026313826
0.15897539618932013
0.0009290492851599093
0.011838146989750505
12200722047827734e-21
0.1357574340264386
0.09581529737436861
0.02120514615930944
3146892792097369e-20
0.0001534459976220323
12006679368637295e-23
0.013661535766700216
0.16014633605722547
833331450742957e-23
11103281524597178e-21
9106323541632966e-21
9650093724731821e-20
10586388147480943e-21
0.28413906360054403
0.15893626370226016
0.00515206494604932
0.0015480510077891128
0.04166779847362539
0.005879346369311372
676033993254395e-19
0.02832726388150727
8323588240461728e-20
0.0007209009109845366
0.08035753078956724
9970377471566405e-22
0.3072366381836153
0.30696799846015355
0.0018277163795251269
0.0005370481082045674
5829910089605971e-24
0.001030661052742283
10390421281942367e-24
0.010267167786634862
0.029227916868023004
0.0009038061332658465
0.0003376193313041456
0.0001545465238546835
26181800740810514e-22
0.006119273766605376
0.030536677449128004
0.021421667758609698
11257175928247461e-24
0.30275953412052053
0.06696328671181247
0
0
8177833434979072e-20
6661676993305668e-20
10336380499134192e-22
7596603520143545e-22
0.0001934786417949712
0.009743132531966542
0.005387435591039688
15204233638468494e-24
0.00013149660152928443
7328723432732689e-21
0.05617116799243843
0.013387378864486219
0.09944120019524463
3845635626036863e-22
0.0603710006351716
0.007682413227883934
0.00012014182300912504
0.1221004156213229
0.00029641540689135027
18549559457235286e-29
8514736772432738e-20
3736154913595146e-21
0.0001247139513572784
0.016317100626645226
0.0039021315798537836
0.00016354789534958535
0.0001521123828352467
3799874508922619e-24
0.0005144486470870387
0.02288725632259852
131351335411443e-22
0.0018055104718913723
0.0018004576897034648
4418713503079245e-20
0.10695051798246848
4337217083009113e-20
0.2887483837048109
0.0019102628409010554
0.17787713503855535
0.0033014126109938606
0.0007008210395298782
0.000569250973279319
4475097970137063e-20
0.30369047342381045
12101973012427774e-21
21567570329614162e-21
0.008293852798889584
0.006439538075129861
2171598470495031e-23
87229208228391e-18
0.0030545690263286377
0.13027958884556431
0.030159406930994923
0.00010011159767069813
0.022963563065989248
0.00035410616545940033
0
0.11130046481066794
0.012322280616068588
0.296390083923213
0.2816256865765151
0.28998213397337314
0.0520267063292103
0.02962295057015791
0.3052539178480309
0.2939978382928729
0.30401778405862206
0.2782615925594323
0.20471598926027867
0.0007651378237892753
0.01571029030974825
0.13831406763796328
0.2548698173229379
0.13443621755608945
0.0002992223555247895
0.02694107641270653
0.24172014122672839
0.11288300208766903
0.16252885278609097
