0.0005884517123302911
32.65070812980089
141.58618264611246
0
148.15003433503583
0.524205319733514
210.45123178179975
0
97.91537706572417
0
425.3621360904369
0
29.29147185834828
0
34.16191273012966
0
27.79698498421788
17.43084433102862
308.50649272644546
417.017742982454
9.263269936348651
51.80400315669372
14.727787949259723
1.1003050548986029
0
6.44957392927716
0.6425392616382775
6.767407740940931
0.0065383343349894344
3.052967798850738
50.05998336938281
10.043644510530017
7.1875297828791185
0.43941780186971074
20.033151933669682
2.5165990867988306
1161064059390548e-21
44.819357962758275
60.894301804102945
46.48283234595619
46.811902352349115
0
4.774679401479715
0
199.37561812931827
36.98060858893937
4.761949083393704
0
16.633639567251787
0
3.3248457762243055
10.952543716918072
33.20062476250148
32.87885008365428
18.36727673478135
151.61981350402476
167.82645874998582
1.7769183496360568
0.12532586280641103
0.027358500927878594
17.067218174600978
51.33816782619497
1.830541187508176
3.2630623410389177
0.008148720384066072
0.015321525618921958
329.81985350909514
0
276.3335744436273
0
7.011954686239393
0.03840846734015421
262.55159805442247
12.456536076515935
5.902271053460451
0.9687903696501544
2.9977583482625305
0
6498837548512915e-20
3.9990597543521833
0.07459314582297367
0.0019614138667190953
0.04584308491044954
0.007857428013632867
0.0006004484721634713
0.0017303587740544126
0.18485707806389934
0.6786946806032946
0.767034103360583
0.10781192896362812
0.010084183131985669
0.08835208387273019
0.01800483908941255
2.276425935867295
0.025322597496396263
3.001626372224832
0.012509778536971196
0.026510666874804634
10.07765433646984
0.00048347572236140043
0
1.2642220783470146
1.5441545465504207
0.21703453106537166
0
2.7410739079035156
0.0008952403581292908
0.046684504773230356
0
0.0037436645646977836
0
0.13421935910931493
1.2389327721784222
0
0
0
0
1.9875133281411133
0.56608357338408
1.2077863499609136
5.870327816581584
0.2969501702779096
1.1340151223790875
0.10029522862906023
0.34038115464077756
0.010494631442642996
5.464223763093642
0.0037066276811331786
1.624015734409134
9047982230527976e-22
0.05859559299396181
1.8626900021407866
0.25725098592537704
0.5165593933853405
0.010223335780625646
0.8715335777626807
0.19971217184697573
0.00042770987726222057
0.017192569871348498
0.997689945939849
2.3245305030259096
0.13335679000293482
0.08320066879800496
0.22814149605376777
0.023042849932223643
0.27642458571390505
415.93547628743056
0.3832870370713284
0.6326289918457831
0.1537375299401652
38.675919250231125
0.22814828492281747
6.7835537377902675
1.9904553697378355
2.811294799158424
0.18443358251687478
0.29876334863321213
2.3958491208645456
4.225175605717924
0.9239140655443604
3.6954322310876226
3.5921286528260223
4.356175811513084
2.1968311153429534
2.5140661002990723
0.23903126670155406
30.126264637583542
619.5849791143899
4.002301899699812
10681.26130594232
1.0999999921663193
23.21906257918783
1.1826211526933015
45.434186641726846
1.2218794807490172
1.3921259224197724
39.40750486428603
0.24315708836824054
1.1244785685819412
50.21147812942162
0
0.0008573080518795384
13813403414037564e-22
0
1360498137465072e-29
0.019655104444146962
0.03193691567254992
0.054770134080472585
0.02635653641115914
0.028742916258835318
0.04200477168396872
0.03187228934152315
0.045977126847259214
0.030524681924788744
0.028132268325754783
0.04340847533763309
0.0331806377444345
0.025670394006527274
0.029738511929744225
0.025672978005566196
0.032645275753402134
0.03444817726402457
0.04796211266741477
0.03170251814632128
0.024216536904447344
0.0019047842932734353
0.007503764759805744
0.02350999996931831
0.07835784210987788
0.04356863335894649
0.13156203276854292
9120779445129258e-20
0.010220044108850428
0.31423959895588593
4806127475510171e-21
0.0805607512862724
0.011059546145388557
0.001271272238846277
54863822054908796e-22
1204424832313692e-21
0.11583658848610821
0.09897918083083251
0.004162062869479426
0.042430662495674044
0.02071440640501213
0.0058195569840556365
0.012267983340079154
0.0004831227704526933
0.6893835211645172
15699130029902043e-25
0.08637724386643074
0.00034203422046181456
0.009730503726017085
0.011047340163337476
0.0001570869547505488
0.00017090494597739317
0.8028048264684661
0.00039366543234686373
0.06055140400367548
0.3513387156794948
13179246150398084e-22
25861727953111635e-22
0.00014474777860435192
12571634800811984e-21
0.0005948471144428467
1700336918182108e-20
14432278941270306e-23
1004405112425823e-21
1907735962079407e-20
0.08372789117963768
0.08469899663546689
4350181147965953e-20
0.0002127295134662625
0.020057817324946436
0.008233842442540227
0.1020332915683128
0.020661960395871818
27829658755673523e-21
0.1639725457013264
0.04039224267554452
5573481662210081e-22
0.4430911249478932
44589656010951655e-23
0.0037797703311339493
0.0009835807033233613
2299456595310469e-27
0.46217804056875533
0.7839192523783799
0.018475481816297875
0.42553024529544536
0.9994117213914222
0.007464675047417098
0.25192588823794365
22332184598393166e-26
4630639605179162e-21
0.0006298385654372954
9121525932929031e-20
0.155420294193782
8645608213469522e-22
0.00011182761255909191
0.20250398919210053
0.0009300824033169384
0.012009255255371939
12200899928508654e-21
0.1654342703403376
0.1091670708364836
0.021763861481760786
3147011133473936e-20
0.00015347414117059362
12006681091275562e-23
0.013890184356683655
0.20447722743897362
8333314590411564e-24
11103428843869504e-21
9106422634286836e-21
9651206702353177e-20
1058652206953011e-20
0.5452072903571537
0.20243823027425809
0.005184079568733303
0.0015509226247166334
0.04391268577249136
0.005921092665000425
6760886115232635e-20
0.029337971137193372
8324416247852983e-20
0.0007215227260255533
0.08941991192604012
997038935035596e-21
0.8833301983778544
0.8955050671180087
0.0018317212849115415
0.0005373930875309726
5829910130219595e-24
0.0010319327494081993
10390421410949733e-24
0.010395503427421696
0.030305788406767592
0.0009047838281766626
0.00033775562188344927
0.00015457507260255944
2618188265314073e-21
0.006164516543010275
0.03171622496120763
0.02199208491403585
11257176079675788e-24
0.9957095291208208
0.07307360843916104
0
0
8178632695614112e-20
6662207349000125e-20
10336393266050126e-22
7596610415992228e-22
0.00019352338890296967
0.009858590738939478
0.005422457160217722
15204233914702614e-24
0.0001315172686361673
7328787614339914e-21
0.06037343220689403
0.013606830963266264
0.11394735764218256
38456373932330894e-23
0.06526812155395698
0.0077539259077281375
0.00012015907464242984
0.14524439461932015
0.00029652045316794977
18549559457239282e-29
8515603249313783e-20
3736171593780611e-21
0.0001247325411874934
0.01664489594850625
0.003920454946454034
0.0001635798670337718
0.00015214003924659032
379987452617652e-23
0.000514765190387142
0.023540207716257474
13135133747310505e-24
0.0018094184966545742
0.0018043438362301172
44189468350848264e-21
0.12403913854867796
4337441887151999e-20
0.5722823298037112
0.001914638318687401
0.23577255347199247
0.003314514354894972
0.0007014086759085147
0.0005696385871962659
4475337295187936e-20
0.7077197262741534
1210214802530309e-20
21568126192216908e-21
0.00837729505723857
0.006489669750112047
21715985268467975e-24
8723830191553365e-20
0.0030657798017298867
0.15720518906427686
0.0313091473689678
0.00010012357596463774
0.023620970976932863
0.00035425609632655205
0
0.13000828483340568
0.01250783631002268
0.6275963137583704
0.5317744495711214
0.58018264432028
0.055600901131610536
0.030731001438517938
0.9463591896191788
0.6084118598193882
0.9726990272025894
0.514971094674691
0.2892628923512853
0.0007658383492542537
0.01601381444301168
0.1693380290255984
0.42211926093713853
0.16343281976954255
0.0002993294012623343
0.02785285067276996
0.3812504372314522
0.13220315644973887
0.20852590620820832
