1.212497340105096
8109807210629974e-27
0.00020857248044519399
0
0.00034881633346439813
2208308918544364e-22
0.0003596830107716599
0
0.00038000038275078194
0
0.03762948894716977
0
8.3789803464875
0
6.792944537864896
0
7.543332946237914
1.065848745805569
17.766427812180495
4.776295077998357
0.5116400348600505
21.527368744840757
7.08387009207849
13497611722890038e-22
0
0.010498794852540398
0.0002449986246830143
0.015611646198984051
0.006852355088304418
0.14433099530598964
0.1370206602149431
6312079793658586e-20
3324958016514413e-25
0.023035237489591315
7101489316586282e-20
7611358754105857e-20
20233044271583153e-32
0.012123569796022192
0.013870449718028706
0.10066864522323267
0.09923571797003462
0
0.07855411650372102
0
1.2609033035654749
2.0217217280856277
4.4449195531500605
0
5.430650507320812
0
4.430109455391502
0.04481048903669234
25.542804131513865
24.99061650755338
5.949713970282843
41.33931927425798
40.11815920351309
1.4480673710930316
0.0009654488892856319
0.01848659161712342
0.2945544013025143
36.14116271898538
0.0424713866288672
0.5617158358613726
2.602056998623864
1.4803322642881425
37.38699158144983
0
37.307494929166225
0
16.54013224507113
0.0002959014147328228
0.0002959056975239167
0.0223882339194937
6.982830268459652
0.3598039175411151
0.24637442328353232
0
0.000496711634610242
0.019715781549237487
0.0707457961353978
0.03212228363807253
0.011157758641435317
59086090694451315e-21
4300954721956647e-20
0.001426926428140231
2.0530856544924587
0.37883852034016047
0.07777078837927626
0.0008955280304815333
0.0013647299537358562
0.014347958288554896
0.004424076192308733
13157792852867442e-21
0.06319543387082252
0.8208180311907378
0.02050885566901575
27780584666674356e-24
0.0002028325653483772
28667061209200636e-21
0
0.8841587180185897
0.520279863316079
0.06163882398386059
0
0.2817144546510755
0.017232109167720718
0.07051934025516289
0
0.00032488726105261057
0
0.12586932749581084
0.6710000253821533
0
0
0
0
10366636624971305e-21
0.3850562114532773
26241363988156613e-21
0.0003660816936426206
0.3805936325164124
0.3281935000167168
0.17766123774495682
0.5941633069124828
0.0007811796720516648
0.516170890953912
0.000718110410504767
0.3317131007451559
9457896667976163e-22
0.00010200578195102491
0.3832706352826996
0.017863129969294674
12820595672655765e-27
0.1810561177458201
0.054433851780723526
0.20956989343057525
0.022393588444065037
0.03288839088119837
0.11750820082077813
0.22498184449122086
0.2385026199194447
0.1730853887263051
0.2640320363764006
7683962181259006e-28
0.20524829912974576
0.20531361724152167
0.43497358423502974
0.5487033309716408
0.0004262665416038325
0.5487721921126522
0.5686649118653629
11.702872727979017
2.1084914734486246
2.8052056189778516
0.10093469238691219
0.4877489712091091
2.6403282279355813
4.205129389877058
0.6234890323293759
5.159266081363578
7.18805551262122
4.65466231654646
2.4645827361018062
2.910731036902895
0.6243687292336183
37.541516464256375
619.1573960472022
4.00208483269066
4528.730615610433
1.0999838589137914
23.218455673233677
1.170675253948909
45.07825200044419
1.305483377151306
1.3969246355827378
1.099982848081215
0.9013373011371558
1.0826105407937545
69.18002618424339
0
0.0008490653591142299
0.0007752639224120073
0
0.008169991568367577
0.007296218226957996
0.007142339058459913
0.005803397230852122
0.006569317368923845
0.009316647067496636
0.005944704344377657
0.009812650500942098
0.0050703166091213515
0.0068782459573986906
0.00893137724032151
0.017108047831382558
0.007167677137475999
0.008574661456119861
0.007650258093032615
0.008977491979231193
0.004137106146307252
0.011660990342828217
0.017527665800262195
0.011906270623720691
0.007477261317011874
0.0019003923078737004
0.007435835468045989
0.0228495971991197
0.07125885628789373
0.04132777967807542
0.11217104911815505
9119771330540547e-20
0.010094241007208012
0.2147029715492142
480609948187627e-20
0.07306684118828953
0.010912301273217781
0.0012693151393127124
5486345726682233e-21
12044230742724735e-22
0.10066392736064354
0.08779010518792217
0.004141122060042754
0.040303886034081894
0.020200859248328838
0.005778657228459336
0.012086934826956943
0.0004828399844073129
0.2988639948638698
1569913000003285e-24
0.0777919215060632
0.0003418924717342069
0.00961643019090194
0.01090041904525639
0.00015705705215316847
0.00017086955159797924
0.3033008982248016
0.00039347766458064376
0.05626694598323924
0.22949292243889877
13179225100462794e-22
25861646897261017e-22
0.0001447223890118269
1257144326491559e-20
0.0005944184432406681
17003018804918336e-21
14432276416977185e-23
1004403889816968e-21
19076918556919653e-21
0.0756484215317123
0.07643579995098967
4349951811446138e-20
0.00021267467699028503
0.019576119592659338
0.008152087855140823
0.09016458025667218
0.020150994252825394
2782872016028471e-20
0.13441876605529884
0.038462543516908684
5573477897574241e-22
0.2589537070694921
44589631915332326e-23
0.003762495753277603
0.0009824089629194217
2299456595304065e-27
0.26392899630460953
0.30302907434604825
0.01806639715050158
0.2540428510897433
0.29745350851603536
0.007397450058335391
0.18563427144522587
223321845923489e-24
4630613618504039e-21
0.0006293579885383879
912051765332041e-19
0.1287355831670221
864559915487447e-21
0.00011181245816150939
0.15843017368066784
0.0009290346276124943
0.011835735624754484
12200719522709773e-21
0.13537695877970815
0.09563801863863192
0.02119731895023077
31468911121934875e-21
0.00015344559814246993
12006679344183285e-23
0.013658317187249084
0.15959175443850615
8333314506251585e-24
11103279433314495e-21
9106322134953453e-21
9650077926185337e-20
10586386246379029e-21
0.28152251422088004
0.15839135212575997
0.005151611902937229
0.0015480102815416175
0.04163677114777397
0.005878755876082358
6760332179428738e-20
0.028313169745620745
8323576486929419e-20
0.000720892087757989
0.08023572760675472
9970377302939041e-22
0.302664967883491
0.30233781387379083
0.0018276595902622483
0.0005370432125841267
58299100890294355e-25
0.0010306430114335819
10390421280111022e-24
0.010265357426968167
0.029212895002083582
0.000903792261832901
0.0003376173969630939
0.0001545461186238479
26181799578011405e-22
0.006118633910837789
0.030520252695322284
0.021413677724891084
11257175926097837e-24
0.29768583441613966
0.06688033007122887
0
0
8177822089495812e-20
6661669464851642e-20
10336380317899297e-22
7596603422252353e-22
0.0001934780066539808
0.00974150329607571
0.005386940067891017
15204233634547152e-24
0.00013149630816909765
7328722521635392e-21
0.05611366946909848
0.01338428920786168
0.09924916343547957
38456356009503206e-23
0.06030419546383062
0.007681402819257293
0.00012014157812834756
0.121799930468111
0.0002964139159562927
18549559457235228e-29
8514724472841786e-20
3736154676809162e-21
0.00012471368748200466
0.01631249412389705
0.0039018720846992825
0.00016354744153488013
0.00015211199026996634
3799874508677689e-24
0.0005144441549421987
0.02287811881719862
13135133538217633e-24
0.0018054550556393968
0.0018004025835179512
4418710190862231e-20
0.1067257053034251
4337213891846062e-20
0.28595793836526884
0.0019102008000672964
0.1771670511559153
0.0033012269961676913
0.0007008127011788293
0.0005692454727365675
4475094572848154e-20
0.300064936138779
12101970528019805e-21
21567562438871513e-21
0.00829267428221035
0.006438829216908187
21715984696950805e-24
8722907914417257e-20
0.00305441017724723
0.12993260539381393
0.03014339325524948
0.00010011142764102649
0.022954363647696374
0.00035410403754613753
0
0.11105526128114108
0.012319666440671277
0.2932503107452388
0.2790959105852784
0.2871412562363456
0.05197765826269425
0.029607512109298805
0.30039006552185515
0.2909781527708734
0.29903983472917434
0.2758406973003998
0.20371378210277125
0.0007651278839704016
0.0157060232529502
0.1379172921971099
0.25305090624287657
0.13406399753988102
0.00029922083621371665
0.02692835036830302
0.24016159003420154
0.1126301179646506
0.16195489476424121
