1.2178434486220193
3181532729633998e-27
0.00014085052974565092
0
0.00027070354336782324
17094189419721938e-23
0.00027829438283170335
0
0.00029248399825481243
0
0.034891010440616994
0
8.358877701133357
0
6.885486056142651
0
7.675815433240468
1.0758074955692447
17.927315468047478
4.78051954657153
0.5168132847515543
21.648605480466948
7.118021092825603
9143146499343823e-22
0
0.009583390049894589
0.00022465548739637644
0.014743403229262627
0.006851908264277012
0.13593610865252614
0.12940347331463295
591793865753912e-19
2366848042447482e-25
0.021677515530493224
6658800073851692e-20
6995006071752178e-20
14565537304016285e-32
0.011065436429016274
0.012660142225743696
0.1017477718975511
0.10020704094572737
0
0.07799656913294249
0
1.2676205345952265
1.9054751540978139
4.442995050311728
0
5.4391388454532725
0
4.4299381215184175
0.04450512542367013
25.03911347820025
24.435272419577643
5.068605577426866
41.215390032545535
40.23270342346165
1.4438559440124201
0.0009617353949728934
0.018640844362834818
0.2944708939533029
36.149987522470646
0.04187704016947299
0.5634327494855864
2.5986199959741363
1.4834355576086817
37.528853140747316
0
37.45208011626413
0
16.55446834840892
0.0002960306521491975
0.00029604096964001316
0.0222954491197909
6.982847049774308
0.3617180361507464
0.24768389402148003
0
0.0004990884766745239
0.019741435404576634
0.07063603448562997
0.03203226514603635
0.011272553279236404
5944173430755083e-20
43190087112623414e-21
0.0014307622708459769
2.052920036624037
0.3785815132473407
0.07333470873110218
0.0008985801530856613
0.0013809509093018926
0.013809985995905773
0.004178116580029804
10785399057179934e-21
0.0628422640680272
0.8315194739794297
0.02041532651626692
21566201625674178e-24
0.00016674159096754973
28728835285379855e-21
0
0.8820976446598652
0.5191884907168165
0.06214855115227733
0
0.28068367366351177
0.01778076067025654
0.07050597623896247
0
0.00032381181106996723
0
0.12583427375867598
0.6687601340172631
0
0
0
0
9628565695599847e-21
0.38461906367944604
21614174114594958e-21
0.0003290394563182133
0.3802042161417896
0.32658061105591013
0.17758167304895556
0.5934917941916326
0.0007802827318990814
0.5219577152530706
0.0007274618438396478
0.33598302542011493
9454964997647251e-22
0.00010179478433791407
0.38544606802367265
0.016819764580677226
1109860077590311e-26
0.18364767903367585
0.05363737832466447
0.2093065591305836
0.022414564061501868
0.03299165672251093
0.11568760894709149
0.2225666297641921
0.23815518179091277
0.17343398679588423
0.2635796957654079
6645824486375402e-28
0.20412431083612098
0.20418906792375227
0.4344635496551285
0.5483183525438526
0.000424200120054491
0.5483733577589658
0.5700220146819015
11.700222760593297
2.1090722957134513
2.805871661662549
0.10076760029359964
0.48765301838013203
2.6415841703874525
4.206768025074261
0.6227787951211066
5.151453846171731
7.177105995371538
4.644750778608787
2.465091478723705
2.907223431522454
0.6249077617064899
37.58075794357934
619.1555104986494
4.002083875166387
4511.621213619064
1.0999837877455012
23.218452996017156
1.170622825086333
45.07668805514707
1.3054942444912252
1.3969239934734232
1.0999827768962234
0.9006137440676588
1.0824293433708023
69.18284046119301
0
0.0008478741488768803
0.0007762744736544637
0
0.008171392333417439
0.00726035683831609
0.007109686568732348
0.0057571876476243625
0.006535835725657141
0.009296422063907565
0.005904975070407509
0.009798092590347328
0.00503156976832922
0.006847834282412436
0.00890138363064528
0.017072943923671476
0.007129773732134848
0.00855145039552727
0.007616510071247823
0.008954462231906915
0.004134653487874865
0.011633788435286535
0.01746152276870012
0.011871771157101231
0.007454300999993084
0.0019003729559068858
0.007435537177177374
0.022846725442289065
0.07122901014972745
0.04131815437669198
0.11209217581677111
911976688367918e-19
0.010093689495219698
0.21434251556122952
4806099358387971e-21
0.07303537756919584
0.010911656092454227
0.0012693065126137667
5486345565763355e-21
12044230665172098e-22
0.10060160376114706
0.08774366033569622
0.004141029917398849
0.040294744352482224
0.020198622272189087
0.005778477445154021
0.012086142113882337
0.00048283873731653744
0.2977641076908391
15699129999901095e-25
0.07775600505548885
0.0003418918465664695
0.009615929951188191
0.010899775278288374
0.0001570569202560857
0.00017086939547856025
0.3020013433374413
0.00039347683647683953
0.05624873386287746
0.22906218264500672
13179225007605032e-22
25861646539698907e-22
0.00014472227702027327
1257144241999741e-20
0.0005944165529226821
17003017259312407e-21
14432276405841735e-23
1004403884423662e-21
19076916611271773e-21
0.07561456581657797
0.07640119516482702
4349950799797926e-20
0.00021267443512078548
0.01957402050830227
0.008151729014420841
0.09011540764693415
0.020148768448059715
27828716019917513e-21
0.13430097281638226
0.038454238564097944
5573477880967263e-22
0.2583408604336294
44589631809039067e-23
0.003762419724890344
0.000982403797100302
22994565953040375e-28
0.26327749430113945
0.30176117819506293
0.018064612766299556
0.25346543360162077
0.29586753295687046
0.007397154853164439
0.18538438617958578
22332184592322244e-26
4630613503869023e-21
0.0006293558693761909
912051320573115e-19
0.12862865222468495
8645599114914197e-22
0.00011181239131527965
0.15825872824902085
0.000929030008162637
0.011834975756625874
12200718726889371e-21
0.13525726867952223
0.09558221517380747
0.021194852712406658
31468905827522844e-21
0.0001534454722420214
12006679336476317e-23
0.013657302971386405
0.15941736987182192
8333314505880326e-24
11103278774222336e-21
910632169162197e-20
9650072947093692e-20
10586385647224561e-21
0.28070288212040734
0.15822000434108502
0.005151469129349362
0.0015479974464096549
0.041626997311540015
0.005878569787514702
6760329735945494e-20
0.028308729267045276
8323572782669457e-20
0.0007208893070371574
0.08019737818249584
9970377249794157e-22
0.30123829868345686
0.30089308103367635
0.0018276416928264454
0.0005370416696812407
5829910088847734e-24
0.0010306373255692376
10390421279533854e-24
0.010264786937068117
0.02920816228528357
0.0009037878901324242
0.0003376167873351473
0.00015454599091082295
2618179921154165e-21
0.006118432266662834
0.030515078072841588
0.021411160189840364
11257175925420358e-24
0.2961044875583817
0.06685420661858563
0
0
8177818513837111e-20
6661667092172923e-20
10336380260780996e-22
7596603391400797e-22
0.000193477806482289
0.009740989879761594
0.005386783907411368
15204233633311298e-24
0.00013149621571333366
7328722234492428e-21
0.05609556033654576
0.013383315614165728
0.09918871769209113
38456355930440023e-23
0.06028315635587479
0.007681084404683321
0.00012014150095140517
0.12170538239193046
0.000296413446072197
18549559457235218e-29
8514720596485287e-20
37361546021832884e-22
0.00012471360431873653
0.01631104260012214
0.0039017903053377187
0.00016354729851012024
0.00015211186654862923
3799874508600497e-24
0.0005144427391982554
0.022875239781432636
1313513353729526e-23
0.0018054375909108788
0.0018003852165075554
44187091469787516e-21
0.1066549509367169
4337212886114128e-20
0.28508409789657074
0.0019101812475893086
0.17694384790256282
0.0033011684996435086
0.0007008100732703719
0.0005692437391870949
4475093502153289e-20
0.2989313002368739
12101969745029635e-21
2156755995201212e-20
0.008292302893578993
0.006438605828107029
2171598469442967e-23
8722903846180847e-20
0.0030543601158103
0.12982344113486136
0.030138348120095578
0.00010011137405424342
0.02295146510709143
0.00035410336691199404
0
0.11097809452643517
0.012318842667612264
0.29226768430401434
0.27830334123548656
0.28625170117229704
0.05196220977495898
0.029602648165180292
0.2988732856501161
0.29003290643277524
0.2974879313958276
0.2750820974702437
0.20339894273896086
0.0007651247513467983
0.015704678680216234
0.1377924798112974
0.2524803497191614
0.1339469017588745
0.0002992203573866319
0.026924340852274155
0.23967248007004444
0.11255053603867514
0.16177442556984273
