1.2178434486220193
3181096179153519e-27
0.00014085033064256225
0
0.0002707033470738047
17094176599974456e-23
0.0002782941741257323
0
0.0002924837691778988
0
0.034891013030745065
0
8.358877750542543
0
6.885486048740846
0
7.6758153460899985
1.0758074870770782
17.927315360586352
4.7805189436481825
0.5168132805487243
21.648603658073533
7.1180207617732965
9143133575111308e-22
0
0.009583390042319779
0.00022465548724131894
0.014743403229297422
0.006851908264276887
0.13593610865042846
0.1294034733149382
5917939333340112e-20
23668462764813765e-26
0.021677515530151303
6658800834262228e-20
6995005924835529e-20
14565528405326059e-32
0.011065436420750087
0.012660142217876596
0.10174775850793459
0.10020703905501797
0
0.07799656935785364
0
1.2676204871533496
1.9054751531357068
4.442995050644979
0
5.439138845506258
0
4.429937845541063
0.044508870412148634
25.039111494923176
24.435270226468937
5.068605712078067
41.21539032198499
40.236716235385195
1.4438558648011037
0.0009618318884400893
0.018642678229524274
0.2945002524973844
36.14998754744943
0.04187704028599131
0.5634327464502873
2.598619835507684
1.4834355577233496
37.52885294436631
0
37.45207988166171
0
16.554468351782223
0.00029605994451337126
0.00029605259202623407
0.02229767815630955
6.982846861838414
0.3617180193161735
0.2476838795945594
0
0.000499088473995713
0.01974143290989282
0.07063603448106129
0.03203226514618492
0.01127255321941083
5944173419988055e-20
43190087034633e-18
0.0014307622708888633
2.052920036472174
0.3785815132385707
0.07333470628644037
0.00089858009485995
0.0013809507947168053
0.013809985314332857
0.004178116563042501
1078539857287893e-20
0.06284226406030519
0.831519436919735
0.020415326514429354
2156620065439773e-23
0.00016674157988975677
2872883346560221e-20
0
0.8820976446741454
0.5191884909378832
0.06214855081937017
0
0.28068367365220276
0.017780762543179295
0.07050597391110477
0
0.0003238118134994122
0
0.12583427375867112
0.6687601340172579
0
0
0
0
9628565414681817e-21
0.3846190636824003
21614173144063496e-21
0.0003290394566263831
0.3802042161417699
0.3265806110428539
0.17758167304776365
0.5934917622559229
0.000780360618915528
0.5219577153190452
0.0007274618437788039
0.33598302539276675
9454964997649714e-22
0.00010180495549764053
0.3854460680489426
0.016819764579331695
11098600684684931e-27
0.18364769056549585
0.05363737831656621
0.20930655913063145
0.022414564058927555
0.032991656720221106
0.11568760894700388
0.22256662976391609
0.23815518179119335
0.17343398678412575
0.26357969574290274
6645824431382447e-28
0.20412431081944102
0.2041890679083859
0.43446354965547246
0.5483183525438392
0.0004242001195870226
0.5483733390370997
0.5700220146478436
11.700222759549742
2.109072295718839
2.8058716616880526
0.10076760029467377
0.4876530183422085
2.6415841703993435
4.2067680251378325
0.6227787951260487
5.151453845659332
7.17710599444613
4.644750778232928
2.465091478747374
2.90722343098194
0.6249077616663381
37.58075787577373
619.1555104986494
4.002083875166387
4511.621213619063
1.0999837877455012
23.218452996017156
1.170622825086333
45.07668805514707
1.3054942444912776
1.3969239934734232
1.0999827768962231
0.9006137440676588
1.0824293433708023
69.18284044119704
0
0.0008478741488278637
0.0007762744736555175
0
0.008171392333456604
0.0072603568373743425
0.007109686567798087
0.005757187646926825
0.006535835724969608
0.009296422063062375
0.005904975069642135
0.009798092589077542
0.005031569767680374
0.0068478342815112645
0.008901383629485069
0.017072943921425686
0.007129773731197576
0.008551450394424457
0.007616510070257319
0.00895446223076601
0.004134653487183269
0.011633788433787496
0.017461522766428372
0.011871771155577611
0.0074543009990124184
0.0019003729559068858
0.007435537177177374
0.022846725442289065
0.07122901014972745
0.04131815437669198
0.11209217581677111
911976688367918e-19
0.010093689495219698
0.21434251556122952
4806099358387971e-21
0.07303537756919584
0.010911656092454227
0.0012693065126137667
5486345565763355e-21
12044230665172098e-22
0.10060160376114706
0.08774366033569622
0.004141029917398849
0.040294744352482224
0.020198622272189087
0.005778477445154021
0.012086142113882337
0.00048283873731653744
0.29776410769083905
15699129999901095e-25
0.07775600505548885
0.0003418918465664695
0.009615929951188191
0.010899775278288374
0.0001570569202560857
0.00017086939547856025
0.3020013433374412
0.00039347683647683953
0.05624873386287746
0.22906218264500672
13179225007605032e-22
25861646539698907e-22
0.00014472227702027327
1257144241999741e-20
0.0005944165529226821
17003017259312407e-21
14432276405841735e-23
1004403884423662e-21
19076916611271773e-21
0.07561456581657797
0.07640119516482702
4349950799797926e-20
0.00021267443512078548
0.01957402050830227
0.008151729014420841
0.09011540764693415
0.020148768448059715
27828716019917513e-21
0.13430097281638226
0.038454238564097944
5573477880967263e-22
0.2583408604336294
44589631809039067e-23
0.003762419724890344
0.000982403797100302
22994565953040375e-28
0.26327749430113945
0.3017611781950629
0.018064612766299556
0.25346543360162077
0.2958675329568703
0.007397154853164439
0.18538438617958578
22332184592322244e-26
4630613503869023e-21
0.0006293558693761909
912051320573115e-19
0.12862865222468495
8645599114914197e-22
0.00011181239131527965
0.15825872824902085
0.000929030008162637
0.011834975756625874
12200718726889371e-21
0.13525726867952223
0.09558221517380747
0.021194852712406658
31468905827522844e-21
0.0001534454722420214
12006679336476317e-23
0.013657302971386405
0.15941736987182192
8333314505880326e-24
11103278774222336e-21
910632169162197e-20
9650072947093692e-20
10586385647224561e-21
0.28070288212040734
0.15822000434108502
0.005151469129349362
0.0015479974464096549
0.041626997311540015
0.005878569787514702
6760329735945494e-20
0.028308729267045276
8323572782669457e-20
0.0007208893070371574
0.08019737818249584
9970377249794157e-22
0.30123829868345675
0.30089308103367624
0.0018276416928264454
0.0005370416696812407
5829910088847734e-24
0.0010306373255692376
10390421279533854e-24
0.010264786937068117
0.02920816228528357
0.0009037878901324242
0.0003376167873351473
0.00015454599091082295
2618179921154165e-21
0.006118432266662834
0.030515078072841588
0.021411160189840364
11257175925420358e-24
0.29610448755838154
0.06685420661858563
0
0
8177818513837111e-20
6661667092172923e-20
10336380260780996e-22
7596603391400797e-22
0.000193477806482289
0.009740989879761594
0.005386783907411368
15204233633311298e-24
0.00013149621571333366
7328722234492428e-21
0.05609556033654576
0.013383315614165728
0.09918871769209113
38456355930440023e-23
0.06028315635587479
0.007681084404683321
0.00012014150095140517
0.12170538239193046
0.000296413446072197
18549559457235218e-29
8514720596485287e-20
37361546021832884e-22
0.00012471360431873653
0.01631104260012214
0.0039017903053377187
0.00016354729851012024
0.00015211186654862923
3799874508600497e-24
0.0005144427391982554
0.022875239781432636
1313513353729526e-23
0.0018054375909108788
0.0018003852165075554
44187091469787516e-21
0.1066549509367169
4337212886114128e-20
0.28508409789657074
0.0019101812475893086
0.17694384790256282
0.0033011684996435086
0.0007008100732703719
0.0005692437391870949
4475093502153289e-20
0.29893130023687386
12101969745029635e-21
2156755995201212e-20
0.008292302893578993
0.006438605828107029
2171598469442967e-23
8722903846180847e-20
0.0030543601158103
0.12982344113486136
0.030138348120095578
0.00010011137405424342
0.02295146510709143
0.00035410336691199404
0
0.11097809452643517
0.012318842667612264
0.29226768430401434
0.27830334123548656
0.28625170117229704
0.05196220977495898
0.029602648165180292
0.298873285650116
0.29003290643277524
0.2974879313958274
0.2750820974702437
0.20339894273896086
0.0007651247513467983
0.015704678680216234
0.1377924798112974
0.2524803497191614
0.1339469017588745
0.0002992203573866319
0.026924340852274155
0.23967248007004444
0.11255053603867514
0.16177442556984273
