0.0006817884368967339
32.80489779994941
141.3464136788298
0
147.10544567541857
0.521765119735105
210.23100731928005
0
99.71569189476905
0
383.10417973293085
0
29.20751483963119
0
34.15561008355302
0
27.868194122447814
17.5355611177097
310.0947723420843
374.82041574001727
9.615626597817567
48.911586586941795
14.95499811184116
1.0972908512507218
0
6.4476976306796265
0.640477326676762
6.484692817312944
0.006547902285468181
3.073086984551637
48.28611004442243
9.421918675519489
7.120454184694755
0.4471929439450669
18.68056761833856
2.5252007170654207
10894967444682205e-22
44.71208060443151
60.78339309570467
39.716734051965155
46.79617161103655
0
4.78236439660657
0
184.8527554003264
37.559411969724195
4.642346244133004
0
17.07535339030889
0
3.101702278218274
10.625670034445195
33.237339029890705
32.92180442811925
18.365693511252566
160.59591290872743
91.5644806221765
1.6589480555778562
0.13588281349432868
0.014454178098826407
17.871157787667318
51.27815124787305
1.8341840054225544
3.233620953662484
0.00884342163102676
0.017915335163947808
327.5876795207426
0
277.39606848864014
0
7.006930611251381
0.03920962291310337
253.12241388015332
13.240514744818462
5.7517527113213776
0.9628639735032086
2.998587419392159
0
6618056621422958e-20
3.347794687627138
0.07572179713575909
0.0019885821253712395
0.045455467819045005
0.007782757778389777
0.0005929066811460476
0.0017287296379996284
0.18910828302271357
0.678655588058173
0.7461367100270958
0.10917257241248066
0.009704607990960987
0.09000215390315489
0.018483264962832036
2.2726466907595713
0.02587881606705006
2.830467784127787
0.012761965801585697
0.0270470938503244
9.75148112543205
0.0004880945791433345
0
1.264287360248581
1.541917631765353
0.2151192564561277
0
2.740757095339293
0.000438171502534031
0.044114935297803505
0
0.0037059451717093195
0
0.13421854904204608
1.238877782778157
0
0
0
0
2.038307448104135
0.5661456359210233
1.2064455000537693
5.86851164106
0.29709627985665843
1.1440146535991935
0.1005013375827572
0.31753895819961087
0.011496789349769367
5.452404098708733
0.0037087192364091736
1.6244683174508905
9048249419780866e-22
0.061873387989524894
1.867626671071192
0.2623212470085259
0.519464823422086
0.00528396041585541
0.8713314886131868
0.19972782253320928
0.00043986959131444144
0.017430518598635026
0.9972916299109623
2.3245949703941116
0.1333990346874747
0.08428045726604817
0.23159284400065758
0.023368856933947527
0.28097015128531955
328.3688026657655
0.3871178314969383
0.6326180124315355
0.15298907239966433
36.81341725942189
0.23160196112865122
6.889209888420743
1.9903915284692166
2.810899034709165
0.1844675241630131
0.3030463107805881
2.3957188894504498
4.224185553161099
0.9240208933361205
3.7482000621383547
3.6560356353207704
4.412298793742588
2.200327861927139
2.556452825472137
0.24208995982994902
30.592005463831804
619.5849461721617
4.002301882981661
10680.55547126987
1.0999999909237874
23.219062532445566
1.1826202279866491
45.43415912102929
1.2294962661407245
1.3928066377148456
32.32979690486573
0.24926679724561202
1.124475282496998
50.057551807499145
0
0.000868675945178627
15903225311727976e-22
0
7671830255708574e-29
0.020008686274574448
0.03250882344750419
0.0557288663807673
0.026824374116164906
0.029149505159000624
0.04275039994166736
0.03243476916321084
0.04678730147953834
0.031071790871944675
0.028633908736187968
0.04418725902707516
0.033774663613235646
0.02612602894678732
0.03027050419141209
0.02612707514119507
0.033218618574321776
0.03505902980164616
0.048828059789151626
0.03228706524024432
0.02465050094712461
0.001904783954628483
0.007503759504321443
0.023509948379577587
0.07835726900259261
0.04356845618058433
0.13156041712829072
9120779367483726e-20
0.010220034359840754
0.31423038070906706
4806127473354198e-21
0.08056014550125498
0.011059534728973003
0.0012712720880016027
5486382202681405e-21
1204424832178294e-21
0.11583533600457604
0.09897826637326723
0.004162061252625417
0.042430494452001005
0.020714366355021805
0.0058195538229880925
0.012267969292489972
0.0004831227486671857
0.6893391463423585
15699130029899735e-25
0.08637654744589943
0.00034203420954259103
0.009730494888597147
0.011047328772107779
0.00015708695244734253
0.0001709049432511671
0.8027446451788338
0.0003936654178822376
0.06055106177591189
0.35132719210377367
13179246148776897e-22
25861727946869006e-22
0.00014474777664876822
12571634786060485e-21
0.0005948470814162811
17003369154836077e-21
14432278941075898e-23
1004405112331662e-21
19077359586824567e-21
0.08372723682593569
0.08469832701454012
4350181130302839e-20
0.00021272950924241624
0.020057779773677342
0.008233836114640358
0.1020323198053117
0.020661920548427953
2782965868338517e-20
0.1639700359342369
0.0403920903902406
5573481661920142e-22
0.44307279577184777
4458965600909589e-22
0.0037797689976608187
0.0009835806130264722
2299456595310469e-27
0.4621580980528338
0.7838618698402973
0.018475449956101408
0.42551334035779265
0.9993184439280283
0.0074646698465455665
0.251919963659712
22332184598392698e-26
4630639603177761e-21
0.0006298385284109197
9121525855270785e-20
0.1554180394116614
864560821277186e-21
0.0001118276113918774
0.2025001612322352
0.0009300823225756584
0.012009241794055495
12200899914614366e-21
0.1654317156254064
0.10916595843500045
0.021763817270837617
31470111242301654e-21
0.00015347413897211112
12006681091141003e-23
0.013890166348419835
0.2044733245107021
8333314590405086e-24
11103428832362377e-21
9106422626546703e-21
9651206615413942e-20
10586522059069445e-21
0.5451795377243104
0.20243440480022457
0.0051840770603315605
0.001550922400207929
0.043912505784765764
0.00592108939266612
676088607256881e-19
0.029337890799452808
8324416183174448e-20
0.000721522677434898
0.08941916557683804
997038934942811e-21
0.8832573354426762
0.8954301813187729
0.0018317209717475847
0.0005373930605761279
582991013021642e-23
0.001031932650015247
10390421410939653e-24
0.010395493340792534
0.03030570268110303
0.0009047837517680299
0.00033775561123570015
0.00015457507037242257
2618188264674257e-21
0.006164512996084898
0.03171613107041655
0.021992039771023233
11257176079663956e-24
0.9956169416321178
0.07307311002444328
0
0
8178632633181145e-20
6662207307572613e-20
10336393265052904e-22
7596610415453595e-22
0.00019352338540738742
0.009858581667325696
0.0054224544158260595
1520423391468104e-23
0.0001315172670217413
7328787609326694e-21
0.0603730919879484
0.013606813682231768
0.11394614568329874
3845637393095053e-22
0.06526772393219872
0.007753920295986418
0.00012015907329481511
0.1452424254389593
0.0002965204449613749
18549559457239282e-29
851560318163019e-19
37361715924777255e-22
0.00012473253973534123
0.01664487008909446
0.003920453511868612
0.00016357986453623268
0.0001521400370861631
37998745261751724e-25
0.000514765165654471
0.023540155993856525
13135133747294402e-24
0.0018094181910702776
0.0018043435323574894
4418946816858881e-20
0.12403770240058187
4337441869592184e-20
0.572251751884487
0.0019146379765295578
0.23576736434219736
0.0033145133294953696
0.0007014086299892433
0.0005696385569095983
4475337276493853e-20
0.7076729590331999
12102148011632814e-21
2156812614879814e-20
0.008377288506924083
0.006489665819146145
2171598526842395e-23
8723830120519245e-20
0.0030657789244560147
0.1572028821933086
0.031309055872905285
0.00010012357502896218
0.023620918899015738
0.0003542560846130352
0
0.13000670713056933
0.012507821707769394
0.6275595380498702
0.5317480478249108
0.5801512161872784
0.05560061257614822
0.03073091329036569
0.9462755547542026
0.6083772984369772
0.9726106706992876
0.5149463353116429
0.2892550813613467
0.0007658382945114601
0.016013790507324075
0.16933535231507985
0.42210262595874637
0.1634303264981025
0.0002993293928995407
0.027852778262792626
0.3812368677583959
0.13220152502398444
0.2085218471838127
