1.2427563720256876
4060167033540406e-29
22608818565445306e-21
0
0.00011599888770416018
7246797085892931e-23
0.00011771998126761465
0
0.0001209403450140851
0
0.02483821918843284
0
8.279305816524692
0
7.148901818124966
0
8.104153225677614
1.1083020304746107
18.454890128360518
4.793026315970536
0.5341030789378338
22.036618605751944
7.22874078342127
14837442752318442e-23
0
0.006263388573813904
0.00014913863540462314
0.011320301194066568
0.00684986344996093
0.1028349131316105
0.09936860620939324
4394953147489913e-20
7075066628038608e-26
0.016345863505177277
49461520933579266e-21
4923913709935109e-20
44519256185967604e-33
0.007229500368384517
0.008271825186115666
0.10624467407766398
0.10481954508566778
0
0.07609714926080581
0
1.2814322037193524
1.5616686099732346
4.4338087995008015
0
5.465177365381612
0
4.429070613563877
0.043943175176343954
23.668805297021112
22.944211775889467
2.2167727816868363
40.72158268446433
40.58084704152508
1.4251291956661658
0.0009625215638957027
0.019031428243111655
0.2961552655688656
36.15286246106624
0.03974882763510798
0.5686554536822641
2.582666847879095
1.4887991946304544
38.01899144349498
0
37.965880771504565
0
16.60737030452459
0.0003025394000168182
0.0003025162498284148
0.022238337218288627
6.982878124915253
0.3678992473745629
0.251621602618305
0
0.0005087218773433982
0.0198281562742043
0.07013175284970556
0.031609490071461105
0.011775095596311819
6049535503399409e-20
43532641335866395e-21
0.0014443809202626212
2.052407539292015
0.3776337798832797
0.05577904349500349
0.0009067964575391422
0.0014452127184363497
0.012052147896860498
0.0034447191758769868
4352619915979729e-21
0.06149847157766527
0.8618648666898915
0.02002306258027548
6759915753383864e-24
6820157174464938e-20
28877710955298954e-21
0
0.872472970224705
0.5132107575158203
0.06427557443194996
0
0.27623063991137936
0.018870294155742054
0.07036523339938494
0
0.00031951330432374746
0
0.125671855120472
0.6583700247024271
0
0
0
0
7031650026192024e-21
0.38231080014499186
892109283427666e-20
0.00019866887546829794
0.37838076589513686
0.319241644503285
0.17730114515228454
0.5903729010488569
0.0007873077664934826
0.5416337602316935
0.0007710916454440717
0.35586315484275555
9441750009457071e-22
0.00010229520951243326
0.39223194517718674
0.012711607620211675
56520272608017285e-28
0.1882058054059132
0.04999619041312938
0.20807152362845688
0.022507449853393934
0.03346779578692653
0.10734778788858694
0.2115218040470896
0.23658558596135146
0.1750764897494085
0.2615491063936114
33704674028518664e-29
0.1989997556168386
0.19906232650983885
0.43211398149934827
0.5465127700189812
0.0004143340263070839
0.5465677239521901
0.5764326497767907
11.69016408247363
2.111435513405006
2.8080762374732147
0.09989296192375632
0.4872890498379773
2.6466844392699707
4.21216667289216
0.6190156414986708
5.123486816437361
7.140944397035794
4.602655249162363
2.467033353488006
2.896420247705463
0.6275040855461036
37.71409933156035
619.1467238977634
4.0020794130959585
4432.739743393417
1.0999834561005615
23.21844052016333
1.1703785369845703
45.06940076871531
1.3055435159233657
1.3969210001048296
1.0999824451734495
0.8972458290560463
1.0815853609052402
69.17760497664801
0
0.0008417265302247176
0.0007805751383577084
0
0.008168982084179134
0.007107379027516208
0.006970972032599927
0.005555611747547969
0.006391772380920721
0.009217087585977604
0.005732651733805765
0.009745533674396236
0.0048631062343343036
0.006718181533637999
0.008777457565614738
0.016938368277419312
0.006966782387799458
0.00845802875914018
0.007473683341223906
0.008862350941915929
0.004134523570478052
0.011526870315824984
0.01718216231542901
0.01173161219857497
0.007360453452088548
0.0019002827781314287
0.007434147296307956
0.022833347783550787
0.07109009159805463
0.041273329923770766
0.11172535615115053
91197461612858e-18
0.010091119840757775
0.2126707511312203
4806098782931207e-21
0.07288893534875748
0.010908650046155632
0.0012692663128767482
548634481587971e-20
12044230303776003e-22
0.10031168359873166
0.08752755065769764
0.0041406005587209535
0.04025217135506704
0.02018820120562076
0.0057776397267718296
0.012082448747972324
0.00048283292590253855
0.2926917647446369
15699129999287096e-25
0.07758885257371056
0.00034188893329313965
0.00961359917187571
0.010896775818636076
0.0001570563056157168
0.00017086866796226354
0.2960184535077083
0.0003934729775271555
0.05616394289421034
0.2270655680784501
1317922457488687e-21
2586164487345571e-21
0.00014472175513956736
12571438482670319e-21
0.0005944077440997374
1700301005677396e-20
1443227635395044e-22
1004403859290798e-21
19076907544534272e-21
0.07545699752918644
0.07624014298287106
4349946085509438e-20
0.0002126733080099339
0.019564241720446074
0.008150057021089972
0.08988661617850201
0.02013839941567562
27828696725769782e-21
0.13375341490049344
0.03841556103699061
5573477803578564e-22
0.2555040607428762
4458963131371128e-22
0.003762065452044921
0.0009823797246856618
22994565953039083e-28
0.2602626330864913
0.2959223735137241
0.018056299840605892
0.25079192195889216
0.2885876656778209
0.007395779349233607
0.18422434692448492
22332184592198015e-26
4630612969668653e-21
0.0006293459941515779
9120492479945784e-20
0.12813152303103603
8645598928698909e-22
0.00011181207981165444
0.15746223420043967
0.0009290084817793455
0.011831435406254849
12200715018358403e-21
0.1347009055676995
0.09532259952359759
0.02118336380108936
31468881155517364e-21
0.0001534448855459345
12006679300561758e-23
0.01365257770762968
0.15860724548771482
8333314504150263e-24
11103275702846289e-21
910631962569276e-20
9650049744506748e-20
10586382855158715e-21
0.27691474628101503
0.157423963145094
0.005150803855069532
0.0015479376359595945
0.041581481377607976
0.005877702690460858
676031834929884e-19
0.028288045771471454
8323555520799785e-20
0.0007208763489895168
0.08001891103693505
9970377002138423e-22
0.2946781831147991
0.2942511264561254
0.0018275582928936828
0.0005370344797955928
58299100880010035e-25
0.0010306108297936827
1039042127684424e-23
0.010262128866061992
0.029186117883521632
0.0009037675182398782
0.0003376139464768514
0.00015454539576813974
26181797503788725e-22
0.006117492690264857
0.030490975844092605
0.0213994323520841
11257175922263293e-24
0.28884546098073194
0.06673260554963092
0
0
8177801851249582e-20
6661656035475618e-20
10336379994609107e-22
7596603247632207e-22
0.00019347687368277545
0.009738597711023707
0.005386056257588233
152042336275522e-22
0.00013149578486933259
7328720896403267e-21
0.05601124862575355
0.013378779590922242
0.09890752500307906
38456355562004795e-23
0.06018521064580189
0.007679600763390545
0.00012014114130667423
0.121265754324619
0.0002964112564170616
1854955945723515e-28
8514702532645432e-20
37361542544259316e-22
0.00012471321677774054
0.016304280186819058
0.0039014092352335624
0.0001635466320148447
0.00015211129000718975
37998745082407776e-25
0.0005144361418675773
0.02286182822096888
13135133532996983e-24
0.0018053562073153948
0.0018003042882608978
4418704282473713e-20
0.1063258529263757
43372081993955324e-21
0.2810470765574382
0.0019100901354701318
0.17590742108579704
0.0033008959188787104
0.0007007978273185451
0.0005692356608974598
44750885127070396e-21
0.29370476650483796
12101966096287652e-21
215675483632243e-19
0.008290572437885065
0.006437564936086895
21715984682681148e-24
8722884888180286e-20
0.0030541268397941967
0.12931594280150438
0.030114848869499018
0.00010011112433963405
0.022937962702730554
0.00035410024176639514
0
0.11061920314118062
0.012315004602629208
0.2877318796420337
0.2746395390118307
0.28214257118443814
0.05189028018551349
0.02957999266875392
0.2919054578309866
0.28566838337295564
0.29036158717512306
0.2715744351431265
0.201938192814661
0.0007651101534561308
0.015698414474618574
0.1372123407063439
0.24983846894333508
0.1334025815093908
0.00029921812605735257
0.026905664336010923
0.23740632638176123
0.112180424329371
0.1609360856507535
