1.2606200963141914
1785217536544866e-30
6090484286895622e-21
0
8090754262733944e-20
5037916324739552e-23
8170946507483667e-20
0
8321324121039671e-20
0
0.01961630140385166
0
8.244672953762976
0
7.234640690536487
0
8.263223911342703
1.1196701469676729
18.650865080607854
4.7963019717812525
0.5406176002272431
22.17167340161854
7.267539390238447
4018772097234253e-23
0
0.004616431649127407
0.00011072671347996505
0.00940138733836442
0.006848428590198725
0.08427597762036497
0.08252919268120198
35514238005285496e-21
390223947822186e-25
0.013371703514564544
3996339446136443e-20
39190548241327176e-21
24557985044273448e-33
0.00532761545458652
0.006095834377121764
0.10897068387287151
0.10771790826329941
0
0.0754049532026024
0
1.2811739649946943
1.4369302956094612
4.427134911060964
0
5.473242214641765
0
4.4284240254154765
0.04381978562165335
23.306410202282887
22.55908884067661
1.2186841288337849
40.4993435966337
40.6709616518244
1.4124071468917412
0.0009677252946118933
0.019123605203626215
0.2971023001217106
36.1414044107771
0.03875235243375892
0.5698160235452168
2.571294227226238
1.4861826112092258
38.21012535843451
0
38.17066022838927
0
16.637336020717946
0.00030868389372119354
0.00030865974312830306
0.022252744669317898
6.982883613560012
0.37009958547668187
0.2526288455546042
0
0.0005141057686682626
0.019864770107530932
0.06977242060704031
0.031303697419397
0.012101228235954713
60922102927548866e-21
4349760944297056e-20
0.0014511419725393704
2.052177376433754
0.3771035321227489
0.04588322500139592
0.0009074559010344901
0.001480412968609181
0.011315914253541075
0.0031732623193227168
2335183905591252e-21
0.060753426651143284
0.8716731522189429
0.019774010458604586
3029544480696509e-24
36944337380512576e-21
28857852065541826e-21
0
0.8655725976196015
0.5085313045633806
0.06556033912283278
0
0.27326185197699177
0.018910406826949683
0.07022119270543573
0
0.0003175410357790272
0
0.125556074651764
0.6509729953119202
0
0
0
0
5686645747763773e-21
0.38044062867051276
4863666892490729e-21
0.00013761321268667415
0.3770636932014996
0.31414163097713904
0.17716416577558183
0.5881548678074368
0.0007936348941243006
0.5503578030210637
0.0008015290655290835
0.36969688826749475
9432735158757482e-22
0.00010283899968408255
0.394691621958245
0.010411938064858559
34742831030048836e-28
0.18801021589574377
0.04745237334698586
0.20717821654443427
0.02256875923307831
0.03380395738101608
0.1015389926134231
0.2038105182942344
0.2355104046673824
0.17625950235750107
0.26015184581826417
20658784195049003e-29
0.19542572030519229
0.19548692539496895
0.43046305393921835
0.5452066907769584
0.00040707782238071316
0.5452717622089241
0.581071931308034
11.68440111287369
2.1128626470094987
2.8090409228781863
0.09919102365347005
0.487080714270728
2.64975504342944
4.214502968371752
0.6159578864111698
5.1099070306050365
7.125613458793374
4.5754570040750675
2.468071224504229
2.892295040747186
0.6294158561578972
37.76515677076008
619.1404235731983
4.00207621358708
4377.028487700809
1.099983218295783
23.21843157440026
1.1702034024416712
45.064176170802526
1.3055773612964996
1.3969188526157743
1.0999822073128538
0.894834953119265
1.0809805911472472
69.16380379809951
0
0.0008368317494189188
0.0007832397446644649
0
0.008158498302381221
0.007009093324061918
0.006882350419446719
0.005422536010750754
0.006298263241590033
0.009172282737139728
0.005619598620824553
0.009719719820670335
0.004752349807947282
0.006634928267248732
0.008701308504260218
0.01686510721742788
0.006860926979928655
0.008402866298974096
0.007382918095690218
0.008808540486803913
0.004142669633323568
0.011466108185741593
0.01700501861913839
0.011647641592899122
0.007303699045495985
0.0019002181191083165
0.007433150847045999
0.022823760202664682
0.07099064735613834
0.041241218645823884
0.11146306859992083
9119731302395347e-20
0.010089277681770368
0.21148005101097392
4806098370301998e-21
0.07278411026126372
0.01090649508102118
0.0012692374885801658
5486344278178336e-21
12044230044638211e-22
0.10010431184494398
0.0873729177142688
0.004140292715993285
0.04022167222922612
0.02018073212637597
0.005777039118509278
0.012079801127723822
0.00048282875889158594
0.2891079367162877
15699129998846823e-25
0.07746921772123601
0.0003418868443560051
0.00961192824254273
0.010894625574754792
0.00015705586489147828
0.0001708681463011633
0.29180154521429996
0.00039347021050412654
0.05610322252280373
0.22564462501952365
13179224264607833e-22
2586164367868194e-21
0.0001447213809279974
12571435659424506e-21
0.0005944014278445224
17003004892220922e-21
14432276316741977e-23
10044038412693661e-22
19076901043264623e-21
0.0753442159118466
0.07612487011597237
43499427051485684e-21
0.00021267249982273088
0.019557232882464057
0.008148858335259251
0.08972291973032069
0.020130967622495922
27828682890977105e-21
0.13336216524403988
0.038387851402381566
557347774808727e-21
0.2534891396589176
44589630958538235e-23
0.003761811442480324
0.0009823624640083518
22994565953038134e-28
0.25812211347533803
0.29180535470765584
0.018050341441448528
0.24889226695088607
0.2834781882076611
0.0073947932064261195
0.18339701609183306
22332184592108927e-26
463061258662219e-20
0.0006293389132518177
9120477618623124e-20
0.12777624148890745
8645598795173893e-22
0.0001118118564496075
0.15689357983675536
0.0009289930466688112
0.011828897462430753
12200712359169982e-21
0.13430337671805173
0.09513687723834077
0.021175129551524435
31468863464554344e-21
0.00015344446485894548
12006679274809344e-23
0.013649190480307128
0.15802888421133973
8333314502909735e-24
11103273500527397e-21
910631814432576e-20
9650033107207559e-20
10586380853118153e-21
0.27422998750012867
0.15685563129433605
0.0051503268753723035
0.0015478947505089052
0.04154887497744268
0.005877081020296933
6760310184555628e-20
0.028273224047287878
8323543143258758e-20
0.0007208670576103229
0.07989118633492957
9970376824557745e-22
0.2900624023876738
0.2895789820956944
0.001827498493607443
0.0005370293243725803
5829910087393855e-24
0.0010305918315101368
10390421274915653e-24
0.0102602233293101
0.029170321265502966
0.0009037529109285091
0.0003376119094640965
0.0001545449690245784
2618179627925055e-21
0.006116819059130237
0.030473705145670035
0.021391026901918863
11257175919999527e-24
0.28375020645765153
0.06664554811200557
0
0
8177789903420572e-20
6661648107320921e-20
10336379803751495e-22
7596603144543448e-22
0.00019347620482492665
0.009736882776477359
0.005385534559345454
1520423362342266e-23
0.0001314954759350228
7328719936931281e-21
0.055950871229861615
0.01337552799783104
0.09870638763654023
3845635529781959e-22
0.060115076998920366
0.007678537100026636
0.00012014088342534495
0.12095149849362832
0.00029640968634248943
18549559457235094e-29
8514689580056053e-20
37361540050677595e-22
0.0001247129388935709
0.01629943294808358
0.0039011360131641104
0.00016354615410841864
0.0001521108766015193
3799874507982841e-24
0.0005144314113268529
0.022852216349400864
13135133529914923e-24
0.0018052978537522447
0.001800246261185092
4418700794400746e-20
0.10609049966309965
4337204838803531e-20
0.27818758415989614
0.001910024806520197
0.17516799409860134
0.003300700479653606
0.0007007890465334977
0.0005692298684588029
44750849350455416e-21
0.2900134463976118
12101963479970695e-21
215675400535285e-19
0.008289331843010502
0.006436818671708961
21715984674256906e-24
8722871294437885e-20
0.0030539595810134637
0.12895326463432522
0.03009801009461569
0.0001001109452830333
0.02292828574137113
0.00035409800090869094
0
0.1103625760280287
0.01231225326775469
0.2845228944251471
0.2720421518903062
0.279232495414586
0.051838764629127294
0.029563758299051293
0.2870094245373453
0.2825793071392761
0.2853569968859142
0.26908684564235524
0.20089722965808668
0.0007650996862613169
0.015693924286201304
0.13679785821532872
0.24796115205329905
0.13301364078946692
0.00029921652610076743
0.026892280381377875
0.2357945910916635
0.11191578649380024
0.16033763268464318
