1.2709263032867804
29609770528845457e-32
28579248125091574e-22
0
68850045430556e-18
42850256498177794e-24
694354050709285e-19
0
7053422623772449e-20
0
0.01715666815533765
0
8.231773873879467
0
7.26338076691721
0
8.319414679659976
1.123210833150991
18.719047674289012
4.796803577830963
0.5428803771298935
22.214442672831318
7.27985826276393
1890568893639962e-23
0
0.0038711991423705273
9315120675073542e-20
0.008462382606680216
0.0068476103851721525
0.07519335966227214
0.0742882949788229
3140658735884673e-20
29120282448381025e-27
0.011920106045694464
3533574501270971e-20
34496846737056775e-21
18292674441576538e-33
0.004467245899467176
0.005111438525337619
0.11041422938537042
0.10923698367874421
0
0.07521981291201435
0
1.2793008878668715
1.3902776679043918
4.423275849427893
0
5.474895816109541
0
4.428048774860384
0.04376574262067178
23.20323324582031
22.452365781865517
0.8908876159703953
40.41257754998282
40.68643054150802
1.405268576459103
0.0009705320756859573
0.019143856264937035
0.2973740505692338
36.13410421613834
0.038329721846661745
0.5698018925297347
2.5647529889458673
1.4830371136342668
38.27813297388026
0
38.244233607005484
0
16.65295780224144
0.0003121866039577394
0.0003121629077132035
0.022244103745672504
6.982885245950578
0.3708195760377855
0.25275735524686704
0
0.0005168080417018415
0.019879600385423475
0.06956463728841511
0.03112641974110281
0.012280558936740155
6112296236804978e-20
4343405546889051e-20
0.0014542820951179434
2.052073058134422
0.3768276396024347
0.041023969164037215
0.0009065820080439249
0.001497945174262529
0.011014005226201334
0.003069776310064596
16549062171902104e-22
0.06038051893511406
0.874937968176889
0.01963895605928048
1936847725319112e-24
26327728721727262e-21
28817062908688484e-21
0
0.8615955868674644
0.5057898363038393
0.06623877665979325
0
0.2716007943527077
0.01882688153165677
0.07012984249656717
0
0.00031675074346120306
0
0.1254894612194081
0.6467269500134167
0
0
0
0
5039056725905727e-21
0.3793014692262745
34787810771549692e-22
0.00011118694787960405
0.37629997264762716
0.3112564551363755
0.17710086540274517
0.5868837408816328
0.0007964632457169072
0.553974866850156
0.0008185186875917861
0.37740740528194466
9427709027857414e-22
0.00010305203077316857
0.39549555245443624
0.009287402961752952
26210589729746555e-28
0.18742392243480438
0.04601182529538419
0.20666001510462542
0.022602304254739518
0.033996111413658825
0.09826181208820783
0.19943948519501817
0.2349088594118147
0.17694099699711724
0.2593641738218655
15560068886200885e-29
0.1933987119503208
0.19345916882829242
0.4295251833437057
0.5444490047523756
0.0004028536520065634
0.5445201953108642
0.5837532103197779
11.681460200285859
2.113610577580741
2.8094517520775897
0.0987657070501178
0.4869744645054807
2.6513609738973316
4.215487459202229
0.6140932542082197
5.103890881143082
7.119456778227612
4.5605405808081425
2.4685615833358474
2.8907495248196473
0.6305306112219189
37.783523050295
619.1367887248912
4.002074367679732
4345.205794852939
1.099983081097917
23.21842641327841
1.1701023731236742
45.06116219315236
1.3055963074335148
1.3969176132520214
1.0999820700827847
0.8934456442435748
1.0806318321318726
69.15414384080786
0
0.0008338726982792792
0.0007846176248504958
0
0.008149240942581655
0.0069557979853392725
0.0068344600096968055
0.005349314436065775
0.006247262604912901
0.009150025650272918
0.005557581524661136
0.009708190990271008
0.004691556911331377
0.006589796298399631
0.008661144822812685
0.016829717541127845
0.00680315126841303
0.008374544807976786
0.007334031004590855
0.00878112955215747
0.004149594003535352
0.011435759254632858
0.016909718864031257
0.011604093702637786
0.007274077521142111
0.0019001808160585246
0.007432576021392909
0.022818230623522315
0.07093333778855038
0.04122270389302287
0.11131202593683776
911972272979306e-19
0.010088215028838157
0.21079612943742942
4806098132241799e-21
0.07272370159517931
0.010905251999964382
0.001269220859133675
5486343967959642e-21
12044229895132561e-22
0.09998486689899541
0.08728382886598793
0.004140115121174392
0.040204086730808504
0.020176424210576232
0.0057766926350102275
0.012078273886979267
0.00048282635481366787
0.2870602972313528
15699129998592812e-25
0.07740028012375239
0.0003418856391809589
0.009610964357117608
0.010893385216916454
0.00015705561062282207
0.0001708678453373642
0.28939604485109105
0.0003934686141206708
0.056068220684805437
0.22482888182281968
13179224085597019e-22
25861642989375213e-22
0.00014472116503270218
12571434030595597e-21
0.0005943977838066344
17003001912610464e-21
14432276295275113e-23
10044038308721722e-22
19076897292455915e-21
0.0752792249516648
0.07605844446977457
4349940754901416e-20
0.00021267203355268018
0.01955319038108785
0.008148166851702316
0.08962861317291866
0.02012668120888843
2782867490920474e-20
0.1331369604674198
0.03837187383862193
5573477716072404e-22
0.2523338974939292
4458963075362649e-22
0.0037616649032852336
0.000982352505858219
22994565953037584e-28
0.2568951904477288
0.28945620946921913
0.018046904727158176
0.24780284214104817
0.2805716069692253
0.007394224325985236
0.1829213912245113
2233218459205753e-25
4630612365629311e-21
0.0006293348280694723
9120469044617616e-20
0.12757171544949758
8645598718138645e-22
0.00011181172758443792
0.15656643791416902
0.0009289841417306634
0.011827433481581079
12200710824991492e-21
0.13407456232701515
0.0950298922101841
0.021170380381208186
31468853258023906e-21
0.00015344422215044095
12006679259951872e-23
0.013647236652759541
0.1576961672380012
8333314502194032e-24
11103272229932844e-21
9106317289673465e-21
9650023508581144e-20
10586379698071145e-21
0.2726929131959959
0.15652867460765807
0.005150051709204867
0.0015478700089338107
0.041530074837691854
0.005876722386959647
6760305474034353e-20
0.028264676409457585
8323536002231053e-20
0.0007208616971433603
0.07981759025073443
997037672210525e-21
0.28743235937453676
0.286917280901786
0.0018274639941990025
0.0005370263500513486
582991008704357e-23
0.0010305808708955808
10390421273802984e-24
0.010259124119509922
0.02916121153391077
0.0009037444835673762
0.0003376107342458248
0.000154544722821837
26181795572771696e-22
0.006116430451525097
0.030463745526395206
0.021386179005850384
11257175918693484e-24
0.28085156458131094
0.06659537330619449
0
0
8177783010308321e-20
6661643533295637e-20
10336379693639067e-22
7596603085067943e-22
0.00019347581893850547
0.00973589350817056
0.005385233596380227
1520423362104019e-23
0.0001314952977003508
732871938337841e-20
0.055916067010468445
0.013373652399618626
0.09859053057829475
3845635514540192e-22
0.06007465162955355
0.0076779235024690045
0.00012014073464484357
0.12077056391350587
0.0002964087805153696
18549559457235064e-29
8514682107263446e-20
37361538612043206e-22
0.0001247127785727616
0.01629663706218617
0.0039009783905058263
0.00016354587838813138
0.00015211063809384844
3799874507834028e-24
0.0005144286821323398
0.022846672763113786
13135133528136776e-24
0.0018052641883998957
0.0018002127841875112
44186987820107776e-21
0.10595495319300245
4337202899961719e-20
0.2765510966582439
0.0019099871169818042
0.17474280755695143
0.0033005877291969
0.0007007839806417174
0.0005692265266252787
44750828709688664e-21
0.28790493628569536
12101961970526247e-21
21567535259375982e-21
0.008288616184911233
0.006436388165056824
21715984669396667e-24
8722863451742357e-20
0.00305386308774311
0.12874448580738235
0.03008829950014826
0.00010011084197916703
0.02292270462130666
0.00035409670808600246
0
0.11021478978744524
0.012310666206117463
0.282687824527996
0.27055481773706075
0.27756724462152704
0.05180906677208022
0.0295543961770713
0.2842221764007517
0.28081232951724333
0.2825090079247795
0.2676620469738467
0.20029910437618711
0.0007650936474358855
0.015691334323801553
0.13655929856817411
0.24688448605354374
0.13278976334282064
0.0002992156030337783
0.02688456173888092
0.23486970687820155
0.11176339175686513
0.15999337709967743
