1.3377822414486085
0
21137883624188554e-24
0
30041154545751826e-21
1876899605778178e-23
30235245372851165e-21
0
306001564791706e-19
0
0.007510454392898647
0
8.208976810159974
0
7.318863466836269
0
8.426951518077464
1.1237237962745303
18.833721683069637
4.7897876104123895
0.5463630276641168
22.23217848786468
7.287091841854038
14132824754246856e-26
0
0.001235056484215843
30057158571912857e-21
0.004503717578736061
0.0068424217576658454
0.036894862010552795
0.039541369418978074
14403008834815088e-21
56007520842880984e-28
0.0058273673375948175
16172513065166223e-21
1558261410016792e-20
3512456171268752e-33
0.0014248482459298822
0.001630359927380968
0.1189050543311921
0.11788340595357201
0
0.07667706983156496
0
1.262842510647445
1.270811643274366
4.398265140298612
0
5.452973300522142
0
4.425613074173013
0.04333667464874803
22.98178378475028
22.246536010728352
0.32756258766201796
40.20484403847072
40.54128750979041
1.3613051108603718
0.0009798195469563147
0.019097600883664096
0.29645969336435324
36.101251585525596
0.03728114618071953
0.5642152604235149
2.5224951651390333
1.4471435187062112
38.38963856331173
0
38.36880902324794
0
16.738823175248502
0.0003332021127473223
0.0003331820992541475
0.021947762573961072
6.982894390170529
0.37143484754421563
0.2502824607429957
0
0.000531475718574718
0.019926006659738878
0.06818461618263712
0.029963344069369298
0.013399737687857313
6254642252538785e-20
43002452499819704e-21
0.0014673039918752877
2.051656645311884
0.3752548962880775
0.020385028695511193
0.0008933681965583298
0.0015941958882895629
0.010030624203970884
0.0027846692516621703
26310543709806333e-23
0.05853318294176929
0.8810159992599779
0.018853580161645785
16217373469007937e-26
4339337918520882e-21
28413762767630773e-21
0
0.8358875472698579
0.4882151713657284
0.07021273157333617
0
0.2613471617275837
0.01788806680623424
0.06947590562440897
0
0.00031459438976722296
0
0.12505954319612325
0.6195861314850037
0
0
0
0
2334800475224848e-21
0.37136626112789906
5868052157399281e-22
27562796775452072e-21
0.3712739809638925
0.29346622038035985
0.1768146941492573
0.578804048135882
0.0008008505588881622
0.5635431310358157
0.0009155650797350111
0.4213141658807701
9398067271601363e-22
0.00010274033233751133
0.3948963580523628
0.00455215626204768
4134184479948908e-28
0.1817935985979836
0.037237272115892804
0.20325254950633612
0.022795143366229537
0.03521716416549338
0.07851805124826215
0.17245628793615025
0.23131539942020213
0.18129803017931706
0.254535850329908
24300670263852655e-30
0.180817694322193
0.18087375030011182
0.4237205382993571
0.5394658895437656
0.0003755289913418152
0.5395761358672201
0.601033666050057
11.667384408930335
2.117634699399545
2.8109808271523096
0.09583898343260513
0.4864669646965755
2.659960891615924
4.219039387137927
0.6010891155199746
5.084823423864624
7.10440575433843
4.470264966581262
2.4703521813181633
2.887598737528842
0.6378783340583579
37.82734092225501
619.1132101325298
4.002062393375824
4144.317578507432
1.0999821911014536
23.218392933322413
1.169447211896716
45.041615539395806
1.3057093099055088
1.396909566913934
1.0999811798773986
0.8844636089370085
1.0783721774384594
69.08004450011876
0
0.0008135795321337126
0.0007908238952686901
0
0.008035502126545606
0.006650348060971001
0.006561880379382187
0.004919798069298446
0.005951141765817824
0.0090464237853053
0.005195082594814787
0.009667506576940411
0.004336885060779918
0.006331071090280084
0.008443946349431953
0.016678460854826573
0.006467258354747857
0.00823085790382642
0.007057754078686376
0.008644852206963781
0.004218522911655198
0.011292477463589691
0.016372228233626628
0.011377664246072009
0.007117715450798371
0.0018999388505003478
0.007428848230498083
0.022782392990234317
0.07056269482896671
0.04110280113844243
0.1103371764571571
9119667119872446e-20
0.010081324360652772
0.20641295251815436
4806096587955428e-21
0.0723330487581591
0.010897191624439164
0.0012691129898931804
5486341955584237e-21
12044228925295653e-22
0.09921348591622077
0.0867081149875929
0.004138963255907657
0.040090196890265994
0.020148501261630355
0.005774445515467816
0.01206837142729102
0.0004828107599503747
0.27412499763204573
15699129996945056e-25
0.07695457206230422
0.00034187782136346886
0.009604714019056436
0.010885342495473887
0.00015705396120256715
0.00017086589301052663
0.2742660180372981
0.0003934582586045322
0.055841694891771355
0.2196083319500679
13179222924361314e-22
2586163851787144e-21
0.00014471976453667702
12571423464455e-18
0.0005943741456261406
17002982584013375e-21
14432276156020453e-23
10044037634260094e-22
19076872961132954e-21
0.07485899049524308
0.07562894935009226
4349928103750076e-20
0.00021266900890297985
0.019526987125552217
0.008143682651157984
0.08901925293101544
0.02009889757614628
2782862313183329e-20
0.13168527297869623
0.03826838941013309
5573477508393293e-22
0.24496667986999696
445896294243725e-21
0.003760714448200975
0.0009822879102016617
22994565953034026e-28
0.24907658733644814
0.27466994384302024
0.018024626788019513
0.24085066361658805
0.2624270234653035
0.007390535084709371
0.17986584462508565
22332184591724094e-26
4630610932057904e-21
0.000629308328304589
9120413425594412e-20
0.1262528901994926
8645598218414188e-22
0.00011181089164502196
0.15446078348331058
0.0009289263778381873
0.011817941097295606
12200700872843805e-21
0.13259969004788655
0.09433880031060758
0.021139598565082796
31468787048763704e-21
0.0001534426477197379
12006679163572099e-23
0.013634569044286391
0.15555479165480154
833331449755129e-23
11103263987642085e-21
9106311745581343e-21
9649961242920629e-20
1058637220533205e-20
0.2629290587370556
0.15442420712059535
0.00514826707463114
0.0015477095209632012
0.04140832551400681
0.005874396478723961
6760274917157477e-20
0.028209290954715513
8323489678828603e-20
0.0007208269249839575
0.07934181909563733
9970376057500166e-22
0.270940969022458
0.2702351616271328
0.00182724021377898
0.0005370070561526234
5829910084771282e-24
0.0010305097726731874
1039042126658515e-23
0.010251996450164053
0.029102186128022952
0.0009036898175327128
0.0003376031107528687
0.00015454312572436583
2618179098987308e-21
0.0061139101695350155
0.030399216886486044
0.02135475757395362
11257175910221227e-24
0.26275397975557385
0.06627080746654311
0
0
8177738295115469e-20
6661613861859161e-20
10336378979344326e-22
7596602699252805e-22
0.00019347331572794896
0.009729478605905168
0.005383281670463315
15204233605585183e-24
0.0001314941415052755
732871579250486e-20
0.055690818624736425
0.013361491856817356
0.09784226585391788
3845635415667486e-22
0.05981307326769726
0.007673944311037345
0.00012013976951636195
0.11960340359660414
0.00029640290451954837
18549559457234854e-29
8514633631726271e-20
37361529279682827e-22
0.00012471173858331038
0.016278511908575412
0.003899956053487083
0.00016354408981332513
0.0001521090909135385
3799874506868689e-24
0.0005144109783120713
0.022810744390293992
13135133516601997e-24
0.001805045817896989
0.001799995635406382
441868572774258e-19
0.10507986452597816
4337190322796167e-20
0.26616654948995494
0.0019097426445652472
0.17200959138790056
0.0032998564151731696
0.0007007511193006383
0.0005692048487659154
4475069481412005e-20
0.27459447140598586
1210195217882714e-20
2156750415993287e-20
0.008283975240602237
0.006433596185338993
2171598463786849e-23
8722812576672237e-20
0.0030532372139236734
0.127398330307755
0.03002538331076787
0.00010011017185384989
0.022886533102120684
0.0003540883217133414
0
0.10926090057488738
0.012300375969606816
0.2710678478461131
0.2611020484246111
0.2670033812559756
0.05161683072385711
0.029493736433032238
0.2667871764465726
0.2696152825315428
0.2647120088136174
0.258600875642842
0.1964620998341275
0.0007650544749826349
0.015674543721146718
0.13502184240434764
0.2400128269570048
0.13134660191589623
0.000299209615205567
0.02683454499474339
0.2289574882815104
0.11077984011454382
0.15777808416631534
