1.3441153345550383
5813591082195835e-36
13281476325901064e-24
0
2795844348071553e-20
17476240474485312e-24
28137041158536884e-21
0
28472943866951595e-21
0
0.0069781992330960815
0
8.20921824795675
0
7.320167715165981
0
8.42845338209067
1.123000942688943
18.833508624177366
4.788758514248271
0.5463048962975805
22.224800047308076
7.285424759231164
8886312503208937e-26
0
0.001108353022773012
26989129541262464e-21
0.0042681635032390365
0.006841937917022256
0.034615543890924444
0.03747355865692688
13420522059579023e-21
4836655265608165e-27
0.00546618547844429
1506549010228344e-20
14492772286536944e-21
30387909130408107e-34
0.0012786574162955454
0.0014630856184850538
0.11969151694592074
0.11866926512390447
0
0.07698871283417578
0
1.2616394316282318
1.2666693950172772
4.3959015007912665
0
5.449049468817547
0
4.425382547073919
0.043289675961147224
22.9685418128234
22.23542299972853
0.319702796147858
40.19913312765902
40.52046170523387
1.3572918903828295
0.000980132211671808
0.01908884260439361
0.2962753773338613
36.09964655658406
0.037282441150293326
0.5634647513781803
2.5184973399926536
1.4429674773176409
38.38788889055702
0
38.367346987007274
0
16.74600752915372
0.0003351364040247626
0.0003351171073851115
0.021909935055339995
6.982895355959188
0.3713525807707957
0.24993781057985184
0
0.0005327773341511237
0.019928364391999843
0.06804976516523112
0.029852139083647592
0.013506781823201247
6271430544655846e-20
4297903263061891e-20
0.0014681542505352832
2.0516292316714417
0.37511537253886845
0.01914719441916681
0.000891979502682217
0.0016030244757754468
0.00997846131124801
0.002772841481003719
23014033323831988e-23
0.058389196342228125
0.8811364521718145
0.01878436761812865
1339752146523085e-25
38086336545832433e-22
28376294808649244e-21
0
0.8334607726934968
0.4865891432597031
0.0705800611352937
0
0.26040980202257613
0.01779480100834766
0.0694111128712321
0
0.0003145067448036805
0
0.1250189748104455
0.6170522182082249
0
0
0
0
2175537720362575e-21
0.3705992082675692
516132162075189e-21
2414407799672044e-20
0.37079137205703633
0.2918581783533935
0.1767914591747181
0.5780539491331725
0.0008004604652900681
0.5637370991163692
0.0009235148670982918
0.4249014678248069
9395509606403018e-22
0.00010261712348593748
0.39455474727761525
0.004270680259855314
3464838530224483e-28
0.18123190279603565
0.03646314533408632
0.20292601417373796
0.022811618883827732
0.03533083421843749
0.07679431802353705
0.1700237481317035
0.23100039980052434
0.18170265631234792
0.25410130003143916
20348304123040543e-30
0.17967375370859665
0.1797294248784038
0.4231958345899006
0.5389882227943742
0.0003729925852000556
0.539102014267258
0.6026495284732809
11.666411997309728
2.1179681528450645
2.8110867624025504
0.09555888804891591
0.48643200914049284
2.660670766021567
4.219278757679975
0.5998319405722682
5.084157472189711
7.104169054222135
4.46188897636327
2.470426402035279
2.887590813558291
0.6385798430936966
37.82934665819097
619.1109766389601
4.002061259082305
4125.776378649663
1.0999821067943878
23.218389761853775
1.1693851691626147
45.03976437425832
1.305719183263362
1.3969088041459479
1.0999810955505405
0.8836156171734788
1.0781583712368168
69.07235029826928
0
0.0008116419158740597
0.0007911796469806579
0
0.008020135842177764
0.006623788914093383
0.006538282175974827
0.004882126973775214
0.005925118773462566
0.009038811337219706
0.005163278682124809
0.009665108276484456
0.004305915668685101
0.006308538416504597
0.008425791955938622
0.016668395751574427
0.006437727419687848
0.008219446615500154
0.0070339606243601
0.00863421981121622
0.004226390286017963
0.011281825394948956
0.016325968233443882
0.01135931284371168
0.007104888838601
0.0018999159313156286
0.007428495203298359
0.022779001102124417
0.07052768534046634
0.04109146115426588
0.11024527529326843
9119661852103582e-20
0.010080671869258217
0.2060025009698512
480609644166913e-20
0.07229615219184914
0.010896428394526465
0.0012691027721895385
5486341764957068e-21
12044228833425473e-22
0.09914072424849096
0.086653776361764
0.004138854159256448
0.04007942513773821
0.020145858196169517
0.005774232696873644
0.012067433813508823
0.00048280928271472685
0.2729303121840165
15699129996788967e-25
0.07691248458155306
0.00034187708081075645
0.009604122151220452
0.010884580936870634
0.00015705380495807664
0.00017086570807272385
0.2728744673509672
0.00039345727766693865
0.055820284190821884
0.2191201324542423
13179222814360413e-22
25861638094297293e-22
0.00014471963187195067
12571422463551814e-21
0.0005943719064901219
17002980753065638e-21
14432276142829212e-23
10044037570370059e-22
19076870656290175e-21
0.07481930459408906
0.07558839033758248
434992690534057e-19
0.0002126687223878314
0.01952450677921491
0.008143258002214765
0.08896174503561458
0.020096267692705606
2782861822709948e-20
0.1315485817554517
0.038258601075700255
5573477488720379e-22
0.2442800545011097
4458962929845565e-22
0.0037606244264592743
0.000982281791439529
22994565953033687e-28
0.2483484041915165
0.2733090612273897
0.018022517881929465
0.2402023013675177
0.26077030032034554
0.00739018570771461
0.17957906036773666
22332184591692507e-26
46306107962593504e-22
0.0006293058181070688
9120408156963287e-20
0.12612867037441847
8645598171076563e-22
0.0001118108124589297
0.15426279453081426
0.0009289209061976976
0.011817042302966586
12200699930102568e-21
0.13246082318164445
0.09427359609855719
0.021136685003553802
3146878077693598e-20
0.00015344249857875646
12006679154442288e-23
0.013633369683773811
0.155353458511686
8333314497111494e-24
11103263206871146e-21
9106311220403761e-21
964995534467369e-19
10586371495564191e-21
0.26202247966086556
0.15422632929593003
0.005148098052802573
0.0015476943192084401
0.04139681103281183
0.005874176199084985
6760272022589353e-20
0.02820405006197202
8323485290743788e-20
0.0007208236311926414
0.07929689781328267
9970375994543818e-22
0.2694287153070875
0.2687061063831365
0.0018272190170494328
0.000537005228526575
5829910084556034e-24
0.0010305030379736068
10390421265901422e-24
0.010251321520981396
0.029096600999882125
0.0009036846393296386
0.00033760238860768206
0.0001545429744362372
26181790555746785e-22
0.006113671483479973
0.030393111344145466
0.021351783496335323
11257175909418673e-24
0.2611013215011182
0.06624014430915648
0
0
817773405937157e-19
6661611051166247e-20
10336378911681003e-22
7596602662705518e-22
0.00019347307860685418
0.009728871157718168
0.00538309680616985
1520423360412117e-23
0.00013149403198238163
7328715452350627e-21
0.05566952852265768
0.01336034049299555
0.09777167977576909
38456354063015257e-23
0.05978835374807433
0.007673567479292503
0.0001201396780925958
0.1194934280395321
0.000296402347907438
18549559457234834e-29
8514629039776145e-20
37361528395652167e-22
0.0001247116400682025
0.01627679600443335
0.0038998592239927413
0.0001635439203871936
0.00015210894435389586
3799874506777245e-24
0.000514409301305763
0.02280734391781172
13135133515509336e-24
0.001805025133583908
0.0017999750668124175
4418684491146931e-20
0.10499734528230605
433718913139513e-19
0.2652032996430002
0.0019097194879371076
0.1717529079753425
0.0032997871480566357
0.0007007480065092151
0.0005692027953201987
447506821305539e-19
0.27336596734524965
12101951251284778e-21
21567501213963988e-21
0.008283535750501335
0.006433331771000733
21715984634881904e-24
872280775742153e-19
0.0030531779331386703
0.12727154454937636
0.030019430245846523
0.00010011010837481432
0.02288310962695724
0.00035408752730387206
0
0.10917097025990122
0.01229940164775336
0.26999219631099486
0.26022391959604574
0.26602378348805844
0.051598657717226416
0.029487996749165385
0.2651921154551211
0.2685780482439426
0.26308541552147835
0.25775860406476264
0.19610246354266786
0.0007650507643796893
0.01567295412192134
0.13487710365842046
0.2393718935932727
0.13121071081965457
0.0002992090480000318
0.026829811863205898
0.22840521476567166
0.11068712075760961
0.15756983220763054
