1.3662811604275427
0
2612700496714855e-24
0
21885382562343347e-21
13702927224386856e-24
22018950796938562e-21
0
22270668727800906e-21
0
0.005440163612935588
0
8.211041748170151
0
7.3237604501373905
0
8.43103869348805
1.1202352532774822
18.829475876179977
4.785017777718132
0.5459787062122518
22.195911442751488
7.279072707074699
17520525313685898e-27
0
0.0007588237166550615
18508346572666053e-21
0.0035726626648292085
0.006840251493031861
0.02788534160220881
0.03136794150964053
10553209571732684e-21
2929377346779677e-27
0.0044006396143206105
11835495443818034e-21
11305073791376319e-21
18576655754155155e-34
0.0008753879901090485
0.0010016546645544762
0.12246260467958181
0.12143111673340609
0
0.07824633081096194
0
1.2581486231220989
1.2558606635107288
4.3876371695465535
0
5.4338964271479355
0
4.42457575134353
0.043123083770232405
22.922459657916704
22.196798049480215
0.30419127793187845
40.18480343094519
40.44736224858887
1.3433971246566503
0.0009808442406880394
0.019058031254450124
0.29561017423603747
36.09558881257263
0.03737313130484524
0.5607198888579118
2.5045009839483954
1.4278351155519906
38.37664375202843
0
38.35671491978357
0
16.77013164958595
0.0003419507201526506
0.0003419192561078447
0.021775497695450695
6.982898722237135
0.3710186708445607
0.24870268525422873
0
0.0005373123020814927
0.019935472924166614
0.06757096266513105
0.02946175873784021
0.013886494998365754
6334770357543167e-20
4292391830290106e-20
0.00147085047172579
2.051536563003955
0.3746341075958513
0.015484016435024195
0.0008872253345097178
0.0016343311496729975
0.009818930484957217
0.0027392714525756785
15135741125054055e-23
0.05790917372282817
0.8814460605140364
0.018546466033671088
7263680998872009e-26
2534953529298508e-21
28252024202201908e-21
0
0.824979220240036
0.4809505682885292
0.0718737657580693
0
0.257167218631259
0.01747187777552841
0.06918210830049129
0
0.00031424710056175155
0
0.12487717280089457
0.6082348774554293
0
0
0
0
17079128924567394e-22
0.36793660221203567
34605068419940537e-23
15195163153151951e-21
0.3690935355580369
0.2863269559489737
0.17670888816001348
0.5754494341236804
0.0007985588619954948
0.5639320348662612
0.0009497043203821158
0.43671012564414025
9386870748751882e-22
0.00010213064897951065
0.39318241194049736
0.003439787627965831
18630849844401933e-29
0.1792686784153266
0.033837561071799645
0.2017786453578785
0.022867248951737924
0.035726130320599334
0.07096998486799687
0.16167980145840327
0.2299287086042477
0.18310521100030644
0.2526084261151238
10908644319866656e-30
0.175731029505039
0.1757853888997105
0.4213922609680119
0.5373094660854889
0.00036423923882190304
0.5374353914607578
0.6082638520989467
11.663394982082536
2.1190965775536554
2.811454706904355
0.09458990549903697
0.4863237129383576
2.6630706862126194
4.220109575178908
0.5954692016253199
5.082710652436766
7.104061713229642
4.432371518817828
2.470588320330307
2.8877035803476025
0.6410364722699722
37.83608287713
619.1031594749186
4.002057289057523
4061.5329884494417
1.0999818117197089
23.21837866171695
1.169168045513116
45.03328589539467
1.3057527091669625
1.3969061337503361
1.099980800406584
0.8806517140973925
1.0774103833018542
69.0445417094155
0
0.0008049441739503652
0.0007921355015042237
0
0.00796038911030177
0.006532560775734183
0.006457253836639305
0.0047531216706287824
0.005835480597008111
0.009013327229170824
0.0050541749992504045
0.009656692943399726
0.0041999862368414615
0.00623103610306884
0.008363723670812253
0.016635481644716836
0.006336025674992815
0.008180757488267418
0.006952343795966573
0.008598283629227021
0.00425481325977233
0.011246144311141975
0.016167205677157608
0.011296888712016721
0.007061170969977373
0.0018998357163463443
0.007427259740207049
0.022767133470051066
0.07040528886183461
0.04105179584190393
0.1099242235978882
911964341493652e-19
0.010078388481928942
0.20457233733880778
4806095929667125e-21
0.07216716235956856
0.010893757510773185
0.0012690670108746107
5486341097762027e-21
12044228511879844e-22
0.09888647838283461
0.08646385920006887
0.0041384723436222156
0.04004174679092838
0.020136610197141643
0.005773487893559557
0.012064152738887774
0.000482804112425553
0.2687897668263946
15699129996242658e-25
0.07676535958468216
0.0003418744888888955
0.009602050901000372
0.010881915901315119
0.00015705325810358385
0.00017086506079199034
0.26805940554642854
0.00039345384440462016
0.05574541136464459
0.2174199650585403
13179222429357263e-22
2586163661178783e-21
0.00014471916754636613
12571418960391296e-21
0.0005943640695804841
17002974344750103e-21
1443227609665987e-22
10044037346754944e-22
1907686258934265e-20
0.07468056955030265
0.07544660500932515
4349922710909901e-20
0.00021266771958785153
0.0195158280478472
0.008141771905283163
0.08876075980870687
0.020087065810255687
2782860106053796e-20
0.13107127887178255
0.03822436161739935
5573477419865179e-22
0.2418919862988178
4458962885774668e-22
0.003760309367332717
0.000982260376072213
22994565953032507e-28
0.24581648720549804
0.26859885156229074
0.018015138653540996
0.23794674748458083
0.25505370187014637
0.007388963018293673
0.17857891159709743
22332184591581954e-26
46306103209644465e-22
0.000629297032494598
912038971677832e-19
0.12569486267635216
8645598005394876e-22
0.0001118105353080484
0.15357182960975277
0.0009289017557097895
0.011813897061087108
12200696630508816e-21
0.13197593341394206
0.09404573605652529
0.021126490700132925
3146875882554879e-20
0.00015344197658646302
12006679122487951e-23
0.013629172752742124
0.15465084239471452
833331449557221e-23
11103260474173294e-21
9106309382282465e-21
9649934700837791e-20
1058636901137707e-20
0.25887399858773086
0.15353575155482507
0.005147506520100757
0.0015476411142426076
0.04135653555736159
0.005873405285394842
676026189161068e-19
0.028185714603950234
8323469932465153e-20
0.00072081210304156
0.07913987351753529
9970375774196601e-22
0.2642019887096552
0.2634222250667144
0.0018271448304323877
0.0005369988318843879
5829910083802665e-24
0.001030479466871678
10390421263508379e-24
0.010248959618734654
0.029077061490987505
0.0009036665158525402
0.00033759986111169313
0.0001545424449289534
261817890363048e-20
0.0061128361556662715
0.030371751601213418
0.021341377486116683
1125717590660973e-23
0.25539844873705997
0.06613293494323588
0
0
817771923428521e-19
6661601213750385e-20
10336378674859377e-22
7596602534790016e-22
0.00019347224868531104
0.009726745387709793
0.00538244983113433
15204233598997123e-24
0.00013149364865297142
7328714261810932e-21
0.055595077239714505
0.013356311500868422
0.09752502927765638
38456353735206645e-23
0.05970191585325619
0.007672248713902184
0.00012013935810996209
0.11910930932132165
0.0002964003997732832
1854955945723476e-28
8514612967970209e-20
37361525301545025e-22
0.00012471129526593774
0.01627079176417803
0.003899520339694576
0.00016354332739711562
0.00015210843139625886
3799874506457192e-24
0.0005144034318267374
0.02279544625561962
13135133511685024e-24
0.0018049527403546787
0.0017999030785844474
4418680163064885e-20
0.10470903791435311
433718496149408e-19
0.26185929456361773
0.0019096384419497877
0.1708575287141762
0.0032995447245986803
0.0007007371118481233
0.0005691956083185273
4475063773810071e-20
0.2691093244989474
1210194800488708e-20
2156749090307607e-20
0.008281997718755823
0.006432406406392807
21715984624428856e-24
8722790890065023e-20
0.0030529704594549727
0.1268287872083479
0.029998603811954468
0.0001001098861985068
0.022871131496166083
0.00035408474688476465
0
0.10885679666307459
0.012295992128993075
0.26626091860513773
0.2571736607607847
0.2626234076850904
0.05153510256557599
0.029467916650437766
0.25968412869692203
0.26497905151900125
0.2574706477761212
0.2548321985139948
0.19484891302292143
0.0007650377774111046
0.01566739179402009
0.1343717388017119
0.237142075365411
0.13073619819712612
0.0002992070627891262
0.026813252476218293
0.22648272708414077
0.11036321370807305
0.15684311259452904
