1.395273014605297
584831118513707e-36
3091622196180793e-25
0
16179170032002562e-21
10151208840980814e-24
16270204202793907e-21
0
1644270856896626e-20
0
0.004016987177719196
0
8.214565441696339
0
7.327588216954071
0
8.431658540400289
1.1163904004765448
18.821044506044124
4.779939045361516
0.5454272198029677
22.154663635311934
7.270573758300484
20785727263757662e-28
0
0.00046229833914194867
11293106926669858e-21
0.0029051811933617985
0.006838058916115098
0.02142603460604692
0.0255080678102548
7861155684209505e-21
1573129471672643e-27
0.0033792775958733255
8804443807869235e-21
8300145647652384e-21
10163596416725283e-34
0.0005332939149516545
0.0006102190535231808
0.1261505646405271
0.12509773019718415
0
0.08021909465311879
0
1.2550973868733561
1.2473648131529216
4.376847012381961
0
5.411660240701134
0
4.423520532071705
0.04290297296754866
22.86266813096289
22.14676210012505
0.2968414342286968
40.17260027799276
40.352537267325296
1.3255376444580709
0.0009811311355927969
0.019017975988203054
0.2947278799206745
36.0930473045073
0.037650568726072635
0.5569309956964688
2.486175946657102
1.4072196598611841
38.354839520021194
0
38.33523440433806
0
16.79942514296769
0.0003510221284206964
0.00035099796816705036
0.021599213664884796
6.982903038023479
0.37053236236412046
0.2470672888058578
0
0.0005432173083687637
0.019942834462832515
0.06692786684914905
0.028948790616762997
0.014396875011962367
6426839173850356e-20
4290564617132643e-20
0.0014738950524461427
2.0514089772278976
0.3740185986849016
0.011955290382858405
0.0008813043778021195
0.00167648889561721
0.009646724064909006
0.0027073111654416903
9618792251425391e-23
0.05732391624351493
0.8817505875026949
0.01824343799753727
3654537131612256e-26
16363452198219145e-22
281047442157336e-19
0
0.8139156672100233
0.47368425718005813
0.07359413371279873
0
0.2530111851131384
0.01705776049884276
0.06887817532582229
0
0.00031396184997211957
0
0.12469213937002874
0.5968237400164565
0
0
0
0
12644734824186408e-22
0.3645555923246646
22547087697582597e-23
830922145838386e-20
0.36685299664857857
0.2793096585894594
0.17659335551333208
0.5720913978349043
0.0007951980635575933
0.5634064607598303
0.0009803218432371077
0.4504983599848773
9376265651696156e-22
0.00010141358039171449
0.3911231240713213
0.0026426657892516772
8232571137295205e-29
0.17670822430547373
0.030604387275453625
0.20026831221716818
0.022935509736189547
0.036237141534343084
0.06384519764350972
0.15116836117225005
0.22859410832099664
0.18490526912494118
0.25071815043726325
4802230031427994e-30
0.17071276566682297
0.17076548254762153
0.4191071248320455
0.5350984937685437
0.0003531363651682979
0.5352396081530963
0.6154981056702054
11.660239688853823
2.1205028801976704
2.8119574038170247
0.09336618278028702
0.4862108197624089
2.66605759321091
4.2212500511980755
0.5899335974875883
5.082323521517503
7.105018405126331
4.39289482171847
2.4706011133677137
2.8880301181523493
0.6442460101309848
37.84472851481848
619.0929351422416
4.002052096458406
3979.0131182728237
1.0999814257760736
23.218364143269838
1.168884118872959
45.024813757254236
1.3057942775973657
1.396902639407009
1.0999804143723275
0.8767848470791701
1.076432833565481
69.00601320287329
0
0.0007964994144540757
0.0007927524323781762
0
0.00786851145164128
0.006415704115027024
0.006353390481896178
0.004589777692136815
0.005720241157789414
0.008980672828870773
0.004915377264562321
0.009643437544120231
0.004066069503605064
0.006131438352199489
0.008284011670224021
0.01659396838992166
0.00620536494430059
0.008131164822038127
0.006847806544617603
0.008552262259138061
0.004293057655230028
0.011200598110575635
0.01596350048995906
0.011216835069640455
0.007005077242819167
0.0018997308040637547
0.007425644122915868
0.022751620499031094
0.0702455205895963
0.040999973270379776
0.10950571387829552
9119619300048362e-20
0.010075402699697332
0.2027167261872318
4806095259992747e-21
0.07199879704665006
0.01089026510897668
0.0012690202382833163
5486340225102523e-21
12044228091313347e-22
0.09855492064232929
0.0862160846201537
0.004137972999954852
0.03999251874901923
0.020124520658198544
0.005772513870975346
0.012059862594588178
0.00048279735001488175
0.26346879046862065
15699129995528112e-25
0.07657335172956392
0.0003418710988070804
0.009599342477657294
0.010878431145433742
0.00015705254284658875
0.00017086421418303877
0.26188954080494886
0.0003934493539047497
0.05564763280179914
0.21521612132364143
13179221925791333e-22
2586163467273554e-21
0.0001447185602326629
12571414378424134e-21
0.0005943538194284845
17002965962979456e-21
14432276036272555e-23
10044037054276935e-22
19076852038161137e-21
0.07449949886875379
0.07526155783154455
4349917224798636e-20
0.00021266640797993968
0.01950448249918453
0.00813982856996262
0.08849856581039844
0.02007503654153159
27828578607501604e-21
0.1304496021628679
0.038179624267749776
5573477329805827e-22
0.23880370700562456
44589628281320134e-23
0.0037598973247027394
0.000982232366487109
22994565953030973e-28
0.24254377911226985
0.2625604245921827
0.01800549153118364
0.2350285267913486
0.24776538356436817
0.007387364103555353
0.17727916680919967
2233218459143736e-25
4630609699301217e-21
0.0006292855415132297
9120365597942895e-20
0.1251297138910249
8645597788691051e-22
0.00011181017280881208
0.1526727492739981
0.0009288767083712614
0.011809784496644458
1220069231479725e-20
0.13134439856543892
0.0937485369254563
0.021113164453069055
314687301141934e-19
0.00015344129384785762
12006679080693188e-23
0.013623685315021896
0.1537366477209428
8333314493558895e-24
11103256899934482e-21
9106306978107116e-21
9649907699741329e-20
10586365762178425e-21
0.2548129655203749
0.1526371735043737
0.005146732925830294
0.001547571527418801
0.04130391627328643
0.005872397119372623
6760248640791595e-20
0.028161750680193515
8323449844604268e-20
0.0007207970250422672
0.07893496237090174
997037548599285e-21
0.2575184111023234
0.25666766584385614
0.0018270478023845451
0.0005369904654932858
5829910082817293e-24
0.0010304486377965012
10390421260378394e-24
0.01024587118339979
0.02905152453907151
0.0009036428117483881
0.0003375965552947792
0.00015454175236115326
26181787048946527e-22
0.006111743758571328
0.03034383672102747
0.02132777457006946
11257175902935768e-24
0.24812694126374066
0.06599297200718557
0
0
8177699843812448e-20
666158834689662e-19
10336378365107875e-22
7596602367482579e-22
0.00019347116319247206
0.009723965681910095
0.0053816037356820496
1520423359229511e-23
0.00013149314727787986
7328712704641488e-21
0.05549784873960761
0.013351043603100209
0.09720336098361795
38456353306448457e-23
0.059589047755038836
0.00767052417308089
0.00012013893958906437
0.11860876324980457
0.00029639785172507247
18549559457234665e-29
8514591946852302e-20
37361521254599277e-22
0.00012471084428228643
0.01626294184415202
0.0038990771394720705
0.00016354255179732363
0.00015210776047448835
3799874506038577e-24
0.000514395754926251
0.022779894042251475
13135133506683005e-24
0.0018048580578095507
0.0017998089257251148
4418674502144221e-20
0.10433314002025244
43371795074663444e-21
0.25754905319398314
0.0019095324428144997
0.16969345641374403
0.0032992276730375004
0.0007007228624012179
0.0005691862081964818
447505796749334e-19
0.2636417174195209
1210194375875341e-20
21567477416928712e-21
0.008279986476834615
0.006431196274052543
21715984610756765e-24
8722768828407955e-20
0.0030526991149473497
0.12625200548990081
0.02997138562575175
0.00010010959560312587
0.022855474129368163
0.00035408111026074076
0
0.10844723667152249
0.012291534065881925
0.2614583038345469
0.25323796646060504
0.2582413931376464
0.05145209356661274
0.029441673465863023
0.2526522414034023
0.2603444249090016
0.25030726436842154
0.25105468658887353
0.19322141470427684
0.0007650207914018314
0.015660119511071914
0.13371360230961576
0.23425689957051937
0.1301181472106139
0.0002992044662468294
0.026791609004774983
0.2239926064155538
0.10994098879107028
0.15589765406490835
