1.7484000689842305
3758046019610948e-33
20795996343502636e-31
0
39216494837845675e-22
25228940889868563e-25
39199282806250074e-22
0
3921726111612599e-21
0
0.0010343139752192697
0
8.211116694687284
0
7.336549365530696
0
8.398593679889707
1.0714671452618705
18.700122109142217
4.70997639005199
0.538871519876147
21.59835900732931
7.2013435315015935
14283166126458636e-33
0
1105231149525226e-21
27049927510047653e-24
0.0013634103354094342
0.00681173541993305
0.006521888400603336
0.011972304869661375
21096650025708784e-22
7298937970420146e-29
0.0010275955437216181
23174559584555076e-22
18093946251521069e-22
6521216991302436e-35
12748986953300541e-22
14588069961395983e-22
0.17937800377935875
0.17794556103343004
0
0.11850269630581314
0
1.2652522710000111
1.248256490225129
4.236067870695078
0
5.1007003197668945
0
4.410667252644424
0.040242445340657206
22.184034386751218
21.58772551674879
0.28445332895902375
39.74809061859712
39.29222901965309
1.1283393053680744
0.0009656421859392018
0.018563559651389394
0.28490958247412385
35.99663046206257
0.045517769058860444
0.4997892374196934
2.259416962878494
1.1497773701627143
37.81998027243807
0
37.80180311803385
0
16.970248499016368
0.00048170048901229973
0.0004816669010220399
0.019662931153684525
6.982946184700753
0.3641573817035565
0.22853472288252655
0
0.0006088029231628822
0.019948178783204876
0.05774547793651723
0.022701788787737914
0.022175505100859583
7833916006566496e-20
4400683467256781e-20
0.001498067868787199
2.044995120951107
0.366989091048409
0.0038173712418581415
0.0008239704552199076
0.002305762500889696
0.00830053216580466
0.002528209793326959
1259475204863376e-23
0.05155272732232296
0.8811246769025592
0.01490909077843936
20601452561880072e-28
25919417297758404e-23
26887799598766744e-21
0
0.6830437483159211
0.38982459652532225
0.0981387378943276
0
0.20855210073000394
0.012699205168684393
0.06491311236212888
0
0.000308350860093421
0
0.1225024023200791
0.4695721192699673
0
0
0
0
3074638439726726e-22
0.3576410400470196
39154290093819686e-24
45619026245649886e-24
0.338615272949136
0.2089479350908465
0.1739040471127449
0.5350643709843436
0.0007351673959918933
0.5449857329877013
0.0011471368672897368
0.5254312304650455
9289617378041627e-22
925944465318557e-19
0.36532048970213
0.0008055967109773096
26067601396499358e-34
0.14650962266506934
0.007514358970462931
0.1815509422519683
0.023367154395380618
0.04180247016615258
0.014790835235205252
0.059497621401322
0.21606656361122986
0.20330539656214236
0.23197889164428986
14724092881680454e-35
0.12021407598389029
0.12025083601683383
0.39560972362970315
0.5072848836529698
0.00026784586147541147
0.5075391536051889
0.6908297702645607
11.65512402577962
2.1344154342072312
2.820635812524354
0.0904856222004613
0.48604751368188226
2.695439033238352
4.2415707319301115
0.5796901861074472
5.099520601475518
7.1306763259313275
3.7329864834041446
2.4632105851426034
2.89118067512699
0.6810730999609268
37.74302532969713
618.9684141116279
4.001988850018881
3098.799262165349
1.0999767249099919
23.218187306172585
1.1654313605384066
44.92174913077292
1.3061557096362013
1.3968599667502457
1.0999757124018066
0.8306797615482491
1.0645970202998987
68.2771528944831
0
0.0007814973171680562
0.0007790677706367585
0
0.005377333764821389
0.00468692510566629
0.0047512615375206605
0.0027224983446768997
0.004058086798824125
0.007825522989569943
0.003190317122167279
0.008445092109274802
0.0025100035951281094
0.004586479036132593
0.0067141932965195895
0.014656152903611285
0.004348360753194245
0.0068752266486021155
0.005197434493322051
0.007293407841793708
0.0043792717542722156
0.009706218755791942
0.012609305449232876
0.009383964919958826
0.00579197050005799
0.0018984534147086227
0.0074059937415545075
0.02256351546168846
0.06832836581247846
0.04037398965228351
0.10453427616729265
9119325580613339e-20
0.0100391061503521
0.18142140652386402
4806087103221467e-21
0.06997932782697203
0.010847816663181811
0.0012684506763573952
5486329595932165e-21
1204422296872364e-21
0.09460460380983256
0.08325452604260118
0.004131895720137847
0.03939774638660937
0.01997784877116338
0.005760663247021291
0.012007730007054032
0.0004827149899928091
0.20651976671098998
15699129986824849e-25
0.07427284709783914
0.000341829809575618
0.009566414553178835
0.010836075533301355
0.00015704383112315678
0.00017085390263960732
0.1972154313235407
0.0003933946627587259
0.05447034573882451
0.19009992873234824
13179215792250913e-22
25861611054670986e-22
0.00014471116322497426
12571358569207155e-21
0.0005942289845483914
17002863871531805e-21
14432275300741995e-23
10044033491832198e-22
19076723522956657e-21
0.07232894236073226
0.07304374339328905
4349850403332253e-20
0.00021265043296119022
0.0193668195509375
0.008116195525008424
0.08536647566526827
0.019929094399994025
27828305126116673e-21
0.12310999596796614
0.03763889828350929
5573476232863576e-22
0.20420688623681305
445896212603208e-21
0.0037548821790390693
0.0009818912677869406
229945659530123e-26
0.20601114120556197
0.19904488687134314
0.017888401340681166
0.20222946416543838
0.17405219230431002
0.007367916726317237
0.1621871095022056
2233218458967624e-25
463060212731531e-20
0.000629145595716177
9120071830430568e-20
0.11844666555440095
8645595149192042e-22
0.00011180575758404555
0.14213518005340137
0.0009285716805778751
0.011759807339109635
12200639748619496e-21
0.12389046960037041
0.09020309469860484
0.020951521037092417
314683804057776e-19
0.00015343297818781775
12006678571623941e-23
0.013557024215220245
0.14302592792771476
8333314469036296e-24
11103213365025055e-21
9106277694782314e-21
9649578826610819e-20
10586326186316257e-21
0.21017501009501707
0.14210536035850174
0.005137319707126293
0.0015467241959611115
0.04066835055897866
0.005860131320911009
6760087245034023e-20
0.027871495174063513
832320517400541e-19
0.0007206133970648046
0.07648127965571044
9970371975609485e-22
0.18848174529521955
0.18705230454870575
0.001825866393283473
0.0005368885715023964
582991007081526e-23
0.001030073207018394
10390421222254491e-24
0.010208327993369534
0.028742273321997903
0.0009033541405379746
0.00033755629232805573
0.00015453331698468085
2618176284250504e-21
0.006098453785141742
0.030005879845583627
0.021162782427754122
11257175858186084e-24
0.1745344776741159
0.06431178357940343
0
0
8177463667350868e-20
6661431627829691e-20
1033637459226833e-21
7596600329642107e-22
0.00019345794214376604
0.009690171960510096
0.005371308779767695
1520423351066317e-23
0.0001314870405742732
7328693738007434e-21
0.05432714493879414
0.013287046000839103
0.09336949592581702
384563480840814e-21
0.05823129761590908
0.0076495499819808355
0.0001201338420310387
0.11267823324222592
0.00029636681770496906
1854955945723345e-28
851433590925538e-19
37361471961960066e-22
0.00012470535133477816
0.016167631571521762
0.0038936829064954662
0.0001635331051193515
0.00015209958873975022
3799874500939759e-24
0.0005143022578137716
0.02259131425250728
13135133445757394e-24
0.0018037052025309161
0.0017986625187927348
44186055514883e-18
0.0998615049874842
43371130767794354e-21
0.2104091012085223
0.0019082418226046302
0.15613552667281339
0.0032953683609926203
0.0007005493243130695
0.0005690717251371017
44749872459044424e-21
0.20532044884793982
12101892040046523e-21
21567313153413938e-21
0.008255528284738176
0.006416474861868879
21715984444227675e-24
87225001171321e-18
0.0030493960153448593
0.11943370070839317
0.02964183782301242
0.00010010605615624345
0.02266562221796372
0.0003540368183915065
0
0.10358067746063135
0.012237363458582229
0.20946814826345375
0.20986970608842961
0.21038656166709743
0.05045169419336147
0.02912389558242228
0.18084543414867527
0.2099946001217152
0.17750630022480807
0.20929933084658645
0.1744560440113178
0.000764813928405002
0.015571812015740243
0.12595143769128872
0.20180857570771274
0.12282060085353423
0.000299172841608704
0.026529384966948864
0.1957724443083914
0.10492602864962866
0.14482911814160968
