1.7605487787541252
4853410350795083e-34
8601471315653864e-31
0
3902211996205598e-21
25129768889707492e-25
3900347346955762e-21
0
3901893760534044e-21
0
0.001029132071518418
0
8.208223155081997
0
7.334526860292606
0
8.395250806896303
1.0699609591589692
18.694095204996792
4.707267868681211
0.53864318689725
21.577003319118507
7.199624819775885
5911123871160274e-33
0
8979649291234582e-22
21973122270351152e-24
0.001360120064552659
0.006810833724802296
0.006490876638439171
0.01194344044021988
21010361511057324e-22
7187223290290744e-29
0.0010227220473741957
23063870391714146e-22
17986069359090555e-22
6462528559924594e-35
1035818905843825e-21
1185239195585681e-21
0.1815145181961308
0.1800670618901887
0
0.1201347963170039
0
1.2659698488407485
1.2489436051801848
4.10764086248758
0
5.084952930417962
0
4.4102255296739035
0.04014627021274478
22.153958116050973
21.561060375436302
0.2841114082172809
39.717241695047036
39.25487633292295
1.1221359620493496
0.0009645338325793308
0.01854818991785021
0.284546026659205
35.98611011429976
0.04583570566901335
0.4975030121259862
2.2514707923407533
1.1412263964091864
37.79238961160661
0
37.77429547493039
0
16.9699788639719
0.0004868305366813502
0.00048679761167092563
0.019598615725883194
6.982947709473353
0.363917240239121
0.22793960614572673
0
0.0006107568124424569
0.01994646565063406
0.05739940827370911
0.022492979815212182
0.0225004024098029
7885511631411455e-20
4404661237451005e-20
0.0014987051955369392
2.0445415616025677
0.3667427554622587
0.00380437295777728
0.0008223174550745995
0.002331322368019922
0.008260773358042985
0.0025230734430628527
12453721370803688e-24
0.05137781770908501
0.8808355388802258
0.014803067277573637
20506684436826852e-28
2579760073621575e-22
2685574984206152e-20
0
0.6787092255958374
0.38704049523916484
0.09911011047394559
0
0.2071876167579236
0.012574548677137459
0.06476988068567024
0
0.0003080379977885256
0
0.12243051172121543
0.46560369471791435
0
0
0
0
3068107750579974e-22
0.3590958169043048
39070354444476653e-24
4413284579597335e-23
0.33765157884532626
0.2069174816502745
0.1737718640733413
0.5338961103159557
0.0007327114383937096
0.5443178569689497
0.0011489245780462352
0.5262374219632077
9287556447070938e-22
9230568992220731e-20
0.36452502359186445
0.0008018314733716045
18016446898412854e-34
0.14553663870302713
0.007129351140610176
0.18091132125202666
0.023367514184924148
0.04196868494676828
0.014009189250802414
0.05744197036682047
0.21570839807844752
0.20382524909451757
0.23144426369853874
10168629181622922e-35
0.11877886929834738
0.11881518068688635
0.3948808886772232
0.5063105637806231
0.00026673126957669054
0.5065664209533466
0.6929820669198231
11.65532269653599
2.1347735468163886
2.8209170955431655
0.09096738090994899
0.4860555246991372
2.6961840481872863
4.2422278940320055
0.5821658757005362
5.0999233479011
7.131453433828459
3.703035932929702
2.4629542658496257
2.8912524334109975
0.6822481675717639
37.7280307168584
618.9641306321745
4.0019866741551295
3072.2593551202945
1.0999765631853922
23.21818122242997
1.1653127561630674
44.91820757610248
1.306164769628766
1.3968584958612367
1.099975550639189
0.8291286439555282
1.0641921540114758
68.24087461360956
0
0.000785238199025163
0.0007792011703601657
0
0.005261508565941617
0.004610158477893705
0.004677416895690497
0.002658723573250169
0.003987045726450571
0.0077448600533448035
0.003125492324402601
0.008354958387876758
0.00245502458321762
0.004515228154068473
0.006628070239426112
0.014511259201560267
0.004270193562992735
0.006796885800516426
0.005119686029364415
0.007212389148527596
0.004357636975545986
0.009603983002124157
0.012444545954035073
0.009274741682027033
0.005721755285378922
0.0018984094836807515
0.007405318631104169
0.022557071788010512
0.06826334880463938
0.04035262469828771
0.10436731863221949
9119315475885636e-20
0.010037859761303499
0.18073000385958188
480608682260247e-20
0.06991086867678752
0.010846359247462207
0.0012684310861390809
5486329230254785e-21
12044222792490068e-22
0.09447155462332672
0.0831544693692014
0.004131686800997879
0.039377442449420284
0.019972821850635536
0.005760255980505397
0.012005940493383018
0.0004827121567923833
0.20479666533272173
15699129986525428e-25
0.07419494416871053
0.00034182838918160043
0.00956528373835179
0.010834621301668602
0.00015704353142036753
0.00017085354790032382
0.19530042962386907
0.00039339278134215965
0.05443028949264467
0.1892900850221248
1317921558123739e-21
25861610242133765e-22
0.00014471090875077636
12571356649194471e-21
0.0005942246902923984
1700286035926759e-20
14432275275437367e-23
10044033369272627e-22
1907671910163447e-20
0.07225540416808993
0.07296861749833923
43498481044765236e-21
0.00021264988339036658
0.019362100829420067
0.008115383694078857
0.08526071691132393
0.019924092442238313
27828295717522672e-21
0.12286497458701989
0.037620432455152245
5573476195125227e-22
0.20311031164905188
44589621018775793e-23
0.0037547097609300513
0.0009818795349992727
2299456595301167e-27
0.2048573444720165
0.197157392747757
0.01788438663749444
0.20118644706930985
0.17195047516049752
0.007367248585524595
0.16169140923034242
22332184589615655e-26
4630601866814789e-21
0.0006291407816831399
9120061724048891e-20
0.11822321035462945
8645595058384775e-22
0.00011180560568917352
0.1417858926603982
0.0009285611884203236
0.011758091732038024
12200637940177445e-21
0.12364169878798453
0.09008353545000006
0.020945982056854072
3146836837474918e-20
0.00015343269211030709
12006678554110318e-23
0.013554736671276608
0.14267103057040756
8333314468192638e-24
11103211867286776e-21
9106276687343156e-21
9649567512513702e-20
10586324824781571e-21
0.20878705853022234
0.14175625951938006
0.005136996168558688
0.0015466950532821034
0.040646659932477076
0.005859709794048297
6760081692567903e-20
0.027861562856319258
8323196756675537e-20
0.0007206070805024944
0.07639823599068277
9970371854840995e-22
0.18646886017804565
0.1850272872008212
0.0018258257625951228
0.0005368850663644711
5829910070402351e-24
0.0010300602934227093
10390421220942905e-24
0.010207038837200274
0.028731692859399274
0.0009033442109581752
0.0003375549072375677
0.00015453302678871254
2618176200972577e-21
0.006097997081757825
0.029994320255070574
0.021157128933797776
1125717585664655e-23
0.1724347013459926
0.06425471367120292
0
0
8177455542240113e-20
6661426236253856e-20
10336374462470507e-22
7596600259533832e-22
0.00019345748731311896
0.00968901143954326
0.005370954950717251
15204233507854773e-24
0.0001314868304890168
7328693085494913e-21
0.054287311383532835
0.013284849743796371
0.09324032404981665
38456347904415145e-23
0.0581851411824821
0.007648829423528707
0.00012013366666244778
0.11247956724166087
0.00029636575009238907
18549559457233408e-29
8514327100873129e-20
3736147026613543e-21
0.00012470516236397003
0.01616436254842198
0.0038934974603271194
0.00016353278013286614
0.0001520993076135269
3799874500764342e-24
0.0005142990415139054
0.022584854351532044
13135133443661355e-24
0.0018036655536960479
0.0017986230916919284
44186031793824646e-21
0.09971112449530704
43371107913676213e-21
0.20895081768337323
0.0019081974366309009
0.15568888064130115
0.0032952356685672884
0.0007005433548078277
0.0005690677869603118
44749848128735416e-21
0.20356196591120856
12101890260760107e-21
2156730750224142e-20
0.008254688130775909
0.006415968997850791
21715984438498533e-24
8722490872744707e-20
0.00304928244168005
0.11920579803800628
0.029630565019638566
0.00010010593439008002
0.022659118835844178
0.0003540352947069178
0
0.10341719535980792
0.01223550406894857
0.20787654878523856
0.2085178178619305
0.20890836904645196
0.05041762551572934
0.02911302424138508
0.17877700738418742
0.20844761233213957
0.175419858977524
0.20799359818102225
0.17384394759103505
0.0007648068126460036
0.015568782829687293
0.1256925661105029
0.20077605333309043
0.12257695933138298
0.0002991717536786174
0.026520409426029134
0.19486757902330176
0.10475762935602718
0.14446263896481643
