1.7618606550647637
38593854425098265e-35
7814671050541246e-31
0
3900278590372596e-21
25120120602595767e-25
3898399763296553e-21
0
3899921323321996e-21
0
0.0010286114272523336
0
8.207901818645668
0
7.334298313568855
0
8.394879142964426
1.0697982626295113
18.693434971265678
4.706977467081073
0.5386184213643176
21.574687741762894
7.1994407244190075
53707517725307326e-34
0
8780511582465703e-22
21485386456649465e-24
0.0013597879180883945
0.006810736362019363
0.006487752139490647
0.011940526813299282
2100181988494442e-21
7175891278060276e-29
0.0010222311390723443
23052777843592064e-22
17975297386170144e-22
6456721477620073e-35
10128485066971774e-22
11589552437848052e-22
0.18174668822893605
0.18029748037935733
0
0.12031219491427202
0
1.2660477023920147
1.249018295577529
2.282439842470317
0
5.074229494114371
0
4.41017822202122
0.04013068065526618
22.13753906899237
21.54385690032555
0.2840730005445877
39.71385826114801
39.25140848505599
1.1214683352678538
0.0009642638403712917
0.018548346326481405
0.2844633367416778
35.98493956297296
0.04587012558105446
0.49725499840989795
2.250609986686832
1.1403034973610324
37.78936951338696
0
37.771284550627996
0
16.969923848142653
0.0004873134166905965
0.0004872931702480028
0.01958868718921842
6.982948141811971
0.3638912070673029
0.22787551478571616
0
0.0006109663912963912
0.019946290340106865
0.05736197212133559
0.0224704742443692
0.022535735217995557
789109305986469e-19
4405088571979905e-20
0.0014987734000308603
2.044491409926923
0.36671607828767283
0.0038030946416074424
0.0008221402817815681
0.002334099587247226
0.008256490927477473
0.0025225178616625978
12439430863490681e-24
0.051359001396338144
0.8808032077048035
0.014791649864936841
2049850851778865e-27
2578623080906877e-22
268523237620602e-19
0
0.678241962936014
0.38674035069736024
0.09921553251559695
0
0.2070408229511049
0.012568352293679733
0.06475439395462917
0
0.0003080038884830715
0
0.12242276839277337
0.46517686917241663
0
0
0
0
3067546418555476e-22
0.3592582220593176
3906387492718716e-23
4399298538903663e-23
0.33754769590783795
0.20669948411883154
0.1737574581880527
0.5337703311256545
0.0007323333281347222
0.5442457190541649
0.0011491086243121025
0.5263204581153063
9287336318688822e-22
9226048459202344e-20
0.3644394759691122
0.0008014525172792437
17311140978575292e-34
0.1454672514478345
0.007088897683245536
0.18084231168856751
0.02336748858309273
0.041986520943113226
0.013927160138202518
0.057223736268333575
0.21566989554583912
0.20388095695092112
0.23138687164921068
9769746163079475e-35
0.11862493845621049
0.11866120233966464
0.39480232972719864
0.5062053123255632
0.00026661535539640474
0.5064613563559979
0.6932127459484978
11.655343310795184
2.134811588239767
2.820946998040954
0.09102130302852868
0.48605635923904517
2.696263095483565
4.242297678555328
0.5824421501188012
5.099965494163222
7.131535911042476
3.6997811255077266
2.462927314502413
2.8912601973893013
0.6823746822009391
37.72636590460277
618.9636680831644
4.0019864391949325
3069.4070805468573
1.0999765457215909
23.218180565478182
1.1652999494123288
44.917825158641136
1.3061657381703107
1.3968583370187377
1.0999755331712822
0.8289612922624713
1.0641484438077
68.23688732789131
0
0.000785655722771565
0.000779222437397089
0
0.005249206080685761
0.004601833121700976
0.00466939962068868
0.002651863034634571
0.003979350930931737
0.007736016085337827
0.0031184966085763145
0.008345068672796361
0.0024491020612771026
0.004507492727595501
0.006618677605134759
0.014495353689664016
0.004261732013595022
0.0067883165964298334
0.005111239965436092
0.0072035210470677525
0.004355201943923237
0.009592779363539037
0.012426613484718728
0.009262806642393675
0.005714087898428413
0.001898404739857166
0.007405245733101326
0.022556376079123617
0.06825633165641165
0.04035031828390021
0.10434930571160057
9119314384729044e-20
0.010037725179456478
0.18065550067257774
4806086792299878e-21
0.06990348013498318
0.010846201880393402
0.0012684289707108646
5486329190767177e-21
12044222773459516e-22
0.09445719852858685
0.08314367196298125
0.004131664241532848
0.039375250558364855
0.01997227909517235
0.005760212003624048
0.012005747269015557
0.0004827118508507232
0.2046114587280468
15699129986493093e-25
0.0741865367241335
0.0003418282358009526
0.00956516163550624
0.010834464278394369
0.00015704349905704818
0.00017085350959390806
0.19509475413282754
0.0003933925781782574
0.05442596578842251
0.18920284084117378
13179215558451134e-22
25861610154392074e-22
0.00014471088127145115
12571356441862254e-21
0.0005942242265797688
17002859979996395e-21
14432275272704852e-23
10044033356038053e-22
19076718624198825e-21
0.07224746763331467
0.07296050966540936
4349847856235059e-20
0.00021264982404514178
0.019361591347882217
0.008115296033515192
0.08524930441168908
0.019923552381809307
2782829470153748e-20
0.12283854518611942
0.03761843896792923
5573476191050056e-22
0.2029922510643424
44589620992692594e-23
0.003754691142864182
0.0009818782680446247
22994565953011598e-28
0.2047331391535872
0.19695464580261388
0.017883953164374602
0.20107413935842303
0.1717250453059052
0.0073671764400820355
0.16163797183867468
22332184589609105e-26
46306018386846875e-22
0.0006291402618428237
9120060632713694e-20
0.11819910581673505
8645595048578969e-22
0.00011180558928684453
0.1417482263084619
0.0009285600554336083
0.011757906487480322
1220063774489316e-20
0.1236148652161811
0.09007063434914947
0.020945384018645014
3146836707558094e-20
0.0001534326612183088
12006678552219113e-23
0.013554489674333954
0.14263275976134443
8333314468101534e-24
11103211705553782e-21
910627657855502e-20
9649566290763687e-20
10586324677756496e-21
0.208637730222045
0.1417186132683154
0.005136961232521723
0.0015466919063478297
0.04064431836613486
0.005859664277357297
6760081092986089e-20
0.027860490528480535
8323195847732143e-20
0.0007206063984129247
0.0763892739308741
997037184179983e-21
0.18625278921621113
0.1848099317761392
0.0018258213751514
0.0005368846878641311
5829910070357763e-24
0.0010300588989600112
10390421220801276e-24
0.010206899637635207
0.02873055056301143
0.0009033431387207578
0.0003375547576691524
0.00015453299545198398
26181761919798247e-22
0.006097947766768471
0.029993072261137566
0.021156518532593673
11257175856480302e-24
0.17220947403438108
0.06424855401753095
0
0
8177454664851924e-20
6661425654045741e-20
10336374448454308e-22
75966002519632e-20
0.00019345743819837465
0.009688886129203477
0.005370916743943187
15204233507551515e-24
0.000131486807803017
7328693015033466e-21
0.054283011711600854
0.013284612603080058
0.09322638614214948
3845634788501391e-22
0.058180159177206876
0.0076487516182101485
0.00012013364772531632
0.11245813529347416
0.0002963656348066604
18549559457233408e-29
8514326149702048e-20
37361470083012095e-22
0.00012470514195800733
0.016164009583075508
0.00389347743548328
0.00016353274503929567
0.00015209927725619166
37998745007453996e-25
0.0005142986942035273
0.02258415689076233
13135133443435012e-24
0.0018036612722756528
0.0017986188342150105
4418602923231106e-20
0.09969489923735501
4337110544577896e-20
0.20879395106555557
0.0019081926436810134
0.15564072614731922
0.003295221340118466
0.0007005427101948858
0.0005690673616986068
44749845501432025e-21
0.20337297971168092
1210189006862419e-20
21567306892000624e-21
0.008254597412011563
0.006415914374598694
21715984437879878e-24
872248987449173e-19
0.0030492701777006716
0.11918121403845167
0.029629347984420042
0.00010010592124119092
0.022658416680896208
0.0003540351301724949
0
0.1033995572166128
0.012235303299984552
0.20770540529559262
0.20837235640065224
0.20874936928909427
0.05041394799204231
0.029111850544305193
0.17855506878921182
0.20828124438449697
0.17519602725688646
0.20785308708511455
0.17377797907531697
0.000764806044255967
0.015568455758812117
0.12566464375703873
0.20066487309428865
0.12255067867439547
0.0002991716361989129
0.026519440385483477
0.19477011784496626
0.10473946096361134
0.14442312029299523
