1.7627678407541667
3293749266867528e-34
7313065789915184e-31
0
3898958856351499e-21
25113560751444724e-25
3897070604341268e-21
0
3898575392333725e-21
0
0.0010282555663022489
0
8.207679308101117
0
7.334139148067122
0
8.394620943970507
1.0696860353173308
18.69298281329493
4.7067963084983715
0.5386014317645893
21.57309374028976
7.199314795120164
5026232275736011e-33
0
8645393104558548e-22
21154453290798952e-24
0.0013595607171750074
0.006810669034677019
0.00648561555652218
0.011938533801618478
2099599154113571e-21
7168132048941538e-29
0.0010218954602616028
2304519399766366e-21
17967942187653047e-22
6452760130813282e-35
9972626780116174e-22
1141121110054963e-21
0.18190815972094185
0.18045701855321614
0
0.12043500328997152
0
1.2661018959736579
1.2490700695629409
1.3039574959502598
0
5.031765896437048
0
4.410147154922464
0.04009804153812128
22.074652130793204
21.47594490951439
0.284041470633046
39.711515500431496
39.24923058114052
1.1210072710112753
0.0009634528521271412
0.018554587839398878
0.28422337328791714
35.984126216571156
0.045893937537056805
0.49708337036670946
2.250008526196783
1.1396620317892596
37.787276879508205
0
37.76919799939272
0
16.969882803843845
0.00048733632069010685
0.0004873315298125531
0.019569203763149766
6.982949569688568
0.3638732555116302
0.22783126343417828
0
0.0006111111056764238
0.01994625280965326
0.0573360717727313
0.02245491423334339
0.022560197231618184
7894954094411375e-20
4405383984942287e-20
0.0014988205064497175
2.0444565882416055
0.3666976215711606
0.0038022248185371667
0.0008220181027339938
0.0023360228418777985
0.008253531619877049
0.0025221334346016058
12429649178504665e-24
0.0513459966076814
0.880780951922069
0.014783756828094656
20493075078067837e-28
2577856301426786e-22
2684996435711389e-20
0
0.6779188858284323
0.3865328541128389
0.09928849535933323
0
0.20693937476988253
0.012592036231891576
0.06474369485019452
0
0.0003079802982006991
0
0.12241741602092941
0.46488190613785607
0
0
0
0
3067174485109432e-22
0.3593710943492969
39059671720380106e-24
43898417543141095e-24
0.3374758800596583
0.20654887736367297
0.17374748085897423
0.5336835625497136
0.0007316007547225347
0.5441958437884846
0.001149234888299073
0.5263774292857972
928718436814078e-21
9216984146344931e-20
0.36438035942839103
0.0008011934241029076
16839538765660218e-34
0.1455569673198696
0.007061051010025265
0.1807945973105321
0.02336746340168
0.04199884183368779
0.0138707018248518
0.05707324698907561
0.21564328986810063
0.20391943060876713
0.2313472215621236
9503053028230683e-35
0.11851860255876749
0.11855483696216815
0.3947480207108603
0.506132524645244
0.0002665356398245456
0.5063887882928035
0.6933720649802911
11.65535741842535
2.1348378224377096
2.8209676211666137
0.09105879489527335
0.48605693097242886
2.6963175972486173
4.242345798361068
0.5826341524553954
5.099994470797881
7.13159275096257
3.6975281872211827
2.462908761391653
2.891265557077859
0.6824621246445985
37.7252096480222
618.9633482225389
4.0019862767158045
3067.4362310672955
1.0999765336450622
23.218180111184388
1.165291093399826
44.91756071210188
1.3061664068287469
1.3968582271753431
1.099975521091915
0.828845582206566
1.0641182184779456
68.2340836417095
0
0.0007859458955225934
0.0007792379353090425
0
0.005240724584454712
0.0045960725192830095
0.004663851212549337
0.0026471221799265164
0.003974027337534611
0.007729886023548444
0.00311365985413531
0.008338212875051217
0.0024450084886315795
0.00450213940482424
0.0066121726988961575
0.014484326923673579
0.004255878917538641
0.006782379178800726
0.0051053942705369315
0.0071973758128714115
0.004353507266899556
0.009585014341040966
0.012414198143323604
0.009254538450706685
0.005708776757662976
0.0018984014594261227
0.007405195323261743
0.022555894996663495
0.06825147959608584
0.04034872343462721
0.10433685127644085
9119313630175025e-20
0.01003763211478244
0.1806039983634017
4806086771345098e-21
0.06989837128424228
0.010846093059615227
0.0012684275078568726
5486329163460802e-21
12044222760299545e-22
0.09444727231090111
0.08313620618545349
0.004131648641335511
0.039373734898260924
0.01997190377878884
0.005760181593028552
0.012005613652764102
0.00048271163928676337
0.20448348304981526
1569912998647072e-24
0.07418072338459107
0.00034182812973556
0.009565077200138886
0.010834355695351837
0.00015704347667724395
0.00017085348310434854
0.1949526525850535
0.0003933924376868843
0.05442297607129653
0.18914253346461757
13179215542694034e-22
25861610093717143e-22
0.00014471086226901445
12571356298488354e-21
0.0005942239059144892
17002859717723655e-21
14432275270815262e-23
10044033346886116e-22
19076718294043648e-21
0.07224197988889315
0.07295490348232744
43498476845717036e-21
0.00021264978300687812
0.019361239040221526
0.008115235415237598
0.08524141335963317
0.019923178929025065
27828293998965725e-21
0.12282027211269844
0.037617060498010266
5573476188232004e-22
0.20291065021812155
4458962097465564e-22
0.003754678268196083
0.0009818773919240166
2299456595301155e-27
0.2046472930233522
0.1968145646540503
0.017883653416184343
0.20099651325714016
0.17156932944457168
0.00736712655064471
0.1616010292657142
2233218458960459e-25
4630601819232223e-21
0.0006291399023642949
9120059878036165e-20
0.11818243997656756
8645595041798078e-22
0.00011180557794434512
0.14172218521181687
0.0009285592719540489
0.011757778389296678
1220063760985063e-20
0.12359631273237119
0.09006171409015651
0.020944970474624378
31468366177183116e-21
0.00015343263985594883
12006678550911307e-23
0.013554318874208536
0.14260630082375808
8333314468038526e-24
11103211593712556e-21
9106276503326095e-21
9649565445902021e-20
10586324576086055e-21
0.20853452952249182
0.14169258606675625
0.005136937073772743
0.0015466897301908227
0.04064269921045617
0.005859632801966595
6760080678364681e-20
0.02785974901893754
8323195219181753e-20
0.0007206059267362916
0.07638307712276111
9970371832781627e-22
0.18610351877115616
0.1846597760035035
0.0018258183411625727
0.0005368844261246024
5829910070326927e-24
0.001030057934665477
10390421220703331e-24
0.010206803379782355
0.02872976067140147
0.0009033423972503488
0.00033755465423998456
0.00015453297378208524
2618176185761179e-21
0.006097913664813692
0.02999220928161253
0.021156096439656467
11257175856365342e-24
0.17205389743992705
0.06424429485334092
0
0
8177454058122516e-20
6661425251438554e-20
10336374438761854e-22
7596600246727966e-22
0.00019345740423466689
0.009688799475833348
0.005370890323441609
15204233507341792e-24
0.0001314867921152489
7328692966308121e-21
0.05428003861152526
0.013284448618553015
0.09321674905085539
38456347871597626e-23
0.05817671428186426
0.0076486978149180734
0.00012013363462995645
0.11244331711035664
0.0002963655550845648
18549559457233408e-29
851432549195047e-19
37361469956379073e-22
0.00012470512784692488
0.016163765505798545
0.0038934635880095536
0.00016353272077147493
0.00015209925626356055
3799874500732298e-24
0.0005142984540323904
0.022583674596892
13135133443278496e-24
0.0018036583116036113
0.001798615890100257
4418602746097912e-20
0.09968368072846505
4337110373918442e-20
0.20868554390389737
0.0019081893292783713
0.15560743517361675
0.0032952114317789266
0.0007005422644339734
0.0005690670676227964
4474984368460532e-20
0.2032423950349979
12101889935758791e-21
2156730647000832e-20
0.008254534678963367
0.0064158766019250055
21715984437452074e-24
8722489184182197e-20
0.003049261696970703
0.11916421673290285
0.029628506412260558
0.00010010591214850239
0.02265793114104682
0.0003540350163940739
0
0.10338736188781678
0.012235164466618998
0.20758713895738348
0.2082718265772456
0.2086394889242298
0.05041140507620456
0.029111038939673945
0.17840175548316967
0.2081662756693965
0.17504141071974985
0.2077559766954424
0.17373237532036992
0.0007648055129011071
0.01556822958753133
0.12564533858327534
0.20058802600079959
0.12253250843042628
0.00029917155495964485
0.026518770297502665
0.19470275022497047
0.10472689904158333
0.1443957987547644
