1.7645266829264694
24224149290449493e-35
6430397610562234e-31
0
3896440646496951e-21
251010993300185e-23
3894534014295984e-21
0
3896006855855189e-21
0
0.0010275751358676027
0
8.207247356326794
0
7.333828026226425
0
8.394117702044674
1.0694694408910508
18.69212241777631
4.706452000858099
0.5385689855139759
21.569979548297262
7.199064481265064
44199477024409974e-34
0
8389321779878281e-22
20527293624510176e-24
0.0013591259123603362
0.00681053850285781
0.006481528289921293
0.011934719731911066
20984881934631065e-22
7153266393864873e-29
0.0010212533376384475
23030701374377153e-22
1795389635044639e-21
6445209246384351e-35
9677250069872175e-22
11073225368892704e-22
0.1822218639775791
0.18076695510370852
0
0.12067343072286858
0
1.2662070283036753
1.2491707567004877
1.3023182206715087
0
4.948595635374988
0
4.410086785868729
0.04003642631202359
21.955973640894488
21.34792181895702
0.28395894929458204
39.70696457217865
39.244200312727465
1.1201138807140412
0.0009619222457431805
0.01856572832776991
0.28377153481829887
35.98254025765107
0.04594012802610847
0.4967503290631064
2.24881126641256
1.1384035849774754
37.78320947172651
0
37.76514254465716
0
16.969796252473053
0.0004874024297918885
0.0004873947379275714
0.0195323495251385
6.982952255290986
0.3638380934854405
0.22774525587780606
0
0.0006113910305007444
0.019946209870280732
0.05728581696850914
0.02242474974681128
0.022607690677787312
7902441726721871e-20
4405955907360305e-20
0.0014989117876099394
2.044388748798021
0.3666618167859184
0.0038005690322037472
0.0008217804311842417
0.002339753502505159
0.00824778677306576
0.0025213873047114158
12410915013737288e-24
0.051320792941653655
0.8807374953329907
0.01476845617064575
2048304621416581e-27
2576413597727547e-22
2684536103658293e-20
0
0.6772925099566922
0.38613069770901864
0.09943009726073644
0
0.20674283314200684
0.012635411679459222
0.06472294435047415
0
0.0003079345615997657
0
0.12240704421630784
0.46431048771680455
0
0
0
0
30664914180110313e-23
0.3595912226745068
3905215998152523e-23
4371995302116991e-23
0.3373366934637098
0.20625721368329325
0.17372809780510326
0.533515410111796
0.0007302151383454179
0.5440992269183186
0.0011494773514022574
0.5264868423612168
9286890399407607e-22
9199852684356131e-20
0.3642658350856793
0.000800697880671887
15961302511655508e-34
0.145717137125041
0.007007361642261873
0.18070210546566678
0.02336739717833418
0.042022699128734416
0.013761858238715998
0.05678246405713636
0.21559175228715624
0.20399390824142075
0.23127043571929215
9006450157410823e-35
0.11831267817484516
0.11834885695013857
0.39464276361077927
0.5059913943714235
0.0002663820383547307
0.5062480380240899
0.6936804865326952
11.655384428907558
2.1348885167943115
2.8210074761606236
0.09113194978231803
0.4860580270289825
2.696422889481301
4.242438770308894
0.583008582352644
5.1000502626754045
7.131702504106192
3.6931552556226737
2.4628729885802683
2.8912759304794236
0.6826315533576148
37.7229557631258
618.9627280805582
4.001985961702981
3063.6187730207894
1.0999765102312151
23.218179230404388
1.1652739236466993
44.917048010339336
1.3061677006497425
1.3968580142097993
1.099975497672566
0.8286212834372312
1.0640596203681547
68.22845774014108
0
0.0007865117871857214
0.0007792698310005177
0
0.005224342623725828
0.004584896257755987
0.004653084373613997
0.002637938653687229
0.00396369981480004
0.007717968458454055
0.0031042848005121988
0.008324882285492375
0.002437076688348088
0.004491751206367419
0.006599538965722846
0.014462884760440315
0.004244527236440617
0.006770841199254834
0.0050940492951881055
0.007185432212209568
0.004350196795526587
0.00956991963304669
0.012390094074246457
0.009238474253715878
0.005698459091855728
0.001898395099376708
0.00740509759016704
0.022554962308227566
0.06824207345461047
0.04034563153703571
0.10431270898177433
9119312167253719e-20
0.010037451684419184
0.180504188047107
4806086730718189e-21
0.06988846736127044
0.010845882082133529
0.0012684246716955854
5486329110519485e-21
12044222734785148e-22
0.09442803043494753
0.08312173352344497
0.00413161839600309
0.039370796518432026
0.019971176139383415
0.005760122633739914
0.012005354603202907
0.00048271122910902416
0.2042355931233563
15699129986427368e-25
0.07416945384012492
0.00034182792409717466
0.009564913499850856
0.010834145178779314
0.00015704343328752155
0.00017085343174667799
0.1946774423796893
0.00039339216530381534
0.05441718010671052
0.189025664907579
13179215512144336e-22
25861609976081233e-22
0.00014471082542729503
12571356020516535e-21
0.0005942232842124754
17002859209232006e-21
14432275267151752e-23
10044033329142432e-22
19076717653942222e-21
0.07223134149460068
0.07294403550009129
43498473517525926e-21
0.0002126497034423422
0.019360556008058832
0.008115117890441875
0.08522611635086517
0.01992245490259612
2782829263682702e-20
0.12278485221164591
0.03761438807877805
5573476182768398e-22
0.2027525367849866
4458962093968571e-22
0.0037546533070493427
0.0009818756933127274
22994565953011456e-28
0.20448095797299992
0.1965432605506961
0.017883072281825486
0.20084609794418437
0.17126783129402612
0.0073670298264853565
0.16152942944164828
22332184589595823e-26
4630601781517986e-21
0.00062913920541165
9120058414875402e-20
0.11815013511318467
8645595028651353e-22
0.0001118055559536286
0.1416717106330941
0.000928557752953917
0.011757530037847309
12200637348031568e-21
0.12356035130185206
0.09004442210154286
0.02094416872304213
3146836443537886e-20
0.00015343259843883611
12006678548375748e-23
0.013553987734834539
0.14255501649296556
8333314467916382e-24
1110321137687595e-20
910627635747305e-20
964956380789322e-19
10586324378968474e-21
0.20833459048368674
0.14164213841598638
0.005136890235365352
0.0015466855110889903
0.04063956019203492
0.005859571778288364
6760079874501085e-20
0.02785831144417598
832319400055494e-19
0.0007206050122554245
0.07637106424775249
9970371815297232e-22
0.18581445551181636
0.1843690030245411
0.0018258124589109759
0.0005368839186670919
5829910070267145e-24
0.0010300560651038428
10390421220513435e-24
0.010206616758645239
0.0287282292996362
0.0009033409596969715
0.0003375544537126807
0.00015453293176871983
2618176173704532e-21
0.006097847548842015
0.029990536216628366
0.021155278114253565
11257175856142448e-24
0.17175266745077195
0.0642360380344911
0
0
8177452881801984e-20
6661424470867995e-20
10336374419970233e-22
7596600236577965e-22
0.00019345733838620083
0.009688631475389089
0.005370839100018397
15204233506935203e-24
0.0001314867616999727
7328692871839943e-21
0.05427427485993572
0.013284130692825451
0.09319806759653342
3845634784558627e-22
0.058170035935712835
0.00764859350273359
0.00012013360924081312
0.11241459333340864
0.0002963654005202565
18549559457233408e-29
8514324216708706e-20
3736146971086429e-21
0.00012470510048850965
0.01616329230181401
0.0038934367408119275
0.00016353267372128694
0.0001520992155632741
3799874500706901e-24
0.0005142979883914097
0.022582739559897834
1313513344297505e-23
0.0018036525714973176
0.0017986101820949456
4418602402673948e-20
0.09966193399645656
43371100430456874e-21
0.2084755255505143
0.0019081829033654255
0.1555429112650657
0.003295192221678234
0.0007005414001981645
0.0005690664974721091
447498401621608e-19
0.2029894576443329
1210188967816075e-20
2156730565185409e-20
0.008254413054140682
0.006415803369291934
21715984436622643e-24
8722487845817406e-20
0.0030492452546869065
0.11913126943943038
0.02962687484901381
0.00010010589451969481
0.022656989811081066
0.00035403479580175965
0
0.10336372180880422
0.012234895302422761
0.20735803721963228
0.20807705855275446
0.20842661876165788
0.05040647526285183
0.029109465473521518
0.1781048881623405
0.20794355628161573
0.17474203041732486
0.2075678293178372
0.173643993325957
0.0007648044827168875
0.015567791098366658
0.12560791836187665
0.20043911948602605
0.12249728782512462
0.00029917139745386034
0.026517471186135292
0.19457220495915933
0.10470254840985509
0.14434284276451728
