1.7655812214237683
20148452244340907e-35
595310703126888e-30
0
3894956116893717e-21
2509378967790094e-24
38930385945042115e-22
0
3894492486431014e-21
0
0.0010271731144464395
0
8.206987021402542
0
7.333639910109922
0
8.393814338426635
1.0693396640725097
18.691606709599228
4.706243083173188
0.5385495626008299
21.568089566274175
7.198908149033306
40920857196059216e-34
0
8239442163711783e-22
2016022339671199e-23
0.0013588687635952472
0.006810460241767087
0.006479112051595839
0.011932464075921585
20978340213166808e-22
7144464286678218e-29
0.0010208737567733105
23022144162341317e-22
17945608444230326e-22
6440762845186516e-35
9504364781308974e-22
1087540083729877e-21
0.1824100811031405
0.18095314784580588
0
0.1208166002931095
0
1.266269919155378
1.249231219046851
1.3059050108821744
0
4.899796926668745
0
4.410050409471725
0.040001750380470436
21.88913624725939
21.275919337309464
0.28389755909290226
39.70422481388975
39.24111925405831
1.11957852928946
0.0009610670372859504
0.01857176407932127
0.2835196358537304
35.98158366831338
0.045967837998300315
0.4965504383144071
2.2480740092584433
1.1376399829073944
37.78076231056657
0
37.76270405152075
0
16.969740053183937
0.0004874738044320858
0.00048746464898969386
0.019511554561006585
6.98295374808513
0.3638166639640073
0.22769345792103474
0
0.0006115584138945239
0.019946173717931535
0.057255662489301674
0.022406666588620675
0.02263620708314305
7906930795940883e-20
44062975679191613e-21
0.0014989665398982693
2.0443478797220886
0.36664033610012664
0.003799595329460038
0.0008216369971573384
0.0023419902756173627
0.008244334800373907
0.002520939441415649
12399826299562284e-24
0.051305684282925826
0.8807112354079839
0.01475928369325349
20477348429009354e-28
25755759751576583e-23
26842568137560284e-21
0
0.6769169685872976
0.38588966251632534
0.09951508122163427
0
0.20662508547356054
0.01265865388442163
0.06471049811946433
0
0.0003079070919833978
0
0.12240082902879063
0.4639681723273714
0
0
0
0
30661039551763297e-23
0.3597240059069349
3904805380423521e-23
43615971540900535e-24
0.3372532734511372
0.20608255246165005
0.17371644967652253
0.5334146284852557
0.0007294334305066983
0.544041378366131
0.001149621251585262
0.5265517866970385
9286714544378795e-22
919020302121746e-19
0.36419721880887035
0.000800405001102702
15456747892005583e-34
0.1457989131034064
0.006975359692686876
0.18064666104579086
0.02336734668686424
0.042036984181531095
0.01369698826375595
0.05660874240132269
0.2155608807053288
0.20403849098847496
0.23122445446442888
8721173975088041e-35
0.1181893666811893
0.11822551159159823
0.39457967822313306
0.5059067712669878
0.00026629053717341244
0.5061636137525662
0.693865114705479
11.655400491754026
2.1349188047430996
2.8210312898055006
0.09117610055121858
0.4860586793950897
2.6964857812208702
4.242494308016731
0.5832344288427653
5.100083501014025
7.131768082680878
3.6905303613491287
2.462851665991073
2.891282163689545
0.6827330746891438
37.721595819277255
618.9623562660322
4.001985772832636
3061.3322410155433
1.0999764961931155
23.218178702320373
1.1652636294016678
44.91674061561169
1.3061684747572713
1.3968578865218593
1.0999754836311635
0.8284868264450833
1.0640244885963146
68.22496936897245
0
0.0007868531340843939
0.0007792901269777521
0
0.0052145606549503795
0.004578190817337297
0.004646623158487876
0.0026324377655168804
0.003957504208951076
0.007710802883624173
0.0030986655688924124
0.008316865787090105
0.0024323242416360905
0.004485517261061532
0.00659195066881057
0.01444998945074338
0.004237719075699247
0.006763907040940814
0.005087240362680998
0.007178253179372281
0.004348196470167828
0.009560844683001573
0.012375621740031723
0.009228821842908684
0.005692260384096803
0.0018983912861300807
0.007405038993537639
0.022554403120285785
0.068236434492162
0.04034377786007588
0.10429823680913897
9119311290138841e-20
0.010037343506419069
0.18044437182409934
4806086706359758e-21
0.06988252999824038
0.010845755589592719
0.001268422971238341
5486329078777772e-21
12044222719487627e-22
0.09441649557815135
0.08311305744407498
0.0041316002620959275
0.039369034876739054
0.01997073988568288
0.005760087284160721
0.012005199289084905
0.0004827109831813738
0.20408711136480595
15699129986401384e-25
0.07416269784764158
0.0003418278008038553
0.009564815352390238
0.010834018962576603
0.00015704340727261051
0.00017085340095447356
0.19451262257309884
0.0003933920019928158
0.0544137053508314
0.1889556293545206
13179215493827838e-22
2586160990555096e-21
0.00014471080333832982
12571355853854637e-21
0.0005942229114626238
17002858904358715e-21
14432275264955242e-23
10044033318503954e-22
19076717270160433e-21
0.07222496384730734
0.07293752022523937
4349847152206237e-20
0.00021264965573832283
0.019360146498098862
0.008115047427618111
0.08521694613104921
0.01992202081501116
27828291820137687e-21
0.1227636206114382
0.03761278588337961
5573476179492614e-22
0.20265779674421447
4458962091871898e-22
0.003754638341323234
0.0009818746748879103
22994565953011404e-28
0.20438129429617574
0.19638077573673474
0.01788272386362389
0.20075596831494005
0.17108731796843155
0.007366971834767726
0.16148651597565644
22332184589590555e-26
4630601758905889e-21
0.0006291387875442851
9120057537616954e-20
0.11813077051371032
8645595020769052e-22
0.00011180554276878809
0.1416414565119263
0.0009285568422172712
0.011757381137767439
12200637191054283e-21
0.12353879513927914
0.09003405603929039
0.020943688036350747
3146836339105575e-20
0.00015343257360663057
12006678546855517e-23
0.013553789199456955
0.14252427709722987
833331446784315e-23
11103211246868524e-21
9106276270024809e-21
9649562825802197e-20
10586324260783856e-21
0.2082148061630605
0.1416119004324536
0.005136862152945944
0.0015466829814728203
0.040637678265762964
0.00585953519099079
6760079392533436e-20
0.027857449561632337
8323193269910224e-20
0.0007206044639661487
0.07636386266599389
9970371804814225e-22
0.18564135892159678
0.1841948856070629
0.0018258089321336025
0.000536883614414053
5829910070231306e-24
0.0010300549441835658
10390421220399582e-24
0.010206504868960785
0.028727311183354056
0.0009033400977927754
0.00033755433348377987
0.00015453290657902269
2618176166475798e-21
0.006097807908427474
0.029989533151801053
0.02115478749095725
1125717585600881e-23
0.17157231373861412
0.06423108805179224
0
0
8177452176522591e-20
6661424002866012e-20
10336374408703454e-22
7596600230492392e-22
0.00019345729890584006
0.009688530749762914
0.005370808388530712
15204233506691423e-24
0.00013148674346407058
7328692815200222e-21
0.0542708194153003
0.013283940079644174
0.09318686866387083
384563478299908e-21
0.058166032207217326
0.007648530961582268
0.00012013359401839868
0.11239737510861726
0.0002963653078490959
18549559457233408e-29
851432345211971e-19
37361469563662445e-22
0.0001247050840853909
0.016163008592370003
0.0038934206442867523
0.00016353264551169318
0.00015209919116085166
3799874500691677e-24
0.0005142977092100297
0.022582178963915407
13135133442793113e-24
0.001803649129944827
0.0017986067597889762
44186021967693046e-21
0.09964889771323202
43371098446662974e-21
0.20834970746554515
0.0019081790506295536
0.15550423788101791
0.0032951807040465866
0.0007005408820339731
0.0005690661556305402
4474983805022991e-20
0.20283795645374134
12101889523714239e-21
21567305161318238e-21
0.008254340133131428
0.006415759462040307
2171598443612534e-23
872248704338212e-19
0.003049235396527519
0.11911151979579129
0.02962589666546503
0.00010010588395009742
0.022656425442248298
0.0003540346635426091
0
0.10334955065990578
0.012234733924092538
0.20722079732172358
0.20796037000214662
0.2082990936291947
0.050403519755278396
0.02910852212059927
0.17792713413079037
0.20781013602961554
0.1745627783480915
0.20745510463341735
0.17359102422311787
0.0007648038650561527
0.015567528201959148
0.12558548788750878
0.2003498935080557
0.12247617567188643
0.00029917130301909754
0.026516692316208686
0.19449397668929938
0.10468795136209547
0.14431110157101307
