1.7655812214237683
2014845223978135e-34
595310703126225e-30
0
3894956116934052e-21
2509378967787865e-24
3893038594500755e-21
0
3894492486431057e-21
0
0.0010271731144626199
0
8.206987021402478
0
7.333639910109967
0
8.393814338426656
1.0693396640726993
18.69160670960247
4.706243082903991
0.5385495626009283
21.568089566658344
7.198908149110599
409208571960134e-32
0
8239442163711783e-22
20160223396711787e-24
0.0013588687635952468
0.006810460241767087
0.006479112051595857
0.011932464075921578
20978340213344176e-22
7144464286752111e-29
0.0010208737567733136
2302214416253597e-21
17945608444230093e-22
6440762845307671e-35
9504364781308973e-22
10875400837298766e-22
0.18241008109268136
0.18095314784587532
0
0.12081660029310841
0
1.2662699191635403
1.2492312190468304
1.3064856175568273
0
4.899796400092418
0
4.410050409521921
0.0400017497080423
21.88913543867624
21.27591846027651
0.2838975591065719
39.704224813890846
39.241118868918896
1.119578529300681
0.0009610670183314117
0.018571763990884636
0.2835196302945398
35.98158366831337
0.0459678379983003
0.49655043831438195
2.248074009291818
1.1376399829113715
37.78076231056473
0
37.762704051520636
0
16.969740053184015
0.0004874737949402828
0.0004874646596533037
0.019511554177491997
6.9829537481194635
0.36381666396793605
0.22769345792411902
0
0.0006115584138945725
0.019946173716787637
0.05725566248930895
0.02240666658862339
0.022636207083141922
7906930795940052e-20
4406297567918685e-20
0.0014989665398982622
2.044347879722091
0.3666403361001267
0.003799595329483134
0.0008216369971697578
0.002341990275656516
0.008244334800463117
0.0025209394414157935
12399826299562505e-24
0.05130568428292645
0.880711235414994
0.014759283693255156
20477348429009803e-28
2575575975167837e-22
26842568137956627e-21
0
0.676916968587366
0.3858896625163236
0.09951508122162929
0
0.2066250854735604
0.012658654312087719
0.06471049811985811
0
0.0003079070919833947
0
0.12240082902879063
0.4639681723273714
0
0
0
0
30661039551768623e-23
0.3597240059069349
39048053804235906e-24
43615971540900515e-24
0.3372532734511372
0.20608255246165016
0.17371644967652283
0.5334146284905006
0.0007294334161883827
0.5440413783661129
0.0011496212515852621
0.5265517866970385
9286714544378795e-22
9190202840652669e-20
0.3641972188088626
0.0008004050011027053
1545674789200551e-33
0.14579891518968702
0.006975359692684363
0.18064666104579086
0.023367346686864274
0.04203698418153116
0.01369698826375595
0.05660874240132271
0.2155608807053288
0.2040384909884752
0.2312244544644292
8721173975088007e-35
0.11818936668120164
0.11822551159159561
0.39457967822313306
0.5059067712669878
0.0002662905371734571
0.5061636137556469
0.6938651147054797
11.655400491754044
2.1349188047430996
2.8210312898055006
0.09117610055121858
0.48605867939509034
2.6964857812208702
4.242494308016731
0.5832344288427653
5.100083501014032
7.131768082680891
3.6905303613491336
2.4628516659910984
2.8912821636895507
0.6827330746891445
37.721595819276715
618.9623562660322
4.001985772832636
3061.3322410155433
1.0999764961931155
23.218178702320373
1.1652636294016678
44.91674061561169
1.3061684747572713
1.3968578865218593
1.099975483631164
0.8284868264450833
1.0640244885963146
68.22496936901976
0
0.000786853134084395
0.0007792901269777521
0
0.005214560654950377
0.004578190817337307
0.004646623158487887
0.0026324377655168865
0.003957504208951587
0.0077108028836241835
0.0030986655688924193
0.008316865787090124
0.002432324241636097
0.004485517261061543
0.006591950668810584
0.014449989450743413
0.004237719075699257
0.006763907040940828
0.005087240362681009
0.007178253179372377
0.004348196470167834
0.009560844683001593
0.012375621740031751
0.009228821842908705
0.005692260384096816
0.0018983912861300807
0.007405038993537639
0.022554403120285785
0.068236434492162
0.04034377786007588
0.10429823680913897
9119311290138841e-20
0.010037343506419069
0.18044437182409934
4806086706359758e-21
0.06988252999824038
0.010845755589592719
0.001268422971238341
5486329078777772e-21
12044222719487627e-22
0.09441649557815135
0.08311305744407498
0.0041316002620959275
0.039369034876739054
0.01997073988568288
0.005760087284160721
0.012005199289084905
0.0004827109831813738
0.20408711136480595
15699129986401384e-25
0.07416269784764158
0.0003418278008038553
0.009564815352390238
0.010834018962576603
0.00015704340727261051
0.00017085340095447356
0.19451262257309884
0.0003933920019928158
0.0544137053508314
0.1889556293545206
13179215493827838e-22
2586160990555096e-21
0.00014471080333832982
12571355853854637e-21
0.0005942229114626238
17002858904358715e-21
14432275264955242e-23
10044033318503954e-22
19076717270160433e-21
0.07222496384730734
0.07293752022523937
4349847152206237e-20
0.00021264965573832283
0.019360146498098862
0.008115047427618111
0.08521694613104921
0.01992202081501116
27828291820137687e-21
0.1227636206114382
0.03761278588337961
5573476179492614e-22
0.20265779674421447
4458962091871898e-22
0.003754638341323234
0.0009818746748879103
22994565953011404e-28
0.20438129429617574
0.19638077573673474
0.01788272386362389
0.20075596831494005
0.17108731796843155
0.007366971834767726
0.16148651597565644
22332184589590555e-26
4630601758905889e-21
0.0006291387875442851
9120057537616954e-20
0.11813077051371032
8645595020769052e-22
0.00011180554276878809
0.1416414565119263
0.0009285568422172712
0.011757381137767439
12200637191054283e-21
0.12353879513927914
0.09003405603929039
0.020943688036350747
3146836339105575e-20
0.00015343257360663057
12006678546855517e-23
0.013553789199456955
0.14252427709722987
833331446784315e-23
11103211246868524e-21
9106276270024809e-21
9649562825802197e-20
10586324260783856e-21
0.2082148061630605
0.1416119004324536
0.005136862152945944
0.0015466829814728203
0.040637678265762964
0.00585953519099079
6760079392533436e-20
0.027857449561632337
8323193269910224e-20
0.0007206044639661487
0.07636386266599389
9970371804814225e-22
0.18564135892159678
0.1841948856070629
0.0018258089321336025
0.000536883614414053
5829910070231306e-24
0.0010300549441835658
10390421220399582e-24
0.010206504868960785
0.028727311183354056
0.0009033400977927754
0.00033755433348377987
0.00015453290657902269
2618176166475798e-21
0.006097807908427474
0.029989533151801053
0.02115478749095725
1125717585600881e-23
0.17157231373861412
0.06423108805179224
0
0
8177452176522591e-20
6661424002866012e-20
10336374408703454e-22
7596600230492392e-22
0.00019345729890584006
0.009688530749762914
0.005370808388530712
15204233506691423e-24
0.00013148674346407058
7328692815200222e-21
0.0542708194153003
0.013283940079644174
0.09318686866387083
384563478299908e-21
0.058166032207217326
0.007648530961582268
0.00012013359401839868
0.11239737510861726
0.0002963653078490959
18549559457233408e-29
851432345211971e-19
37361469563662445e-22
0.0001247050840853909
0.016163008592370003
0.0038934206442867523
0.00016353264551169318
0.00015209919116085166
3799874500691677e-24
0.0005142977092100297
0.022582178963915407
13135133442793113e-24
0.001803649129944827
0.0017986067597889762
44186021967693046e-21
0.09964889771323202
43371098446662974e-21
0.20834970746554515
0.0019081790506295536
0.15550423788101791
0.0032951807040465866
0.0007005408820339731
0.0005690661556305402
4474983805022991e-20
0.20283795645374134
12101889523714239e-21
21567305161318238e-21
0.008254340133131428
0.006415759462040307
2171598443612534e-23
872248704338212e-19
0.003049235396527519
0.11911151979579129
0.02962589666546503
0.00010010588395009742
0.022656425442248298
0.0003540346635426091
0
0.10334955065990578
0.012234733924092538
0.20722079732172358
0.20796037000214662
0.2082990936291947
0.050403519755278396
0.02910852212059927
0.17792713413079037
0.20781013602961554
0.1745627783480915
0.20745510463341735
0.17359102422311787
0.0007648038650561527
0.015567528201959148
0.12558548788750878
0.2003498935080557
0.12247617567188643
0.00029917130301909754
0.026516692316208686
0.19449397668929938
0.10468795136209547
0.14431110157101307
