1.7705796436893124
8414759642473755e-35
4130223305787141e-31
0
3888169248852419e-21
2506074305409732e-24
3886201943281626e-21
0
3887569059267558e-21
0
0.0010253261634555787
0
8.205741620094084
0
7.332732470812345
0
8.392359427992169
1.0687205520133916
18.689081252611224
4.70522808043927
0.5384552907723393
21.55884912203368
7.198087218183496
2839736093472056e-33
0
7564649598884447e-22
1850769989971393e-23
0.001357684897872347
0.006810089301974277
0.006467998351467882
0.01192207975436779
20948508315545784e-22
7103834627509614e-29
0.0010191280202999091
2298288550705859e-21
1790764286635569e-21
6420483485377229e-35
8725994626304707e-22
9984748491870617e-22
0.1833033180884216
0.18183874372686715
0
0.12149760443051541
0
1.2665655155276059
1.2495187599318633
1.3070912033207565
0
4.679047059626213
0
4.409876392343974
0.039857205212845935
21.61272973939691
20.978963357386988
0.2835150495037778
39.691141289490105
39.22586282075078
1.1170438136519
0.0009575601973279528
0.018594626616575755
0.2824918706503747
35.97699227991181
0.04609934751130304
0.49560015968555127
2.2443891443913295
1.133933766086662
37.769027486337365
0
37.75104523543014
0
16.969431619739236
0.0004880903416913695
0.0004880750456176685
0.019424293773653047
6.982959796975559
0.363710731641618
0.22744493327573956
0
0.0006123462060460976
0.01994589794085927
0.05711251634702559
0.022320986166645396
0.02277176170658144
7928190886350246e-20
440789756726087e-19
0.0014992273782341767
2.0441522450286005
0.36653838092909685
0.003795168225720973
0.000820944016936685
0.0023525801981496017
0.008227872836994521
0.0025188110377083674
12348678553245381e-24
0.05123401815424708
0.8805847467850123
0.014715814148573151
20453445244041384e-28
25718751203080036e-23
26828864411653992e-21
0
0.6751372309188952
0.384747978762823
0.09991862614708794
0
0.20606790274113376
0.012744001868826018
0.06465146301136582
0
0.0003077765159457025
0
0.1223714041511823
0.462348549215724
0
0
0
0
30644702291184636e-23
0.3603612266133664
3903250465253135e-23
4315246603400811e-23
0.3368581909556015
0.20525680942538663
0.1736609257682977
0.5329373287952851
0.000726156827710031
0.5437685473011533
0.001150288457986528
0.5268530081767414
9285885035201682e-22
9149901806680452e-20
0.3638722971169847
0.0007990585693375547
13272798354131161e-34
0.14606028310933472
0.006825568200074168
0.18038396605365864
0.02336699863607417
0.042104502580996725
0.013393436402603638
0.055791624441181825
0.21541484013826703
0.20424908965645983
0.23100709345441578
7486605832639161e-35
0.1176064785324956
0.11764245927931194
0.3942808888444131
0.5055055997244144
0.00026586266229481796
0.5057631910019228
0.6947372989234486
11.65547575669828
2.135061278242234
2.821143321399961
0.09138821402489779
0.48606173984696005
2.696781453700016
4.242755444272853
0.5843181397782945
5.10023908207433
7.132076948441975
3.678059286493245
2.462751887667032
2.8913120000464727
0.6832136661404732
37.715039628857305
618.960593900025
4.001984877603479
3050.5174681701455
1.0999764296537278
23.218176199247523
1.1652148367979431
44.91528361951602
1.3061721274936833
1.396857281277125
1.099975417076133
0.8278497616081436
1.0638579827776415
68.20736290563171
0
0.000788491267948099
0.0007793983424997788
0
0.005168622662171238
0.004546366791385474
0.004615944019204662
0.0026064204843238487
0.003928107185870943
0.007676641043049213
0.0030720521552116678
0.008278633355825472
0.002409833379467674
0.00445591773750728
0.006555852353596434
0.014388482076993121
0.004205432887613611
0.006730880433364081
0.00505490248768376
0.00714404945096433
0.004338561696284593
0.009517589374184097
0.012306829104367657
0.00918286792721112
0.005662757242123757
0.0018983732117714709
0.007404761256834478
0.02255175280586259
0.06820971263047658
0.040334992748352096
0.10422966725758734
9119307132690503e-20
0.010036830767812399
0.18016111758035377
4806086590902878e-21
0.0698543942663045
0.010845156045838253
0.0012684149112474812
5486328928324774e-21
12044222646978712e-22
0.09436184050845477
0.0830719458875458
0.004131514310009959
0.03936068591803283
0.019968672210093057
0.005759919733130428
0.012004463140785002
0.0004827098175070535
0.2033847876562838
15699129986278194e-25
0.07413068339168954
0.0003418272164046741
0.009564350155522929
0.01083342072857512
0.00015704328396421634
0.0001708532550021343
0.1937332870183918
0.0003933912279135709
0.05439723832324874
0.18862401965119033
13179215407009171e-22
2586160957124352e-21
0.0001447106986385703
12571355063891532e-21
0.0005942211446633955
1700285745928546e-20
14432275254543992e-23
10044033268078478e-22
19076715451067712e-21
0.0721947420040966
0.07290664629520492
43498462063737115e-21
0.00021264942962549745
0.019358205573747792
0.008114713448184048
0.0851734934942764
0.019919963405653694
27828287949100448e-21
0.12266303457404565
0.03760519254257708
5573476163965679e-22
0.20220933891325182
44589620819338535e-23
0.003754567405873202
0.0009818698476557676
22994565953011137e-28
0.20390955738767771
0.19561243705092296
0.017881072483495228
0.2003293114712006
0.1702342849944809
0.007366696965196978
0.16128326485574282
2233218458956563e-25
4630601651726482e-21
0.0006291368068924982
9120053379488111e-20
0.11803902713458894
8645594983407627e-22
0.0001118054802737932
0.14149814243078246
0.0009285525254156314
0.011756675389778187
1220063644699539e-20
0.12343667191914919
0.08998493802233112
0.020941409772624715
31468358441054e-18
0.00015343245590415512
12006678539649774e-23
0.013552848198310258
0.14237866513518335
8333314467496039e-24
11103210630644467e-21
9106275855527652e-21
9649558170776128e-20
1058632370059891e-20
0.20764797494024237
0.14146866276694203
0.005136729046768679
0.001546670991364853
0.04062875928165846
0.005859361773437874
6760077108048477e-20
0.02785336467482534
8323189806717656e-20
0.0007206018651275608
0.07632973702133138
9970371755125665e-22
0.18482308687532795
0.18337181819026724
0.0018257922156032268
0.000536882172283022
5829910070061418e-24
0.0010300496311339382
10390421219859946e-24
0.010205974538113678
0.028722959789848686
0.0009033360124518049
0.00033755376360965737
0.0001545327871820689
26181761322122224e-22
0.00609762001975907
0.0299847791666816
0.021152462133282247
11257175855375392e-24
0.17072002547875564
0.0642076307456439
0
0
8177448833559422e-20
6661421784577092e-20
10336374355299895e-22
759660020164729e-21
0.00019345711177241686
0.009688053333156386
0.00537066282109526
15204233505535948e-24
0.00013148665702748886
73286925467328034e-22
0.05425444389576721
0.013283036626676936
0.09313380498428366
38456347756069564e-23
0.05814705862498845
0.007648234528831667
0.00012013352186548261
0.11231579806487525
0.0002963648685961166
18549559457233398e-29
8514319828034206e-20
3736146886593839e-21
0.00012470500633604057
0.01616166390161703
0.0038933443490396756
0.00016353251180069837
0.0001520990754955101
3799874500619505e-24
0.0005142963859162338
0.02257952197621774
1313513344193073e-23
0.0018036328173697649
0.0017985905384400275
4418601220799039e-20
0.09958713003876095
43371089043650825e-21
0.2077543726737177
0.0019081607890969257
0.15532106011216015
0.0032951261120055
0.0007005384259852464
0.0005690645353335409
4474982803985955e-20
0.20212139051095293
12101888791651035e-21
21567302836220444e-21
0.008253994502548817
0.00641555134951124
2171598443376817e-23
8722483239908518e-20
0.003049188670128905
0.11901795270406101
0.029621260598445585
0.00010010583385112521
0.022653750573490637
0.00035403403664622184
0
0.10328240705133396
0.012233969033567927
0.20657152654949354
0.2074081658132134
0.20769569601411855
0.05038951325938845
0.029104051124303587
0.1770870055140803
0.2071788990296888
0.17371563704176943
0.20692163147666692
0.1733401749252689
0.0007648009374038937
0.015566282155869263
0.12547922383433802
0.19992751001947684
0.1223761553586085
0.00029917085540680585
0.026513000850577405
0.1941236090189263
0.10461879028298014
0.14416074595359582
