1.804145704934921
23479078460172486e-38
3545456192042037e-32
0
38517030754340495e-22
2489729999577462e-24
3849468870678958e-21
0
3850374217030619e-21
0
0.00101505281662199
0
8.19757490783262
0
7.326172879468636
0
8.381852280951378
1.0643343673527776
18.668121020824998
4.6977755281048195
0.5376970678735697
21.486434845606386
7.189593532265915
24419980499923156e-35
0
42617660263848277e-23
10424455316363314e-24
0.001351012353040942
0.00680759878110476
0.00640574326730494
0.011863562744904807
2079083216517663e-21
6870535165938613e-29
0.0010093557287622814
22766470461943357e-22
17701024004221646e-22
6313089031396004e-35
491608890040014e-21
5625264303863052e-22
0.1893431157501124
0.1878542438130816
0
0.12619428677066166
0
1.2685008921102285
1.25150910859334
1.3091025562512097
0
3.5721349290194224
0
4.4086718017724955
0.03931682185739744
20.801237787371733
20.120444811613666
0.2801773709323203
39.60352891195778
39.10236605192968
1.1001111998394137
0.0009459780169345469
0.0186154360858514
0.2791929304897561
35.943982798555986
0.046987247418297705
0.4890447366226284
2.212939765411245
1.1063533589288352
37.68025413761239
0
37.663482957240156
0
16.965694276289152
0.0004983394043788318
0.0004983082981148863
0.019080027632955104
6.982978128377015
0.3628379664991757
0.22566633570534061
0
0.0006172861840422947
0.0199414017911484
0.05614477461236544
0.021748039601188235
0.023696138906204887
8069212975959518e-20
4417548350145372e-20
0.0015012055998146012
2.04275356119092
0.365847467656717
0.003772288672980501
0.0008156537467735275
0.002422553035745836
0.008112833174417407
0.002504177017209804
12055028190887307e-24
0.05073782183210361
0.8796774482176135
0.014423139332503465
20403680456929144e-28
25565699753685156e-23
26712008923111098e-21
0
0.6632226756182507
0.377118244228835
0.1026478148762261
0
0.20236545663434855
0.012743115990501451
0.06425421799631734
0
0.00030691643537101036
0
0.12217531884869959
0.4515972737013725
0
0
0
0
3060490540321168e-22
0.3648975283713574
3906673357710988e-23
41037793784926616e-24
0.3342191731755509
0.1998013475817389
0.17326836107923
0.5297518248444246
0.0007133865434783012
0.5420746281473059
0.0011541716759762204
0.5286127792131795
9280480666361367e-22
8997132617628713e-20
0.36167047709110967
0.0007915411165033118
4756805806607628e-34
0.14498949602725852
0.00589621862882676
0.17862468600302517
0.0233599623385305
0.04254964835154443
0.011515007642909547
0.050568071609821595
0.21444594224783878
0.20563259060234726
0.22957173351293597
2677716619608851e-35
0.11376366951024472
0.11379849280515338
0.3922833534238931
0.5028089535267681
0.0002631767533958961
0.5030699483218423
0.7004684317822851
11.655921450962518
2.1359712165479645
2.8218584089161327
0.09290826774743306
0.4860801187084535
2.6986624638392507
4.244415903403322
0.5920308212501156
5.101196832600985
7.134055063015257
3.5934261003984376
2.462138319780511
2.891522364717702
0.6864141633090877
37.66552158903004
618.948759158493
4.001978865848334
2978.8757818604336
1.0999759828198041
23.21815939029117
1.1648872312239331
44.90550063236234
1.30619596664862
1.3968532162383553
1.099974970137154
0.823582378031905
1.0627405157738106
68.05847840421337
0
0.0008001606465791256
0.0007806462059604675
0
0.004881930910935295
0.004332122044500801
0.004408851803991566
0.002434787676707789
0.0037306205007748795
0.00744071411921643
0.0028950455837234873
0.008013884886509766
0.0022609309811655624
0.004256138523549549
0.006309572110223374
0.013962630477079773
0.003989068363814414
0.00650401714755903
0.004836329835615787
0.0069087096895999855
0.004268310717872591
0.009219244916533814
0.011839334115286681
0.008867963777549804
0.0054608916536703425
0.001898251840924095
0.007402896432708363
0.02253396313259228
0.06803053736272938
0.04027604735006964
0.10377036636837222
9119279214096842e-20
0.010033388236681498
0.17827045577039463
4806085815571738e-21
0.06966574673525269
0.010841130769403708
0.0012683607870657362
5486327917983151e-21
1204422216005733e-21
0.09399563231348727
0.08279639447692459
0.004130937159601055
0.03930466574335606
0.019954792628274404
0.005758794698711056
0.01199952083033825
0.00048270198969078433
0.19873065355456798
15699129985450904e-25
0.07391605343383575
0.00034182329199647116
0.009561226790531018
0.010829404244745018
0.0001570424559100116
0.00017085227488705906
0.18858006578468867
0.00039338602975448497
0.05428678580031368
0.18641217636432827
13179214823993137e-22
25861607326258466e-22
0.0001447099955469655
12571349759028887e-21
0.0005942092801574097
17002847755143043e-21
1443227518462903e-22
10044032929454712e-22
19076703235262e-18
0.07199211965692294
0.07269965590671507
4349839854800316e-20
0.00021264791120920347
0.01934517666364771
0.008112471021699489
0.08488226806943878
0.01990615272349063
2782826195381704e-20
0.12198969768359737
0.03755424044056609
5573476059697186e-22
0.1992233961434984
4458962015196608e-22
0.0037540910855452204
0.000981837431807697
2299456595300936e-27
0.20076977068014024
0.19053008554227455
0.01786998686871854
0.19748756445641122
0.16461502633098393
0.007364851390638151
0.15992497746282355
22332184589398236e-26
4630600931981319e-21
0.000629123506321189
9120025456324656e-20
0.1174247829989524
8645594732513311e-22
0.00011180506060010576
0.140539490135759
0.0009285235371825566
0.011751937155564975
12200631450394645e-21
0.12275306417077676
0.08965578771866707
0.020926116895871635
3146832520017273e-20
0.00015343166549538278
12006678491260817e-23
0.013546530756112226
0.14140467895580944
833331446516507e-23
11103206492496677e-21
9106273072042411e-21
9649526910792264e-20
10586319938772208e-21
0.20388128380640438
0.14051052041507453
0.005135835284041553
0.0015465904762259723
0.04056891603781189
0.0058581973500759525
676006176699523e-19
0.027825948819565165
8323166550269701e-20
0.000720584413308377
0.07610096673965423
997037142145053e-21
0.17942077415300142
0.177939117409091
0.0018256799625291885
0.0005368724879957913
5829910068920577e-24
0.001030013952955662
10390421216236127e-24
0.010202413904585006
0.02869375581085685
0.0009033085785125375
0.0003375499367410769
0.00015453198539436378
2618175902120976e-21
0.00609635843507883
0.029952874098560588
0.021136853206430117
11257175851121761e-24
0.1651052731676746
0.0640503289336222
0
0
817742638448978e-19
6661406888051321e-20
10336373996677315e-22
7596600007942882e-22
0.000193455855114181
0.009684847931879062
0.005369685389748602
15204233497776537e-24
0.00013148607657868265
7328690743885395e-21
0.054144604785863804
0.013276971232280943
0.09277824671598912
3845634725966386e-22
0.058019804968088055
0.007646244182318654
0.00012013303733587312
0.11176951288541644
0.0002963619188837228
18549559457233274e-29
8514295491139534e-20
37361464180490497e-22
0.00012470448422465425
0.016152636755429932
0.0038928320399119606
0.00016353161388990838
0.00015209829876670583
3799874500134844e-24
0.0005142874996482554
0.02256168752039564
13135133436139519e-24
0.0018035232768465477
0.001798481610498351
4418594666840998e-20
0.09917333031460845
4337102589936231e-20
0.20380033108759324
0.0019080381613834783
0.15409653797738174
0.0032947595317951496
0.000700521933027543
0.0005690536546219785
4474976081696461e-20
0.19737455086602063
12101883875605285e-21
2156728722242508e-20
0.008251673853582216
0.006414153979810367
21715984417938952e-24
8722457698366333e-20
0.0030488749054327236
0.11839151991904369
0.02959014666113671
0.00010010549742058087
0.02263579612287496
0.00035402982685807805
0
0.10283264411812278
0.012228833778962195
0.2022638447996992
0.20373772509886787
0.20368871267788397
0.050295555776548345
0.029074044688137013
0.17154710836882048
0.20298931889163718
0.16813232413765614
0.20337454694574597
0.17166500352730493
0.0007647812775395076
0.015557917126918671
0.12476795106553286
0.19711404091932347
0.12170659853984134
0.0002991678495593441
0.026488224745359713
0.19165467185989948
0.10415553287632767
0.14315510831467054
