1.920657047075822
12058285203216659e-43
70932518746016e-34
0
37944191334231814e-22
24776879647470257e-25
37917720781653455e-22
0
3791993908045264e-21
0
0.0009954785282392804
0
8.176543269171919
0
7.3054951577262734
0
8.34419257841063
1.0479497045090072
18.57787580105057
4.6693255980356225
0.5343709325507212
21.177338697023398
7.145508348636979
4936041592802465e-38
0
5815578508774528e-23
14314430245536503e-25
0.001337628256839559
0.006798959775858565
0.006284388660814774
0.01174629122884259
20564937637746676e-22
6357108796082091e-29
0.000990367388478431
2237049370152738e-21
17354502357256908e-22
6155173283310179e-35
6707574330401483e-23
7675350030973131e-23
0.21130487075796747
0.20969016504310511
0
0.1442693981401295
0
1.2767677242937665
1.259702126964756
1.3197903005524814
0
2.266705942699397
0
4.40440232414469
0.038236771781626336
20.391297186208018
19.73387616349267
0.2742494396286328
39.33495865234627
38.56558012639651
1.042048836111838
0.0009307431626675611
0.018388135861575467
0.2743630224596476
35.8073844189361
0.04997609723517834
0.4646493004464566
2.0578490067813164
1.0002918215964738
37.27704379765931
0
37.26246922526376
0
16.92791564889316
0.0005468790103522389
0.0005468425439151336
0.01831807702530992
6.98300014348979
0.3589388064298483
0.2190767763878574
0
0.0006294886617291469
0.01991712937190001
0.05274412689536251
0.01980881184439295
0.027121922998013612
8528273130033619e-20
4437979924222813e-20
0.001513561575817049
2.0366221997312253
0.36335390757849445
0.003744046783427202
0.0007907356133215548
0.0026522092302583267
0.007675949725327282
0.002448460979075398
11383624146302342e-24
0.048630405833727824
0.8767618941400709
0.013381961108279043
21031863680573814e-28
25706994057880917e-23
25999409433108927e-21
0
0.6226954535910593
0.3513597829416864
0.11247810564629547
0
0.19002004481678222
0.01162136596208724
0.06285862176595303
0
0.00030437837575266813
0
0.1215160455325414
0.41594820362643015
0
0
0
0
3097395882353934e-22
0.38021335472487616
4015693365726287e-23
39819860773342395e-24
0.325235063398421
0.18199406920487052
0.17154766655217563
0.5189619854915196
0.0006842333143734699
0.5385950683845442
0.0011618301433987746
0.5322102861975705
9263707718532874e-22
8676650801743006e-20
0.3529089814613328
0.0007770470616704864
12955843918176904e-36
0.13583165028177854
0.0035258172441092446
0.17259347889148774
0.023271061099176767
0.04398095974290986
0.006780658159165502
0.03566734315493132
0.21122277021625577
0.2100211059715648
0.2248791369722995
7247980213139278e-37
0.10138536965467358
0.1014163260959673
0.3854329440436213
0.49341948204046054
0.0002530860406370776
0.49369301681248695
0.718643448997651
11.655583664291782
2.1385195948741216
2.8238256079463735
0.09813171109975466
0.4860753462087759
2.70382628250068
4.248889587630694
0.6181521747445363
5.103274830027448
7.139343653924409
3.307794525581773
2.4606863173874283
2.8923052953028057
0.6971050811938074
37.45549436641427
618.9076812771488
4.001957998481645
2743.0055579605432
1.0999744318134916
23.218101044723586
1.1637507922678412
44.87155938309908
1.3062702246916131
1.3968390983836854
1.099973418766112
0.8089159709601869
1.058870770434258
67.31285402828465
0
0.0008398232149333312
0.000791392544093062
0
0.004224647645146618
0.0036392735292457945
0.003734634200050648
0.0019094802803774553
0.0030956539790275906
0.0066340423390954814
0.0023402583967130517
0.0070927903278878365
0.001800397252083889
0.003606222956389556
0.005488312004876479
0.012501020913992219
0.00329730693997121
0.005736580756693495
0.00412335369391055
0.006109977680728279
0.004006013404069386
0.008202654528322686
0.010284511182584175
0.007808962290821534
0.00478387444974702
0.0018978306101109428
0.007396427074869794
0.022472322122999072
0.06741224546618625
0.040072109298110295
0.10219173323059885
9119182306374144e-20
0.010021448007567066
0.1718604073445214
48060831243164776e-22
0.06901487576784918
0.010827170199743013
0.0012681729342378875
5486324410982159e-21
12044220469901942e-22
0.09273547820299234
0.08184699965607534
0.00412893443516587
0.03911083177650522
0.019906689952791014
0.005754891290368611
0.011982381333226674
0.0004826748194991477
0.18338665730886405
15699129982579315e-25
0.07317586079524713
0.00034180967031091544
0.009550393173634084
0.010815474157069375
0.00015703958168032997
0.0001708488728477922
0.17173328115315242
0.0003933679869285242
0.053905130836516615
0.17893396244709925
13179212800283132e-22
2586159953367985e-21
0.00014470755506828785
12571331345307988e-21
0.0005941680990428185
17002814071083233e-21
14432274941946827e-23
10044031754055967e-22
19076660832971455e-21
0.071293198785357
0.07198571998507064
43498178078904944e-21
0.00021264264071008156
0.019300019949710555
0.008104692130115514
0.08387909906846891
0.019858288646261494
2782817172163246e-20
0.11968102646108779
0.037377915427158806
5573475697770252e-22
0.18919688288147904
44589617835445877e-23
0.003752438196264538
0.000981724921281191
22994565953003176e-28
0.1902416672800475
0.1738916606092938
0.01783156083317655
0.18793273346953487
0.1465106660951428
0.007358448793690632
0.15529837069031646
22332184588817172e-26
46305984336707475e-22
0.0006290773408159672
911992853273988e-19
0.1153173739299043
864559386163273e-21
0.00011180360388065592
0.13726202552754896
0.0009284229229875628
0.011735505057877214
12200614106681855e-21
0.12040943378370944
0.08852258683450323
0.02087312031538585
314682098178371e-19
0.00015342892193468714
1200667832329764e-22
0.013524625089515208
0.13807528222597396
8333314457074041e-24
11103192128560808e-21
9106263410277884e-21
9649418404873978e-20
10586306881084965e-21
0.19132903829290615
0.1372347830908065
0.005132734145819823
0.0015463110322020135
0.04036187698090194
0.005854157309025653
6760008516850014e-20
0.02773099472292867
8323085825187925e-20
0.0007205238394812769
0.07531218839056629
9970370263228998e-22
0.16186492897314117
0.16030046055229402
0.0018252903738107057
0.0005368388741679564
5829910064960605e-24
0.001029890119821647
1039042120365746e-23
0.01019006420640504
0.028592615937162114
0.0009032133588781547
0.00033753665361289394
0.000154529202336876
2618175103450128e-21
0.006091981366590663
0.029842391441758417
0.021082762298683534
1125717583635698e-23
0.14701046900823528
0.06350730213802686
0
0
8177348461877337e-20
666135518089625e-19
10336372751860575e-22
7596599335574475e-22
0.00019345149318412256
0.009673729873053667
0.005366294002526317
15204233470842762e-24
0.00013148406179948232
7328684486015157e-21
0.05376506432978428
0.01325593909176238
0.09155456671426394
3845634553658737e-22
0.05758025125198727
0.007639339497876579
0.00012013135549761143
0.10989383510004588
0.00029635168034841826
1854955945723288e-28
8514211015748682e-20
37361447916810764e-22
0.0001247026719378758
0.016121341686220775
0.0038910542838999918
0.0001635284971850213
0.0001520956026898067
3799874498452533e-24
0.000514256655665422
0.022499891479819466
13135133416037627e-24
0.0018031431017480298
0.0017981035613023934
44185719174361764e-21
0.09775028446800853
43370806719584126e-21
0.19065030715012748
0.0019076125687937174
0.14992052004849138
0.0032934874096162197
0.0007004646872432698
0.0005690158881378275
447495274799832e-19
0.1817462457891862
12101866811506997e-21
21567233025380725e-21
0.008243623697851414
0.006409305923425828
21715984362994046e-24
8722369041557362e-20
0.003047786045566745
0.11624258010623363
0.029482400286499236
0.00010010432964341837
0.022573584679599235
0.000354015214627445
0
0.10128661332207874
0.01221102548898038
0.18799660402161145
0.19149397642161084
0.19037045961658924
0.04997077683581623
0.028970129041248585
0.15362812038420434
0.18909340254906148
0.15010813274059423
0.19152745644872177
0.16597493413075023
0.0007647130399962744
0.01552891609501093
0.12233018865575357
0.18765188041624647
0.11941079526850627
0.0002991574161798273
0.02640240379383187
0.18332585532076723
0.10256337752164219
0.13971855823818324
