2.0390916836593473
10595340350749835e-42
0
0
3776960487998347e-21
24920354004267414e-25
37741865883000947e-22
0
37742356407589978e-22
0
0.000985077525058696
0
8.170089034368388
0
7.2958034155886065
0
8.316310609144573
1.0315721542784402
18.497582097014362
4.6381948970484315
0.5309958476155635
20.848980475800737
7.104626730881822
0
0
7679280246591695e-24
19172143334738053e-26
0.0013299116668399817
0.0067901869488736855
0.006218115793483107
0.011678786802837496
20523426624976943e-22
601133352255495e-28
0.0009800610242793376
2217543716609215e-21
1722136154518831e-21
6119374919115942e-35
8854045596922753e-24
10131649513684787e-24
0.23579909788937367
0.2340202332147001
0
0.16508540602638702
0
1.2893063334899886
1.2717889966080465
1.3341272292052948
0
2.0522057444933
0
4.400033696261856
0.0371632524810775
20.088460643288965
19.46234569891869
0.269484138054879
39.13094365390409
37.98888030669476
0.9845829049839835
0.0009130661755470261
0.018130420647246005
0.26959163318804075
35.64262223618519
0.05274358717954225
0.438647135188596
1.8761084330894207
0.8944432691020764
36.7954729909345
0
36.78206330713736
0
16.84453412462539
0.0006002071921019033
0.000600165852856844
0.01759316193606002
6.983020370474036
0.354867832579662
0.21277977379442747
0
0.0006358115992321071
0.01988642660783185
0.04927446028186588
0.017931147720658108
0.031022836529847945
8969091837274179e-20
4449666366129601e-20
0.0015322475230435295
2.0284468545429113
0.3606420393437061
0.0037434073528088705
0.000761127100056459
0.002880734518569903
0.007221851267688833
0.0023876450183757296
10887959901459918e-24
0.046059923492084404
0.8751007905210791
0.012313085001650027
22122558436334894e-28
26208924615226344e-23
25020708607624656e-21
0
0.5829630403369354
0.32655781088081476
0.12327451323883785
0
0.17821939004494705
0.010538619193636613
0.061379153889272293
0
0.00030263970211540184
0
0.12087971170600906
0.3822563521153004
0
0
0
0
3162810976041788e-22
0.3893029670047551
41762132138364866e-24
41092137100801204e-24
0.3162481413094911
0.16551428539275218
0.16931918621573913
0.508322381461151
0.0006517533092235239
0.5368076499963816
0.0011645317144045862
0.5337162859958554
9249389153813086e-22
8339641396636379e-20
0.34219230726079436
0.0007692202943421512
31290574611014663e-38
0.12666853779957177
0.002093096818792232
0.16660481743676478
0.023087033856554705
0.04526387865573458
0.003970720657498317
0.024776147056625238
0.2081411872989696
0.21386187350493133
0.22052508066895068
174134530611875e-37
0.090219924569975
0.09024734257345726
0.3785350036806702
0.48384308147757027
0.00023745883759242718
0.4841337072267239
0.7344311903538729
11.65236188025458
2.1403219825529383
2.8252094231507408
0.10122926352551087
0.48596577479662934
2.707307042249381
4.251892503905573
0.6339031702896697
5.103871049629504
7.143134648946678
3.0656220054401806
2.459640373275157
2.89326455437054
0.7072165367550488
37.23185705464458
618.8659281026063
4.00193678676138
2522.374653946415
1.0999728552064039
23.218041736175103
1.1625967299895734
44.83708414614815
1.3063343768044595
1.3968247369268196
1.0999718417881337
0.7942427487688097
1.054951587277928
66.03376923675866
0
0.0008637784321829718
0.0008080082272773362
0
0.00390695768870515
0.003093628385839934
0.003201719181393946
0.001513820674052182
0.0025950590419216617
0.005992745458370836
0.0019125993841156515
0.006324490187088132
0.0014499594995762736
0.0030934039480730244
0.004834863720975067
0.011344721395217128
0.0027555543622000246
0.00512538134838091
0.003561522874480802
0.005473555493651725
0.003811003752943827
0.007396735708430561
0.009028172824543311
0.006969214962960691
0.004245801970872156
0.001897402521690095
0.007389856719297628
0.022409836395910144
0.0667895061336879
0.03986586308993153
0.10061165223833066
9119083800016416e-20
0.010009325239961241
0.16558072256338482
4806080388637249e-21
0.06835949265500675
0.010812997603022342
0.0012679820089711
54863208460921435e-22
12044218751846798e-22
0.0914718358959109
0.08089308951951835
0.0041268996461556896
0.03891477780287127
0.01985791207009036
0.005750926158726151
0.011964983998791123
0.00048264720236685326
0.16900305247580696
15699129979660346e-25
0.07243104591913616
0.000341795824323659
0.009539393303222265
0.010801332485003347
0.00015703666005862442
0.0001708454147192736
0.1561501018020247
0.00039334964711132045
0.05351992562156692
0.17163970377681975
1317921074316734e-21
25861591612468757e-22
0.00014470507434593728
12571312627652846e-21
0.0005941262410618977
17002779831056976e-21
14432274695258592e-23
10044030559254636e-22
19076617730827714e-21
0.07058969447196958
0.07126718413484784
4349795397158963e-20
0.00021263728334282566
0.019254225848311213
0.008096792474280782
0.0828715205926075
0.019809752411933383
27828080000252766e-21
0.11737902021029686
0.03719952822652401
557347532986888e-21
0.17952189113811423
44589615480686184e-23
0.0037507587680167278
0.0009816105667169101
22994565952996904e-28
0.18010543251534727
0.15846700721138746
0.01779258516945608
0.1786938405860926
0.13014687173829975
0.0073519462114012505
0.15073254837126984
2233218458822652e-25
46305958941210485e-22
0.0006290304167122183
9119830010258493e-20
0.11321393633872952
8645592976376298e-22
0.00011180212313406882
0.13400878391366627
0.00092832065909195
0.011718825257643686
1220059647669546e-20
0.11807297058555605
0.08738535842751098
0.02081938645793944
3146809253127754e-20
0.0001534261331353326
1200667815256185e-22
0.013502394122809382
0.13477125841122028
8333314448849457e-24
11103177527533352e-21
9106253589033656e-21
9649308109060141e-20
1058629360786631e-20
0.17936135354989044
0.1339832308727397
0.005129583735154114
0.001546027027043573
0.04015250313354399
0.005850053433098035
6759954388115489e-20
0.02763480527028897
8323003768350749e-20
0.0007204622709590594
0.07451876806893372
9970369085888425e-22
0.14577887264332626
0.14416164177590762
0.0018248944392173104
0.0005368047076216042
5829910060935264e-24
0.0010297642577882086
10390421190871153e-24
0.010177525968338296
0.028490171878365056
0.0009031165777063683
0.0003375231517510842
0.00015452637338983144
2618174291595584e-21
0.006087535265147733
0.029730502666597096
0.021027920360296753
11257175821348467e-24
0.13064819138387257
0.06296002965736239
0
0
8177269253729439e-20
6661302620604009e-20
1033637148649536e-21
75965986521071e-20
0.00019344705935092174
0.00966244136550398
0.005362848827714702
15204233443464377e-24
0.00013148201379324165
73286781248494915e-22
0.0533819852829203
0.013234593912535463
0.09032722709442297
3845634378506751e-22
0.0571368544575538
0.007632327225583812
0.00012012964592077497
0.10801945251379981
0.00029634127316446673
18549559457232466e-29
8514125146751304e-20
37361431384667902e-22
0.00012470082976202365
0.016089592159939773
0.0038892480138992234
0.00016352532909245005
0.0001520928621567811
37998744967424476e-25
0.0005142253044258185
0.022437248819528657
13135133395603895e-24
0.0018027567330974991
0.0017977193529591276
4418548792618826e-20
0.09632467401912193
43370583922862096e-21
0.1781525153278028
0.001907180048087527
0.14579153744638132
0.0032921947914611423
0.0007004065012768616
0.0005689775007976577
44749290292471676e-21
0.16712766858897957
1210184946575019e-20
21567177933825946e-21
0.00823544870436558
0.006404381593996698
2171598430714215e-23
8722278922182262e-20
0.0030466796100520467
0.11409813978430537
0.029373277399963735
0.0001001031426033019
0.022510521523824784
0.00035400036180560987
0
0.09973888206995525
0.01219294981003374
0.17452487679119688
0.17980197787339328
0.17772453032035854
0.04964278602189719
0.02886487867366957
0.13733053766624054
0.17594267593341079
0.13376555354793507
0.1801918774442174
0.16038420199700232
0.0007646436822715546
0.015499491737988367
0.11990099571498503
0.17849892562106878
0.11712147465397334
0.00029914681094569896
0.02631545113988486
0.17523042273175787
0.10096988194220827
0.13630981958304916
