2.0466598796587174
0
12940838801588618e-40
0
37763443678908083e-22
24932854205040876e-25
37735656353136425e-22
0
3773609488078347e-21
0
0.0009845332274577433
0
8.170265985721672
0
7.295684710863869
0
8.315042829256681
1.0305572244421055
18.493292846314475
4.636135012541909
0.5307923230916579
20.82817629718498
7.10246135610674
9150215696200731e-42
0
6747356220278681e-24
1686299381658408e-25
0.00132949476102742
0.006789626642202286
0.0062146201823801645
0.011675142167123407
20523091302231594e-22
599159525151275e-28
0.0009795188583477281
2216552694357858e-21
17215525570403219e-22
6118624935425102e-35
7779353715200455e-24
8901888626589124e-24
0.23744593503519873
0.23565610408821064
0
0.16649360849663133
0
1.2902672736608338
1.2727158785210457
1.3351904132628512
0
2.046691211005447
0
4.399753634450901
0.037095170799897104
20.069219449516066
19.445088103773546
0.26918176188408377
39.120254041685165
37.952178618296855
0.9809816658055912
0.0009114868649077831
0.01811397213528699
0.2692895788569738
35.63123435000191
0.05291256482333134
0.4369618124134658
1.8641760554578328
0.8877919964740907
36.76289992355244
0
36.74956467933088
0
16.837544299703016
0.0006037634374649014
0.0006037217467412066
0.017549122642504716
6.983021593085717
0.35461557707723823
0.21240134115401638
0
0.0006360472310812849
0.019884209409159026
0.04905364328273003
0.017814654358517423
0.03128776203486932
899719563211315e-19
4450420414210547e-20
0.0015335436403240636
2.027866319125419
0.36046201248652454
0.0037436482626519363
0.000759210612643183
0.0028955189887997558
0.007193314492213634
0.0023836866873854284
10858539430164916e-24
0.04588877256514313
0.8750521384791261
0.012245493965088011
22197817832526015e-28
26244979327734973e-23
2495501639257668e-20
0
0.5804755939572847
0.3250198214262157
0.12399468813703234
0
0.17748935218580889
0.010472874077402147
0.06128151014778376
0
0.0003025599446670333
0
0.12084016095271215
0.38018639807271554
0
0
0
0
3167316019544689e-22
0.38961966584973934
41869376061810975e-24
4119242168113027e-23
0.3156736802987544
0.1645122865518008
0.1691643219539053
0.5076508321413868
0.0006496089527671423
0.5367074985759444
0.0011645994086835036
0.5337685934312675
9248559864460005e-22
8317942495334386e-20
0.3414688956290052
0.0007688088579149196
2461850048956954e-37
0.12609641994803167
0.0020254668116333444
0.16622749964869116
0.023072488043265824
0.045340496459701264
0.003839308007051495
0.02420028470243289
0.20795054155766118
0.21408774269103675
0.2202605476069412
13696271021112546e-39
0.0895515788878899
0.08957878348194591
0.3780950766934444
0.48323039653858346
0.0002362754909911091
0.4835222763371402
0.7353510225460188
11.652103636994049
2.1404172686869933
2.825286721823241
0.10133290738153333
0.485956867423278
2.7074847593088474
4.252056474196127
0.6344666501330698
5.103870097325987
7.143357483759052
3.0521404009647024
2.45956532943582
2.893329861640604
0.7078352492729557
37.21765067658638
618.8632600919861
4.001935431296387
2508.8949248021927
1.0999727544583229
23.21803794625247
1.162523022154826
44.83488201427635
1.30633814668105
1.3968238188854345
1.0999717410163499
0.7933132242644647
1.054701637768904
65.9219492552189
0
0.0008646314709236763
0.0008091033744915109
0
0.0038932655526632788
0.0030644045302210677
0.0031731920244979527
0.0014928536960627983
0.0025681197657923824
0.0059592646889710275
0.0018897533486601904
0.006282741194297023
0.0014313209145086253
0.0030659849215961942
0.004800159222028576
0.011284804967078605
0.002726491119921325
0.005093179690709219
0.0035315731867483595
0.00544007520036026
0.0038022183390749864
0.007354680555880109
0.00896046737032892
0.006925021582307933
0.004217361413724646
0.0018973751693176187
0.007389437059675422
0.022405849351647647
0.0667499080359984
0.03985271971149307
0.10051151660655727
9119077505311082e-20
0.010008551070994213
0.16518732926262308
4806080213822255e-21
0.06831782463112741
0.010812092578319417
0.0012679698094646423
5486320618289046e-21
12044218642059853e-22
0.09139167459361897
0.08083251216792453
0.004126769653403452
0.03890228304480167
0.019854799137628727
0.005750672872244967
0.011963873135426354
0.00048264543763387936
0.16812323788477987
15699129979473818e-25
0.07238370937019574
0.0003417949395581011
0.009538690821636593
0.010800429434372837
0.0001570364733633509
0.00017084519374073744
0.15520379799932993
0.0003933484751915781
0.05349540406390617
0.1711838258572199
13179210611713782e-22
25861591106288555e-22
0.00014470491582455958
1257131143156043e-20
0.0005941235663584413
17002777643057252e-21
1443227467949475e-22
1004403048290459e-21
19076614976522985e-21
0.07054497593098147
0.07122151290696287
43497939650749985e-21
0.0002126369410015714
0.019251303215423485
0.008096287933233876
0.08280754740796419
0.019806654890875245
2782807413909439e-20
0.11723343192655641
0.03718815793206816
5573475306359291e-22
0.17892073410122722
4458961533021262e-22
0.003750651474947237
0.000981603259698016
22994565952996504e-28
0.17947637971078328
0.15752919749291042
0.017790097449121623
0.1781191397160722
0.1291656125688196
0.007351530879549212
0.15044538926755982
22332184588188776e-26
4630595731839095e-21
0.0006290274182927284
9119823714522836e-20
0.11308083442702584
864559291980675e-21
0.00011180202851224393
0.13380353626835428
0.0009283141246196205
0.011717760193269545
12200595350107041e-21
0.1179252167550843
0.0873131860195832
0.020815957469303318
31468085036460686e-21
0.0001534259549275325
12006678141651512e-23
0.013500974765025698
0.13456283292307272
8333314448323892e-24
11103176594500892e-21
9106252961438042e-21
9649301060993075e-20
10586292759683242e-21
0.1786225545539283
0.13377808895847293
0.00512938248373176
0.0015460088803530966
0.04013916073061964
0.005849791285523474
6759950929202296e-20
0.027628669937281962
8322998524792042e-20
0.0007204583367935479
0.07446835209336543
9970369010654154e-22
0.14480705612486935
0.14318739834413932
0.001824869141171861
0.0005368025243889589
58299100606780375e-25
0.0010297562154904607
10390421190054084e-24
0.01017672527597108
0.02848363800117827
0.0009031103935600158
0.00033752228897508305
0.0001545261926165558
26181742397165602e-22
0.006087251261232072
0.029723367040333692
0.021024420710589617
11257175820389394e-24
0.12966678979311086
0.06292521866256866
0
0
8177264192205914e-20
6661299261916589e-20
10336371405636146e-22
7596598608432252e-22
0.0001934467760240966
0.009661720456585761
0.00536262874976586
15204233441714847e-24
0.00013148188292287587
73286777183592306e-22
0.05335759880001697
0.013233231084383464
0.09024935942641829
384563436731421e-21
0.057108636912278826
0.007631879347059922
0.00012012953667642718
0.10790076852051665
0.0002963406081382647
1854955945723244e-28
851411965959033e-19
3736143032823313e-21
0.0001247007120444475
0.01608756543229881
0.003889132618356052
0.00016352512664746338
0.00015209268703324564
379987449663317e-23
0.0005142233010876219
0.022433251769395895
13135133394298142e-24
0.0018027320462285596
0.0017976948041142997
4418547314903624e-20
0.09623428482474412
43370569685771484e-21
0.17738232068234103
0.001907152412534827
0.1455315869035987
0.003292112207977577
0.0007004027832484903
0.0005689750478624649
4474927513578638e-20
0.1662345277934359
12101848357324555e-21
21567174413376776e-21
0.008234926582570022
0.006404067048724724
2171598430357311e-23
8722273163416371e-20
0.003046608920397284
0.11396245859556997
0.029366317987668054
0.00010010306674968465
0.022506497663553934
0.0003539994127035461
0
0.0996407869354095
0.012191795650118414
0.1736975841312681
0.17907958019672812
0.17694559867919654
0.049621900122454946
0.028858165990178958
0.1363499141900595
0.175134107223307
0.13278388383976975
0.17949075190216593
0.16003341357781253
0.0007646392503963546
0.01549761336257541
0.11974741571919668
0.17792944710241282
0.11697668372255735
0.00029914613326407455
0.026309904446159327
0.17472543230768547
0.10086890026744175
0.13609484350398515
