2.1450464276505286
8358921905498008e-41
0
0
37708080249250314e-22
25112443579615115e-25
37679805247459885e-22
0
3767982206970898e-21
0
0.0009780989484019615
0
8.179682292248994
0
7.300180270792194
0
8.304864383557973
1.0177979908991504
18.448891351390756
4.608598300717133
0.5283310327145743
20.56102891350867
7.080774392920643
0
0
1255173770033853e-24
31815917106520715e-27
0.0013244864522193134
0.006782345831050696
0.006173173435937516
0.01163137425109793
20530469845713087e-22
5748862172871038e-29
0.000973099305176899
22049670665496674e-22
17152623944522587e-22
6116721028542097e-35
14466278194881719e-25
16553799793404542e-25
0.2597824985167286
0.2578466476777485
0
0.1856753041659533
0
1.3046303455149262
1.2865971427780805
1.350789481432714
0
2.0005271073777644
0
4.39610113430193
0.03621740493131533
19.82211824107386
19.22371921227636
0.26529889812379964
39.0000293348004
37.479552285303065
0.9350226754848832
0.0008803004558805306
0.01790158149409584
0.26541748726856473
35.4720335049679
0.055047092207769294
0.4148828192558924
1.7068571820283578
0.8021373930603833
36.31987809271762
0
36.30759701302343
0
16.727133431800922
0.0006517408102831572
0.0006516940804148876
0.01700532813885336
6.983036468913878
0.3514540884576804
0.20778066050476193
0
0.0006374405317571436
0.019851883074263114
0.0462043945012635
0.016340407032205708
0.034912057327974734
936789935504608e-19
44624323524885076e-21
0.0015508926446960057
2.0197686559121584
0.35804406101711284
0.0037477293824549826
0.000734607127162691
0.0030915941515041907
0.006831103380010515
0.0023317741425020293
10489264568936677e-24
0.04363344923784772
0.8751123506981462
0.011380642330339506
23207019055087453e-28
26733615200345836e-23
24095324211594483e-21
0
0.5487106102890154
0.3054998146507318
0.13369607635860553
0
0.16824823999762764
0.00965303018043397
0.05996775251822363
0
0.0003018855079437135
0
0.12033763762647683
0.35414224188409965
0
0
0
0
32276289359561893e-23
0.39106673975330913
4327931116427891e-23
42557276082272784e-24
0.3081573908399337
0.15200611982269854
0.1670396192101567
0.4989882051950574
0.0006213912173385297
0.5354119441073933
0.0011646490539502009
0.5341035095894744
9238667994063821e-22
8038043547508146e-20
0.3318438966187643
0.000763949521988979
10677438322897756e-39
0.1188050222548703
0.0013359809188110265
0.16138430057610453
0.022857002229257434
0.04628383672863275
0.0025073742319476297
0.017796610174201546
0.2055388760620185
0.21682805910005018
0.21696687487675606
5919290090875803e-40
0.08132305188767
0.08134762119687455
0.3723755590720987
0.4752603011672801
0.00021938549387741116
0.47556980531429016
0.7463717204653855
11.648680713339747
2.1415036801080793
2.8262672440542675
0.1017103579332067
0.48583867254508034
2.7094523823361536
4.254127325238726
0.6372997108419592
5.103458738838959
7.146244592573386
2.896908818277269
2.4583151867505695
2.8941462474801942
0.7155725624797661
37.03301851187263
618.8285770006016
4.001917810293258
2340.0756787145497
1.09997144473411
23.21798867731454
1.1615652454406653
44.80626414017554
1.3063840347828586
1.3968118812562553
1.0999704309839227
0.7813185123599379
1.051457678062084
63.86618612746099
0
0.0008688338326660818
0.0008223653928682242
0
0.0037682857304700158
0.0027381144390237256
0.002855333883046527
0.0012588249890063577
0.0022654000926584732
0.00560107822945517
0.0016338268368723317
0.0058158946563395325
0.0012229019832624103
0.002760802043660727
0.004418838127184909
0.010650138242020834
0.0024005749856896128
0.004743814463260135
0.0031995269432170473
0.005077747445609299
0.0037295155345934495
0.006904483296842855
0.008205391430163937
0.006445645465680348
0.003907012228569615
0.0018970196243549681
0.007383983652795514
0.022354082281593454
0.06623726410403062
0.0396822495971851
0.09921878661642144
911899567453715e-19
0.009998492321628279
0.16015746552446192
4806077941227907e-21
0.06777844595258585
0.010800334147999153
0.0012678112265613038
54863176568496435e-22
12044217214829642e-22
0.09035594799704985
0.08004912236028776
0.004125080120188484
0.03874021579681226
0.019814375394362354
0.0057473811629546925
0.01194944129355166
0.00048262249669238805
0.15709389324675152
15699129977048961e-25
0.07177114209146895
0.0003417834378142619
0.009529563267138625
0.010788696644377727
0.0001570340463449926
0.00017084232104577714
0.14341127388210517
0.0003933332405526538
0.053177644345639555
0.165366435361657
13179208902817664e-22
2586158452594682e-21
0.0001447028550624522
12571295882369382e-21
0.000594088796309244
17002749199086468e-21
14432274474564807e-23
10044029490354029e-22
1907657917059768e-20
0.06996620633202255
0.07063044353389666
4349775348026367e-20
0.00021263249061542172
0.019213349333857134
0.008089731759934382
0.08198037614958241
0.019766431164418254
2782799794414789e-20
0.11535713549334856
0.037040659980065845
557347500073465e-21
0.17128645050934166
44589613374056275e-23
0.0037492569443084724
0.0009815082734019869
2299456595299129e-27
0.1714958616295559
0.14583095516814118
0.017757788719391175
0.17081407961068704
0.11706260197772607
0.007346133700146007
0.1467617263601773
2233218458769811e-25
46305936221742085e-22
0.0006289884401399671
9119741870354798e-20
0.11136468282809354
8645592184402664e-22
0.00011180079843580783
0.1311637488453123
0.000928229180664883
0.011703923161847641
12200580704467065e-21
0.11602115854408791
0.08638035115477943
0.02077143197637875
31467987604003964e-21
0.0001534236382449675
1200667799981712e-22
0.013482536685460685
0.1318824531715359
8333314441491529e-24
11103164465086051e-21
910624480269898e-20
96492094365897e-18
1058628173330955e-20
0.1692905830404312
0.13113965222699808
0.005126766933645655
0.0015457729927589136
0.03996611241347263
0.0058463844358516235
6759905963491821e-20
0.02754903445238421
8322930358829465e-20
0.0007204071945968035
0.0738160399578051
997036803260867e-21
0.1327475481491856
0.1311054725183069
0.0018245402984929829
0.000536774143172582
5829910057334088e-24
0.0010296516713351864
10390421179432185e-24
0.010166322005715399
0.028398833833135535
0.0009030300035108427
0.00033751107308775967
0.00015452384258321682
26181735652893476e-22
0.0060835604158293085
0.02963075959813962
0.02097897823136831
11257175807921456e-24
0.11755968130569869
0.06247442335923429
0
0
8177198392685189e-20
6661255599134252e-20
10336370354466453e-22
7596598040659246e-22
0.00019344309281313162
0.00965235353376718
0.005359768558158005
15204233418970954e-24
0.00013148018161997452
7328672433987891e-21
0.053041586455106995
0.013215527083797644
0.08924316726324755
384563422181118e-21
0.05674307445126263
0.007626059317378046
0.00012012811650894642
0.1063696911421618
0.0002963319629334455
18549559457232092e-29
8514048326819468e-20
37361416594583843e-22
0.00012469918172606953
0.016061241193293458
0.0038876327878265516
0.00016352249488544356
0.00015209041044563404
3799874495212561e-24
0.0005141972584012813
0.022381354867935452
1313513337732334e-23
0.0018024111476941985
0.0017973756996356152
44185281046509705e-21
0.09506691497113816
4337038460401881e-20
0.16766761763970894
0.0019067931867882556
0.14219410893766593
0.0032910388111857336
0.0007003544506756671
0.0005689431606672585
4474907809934471e-20
0.15504889089075222
12101833947800547e-21
21567128647589853e-21
0.008228142010760863
0.006399979365735502
21715984257175577e-24
8722198299805777e-20
0.003045690104125641
0.1122132161009792
0.029275995535061744
0.00010010208065789102
0.022454252888072294
0.00035398707460827556
0
0.0983742952815393
0.012176801509245763
0.16329296414278544
0.16994833125600411
0.16712477134910392
0.04935118172022165
0.028771043030184656
0.12422116574456632
0.16495472169963032
0.12065889907567069
0.1706205519068818
0.15554237543073127
0.0007645816383562305
0.01547321518734911
0.11776868581455081
0.17068946820717418
0.11511061008323482
0.0002991373235426595
0.026237903727624648
0.16829147579629694
0.09956529223615287
0.13333081347994655
