2.190455603646749
0
2581247952992242e-40
0
37692495665679244e-22
25202451161375013e-25
37664045340957704e-22
0
3766395923965113e-21
0
0.0009754067023296445
0
8.189381703075652
0
7.306527745940217
0
8.30453177175076
1.0122019505072228
18.436561647891924
4.595413318102338
0.5273236063907321
20.440279102226313
7.0754732380687635
18620502272355066e-43
0
5775403836811168e-25
14738348863041857e-27
0.0013223538984898204
0.0067789874375275274
0.0061557834003063885
0.011612744796410075
2053872482748574e-21
5643318292237381e-29
0.0009704097525089115
22001578529585035e-22
17128699489814833e-22
6119106068388964e-35
6655172175653246e-25
7615543131329126e-25
0.2706850341040438
0.26867968077245513
0
0.19509375195889944
0
1.312520269975493
1.294252976760922
1.3592121152393113
0
1.9873481793969276
0
4.394406862826901
0.03581729471965547
19.710429869245143
19.12390567779706
0.2635436385930437
38.951379276714874
37.26508774241915
0.9143603063377989
0.0008548653400238526
0.0178048409832546
0.2636710780796883
35.39045823372563
0.056000375003180974
0.4046199073193692
1.6331108111509565
0.763000501645216
36.10277718500272
0
36.091049749984776
0
16.663164851587887
0.0006750194259301942
0.0006749700236588882
0.01677368828315685
6.983042600107079
0.3500812636014541
0.2058516357957767
0
0.0006370676279875725
0.019834553736290752
0.04490671504164688
0.015685730093613365
0.03670124538434748
9544730370653587e-20
4470184291488983e-20
0.0015590646582875878
2.01570884612499
0.35687883720584535
0.003749845157683639
0.0007236020223473722
0.003185120198502848
0.006670255679883338
0.002307583214938948
10325250350423711e-24
0.042584357541229585
0.875629796278176
0.010991548409840178
23687081232266064e-28
2696783874992465e-22
23702640034920514e-21
0
0.5344107494444753
0.2967696927233319
0.13838766059060625
0
0.1641346383575729
0.009295499743306207
0.05932891956239961
0
0.0003018385441400547
0
0.12011281353712372
0.3426471506963847
0
0
0
0
3256266724595922e-22
0.3901599090594507
43934415586086116e-24
4320533271922967e-23
0.30464203545639074
0.14654465101214612
0.1659957969853507
0.49502402883387986
0.0006082743810191301
0.5347936690614887
0.001164232903916091
0.5340767992252081
9234644177491643e-22
7911304068998216e-20
0.32731665116496567
0.0007619253483845742
24788699412764404e-40
0.11553150608448655
0.001113094162247898
0.15918868203077385
0.022742347205011407
0.04668841115059815
0.0020802802642891347
0.015433174642161875
0.20446702628609278
0.21797660081980938
0.21553460792204363
137228092987093e-39
0.07779910943712628
0.07782255031232709
0.3697319276349634
0.47157952677323767
0.0002108496330572235
0.47189780677521587
0.7508843234790056
11.647196049763552
2.1419321055385887
2.8267371908888643
0.10131181698306799
0.485787579115776
2.710196214077705
4.255127181221821
0.6359546410498333
5.10300075088889
7.147600117860596
2.8364899940781956
2.457507642881911
2.8944595306834273
0.7189497437792564
36.94705478234116
618.8125700755542
4.001909677548752
2266.0379464638986
1.0999708402465378
23.217965937839995
1.161123460831937
44.79306205223483
1.3064034319479274
1.3968063697847428
1.0999698263540627
0.7758383671673621
1.0499638329066292
62.30526696014175
0
0.000866711594439892
0.0008274424571203202
0
0.0037404510388620877
0.0026175213409639158
0.0027384453230890576
0.0011716312589430855
0.0021520717431149426
0.005481029436572863
0.0015382114973780093
0.0056447957520888254
0.0011451153806988558
0.0026487824607872084
0.004282919052277778
0.010442191242943561
0.002278896621852901
0.004622804366279039
0.003078612808280474
0.004952983782313903
0.003721828362062522
0.006753203904875542
0.007928736232097626
0.006279513148650613
0.0037980420075670995
0.001896855549151737
0.007381468053368736
0.022330230144281475
0.066001988959741
0.039603817210618404
0.09862776275672566
9118957906735308e-20
0.009993853232147859
0.15788793199524392
4806076892338569e-21
0.06753094027710284
0.010794911493977797
0.001267738041141695
54863162900319966e-22
12044216556108064e-22
0.08988188729999365
0.07969012300003385
0.0041243005689430776
0.03866564342031966
0.019795746050718963
0.005745862548073765
0.011942786316373678
0.0004826119089333242
0.15225041436210324
15699129975929798e-25
0.07149016985336883
0.000341778129447648
0.00952535349601801
0.010783285810196936
0.0001570329261953247
0.0001708409952028564
0.13827502048045145
0.0003933262093798541
0.05303162329839751
0.16274857590910258
13179208114096454e-22
2586158148886658e-21
0.0001447019039513779
12571288705826155e-21
0.0005940727492805496
17002736071116e-18
14432274379981754e-23
10044029032253803e-22
19076562644808665e-21
0.06970068579166486
0.07035929920795547
43497667555692575e-21
0.00021263043662246063
0.019195857403842772
0.008086707624674944
0.08160139663654561
0.01974789392891233
2782796277731987e-20
0.11450131017052259
0.03697278145579227
5573474859677127e-22
0.16787365671380336
44589612471214916e-23
0.0037486134896735214
0.0009814644366731926
22994565952988887e-28
0.1679332034289458
0.14072878817833742
0.017742896794605594
0.16754431661978417
0.11186577055360823
0.0073436440308671655
0.14509212990328296
2233218458747165e-25
46305926484830466e-22
0.0006289704510379483
9119704096371122e-20
0.11058142129480002
8645591844985415e-22
0.00011180023071278654
0.12996301351371037
0.0009281899783842894
0.011697542351808659
12200573944946852e-21
0.11515276180541913
0.08595317984070891
0.020750913883709993
3146794263527953e-20
0.00015342256901865894
12006677934355093e-23
0.013474035297535825
0.13066342729817526
8333314438338131e-24
11103158866899056e-21
9106241037129569e-21
9649167148696965e-20
10586276644217876e-21
0.16514952970919938
0.12993952558619776
0.0051255602065547745
0.0015456641337010274
0.03988649577992226
0.005844812712961946
6759885210187867e-20
0.027512357071204654
8322898897804267e-20
0.0007203835917304557
0.07351690306096527
9970367581203093e-22
0.12752558712720466
0.12587842250621903
0.0018243885449358494
0.0005367610446557429
5829910055790727e-24
0.0010296034237664176
1039042117452977e-23
0.010161524083929913
0.028359778651765474
0.0009029929028247886
0.00033750589665008544
0.0001545227579644991
2618173254015308e-21
0.0060818577035794555
0.029588115071707357
0.020958037919743065
11257175802167024e-24
0.11235969253171714
0.06226745462941783
0
0
8177168023854201e-20
6661235447177393e-20
10336369869311245e-22
7596597778610179e-22
0.00019344139289326204
0.009648033402016278
0.005358448984290996
15204233408473774e-24
0.00013147939641067563
7328669995048558e-21
0.05289636652410769
0.013207363997020582
0.0887825620901083
38456341546559373e-23
0.056575143465254725
0.007623374646986692
0.00012012746105269484
0.10567038634414959
0.0002963279729239783
1854955945723193e-28
8514015404203718e-20
37361410255978182e-22
0.0001246984754316138
0.016049106076913202
0.003886940753448062
0.00016352128024033538
0.00015208935972438366
3799874494556895e-24
0.0005141852391447417
0.022357442961595805
13135133369488817e-24
0.0018022630599449942
0.0017972284397506635
4418519238408684e-20
0.09453291545307696
4337029918193782e-20
0.16336515800978482
0.0019066274131117667
0.14067965643504377
0.003290543515330049
0.000700332144459294
0.0005689284441029829
4474898715974117e-20
0.15014329387354985
12101827297256791e-21
21567107524951723e-21
0.008225012555473653
0.006398093622926396
2171598423576133e-23
872216374758684e-19
0.0030452661285428994
0.1114149542990805
0.029234401998982668
0.0001001016255418779
0.022430180835848544
0.000353981380247805
0
0.09779520256752676
0.012169887357526008
0.15870335240034814
0.16589241198142804
0.16277779537495674
0.049226733392894906
0.028730921193860334
0.11899318579992416
0.16045822760402165
0.11544252461654098
0.16667579755528575
0.15351231307903415
0.0007645550496479426
0.015461967449771751
0.11686648673209565
0.16744803751520337
0.11425941454591546
0.0002991332576048958
0.02620473911671695
0.16540240079628388
0.09896932254784542
0.13207411042589565
