2.369576206110773
8042652368237829e-39
0
0
37661892294473323e-22
25581637982985277e-25
37632816333450336e-22
0
3763247579182059e-21
0
0.000965801074981526
0
8.321382478354804
0
7.393155693641207
0
8.358747244040321
0.9920185134787973
18.482576314591544
4.540179756544345
0.5242160428281604
20.008265014276436
7.099828211662991
0
0
27025835915540032e-27
7081278098783089e-28
0.0013146012133050905
0.00676575207579651
0.006093606852455985
0.011545046597478846
205874110718498e-20
5254306489050921e-29
0.0009608074389791224
21829856252686974e-22
1704904448811146e-21
6139551261449815e-35
3112086534449495e-26
35611879277902416e-27
0.31764786518265636
0.3153324756777004
0
0.23597491595149747
0
1.3561904276584011
1.337416447954767
1.405302661317371
0
1.956330460870351
0
4.387647044534484
0.03430767827282994
19.302198451201107
18.76377604706808
0.25706989700621447
38.62938886832965
36.48083995372265
0.836266733541004
0.0005696866385062487
0.01744855814095052
0.2573382545352298
34.99541209294729
0.05962247443252904
0.36425994070699913
1.3373945428158611
0.6105878560183093
35.174620767374165
0
35.165299249098254
0
16.31457092340907
0.0007753383609815774
0.000775273797177142
0.016033448508824353
6.983059373450661
0.34575167407097374
0.200043107100116
0
0.0006296279886332823
0.01975238437405371
0.03992661305851167
0.013266079905357251
0.04453865192505497
0.00010337516474096657
4537001981345675e-20
0.0015911465549763256
1.9974806621313805
0.35201634705960855
0.0037572718899473666
0.0006850427185365706
0.003586534512159093
0.006085334354511702
0.0022091772257327312
9706408169906295e-24
0.03847496834620556
0.8847152954447145
0.009526940739965723
2563720710905515e-27
27922012024049684e-23
22287632339445205e-21
0
0.4802502744073077
0.26380558255862985
0.15827372431421538
0
0.1488186558081675
0.007999418526015878
0.056535632837446094
0
0.00030606749062692237
0
0.11926816544313981
0.30033823833240997
0
0
0
0
33721077601769414e-23
0.3775147340375595
46513108621949257e-24
45778075241335954e-24
0.2903267536113364
0.12672554195174549
0.1615499049028558
0.4795062544219995
0.0005575135959992947
0.5320501411150421
0.0011605453912312538
0.5331401633977126
92219524631104e-20
744144290131345e-19
0.30934110785139524
0.0007546748408302699
7296846391708117e-42
0.10316970609692297
0.0005967617832120316
0.15077913338677462
0.022202269552133336
0.04810788785679087
0.0010991478990303716
0.008809775691702567
0.2004856992095269
0.22182550912027882
0.21032889726072612
40214372736728505e-44
0.0653877898624228
0.0654073669055647
0.3592381269316809
0.45705612540617024
0.0001745872834324795
0.4574111921208369
0.7651719758090043
11.640184674197727
2.143381512136308
2.8289450026975262
0.09651709226465319
0.4855439809311733
2.7125887290633046
4.25996482628145
0.6153654326568906
5.098530502386774
7.152057125371525
2.648010354448786
2.4523257707457593
2.8943233698518127
0.7309372958201138
36.59187089182296
618.7494333494313
4.001877597363531
1996.1351747330955
1.0999684557938663
23.217876240142807
1.1593824394929113
44.74102314686993
1.306470861718946
1.3967846198022895
1.0999674413399272
0.7545654541833333
1.0440918941910573
44.8045905188651
0
0.0008350004817727726
0.0008368496050663693
0
0.0037884031537347433
0.002286305824955735
0.0024226484330528153
0.0009209402032102932
0.0018298238744282537
0.005251197914850429
0.0012646574302092996
0.005201477726788304
0.000921603656713816
0.002347428987034032
0.003950965835988748
0.01008149143789818
0.0019341063233667105
0.004356252586312833
0.0027606353990813834
0.004684482470307411
0.003850384592318082
0.006457863633048357
0.00720104773133412
0.005911389665747323
0.0035451323589951703
0.0018962084780521852
0.007371553398921121
0.022236391170155707
0.06508204639920244
0.03929594244530999
0.09633054904157755
9118808929749896e-20
0.009975574905484626
0.149244857006217
48060727549019305e-22
0.06656341437536765
0.010773547883058922
0.0012674493958312666
5486310898499466e-21
12044213957721564e-22
0.08803604308299773
0.07828964979000748
0.00412122699494755
0.0383728831902296
0.019722431573383343
0.005739876146445741
0.011916571282091717
0.00048257014682505204
0.1345577820225284
15699129971515152e-25
0.07039253532581458
0.00034175719091936006
0.009508765801348545
0.010761968736658222
0.00015702850774155166
0.00017083576539586183
0.11974658753848232
0.00039329847550841545
0.052459529789510795
0.15282011541996315
13179205002914754e-22
25861569508832332e-22
0.00014469815226867278
1257126039734215e-20
0.000594009454551204
17002684286747773e-21
14432274006890364e-23
1004402722523623e-21
19076497457478583e-21
0.06866310622090838
0.06929985876755552
43497328620104375e-21
0.00021262233465491344
0.019127014065990926
0.008074789670329922
0.08012348566249847
0.01967494150735784
27827824059018925e-21
0.1111869000854663
0.036706239373304306
5573474303263006e-22
0.15506187051017628
44589608909875683e-23
0.0037460764014206707
0.000981291537823581
2299456595297941e-27
0.1545871736994167
0.12228490910313497
0.017684275940901002
0.15524547376989792
0.0935203512356085
0.007333831531057706
0.13868942924115674
22332184586578328e-26
4630588807672176e-21
0.0006288994964149857
9119555095001282e-20
0.10754512971339203
8645590506123499e-22
0.00011179799130608679
0.12533284254345115
0.0009280353575877294
0.011672406576448382
12200547281444416e-21
0.1117902155061617
0.08428866534360233
0.020670175875451745
3146776525270479e-20
0.00015341835143143048
12006677676134209e-23
0.013440553048438124
0.1259637626702823
8333314425899257e-24
11103136784371558e-21
9106226183515582e-21
964900034208602e-19
10586256569859256e-21
0.14977918348532746
0.12531166777778435
0.005120802931724589
0.0015452348040573805
0.03957398448758412
0.005838617029417767
6759803347524411e-20
0.02736815540481508
8322774798104147e-20
0.000720290495630201
0.07234870559457265
997036580059316e-21
0.10885449504959528
0.10721418256850622
0.0018237900623830215
0.0005367093794882247
58299100497027975e-25
0.0010294131289135605
10390421155191748e-24
0.010142620319517773
0.028206245041571907
0.0009028465706768603
0.0003374854784976448
0.000154518479662095
2618172026167062e-21
0.006075145847385502
0.029420497564824198
0.020875640604208615
11257175779468137e-24
0.09399565725602138
0.06145771270773338
0
0
817704823235308e-19
6661155956555138e-20
10336367955572864e-22
7596596744934022e-22
0.00019343468755124131
0.009631011099824333
0.00535324697331796
15204233367066697e-24
0.00013147629912729664
7328660374439647e-21
0.05232740034233209
0.013175213105972873
0.08698872998004958
38456338897560186e-23
0.05591755719597113
0.007612793935468349
0.00012012487558109477
0.10295646193828796
0.00029631223449461705
185495594572313e-27
851388553920921e-19
3736138525278526e-21
0.00012469568942825412
0.01600132736144957
0.00388421216238804
0.00016351648905081582
0.00015208521513015262
37998744919705626e-25
0.000514137830839843
0.022263369163294883
1313513333858483e-23
0.0018016790330677305
0.00179664767746471
4418484264887441e-20
0.09245559714576038
43369962228452784e-21
0.14744361548153856
0.001905973644386516
0.13486142680201682
0.0032885905028552176
0.0007002441624992088
0.0005688703969961595
4474862844205082e-20
0.1322600579654749
12101801063620976e-21
215670242049966e-19
0.008212679739148871
0.006390660556882128
21715984151290923e-24
8722027454568452e-20
0.003043594293995109
0.10832113255183953
0.029070908021823893
0.00010009983031577308
0.022335477852684457
0.000353958919221114
0
0.09554397171027314
0.012142652125879016
0.14182299733703346
0.15081559680868517
0.14670560462195542
0.04873888857505177
0.028573201877251705
0.1004298348473197
0.14388516381190444
0.09697396448717946
0.1519848273124653
0.1457596473398894
0.0007644501770997837
0.015417679410106615
0.11337457858603886
0.155251135480115
0.11096273547383073
0.00029911721968452757
0.02607432661335237
0.15448178049208838
0.09665305145740556
0.12723138241603008
