2.373766791189436
3020914265973759e-40
30897020858596097e-40
0
3766166133066575e-21
2559090710846144e-24
37632571251838475e-22
0
37632226250973114e-22
0
0.0009655938135162442
0
8.327977952979692
0
7.397658403583055
0
8.362229188288655
0.9916033611094122
18.487013556754736
4.538825294954832
0.5241716778025028
20.000078512280677
7.101734409849363
22860352747107886e-42
0
25157538412149717e-27
6595706582835984e-28
0.0013144312046326858
0.0067654426609455596
0.006092263139204537
0.011543562553316714
2058882673641947e-21
52456656302893785e-30
0.0009606001809191402
2182614480018567e-21
17047388848075561e-22
6140215045191769e-35
28969008738788445e-27
331494924041788e-25
0.31883244023816554
0.31650822944935497
0
0.2370072059532254
0
1.357621777330137
1.3388227183823111
1.4067767155115711
0
1.956009454949064
0
4.387486927142579
0.0342751492161717
19.293928167279216
18.756702720552003
0.25693559711689506
38.61505516163383
36.465075107901725
0.8345046396532759
0.0005594927907344856
0.01744132588088654
0.25721183152168553
34.98425000467564
0.0597054457630877
0.3633301260994613
1.3304134577949351
0.6070630431987754
35.152046715833
0
35.142758513754465
0
16.304223213505598
0.0007779034458340399
0.0007778383550878225
0.016021292870504064
6.983059537459557
0.34569057276554027
0.19995889492009722
0
0.0006293497647675711
0.01975031606451541
0.039812896275357584
0.01321260003492051
0.04473853778694515
0.00010359633271681432
45399406865675527e-21
0.0015918830144943496
1.9969999363368154
0.3518994567875979
0.003757406988445597
0.0006843034189727984
0.003596974290711003
0.006072890119316101
0.0022067719295433916
9692442197130173e-24
0.03838000887866565
0.8852107219688139
0.009494042741274062
25683887420070137e-28
2794490508443896e-22
2225953666532884e-20
0
0.4790262505379551
0.26305854405382434
0.15876826144691328
0
0.1484785764911367
0.007971011735511123
0.05646372080876347
0
0.00030633080719514477
0
0.11924919970544608
0.2994038717251034
0
0
0
0
3374923486100477e-22
0.3770447820535019
46573383583254105e-24
4583813211958606e-23
0.2899815675893822
0.12629229176125661
0.1614403198618134
0.4791444473148687
0.0005563763390696009
0.5319783666862381
0.0011604253545868261
0.5331046593812102
9221714535522879e-22
743138553838918e-19
0.30892201178933043
0.0007545137606559051
63587253012071975e-43
0.10289032791041275
0.0005894764138123988
0.15058722566392546
0.022187850297271976
0.04813761433568053
0.0010853977735719262
0.00869585350284121
0.20039715839157127
0.22190205961093037
0.21021328734956837
3504102646627264e-43
0.06512307234397224
0.06514256772249873
0.3589908280135753
0.4567163543085179
0.0001737077107920106
0.4570723073189634
0.7654366026072599
11.639912412230231
2.1434123746121765
2.829003496299779
0.09634510496487517
0.48553434247695026
2.712637842906712
4.26009529064985
0.6145906179276371
5.098352533524596
7.152115599557992
2.644292599722277
2.452159730143608
2.8942761308785547
0.731187996619736
36.583168581768746
618.747956322193
4.001876846840184
1990.2214277937478
1.099968400008878
23.217874141639992
1.1593417389961302
44.73980640368192
1.306472287599405
1.3967841107916503
1.0999673855418024
0.7540743256411857
1.0439549121031961
44.13352691004204
0
0.0008338108060464314
0.0008368231285246239
0
0.003792249224785319
0.0022808587251645744
0.0024175959901688807
0.0009164837980544151
0.001824239893565024
0.005250074256725841
0.0012598519430737024
0.005194990441351572
0.0009176413849202362
0.002342639233175328
0.003946602413484824
0.010081078929604503
0.0019281515520196294
0.004353607166153159
0.002755773635573338
0.004682025785736809
0.003856469983473163
0.006456163476244018
0.007190010539104911
0.005907650640388269
0.0035421956807752696
0.001896193342254954
0.0073713216018318085
0.02223420050393894
0.06506067824293085
0.03928876833918658
0.09627745042869314
9118805444413733e-20
0.00997514767849759
0.14904841728942936
480607265810529e-20
0.0665409455152474
0.010773048580863073
0.0012674426436666412
5486310772362863e-21
1204421389693147e-21
0.08799331581454653
0.07825718159887173
0.004121155115106089
0.0383660605709157
0.019720719611633575
0.005739736167312386
0.01191595866215422
0.0004825691698301336
0.13416945893971735
1569912997141187e-24
0.07036705857230298
0.00034175670107099924
0.009508378072809503
0.010761470521558774
0.00015702840437186884
0.00017083564304473325
0.11934422052078357
0.0003932978266888334
0.052446219618127045
0.1525952351954336
13179204930127648e-22
2586156922855558e-21
0.0001446980644979933
12571259735056671e-21
0.0005940079738310428
1700268307523743e-20
1443227399816177e-22
10044027182960467e-22
19076495932402344e-21
0.06863901751505193
0.06927526472904018
43497320690627056e-21
0.00021262214511042857
0.019125406412732485
0.008074511056259547
0.08008923179438662
0.019673237991755983
27827820813667184e-21
0.11111051789370573
0.03670002659168473
5573474290245517e-22
0.15477414209444434
44589608826556986e-23
0.003746017065971944
0.000981287493163096
2299456595297919e-27
0.1542879782686145
0.12188366763595367
0.017682906807934752
0.15496881428850964
0.09312926625693121
0.007333602121444121
0.13854306804375408
2233218458655743e-25
4630588717815187e-21
0.0006288978365042021
9119551609094645e-20
0.10747510176128482
8645590474800389e-22
0.00011179793891497161
0.1252265162656034
0.0009280317404919879
0.011671819163810824
12200546657643755e-21
0.11171273442506449
0.08425011182184645
0.020668290748751168
3146776110279341e-20
0.0001534182527609858
12006677670093045e-23
0.013439770717110245
0.12585586019195424
8333314425608245e-24
1110313626774413e-20
9106225836010714e-21
9648996439625321e-20
10586256100213525e-21
0.14943725839926766
0.12520539397443786
0.0051206916865988265
0.0015452247611776864
0.039566702570920896
0.005838472158025151
6759801432332493e-20
0.027364790823201597
8322771894773225e-20
0.0007202883177605194
0.07232159861381643
9970365758935215e-22
0.10845208761785106
0.10681238355622234
0.0018237760630385332
0.0005367081708242676
5829910049560369e-24
0.0010294086773243079
10390421154739328e-24
0.010142178481020047
0.028202663040669478
0.0009028431474722964
0.00033748500082307815
0.00015451837957122905
26181719974411578e-22
0.006074988910019545
0.02941658748692632
0.020873716775127053
11257175778937089e-24
0.09360403853650258
0.06143889512698677
0
0
8177045429812741e-20
6661154096857388e-20
10336367910800333e-22
7596596720750832e-22
0.00019343453068035418
0.009630613217238154
0.005353125331045882
15204233366097966e-24
0.00013147622666621244
73286601493625055e-22
0.05231416271415914
0.013174461863046182
0.0869471994626486
3845633883558599e-22
0.055902264598613784
0.007612546572143783
0.00012012481509380725
0.102893810275517
0.00029631186629892154
18549559457231285e-29
8513882500998903e-20
37361384667827585e-22
0.00012469562424953948
0.01600021126721548
0.0038841483490434023
0.00016351637696105056
0.00015208511816736716
3799874491910054e-24
0.0005141367217593736
0.02226117302120417
13135133337861821e-24
0.0018016653718337969
0.0017966340925879732
4418483446673787e-20
0.0924075480258002
4336995434534713e-20
0.14709032133687944
0.0019059583519373084
0.13472822767971526
0.00328854482536895
0.0007002421042648023
0.0005688690390360125
4474862004976755e-20
0.13186822452508887
12101800449877167e-21
21567022255702854e-21
0.00821239143036145
0.0063904867612880065
21715984149314712e-24
8722024265974207e-20
0.0030435551918686563
0.10824978947212201
0.029067093992647716
0.00010009978831625662
0.022333267038721984
0.0003539583937551104
0
0.09549192852115129
0.012142015678915086
0.14145035604883685
0.15047978159525321
0.14634923030374783
0.04872753335047378
0.028569522365672145
0.10003211794810549
0.14351865014664167
0.09657926034471832
0.15165709389399887
0.1455830372983698
0.0007644477237444367
0.01541664479697722
0.113294145630043
0.15497668223867506
0.11088675812479455
0.00029911684448242907
0.02607128335244637
0.15423511251392577
0.0965995155041776
0.12712023676845424
