2.4031008867400785
0
27790185782767076e-40
0
376603531868873e-20
2565610344908851e-24
3763117599879405e-21
0
3763081709646629e-21
0
0.0009641651580964189
0
8.376197472760504
0
7.433185193580762
0
8.391058571430168
0.9889743562715234
18.524399066221406
4.529355795346412
0.524009585295875
19.946463387600954
7.117582472562565
20642472646848327e-42
0
15236585416651195e-27
40113291697226194e-29
0.0013132556863047365
0.0067632770514255485
0.006082998568988217
0.011533301888948687
2059909674548669e-21
5185601364927202e-29
0.0009591715515105308
2180055856569349e-21
17035746346195514e-22
6145047493692395e-35
17543012363039734e-27
20074629184076697e-27
0.32725280791193584
0.32486527881727717
0
0.244339425159786
0
1.36830163192728
1.3490563678824807
1.4174877678392432
0
1.9543635744128804
0
4.386362847040195
0.034052658206967484
19.238633249273327
18.70994782508678
0.2560327324309351
38.50899923569504
36.359501619876
0.8222535196312708
0.0004943234207778427
0.01739274902621595
0.25636671217315543
34.90308873069652
0.06028586273943557
0.35685633529374244
1.2815066025105153
0.5824518901770777
34.99385313728534
0
34.98467630847887
0
16.22851466549142
0.0007962224168099848
0.0007961536379495302
0.015945056399207663
6.983060291145491
0.3453378309740585
0.199458452545349
0
0.0006272976717214368
0.01973583495030599
0.0390214171482027
0.01284229174028381
0.04616185437415373
0.00010520914156603681
4562920240505647e-20
0.0015970065974273138
1.993586426374472
0.35108158415677165
0.0037583490606279348
0.0006794283048705336
0.0036720884125517584
0.005988310174888601
0.0021900201081458226
9596313818522228e-24
0.03771836529781037
0.8891354476004334
0.009265753341004218
2601550193063155e-27
281088235758519e-21
22072417202654658e-21
0
0.4705132499803078
0.2578568472419928
0.1622732502693369
0
0.146123929013322
0.007774313596552702
0.055949761541844806
0
0.0003082716460982993
0
0.11911745677327312
0.29293152903076164
0
0
0
0
3395487155756887e-22
0.373523443937847
47000220121346365e-24
4625951401789204e-23
0.28755044269465396
0.12329703343774624
0.16066706259260793
0.4766122024735146
0.0005485113163489339
0.5314641262694474
0.001159546025196186
0.5328404139690669
9220122663269543e-22
7362550997110196e-20
0.30599486772602175
0.0007534040201410979
24230498468213253e-43
0.10094638509468934
0.0005427185746717242
0.14925007018296005
0.02208513354500408
0.048341964031699
0.000997211673558934
0.007940355628081023
0.19978312077747878
0.222423654644243
0.20941359823724373
13344549912646153e-44
0.06330137255994958
0.06332028535590767
0.357256812208159
0.4543380355781737
0.00016752694755292806
0.4547002141251938
0.7672080314801512
11.63801465291611
2.1436258882409636
2.8294215941874348
0.0950649343452047
0.4854671652523474
2.7129759599131695
4.2610304072613125
0.6087776929320339
5.097081405485474
7.1525915363794965
2.618915674723453
2.4509329529012898
2.893937838898052
0.7329112516205416
36.522225927345055
618.7376172302477
4.001871593180697
1949.3128648903332
1.0999680095140396
23.217859452125605
1.1590568755223696
44.73129012782519
1.306482098242411
1.3967805475285602
1.0999669949549826
0.75064479806817
1.0429965405571517
39.733604125746815
0
0.0008249047567236616
0.0008362769363078206
0
0.0038223119342768535
0.0022452702633718982
0.0023848336664445075
0.0008867522298592788
0.001787264307831553
0.005247336422481029
0.0012279039154227621
0.005154096562401412
0.0008912306113276962
0.00231163426382899
0.003920005618186256
0.010087969065715187
0.0018887462003925692
0.004339350962587667
0.0027246437335132693
0.004669386751346235
0.003903241509930359
0.00645053950569172
0.0071195908845656875
0.005887238125237419
0.00352513710470814
0.0018960873950571318
0.007369699226280614
0.022218871882141347
0.06491129746054539
0.039238586255891154
0.0959065787571558
9118781047097898e-20
0.009972157601859903
0.1476805598899936
48060719805288595e-22
0.06638387571686787
0.010769554113359319
0.0012673953795214483
548630988940672e-20
1204421347140081e-21
0.08769480501321787
0.07803028097312213
0.004120651991317755
0.038318336188976225
0.01970874003954768
0.005738756408957555
0.011911671204339409
0.0004825623309210879
0.13148239564770253
15699129970688896e-25
0.07018897928913978
0.0003417532721521326
0.009505664415679602
0.010757983661605878
0.0001570276807859944
0.00017083478658928698
0.11656525448373004
0.0003932932849817288
0.05235314292905081
0.15103031214262624
13179204420617927e-22
25861567266618388e-22
0.00014469745010472771
12571255099059298e-21
0.0005939976088932643
17002674594667444e-21
144322739370616e-21
1004402688703013e-21
1907648525687207e-20
0.06847063303358922
0.06910335067714059
4349726518432627e-20
0.00021262081830376563
0.019114156622803868
0.008072561026922219
0.07984986439890815
0.019661317511701994
27827798096215586e-21
0.110577309760605
0.036656566553942546
5573474199123089e-22
0.15277493705371528
4458960824332613e-22
0.003745601744145414
0.0009812591810064897
2299456595297764e-27
0.1522097618025349
0.11911159996058206
0.017673325844698537
0.1530459536283927
0.09043708289082189
0.007331996455069016
0.13752285535136746
2233218458641114e-25
4630588088816317e-21
0.0006288862172513886
9119527207785497e-20
0.1069861811977113
8645590255538622e-22
0.00011179757217785281
0.1244847536968819
0.0009280064212165363
0.011667708102986039
1220054229104001e-20
0.11117186842077914
0.08398073047932879
0.020655099674845735
3146773205342906e-20
0.00015341756206965017
1200667762780491e-22
0.013434295672702332
0.12510312647984503
8333314423571162e-24
11103132651352812e-21
9106223403477015e-21
9648969122444624e-20
10586252812693999e-21
0.147065539183466
0.12446399666614384
0.0051199130383833375
0.0015451544628474008
0.03951576665847272
0.0058374581589217414
675978802600426e-19
0.02734125033082205
8322751571485137e-20
0.0007202730728571276
0.07213213390931579
9970365467329583e-22
0.10567658180230936
0.10404163815446717
0.0018236780706359053
0.0005366997102527804
5829910048563368e-24
0.0010293775167385458
10390421151572394e-24
0.010139086150422241
0.028177601768029702
0.0009028191854037666
0.00033748165712004234
0.00015451767893698276
26181717963598356e-22
0.006073890461967185
0.029389231488305034
0.0208602549348632
11257175775219754e-24
0.09090801416153764
0.06130733329080653
0
0
8177025812057258e-20
6661141078987673e-20
1033636759739262e-21
7596596551468504e-22
0.00019343343258770645
0.009627828499349227
0.005352273912532269
15204233359316845e-24
0.0001314757194397413
7328658573822712e-21
0.05222159303635062
0.013169204361814653
0.08665704048582445
384563384017666e-21
0.05579533345724878
0.007610815253910076
0.00012012439168364731
0.10245631484217994
0.0002963092889418637
18549559457231184e-29
8513861233557108e-20
37361380573124103e-22
0.00012469516799949086
0.01599240078700805
0.0038837016849847033
0.0001635155923348452
0.00015208443942959973
3799874491486497e-24
0.0005141289582630767
0.02224580609117161
13135133332800763e-24
0.001801569746096635
0.0017965390013268882
44184777191824504e-21
0.09207190265060279
4336989916364771e-20
0.1446408521610026
0.0019058513082283414
0.13379951016078698
0.003288225100729066
0.0007002276967933499
0.0005688595334057484
4474856130382877e-20
0.12915770222711206
12101796153671374e-21
2156700861065155e-20
0.008210373552222466
0.006389270324461551
21715984135481225e-24
8722001945847125e-20
0.0030432814910491715
0.10775170185721636
0.029040409795684605
0.00010009949432013489
0.022317797467044154
0.000353954715514927
0
0.09512841908098839
0.012137561484117074
0.13886913875543405
0.1481499190277481
0.14387873219493563
0.048648120819297806
0.028543779048404747
0.09729185257404224
0.14097906274657096
0.09386094980157988
0.14938266273424652
0.14435274422990496
0.0007644305504774664
0.015409404448804892
0.11273271042885215
0.15306904663376036
0.11035637131817047
0.0002991142180809173
0.0260499904692072
0.1525194297610656
0.09622559320955683
0.12634493111203438
