2.5294801697192977
21160096863226447e-39
52127883735456106e-40
0
37643791292225493e-22
2593146760909145e-24
37614396619469725e-22
0
3761420436667224e-21
0
0.0009581961067096053
0
8.483828940406944
0
7.559497962210791
0
8.518572513966024
0.9830240034794538
18.715817478343485
4.489444923441497
0.5262290367690933
19.71342565188425
7.21867216004456
3935182204700189e-41
0
1756431913465539e-27
4702693431192505e-29
0.0013083186153576207
0.0067539528964021735
0.006044301359939279
0.011490213552116732
2064511043140803e-21
49293434111149275e-30
0.0009532059889748359
2169242137727807e-21
16972888216004494e-22
6165026086816962e-35
2021374280056227e-27
23130765946798846e-28
0.36551289945278853
0.36295242579506903
0
0.2780698655286463
0
1.4145519692881108
1.3920237817376924
1.4625701820830492
0
1.9537740688436882
0
4.3814477643723535
0.03309053295531179
19.011541550769714
18.519968191199673
0.252438255046987
38.191489022469376
35.90088952062107
0.7711747444449285
0.00039290945175652015
0.017180578554858234
0.2527338514755276
34.501670454142136
0.06278018600261046
0.329263144691495
1.0706420688805054
0.47787646283759916
34.2624327514707
0
34.25597698095345
0
15.837232903043992
0.0008790023590691334
0.000878921398143091
0.015684685507985713
6.9830599234374455
0.34408777560730136
0.1982560312419843
0
0.0006159345762143726
0.01966330845317806
0.03573399275673563
0.011328519921137342
0.05272357315431894
0.00011256395563794475
4669418641775851e-20
0.0016182162948962192
1.979157470478379
0.34753435745079697
0.0037637783016292105
0.0006614552208948236
0.00402091334927135
0.005671280132431766
0.0021279410084282724
9235363954608358e-24
0.034972569337727105
0.9029599426046432
0.008330433749682977
27624335879722685e-28
28959096722980396e-23
21367110102454664e-21
0
0.43493398172797765
0.2360549630934369
0.17800886296554808
0
0.1364571020161418
0.006977787610739022
0.053512130541542795
0
0.00031193279561231746
0
0.11857027389387706
0.26637280223168613
0
0
0
0
35018238087413433e-23
0.35352008318560585
4906004953925791e-23
4821521130909421e-23
0.27676055328127824
0.11115089013910401
0.15723255569670558
0.46569640352595326
0.0005149324081882781
0.5289556260859349
0.0011550029860205526
0.5313943762407662
921470984410842e-21
7075088682825865e-20
0.2935906900766337
0.0007492009412830229
36884849081517324e-45
0.09285544578368712
0.0004069745180895693
0.14361286282378738
0.02163201648194487
0.04918941283189369
0.0007416815771300178
0.005399440929799459
0.197250097582626
0.22453062951319966
0.206299794328424
2027903497135245e-45
0.05609026102253713
0.056106731467416245
0.34971891832081387
0.44409342872139845
0.0001406254957267337
0.44448275178547547
0.7736570243574016
11.639028349318151
2.144593134314082
2.831678394941417
0.08802773459005073
0.48551220248751026
2.7145400412428744
4.266209573699397
0.5756365763898325
5.093168698270558
7.159018253075613
2.52060285698229
2.4443548079424153
2.893638893912902
0.7401188013919371
36.25218202411646
618.6930755781633
4.001848959061828
1782.4673391994263
1.0999663271573734
23.217796165798095
1.1578304061446054
44.69461822184458
1.3065212251154021
1.3967651924986406
1.0999653122019475
0.7360364995757915
1.0388776646523938
32.30031418291264
0
0.0007751352244045007
0.0008261771617821549
0
0.004006646647996519
0.002138645535339966
0.0022919544615405177
0.0007842392830310493
0.0016659830404521833
0.005335235998024274
0.0011202926552553057
0.005064283711219206
0.000800732251918235
0.0022248608959497783
0.003880908132535974
0.010311916437434858
0.0017600224660598454
0.004360881650791839
0.002644739631530045
0.004703890307401342
0.004192232528235424
0.0065499091007983935
0.006945397225298679
0.005911035647415368
0.003519202094038357
0.0018956310133228858
0.007362713672038698
0.022152952747631502
0.06427163630422054
0.03902312004291864
0.09432502934842686
9118675937554577e-20
0.009959285781699224
0.14192955474423646
4806069061345915e-21
0.06571140475184371
0.010754511951120833
0.0012671917728483164
54863060853925e-19
12044211638098866e-22
0.0864202755299671
0.07706022988701008
0.004118485099098022
0.03811340443486227
0.019657211932533076
0.005734537254799192
0.011893217299836346
0.0004825328681442028
0.120507719029434
15699129967574118e-25
0.06942690409567318
0.00034173849982798256
0.009493982093811875
0.01074297423230262
0.00015702456341885334
0.00017083109679476782
0.10531389621310681
0.000393273718668713
0.05195402831313157
0.14446964865790643
13179202225511328e-22
2586155881405968e-21
0.00014469480316082589
12571235125937936e-21
0.0005939529559828587
17002638058107676e-21
14432273673825426e-23
10044025612081634e-22
19076439263844772e-21
0.06774989746095549
0.06836756305769917
43497026048855944e-21
0.00021261510215351813
0.019065765077592663
0.008064165152417957
0.07882675801429379
0.01961004336978619
27827700223451165e-21
0.10830920866222563
0.03646991658346528
5573473806542842e-22
0.14445292756885242
4458960573060871e-22
0.0037438129509286522
0.0009811372138554943
2299456595297094e-27
0.1435716135495321
0.10787185365190712
0.017632107766530885
0.1450308601191341
0.07970044022252522
0.007325082825433852
0.13321271213036814
22332184585780877e-26
46305853789186355e-22
0.0006288361607963966
9119422081038081e-20
0.1049050836874232
8645589310899205e-22
0.00011179599218809283
0.1213389524094065
0.0009278973467720299
0.011650013082979737
12200523478538186e-21
0.10887145429344978
0.08282997650616382
0.020598365131599686
314676069011524e-19
0.0001534145864185822
12006677445616082e-23
0.013410733180995948
0.12191128567915087
8333314414794852e-24
11103117070966298e-21
910621292346592e-20
9648851433465175e-20
10586238649175057e-21
0.1372704831739095
0.12131972839236671
0.005116559763188875
0.0015448516350384709
0.03929706959267703
0.0058330915876182755
6759730268190382e-20
0.027240062811620964
8322664013785404e-20
0.0007202073973454916
0.07132152756629084
9970364211013105e-22
0.09450857821480016
0.09290321129545014
0.0018232559528454835
0.0005366632613286693
5829910044268016e-24
0.0010292432792230325
10390421137928376e-24
0.01012577432450792
0.028069885371261292
0.0009027159575500694
0.0003374672519143543
0.00015451466044991483
2618170930046842e-21
0.006069160318879736
0.02927166498518116
0.02080235685940815
11257175759204466e-24
0.08015300009419525
0.06074374281312998
0
0
8176941293955089e-20
6661084994745904e-20
10336366247146839e-22
7596595822154114e-22
0.00019342870177641234
0.009615840379716401
0.005348607317602493
15204233330101925e-24
0.00013147353419216
7328651785971511e-21
0.05182464699923085
0.013146577593461991
0.08541798824593104
38456336532754364e-23
0.05533697887864879
0.007603360764167394
0.00012012256753428062
0.10059263653953146
0.00029629818524116194
18549559457230752e-29
8513769608225749e-20
37361362932030045e-22
0.0001246932023689519
0.015958794681866884
0.0038817779216851023
0.00016351221199423802
0.00015208151527684448
37998744896617005e-25
0.0005140955123444049
0.022179722371470693
13135133310996338e-24
0.0018011578223771927
0.0017961293797899387
4418453043672793e-20
0.09063973568556573
4336966142664151e-20
0.13454581719622724
0.001905390203479337
0.12987099161891918
0.003286847995201098
0.0007001656288670101
0.0005688185823746228
44748308211186444e-21
0.11810284022253359
12101777644462694e-21
2156694982414829e-20
0.008201685650917133
0.006384032230054844
21715984075882795e-24
8721905785306131e-20
0.0030421025947007974
0.1056318785721975
0.02892572682789644
0.0001000982277145439
0.022251272766880905
0.000353938869090237
0
0.09357807809115082
0.012118390274900507
0.12827643217181758
0.13851774135201364
0.13370323698741368
0.04830746721435211
0.028433134802240318
0.08631888426561354
0.130541761926447
0.08299787463657902
0.13996743820019517
0.1391700902267611
0.0007643565677716169
0.015378249916932209
0.11034553511623191
0.145115317443548
0.10810017668933132
0.0002991029030906866
0.025958453596043967
0.14534337206307887
0.09463111412294077
0.12305841069394778
