2.782677189346976
0
9155813889703895e-37
0
37570292764947965e-22
26463637289507394e-25
37540461065040305e-22
0
3754055498668877e-21
0
0.0009461676572250894
0
8.576079446384488
0
7.652579891926529
0
8.605506365052559
0.9736594566349925
19.06531615316818
4.405250232708041
0.5320581920126716
19.084529802689
7.563485739478597
7106266555882222e-39
0
23166886491299186e-30
6367327194428055e-31
0.0012984004395676446
0.006735300901779608
0.005966465397355722
0.011403644977843422
20725118500221644e-22
444074628937537e-28
0.0009411928560103251
21464242639370297e-22
1681883725327159e-21
619697727261648e-34
2664161824353277e-29
30486109078798594e-30
0.44732979050189603
0.44455796321338464
0
0.3529841439030034
0
1.5002291491030362
1.4764958351180186
1.5507379128071248
0
1.961078236487944
0
4.370910281781156
0.03097875378313782
18.46978405080417
18.043861492029837
0.2439514394540553
37.84494774280403
34.808474340767084
0.6774007563095971
0.0003417548093020648
0.016677782165734904
0.24413255402148684
33.35604985684882
0.0671408852475437
0.2744007987449153
0.6538159795700437
0.27905030962697924
32.26684386029381
0
32.27037499695657
0
14.672454892679365
0.0010478149702279535
0.0010476933504757694
0.015359591184602036
6.983036889337903
0.3405937461678853
0.19998118665894302
0
0.0005764031322975133
0.0194552922272325
0.029710241801492905
0.008676322264942034
0.06731201647681427
0.00013026406707730267
4935370339644727e-20
0.0016547446850850567
1.948795813724335
0.339507988670217
0.0037744606209895643
0.0006402995003160854
0.0048248252317058225
0.005139346718416004
0.0020003993112848867
8574774937195597e-24
0.030100508982629757
0.912349611487242
0.006687473491808965
31103509291761377e-28
3082072035918372e-22
20483143459338572e-21
0
0.36892011014167864
0.19490696791273218
0.21042944121561682
0
0.11864462745741296
0.005629475607935724
0.04740172361290811
0
0.00031331796219425957
0
0.11757411239076214
0.21919728129628485
0
0
0
0
3728703131967431e-22
0.2939877286587836
5337370973750007e-23
524551278387659e-22
0.2534801203668376
0.0900723112530284
0.15008179930625842
0.44371773716036417
0.00044695204721961654
0.5216206324049576
0.0011418985230870473
0.5267845604827741
9210525307412118e-22
6503945559126369e-20
0.2701784969564115
0.0007420245043983473
7390405964745754e-48
0.07812759235458196
0.00030377981217871405
0.13291278173209103
0.020640848561104548
0.05073897537884898
0.0005465413850188361
0.002617663420137065
0.19268247930821353
0.2279728273279623
0.20123014715483417
4062484879823137e-49
0.04419874761898757
0.04421149878507656
0.3341720427034547
0.4235690874947177
9024763432624277e-20
0.42401030155976444
0.780330889658517
11.669360119389738
2.147294452875468
2.8392683179604865
0.06886273708329728
0.48663210247183025
2.7194026543422805
4.28435986237991
0.4770006915329453
5.082024006440683
7.176581853212151
2.3316271942859847
2.4246093519394933
2.8905103990650365
0.7528754744448924
35.524380793841104
618.603847390503
4.00180361268362
1489.9332968080696
1.0999629566151026
23.21766937409981
1.1553771156305928
44.62123761225284
1.3065867139966958
1.3967344146655392
1.0999619408650865
0.7075772424712764
1.0306744965912593
28.231425948986487
0
0.0006317715269357556
0.0007640201436628204
0
0.003991580527254534
0.0020261288325136126
0.0022103160175784347
0.0006415542735557397
0.0015031459159698017
0.005759706443543607
0.0009732202000939378
0.005057231337356145
0.0006733533414945534
0.002152339659597808
0.003972281505665071
0.011243296970401204
0.0015896991455151468
0.004598834370206913
0.0026023877568638327
0.004983051700833086
0.005037450886278541
0.007049030867287004
0.0068765286295549
0.0062171585127319875
0.00366224503210405
0.0018947169969828653
0.007348738243690674
0.02202147360404193
0.06300899739176255
0.038594993313051114
0.09123447885202828
9118465357451592e-20
0.009933547451084856
0.13107262966753125
48060632128577e-19
0.06438455592770248
0.010724438622504101
0.001266783951526373
5486298464174547e-21
12044207965135448e-22
0.08392225548792172
0.07515289429402489
0.0041141472246986645
0.037706121570840974
0.019554381922020806
0.005726093639209209
0.011856331439347008
0.0004824738457858565
0.10119942790323615
1569912996133377e-24
0.06792491385186564
0.0003417089058504746
0.009470620099102076
0.010712966276128952
0.00015701831805553791
0.0001708237046443228
0.0859341662725729
0.0003932345210890073
0.05116354543962567
0.13217054926706892
13179197827683646e-22
25861541879625694e-22
0.00014468950023553427
1257119511049697e-20
0.0005938635053446116
1700256485846633e-20
14432273146439867e-23
10044023057761889e-22
19076347118558e-18
0.0663286711344177
0.06691692237053397
4349654695222671e-20
0.00021260365048406343
0.01896918239168247
0.008047370538262714
0.07681626728393567
0.01950771915651691
27827504139403326e-21
0.10390414725402639
0.036098823652128735
5573473020020434e-22
0.12911907982788035
4458960069645677e-22
0.003740231728384397
0.0009808929020170335
22994565952957564e-28
0.12771229235074089
0.08844371308210143
0.017549817607913187
0.1302136507696363
0.061872640674483774
0.007311251188179542
0.12497964044918917
2233218458451813e-25
4630579949726467e-21
0.0006287358862102213
9119211466468113e-20
0.1008566721798254
8645587418343397e-22
0.0001117928267942207
0.11527359288316127
0.0009276788580362252
0.011614642352525498
12200485788354701e-21
0.10440487036219276
0.0805717005607833
0.020485167643084994
31467356163899916e-21
0.00015340862496652306
12006677080606374e-23
0.013363650716037512
0.11575945315685084
8333314397211794e-24
11103085856205268e-21
9106191927121215e-21
9648615651521099e-20
10586210273056017e-21
0.11956547605934396
0.11525724928561279
0.005109848185396259
0.001544245107358619
0.038862551576661276
0.005824353120676594
6759614553665476e-20
0.02703846203192154
832248859738922e-19
0.0007200758364876199
0.0697248069387943
9970361694022028e-22
0.07555929292405426
0.07404695514983799
0.0018224105467331225
0.0005365902444738475
5829910035662399e-24
0.0010289743911413673
10390421110593e-21
0.010099157050081702
0.027855316185856103
0.0009025091792194967
0.000337438393376255
0.000154508613181006
26181691944161774e-22
0.006059694702311556
0.029037537201434566
0.02068684287781137
11257175727118317e-24
0.06228239339042935
0.05963014664861424
0
0
8176771967156397e-20
666097263310735e-19
10336363541971333e-22
7596594360995299e-22
0.00019341922408910132
0.009591867441478432
0.005341268962562764
15204233271570684e-24
0.0001314691562248909
7328638186738613e-21
0.051038432670274365
0.013101362455893538
0.0829886330926688
3845633278824595e-22
0.05442997712992622
0.007588447882765435
0.0001201189129902808
0.09696018866719203
0.0002962759405690347
18549559457229896e-29
8513586042649635e-20
37361327588663916e-22
0.00012468926438164232
0.01589167820146428
0.003877926587444308
0.00016350543979569624
0.00015207565699558787
37998744860057756e-25
0.0005140285110176115
0.022047915709458556
13135133267311808e-24
0.0018003328291830208
0.001795308996574123
4418403607460161e-20
0.08783710923611951
43369185131757625e-21
0.11639106692457647
0.001904466729871049
0.12234395651315197
0.003284090741441356
0.0007000412942314107
0.0005687365471083231
44747801152142216e-21
0.09872010006881185
12101740561915622e-21
2156683204767306e-20
0.008184307356566313
0.006373550785188944
21715983956479168e-24
872171313379951e-19
0.0030397420858193497
0.10150952516992816
0.02869732382559146
0.00010009569015728655
0.022118588584261887
0.0003539071233985423
0
0.0905476216844274
0.012080072402010658
0.10942324313270202
0.1210631796391017
0.11543089039639723
0.047632138231095196
0.028212751166785306
0.0679178929392257
0.11189824579317237
0.06487026906309887
0.1228520928183709
0.12933990784797778
0.0007642083672301022
0.015316022149293335
0.10571391320602652
0.13040210889613427
0.10371779237905293
0.00029908023514237065
0.025776028883037653
0.13196620773465637
0.09151567548097733
0.11672894158977724
