2.8165690632973144
0
22279089689291647e-37
0
3755300663489596e-21
2653044564778914e-24
375231507790029e-20
0
37523322896029877e-22
0
0.0009445463543501625
0
8.581580816131295
0
7.660485801827735
0
8.614214984967926
0.9738093876350026
19.135119040175066
4.394200648015238
0.5336310825833177
18.996939983697555
7.637811365495847
17346752440154608e-39
0
12979371965687509e-30
35765327859874894e-32
0.0012970680003758263
0.006732807121940291
0.005955995195093355
0.011392014197759004
2073451231859265e-21
4376611778597456e-29
0.0009395754299057361
21432477141915325e-22
16792086844279173e-22
6199849337317126e-35
1492498977168897e-29
17078708626403815e-30
0.45870608096334065
0.455920501131789
0
0.3635663113806214
0
1.5126188880185334
1.4883875353125893
1.5630584687745885
0
1.9632312312492621
0
4.369353064232813
0.030698903695053167
18.397029224460514
17.979628529264055
0.24280691277296546
37.767736942194105
34.66103190388186
0.6657432043852697
0.00033603908053832416
0.0166097119974136
0.2429803279170032
33.149965269081335
0.06764060420207048
0.2673116581518433
0.5992618904681302
0.25396758784044443
31.94857674285485
0
31.953652344082073
0
14.465278283100945
0.0010707297342839714
0.0010706001213510686
0.015372868152942896
6.983028226842724
0.3402986790870156
0.20108345347806103
0
0.0005696517263502315
0.019424574277696963
0.028961296525586062
0.008358207471565394
0.0693836528093945
0.00013337297039380688
4989875590732482e-20
0.0016589042478235005
1.9444733602979065
0.3383276984757918
0.003775867784850213
0.0006408641453646797
0.0049560709848403325
0.005087758349973776
0.0019833789673903454
8499516105806503e-24
0.029524679926428377
0.9130855753480316
0.006491285732836527
31621562213424947e-28
3111361532624833e-22
20479452400694392e-21
0
0.3606126647201553
0.1895707405126256
0.21476848326115347
0
0.11639571715958512
0.005469606582381086
0.04642542000538909
0
0.0003131694198924773
0
0.11745195798225569
0.2134624566892163
0
0
0
0
3765153364223045e-22
0.2880607558292357
54019911661837814e-24
5306999603844624e-23
0.25021616253472273
0.08754650519858129
0.14912293622303827
0.44076226014947245
0.00043808852982455695
0.5203369366718256
0.0011396691612116294
0.5259536833727989
9210589220478519e-22
6431393629665913e-20
0.267234029613136
0.0007411668669685738
2337335293644865e-48
0.07629187552884416
0.0002979578521335778
0.13153929148209428
0.020497999109071185
0.050932505719040004
0.0005353203342977924
0.002392737996898202
0.1921170161715816
0.22836350346992437
0.2006489953254661
1285147467518114e-49
0.04282490056093346
0.042837224974295075
0.33203300804007146
0.42081956174681284
8545034603437417e-20
0.4212660966412797
0.7806023885110881
11.6759006360865
2.1477110687395817
2.8405236073859377
0.06706675189753787
0.48687216410653006
2.7201786151454943
4.287400091170703
0.4672443231285593
5.080144869606597
7.179353682481349
2.301164083955537
2.4214241084410526
2.889824525591296
0.7544207557122423
35.39650750890703
618.5919046621719
4.001797542849688
1454.6064872588443
1.0999625054494628
23.21765240235599
1.1550491233330678
44.611424343582044
1.3065943941961917
1.3967302936400607
1.0999614895930445
0.7038486724019355
1.0295813821756266
27.79195249627597
0
0.0006180047934028267
0.0007522294968729148
0
0.003647507353170975
0.0019879892994520004
0.002173962527923106
0.0006174790932784953
0.0014646884007742005
0.005751838467933402
0.0009439692445378664
0.004997264986587384
0.0006500504883288166
0.002117754310850807
0.003937988991460682
0.011239899050029837
0.0015492811894785752
0.004577324667751813
0.002566385290105328
0.004962609502100481
0.005100215817916715
0.007034959826115953
0.006794187586361145
0.006186025107688577
0.003638640136093051
0.0018945946840997346
0.007346869566579845
0.02200393368505253
0.06284187906847664
0.03853804366933939
0.09082854915126758
9118437170465512e-20
0.009930107279357944
0.12968383576825648
4806062430004534e-21
0.06420899470299712
0.010720419521773982
0.0012667293722632997
5486297444031596e-21
12044207473488304e-22
0.08359340702804657
0.07490119490198334
0.004113566922146462
0.03765193572431189
0.019540658417772822
0.005724964356673057
0.011851402744360398
0.000482465945852396
0.09886142482042581
15699129960498463e-25
0.06772634527457992
0.00034170494472125757
0.00946749732766726
0.010708955904962377
0.00015701748209667182
0.00017082271518684293
0.08362646791991454
0.0003932292745645272
0.05105865151432979
0.1306057362894473
13179197239009288e-22
25861539612855374e-22
0.00014468879042330368
12571189754210248e-21
0.0005938515328857518
17002555060298225e-21
14432273075846283e-23
10044022715851583e-22
19076334784416405e-21
0.06614070814293514
0.06672509603643785
43496482822794236e-21
0.0002126021176592034
0.01895629142804931
0.008045125138658295
0.07655107186888625
0.019494063052151987
2782747789253322e-20
0.10332826301152877
0.03604943812641055
5573472914739905e-22
0.12719406262921332
44589600022606694e-23
0.0037397526212332556
0.0009808602040925177
2299456595295578e-27
0.1257268474371798
0.08612378159674199
0.017538831781832197
0.12834872054411972
0.05981079814835905
0.007309401727227809
0.12391692001026988
22332184584349107e-26
4630579222998426e-21
0.0006287224650949447
911918327486852e-19
0.10032675958203555
8645587165013976e-22
0.00011179240309488892
0.11448505766513789
0.0009276496159696082
0.011609915933861792
12200480743316207e-21
0.10382106640226886
0.08027412692664256
0.0204700627917155
31467322601431526e-21
0.00015340782700953701
12006677031747732e-23
0.01335736101451838
0.11495990414269745
8333314394858201e-24
1110308167793705e-20
9106189116643671e-21
9648584091192173e-20
10586206474755428e-21
0.11737572452244255
0.11446908104380603
0.005108950470541689
0.001544163938221274
0.03880475461987975
0.0058231844205923495
6759599064762653e-20
0.027011590078204157
8322465117178605e-20
0.0007200582281357091
0.06951380714176446
997036135710838e-21
0.07332960352424099
0.07183221627468636
0.0018222974140252558
0.0005365804715027723
5829910034510489e-24
0.0010289384042598976
10390421106934006e-24
0.010095599488824845
0.027826719613179524
0.0009024815043480477
0.0003374345306826174
0.00015450780373732316
2618168962092141e-21
0.006058428796023098
0.029006340293083577
0.0206714294235108
11257175722823403e-24
0.06021446004386327
0.059482642922943266
0
0
8176749302058865e-20
666095759300112e-19
10336363179868123e-22
7596594165410829e-22
0.00019341795548151222
0.009588663064851101
0.005340287445984784
15204233263735947e-24
0.00013146857021991375
7328636366405171e-21
0.05093410249246449
0.013095321963044429
0.08266873681246664
38456332287022045e-23
0.05430970326795782
0.007586453928914966
0.00012011842381703366
0.0964840242324241
0.0002962729631187632
1854955945722978e-28
8513561471644304e-20
37361322857754093e-22
0.00012468873726888217
0.01588271572167768
0.0038774113543122014
0.00016350453331934704
0.00015207487284815135
3799874485516409e-24
0.0005140195431682394
0.022030332174326653
13135133261464386e-24
0.001800222427789552
0.001795199212012475
44183969901814035e-21
0.08746859739764494
4336912137735133e-20
0.11415458425814105
0.0019043431515991989
0.12137009466136994
0.003283721842771576
0.0007000246530025902
0.0005687255671150646
4474773327981561e-20
0.09637941395804255
12101735598212535e-21
21566816282664844e-21
0.008181983968178907
0.006372149090175785
21715983940496308e-24
8721687346612819e-20
0.0030394262571878244
0.10097007307220669
0.02866688794869193
0.0001000953504955686
0.022100888189762833
0.00035390287427163004
0
0.09014949584505903
0.012074952537642307
0.10711950202452125
0.11890015176097282
0.11318252777117246
0.04754246092472111
0.02818338147170653
0.06577289056965019
0.10961369643031153
0.06276539811999335
0.12072587837469241
0.12807788467204914
0.0007641885319179128
0.015307711736379346
0.10510887926645746
0.12854934701788437
0.10314482810525019
0.0002990772010377874
0.025751707773136078
0.13027162532319297
0.0911065146800107
0.11590678695613794
