0.0007503376883825658
32.95054673463923
141.17050243417194
0
146.66090816699887
0.5199494797451725
210.0661447755171
0
100.96326873741214
0
361.84859352702375
0
29.119445865730654
0
34.15102046436057
0
27.92025152340847
17.582147451951275
310.73567193849203
343.0873112107091
9.814095589862816
46.77868731465658
15.17359411395533
1.0950708209411963
0
6.44631857815385
0.6389531666152799
6.276049789537114
0.0065544691045742185
3.08715407237101
46.96186504180339
9.247239457534217
7.0845678116285775
0.45266419293041754
18.29471361529356
2.530217387177185
10686725713534372e-22
44.63317463006533
60.701862956387146
34.90787666941808
46.7667199343224
0
4.787838493278423
0
174.5305091870855
37.93275071547426
4.57481495450375
0
17.334048265006633
0
2.9328813601012738
10.32248670623073
33.245830872018395
32.931779667139054
18.365188526072796
165.81542558833945
73.14395103527936
1.5716056851919238
0.1413955478151069
0.011382762474275622
18.296831839610572
51.23442343299282
1.8368390057651705
3.210981231824558
0.009230697924127394
0.019824053930020673
325.762361196025
0
278.12343065686906
0
7.020145157694938
0.03952673360769184
246.20876984144846
13.665658278741134
5.612310069144677
0.9591580128816154
2.9990523008057446
0
6719202004077106e-20
2.9025108658505947
0.07681252504642928
0.0020100266548975657
0.04515660903238728
0.007730958230067857
0.0005878311854247602
0.0017275191599034209
0.19284051675055996
0.6786268953386402
0.7307575333507641
0.11007848293212075
0.009405325262565342
0.09142159451496232
0.018873385201162485
2.2699512581356482
0.026373163184609978
2.7015608265693576
0.01299268039581056
0.027534786168395234
9.495012307693125
0.0004914215557166772
0
1.2643263456948102
1.5402888817845275
0.21364420709865486
0
2.74051293249745
0.00032862576432604644
0.04222893908198421
0
0.0036657452886431885
0
0.13421794744320095
1.2388372540635357
0
0
0
0
2.0768253981190146
0.5661922500744789
1.2054836647638703
5.867176993136097
0.29720349236287946
1.1535746077475977
0.1006523726730937
0.3006551100885852
0.012100841271874146
5.443654455894671
0.0037102486567912717
1.624799609870259
9048445141016458e-22
0.0636267438977466
1.8712416926417106
0.2667546568734366
0.5222851627703519
0.0041151393661224495
0.8711831116114183
0.19973931290817895
0.00045074738186320364
0.017661016647134913
0.996999771683437
2.3247506382694003
0.13343003299074102
0.08532039707268847
0.23492061402847628
0.023685391056692866
0.2853583228721388
273.6616295100287
0.38932571952505646
0.6326100455827595
0.15246287098351724
35.39344956438422
0.2347539679992957
6.9911283828967
1.9903474181031413
2.810613426520122
0.18449302430120473
0.30716786299339577
2.395628893382457
4.223471180003258
0.924101121552654
3.7987728513227688
3.7166972336289303
4.467134706223659
2.202444370566728
2.5973333224999986
0.24501746527643634
31.030794680021756
619.584921978416
4.002301870703359
10680.037115114626
1.0999999900112347
23.219062498116664
1.1826195488551905
45.434138909025535
1.2339140763245624
1.3931991671300061
27.656158931131703
0.25369754653811105
1.1244728691085812
49.87796862299583
0
0.0008795708930657281
17457880711363913e-22
0
2325750040019689e-28
0.020352843363743985
0.0330660391193356
0.05666372262023816
0.027278771855370598
0.029542896624202106
0.0434769147534164
0.03298451274589124
0.047577415400777104
0.031604717893313025
0.02912249591486437
0.044945721077858415
0.0343534557886834
0.02656968661022704
0.030788031886334
0.02656918224136639
0.03377665608202217
0.0356538077322015
0.04967036137259626
0.03285067223548235
0.02507324601665312
0.001904783705917651
0.007503755644540654
0.023509910490618045
0.07835684809831914
0.04356832605601301
0.13155923056693453
9120779310458549e-20
0.01022002719988559
0.3142236107281532
4806127471770789e-21
0.08055970059771995
0.01105952634442722
0.0012712719772168231
5486382200618045e-21
12044248320788538e-22
0.11583441615371487
0.09897759477396198
0.004162060065160405
0.04243037103618055
0.02071433694117352
0.005819551501407675
0.012267958975535183
0.0004831227326672651
0.6893065579795745
1569913002989805e-24
0.08637603597763682
0.00034203420152319056
0.009730488398139638
0.011047320406059212
0.00015708695075579974
0.00017090494124894607
0.802700449132902
0.00039366540725898865
0.06055081043495087
0.3513187290896168
13179246147586246e-22
2586172794228423e-21
0.0001447477752125297
12571634775226552e-21
0.0005948470571605956
1700336913501749e-20
14432278940933115e-23
10044051122625076e-22
19077359561876364e-21
0.08372675625247783
0.08469783522849546
4350181117330527e-20
0.00021272950614029866
0.020057752194959297
0.008233831467246606
0.10203160611971294
0.02066189128333541
2782965863029446e-20
0.16396819271151236
0.04039197854777437
5573481661707202e-22
0.443059334765686
44589656007732977e-23
0.0037797680183190062
0.0009835805467097714
2299456595310469e-27
0.462143452227289
0.7838197290821858
0.018475426557065668
0.42550092529925604
0.999249943744546
0.007464666026873978
0.2519156125629457
2233218459839236e-25
4630639601707871e-21
0.0006298385012176555
9121525798236271e-20
0.15541638345380837
8645608212259479e-22
0.00011182761053464052
0.20249734991136348
0.0009300822632768783
0.012009231907676114
12200899904409991e-21
0.16542983939231748
0.10916514146166516
0.021763784801085057
31470111174412675e-21
0.00015347413735748055
12006681091042183e-23
0.013890153122633059
0.20447045813217574
8333314590400326e-24
11103428823911205e-21
9106422620862125e-21
9651206551563197e-20
10586522051386824e-21
0.5451591562695659
0.20243159530497634
0.005184075218087895
0.0015509222353221157
0.043912373596925784
0.005921086989368161
6760886041235234e-20
0.029337831797179807
8324416135672622e-20
0.0007215226417484856
0.0894186174398741
9970389348746671e-22
0.883203826575731
0.8953751869611534
0.0018317207417507457
0.0005373930407796935
582991013021409e-23
0.001031932577018129
10390421410932252e-24
0.010395485932879941
0.030305639721793592
0.000904783695651274
0.0003377556034156785
0.0001545750687345441
26181882642043585e-22
0.00616451039111928
0.031716062114419255
0.021992006616718424
11257176079655267e-24
0.9955489481250436
0.0730727439760963
0
0
8178632587328527e-20
6662207277147025e-20
10336393264320517e-22
7596610415058007e-22
0.0001935233828401285
0.009858575004869507
0.005422452400264526
15204233914665196e-24
0.00013151726583605908
7328787605644836e-21
0.06037284212231192
0.013606800990542827
0.11394525559305403
3845637392993676e-22
0.06526743190856035
0.007753916174559887
0.00012015907230508705
0.1452409792316565
0.0002965204389342237
18549559457239282e-29
8515603131921356e-20
37361715915208485e-22
0.00012473253866883774
0.01664485109720309
0.003920452458266976
0.0001635798627019661
0.00015214003549948146
37998745261741815e-25
0.0005147651474900665
0.023540118007467664
13135133747282571e-24
0.0018094179666401635
0.0018043433091844755
4418946803473205e-20
0.12403664766152839
43374418566957375e-21
0.5722292955966943
0.0019146377252387554
0.23576355336451785
0.0033145125764117715
0.0007014085962647739
0.0005696385346661747
4475337262764368e-20
0.7076386137563835
12102148001592952e-21
21568126116910115e-21
0.008377283696182623
0.006489662932130023
21715985268391623e-24
8723830068349688e-20
0.003065778280160293
0.15720118798059113
0.03130898867566076
0.00010012357434177438
0.023620880651526024
0.0003542560760102823
0
0.1300055484311311
0.012507810983453495
0.6275325302542236
0.5317286584363778
0.5801281355210411
0.05560040065343483
0.030730848551916233
0.9462141355429808
0.6083519167858275
0.9725457841814763
0.5149281520612057
0.2892493448736189
0.0007658382543067356
0.016013772928269852
0.16933338648664406
0.42209040915607116
0.16342849539003
0.0002993293867576578
0.02785272508288323
0.3812269022435943
0.1322003268694741
0.20851886616655016
