2.9474216316286608
0
3824512437916139e-37
0
37460686226857277e-22
2677164112986388e-24
3743076421267444e-21
0
374312462312056e-20
0
0.0009382326769211492
0
8.54525689282247
0
7.649179234177445
0
8.61532652109278
0.978538048552502
19.44934611816682
4.353130238248068
0.5421188233874001
18.626480782022874
8.006444908075682
30103417413808294e-40
0
13860898772587727e-31
384827653285648e-31
0.0012918952466258484
0.006723185336688315
0.005915288937672735
0.011346858639297906
20767216256355347e-22
4129158739548928e-29
0.0009332833984232284
21306530530157684e-22
16666806781987225e-22
6206117375770969e-35
15935106715494078e-31
182345101539693e-29
0.5026165784826624
0.49985283894651944
0
0.40507099961274273
0
1.5590115082421185
1.5327410126226588
1.611654858791639
0
1.972813941513594
0
4.362504113506694
0.029612365119644407
18.102665152908298
17.71663110142474
0.2382308243162665
37.26514511449339
34.05983722135337
0.6228238942805797
0.0003216870796177245
0.016332150691104882
0.238302423306081
32.18233752709555
0.06934451255663143
0.24056472127320278
0.3929267272462413
0.16158800546812324
30.57735825222676
0
30.589661459714442
0
13.526489663755692
0.0011561427047022386
0.001156151671267279
0.015567172191306692
6.982970191909029
0.3392218084426877
0.20791007978330092
0
0.0005404968732564537
0.019307494379457103
0.026202644113469068
0.007209285938816915
0.07747775651673032
0.00014782163543503274
52570305295602546e-21
0.0016730673671366656
1.9267714212709015
0.33359196188923257
0.0037809265599306795
0.0006540147804742143
0.00553872669334316
0.004944472130136944
0.0019206443940812097
824940041134905e-23
0.027498820418887703
0.9111689964162236
0.005788206178503011
3381179527843314e-27
32405568280402094e-23
20819086911933588e-21
0
0.3297792955851088
0.16911151614601538
0.2309619930944884
0
0.10802676126128045
0.004895436228825664
0.042282700707177115
0
0.0003100086061842192
0
0.11701996904675313
0.1926597078095982
0
0
0
0
39255808855986513e-23
0.3042046295196325
5679025639550168e-23
5568367091870418e-23
0.23768369318927388
0.0783832554885666
0.14548915221577538
0.42933277995611446
0.00040406543434084145
0.5146077560059928
0.001129838786650934
0.5221648100673904
9212076748186215e-22
6153624990809333e-20
0.256441307422835
0.0007379668699165971
26651559545253234e-51
0.06952220016461959
0.0002832913162328546
0.126363076079771
0.01990447704481163
0.05161230362881161
0.000506610939857904
0.0017264292516368878
0.19002064216843303
0.22972613740702916
0.1985623527762823
14673836689962573e-52
0.03793354800819255
0.0379444072569586
0.3236151340678855
0.41018989347916696
8073001761182589e-20
0.4106438084097269
0.7802949835228883
11.704673885500027
2.1487946784064746
2.8447757266284692
0.07175856555729299
0.4879266872964753
2.721987410487494
4.2976468473051685
0.49452520897227015
5.071814319337796
7.188336030484059
2.146519667039742
2.4105933757478755
2.886647756513057
0.7601569840064281
34.74063977833178
618.5457973459474
4.00177410801594
1325.8978778677138
1.0999607635533393
23.21758687655104
1.153783656856298
44.57355670624975
1.3066220342969488
1.3967143805223892
1.099959747285982
0.6896298504932294
1.0253718630008888
26.742190823019506
0
0.00065882196026016
0.0007165811641922057
0
0.001684736864087163
0.0015934480398690056
0.0017597627769465783
0.0004603791833242255
0.0011440733654876564
0.004943303811720994
0.000724564893368005
0.004144877087899301
0.0004891086855248409
0.001716125052184245
0.0032850417943551882
0.009686483592251698
0.0012097253474488872
0.0038775307760588393
0.00209835166322252
0.004213020002692034
0.004610802603357942
0.006023779743883167
0.005666822701935998
0.005240077639237945
0.003061653993773148
0.0018941225224259524
0.0073396592802469915
0.02193634509949052
0.06220080349988449
0.038318955173729394
0.08927817805630406
9118328344620795e-20
0.009916836353918329
0.12445855780813021
4806059407501056e-21
0.0635356537245297
0.010704916371722576
0.0012665186701660328
5486293505380547e-21
1204420557529627e-21
0.08233580808853438
0.07393729796621581
0.004111327209711731
0.037443460184145114
0.01948776388664751
0.005720606418122488
0.0118323928466829
0.00048243544634542397
0.09033047586923779
15699129957273412e-25
0.06696512709731725
0.0003416896516946986
0.009455450330865348
0.01069348641249801
0.00015701425459885363
0.00017081889506081506
0.07528352631680763
0.000393209019002897
0.05065568233093476
0.12473606903896503
13179194966206563e-22
2586153086112169e-21
0.00014468604995382966
12571169074234002e-21
0.0005938053108847907
17002517230768118e-21
1443227280329268e-22
10044021395775923e-22
19076287163810578e-21
0.06541998970753189
0.06598962290125096
4349623522742999e-20
0.0002125961997050825
0.01890660307347068
0.008036461790402363
0.07553574623295543
0.01944142807321983
27827376556664464e-21
0.1011346341570716
0.03585939953477727
5573472508264093e-22
0.12002730244537685
44589597420950306e-23
0.0037379034202785705
0.000980733971451229
22994565952948836e-28
0.11834665097503574
0.07772371187768533
0.01749648128190561
0.12139567659623646
0.05247483111791733
0.007302265563425449
0.11989799067906967
22332184583696506e-26
4630576417187374e-21
0.0006286706504240872
9119074431211768e-20
0.09830682449447355
864558618693872e-21
0.00011179076725630576
0.11149090169989724
0.0009275367244137373
0.0115916858242788
12200461265031181e-21
0.10159753724484882
0.07913550644721339
0.02041184916243882
314671930209955e-19
0.0001534047462297254
12006676843110236e-23
0.013333104977205757
0.11192441949075833
833331438577125e-23
11103065546146041e-21
9106178265726146e-21
9648462241415663e-20
10586191809973115e-21
0.1092911515782039
0.1114763023663256
0.0051054859779798584
0.0015438505936915333
0.03858241276024578
0.005818674406141042
6759539264250269e-20
0.02690809096910177
8322374463448424e-20
0.0007199902483851843
0.06870513597371294
9970360056324217e-22
0.06532130471054721
0.06388548184019954
0.0018218606877474248
0.0005365427408727027
58299100300630995e-25
0.0010287994749218967
10390421092807058e-24
0.010081875915791573
0.027716586796311112
0.0009023746628635557
0.00033741961768837423
0.00015450467860956055
2618168065116354e-21
0.006053543760704758
0.02888620686075146
0.0206120275644534
11257175706241246e-24
0.0528546115622699
0.05891656402059456
0
0
817666179535305e-19
6660899525225611e-20
10336361781830022e-22
7596593410282073e-22
0.0001934130576138022
0.009576301382750741
0.005336499617252701
15204233233486915e-24
0.00013146630774762527
7328629338314523e-21
0.050533293177591046
0.013072026447568863
0.08144518318499507
38456330351855126e-23
0.053847828563346065
0.007578760421088904
0.00012011653519493236
0.09466744922956216
0.00029626146781166855
1854955945722933e-28
8513466606526894e-20
37361304592269224e-22
0.00012468670216896725
0.015848160038703783
0.0038754227416249714
0.0001635010335671545
0.00015207184538439138
3799874483627021e-24
0.0005139849208169354
0.021962575686208127
1313513323888818e-23
0.0017997962444238264
0.0017947754096303197
4418371441733709e-20
0.08606026592283152
4336887522991162e-20
0.1059157205304375
0.0019038661055609872
0.11768231942004251
0.003282297956876035
0.0006999604068730438
0.0005686831766321464
4474747123365291e-20
0.08785143030533087
12101716433953551e-21
21566755415916876e-21
0.008173019824389663
0.006366740201436532
2171598387878833e-23
8721587786011184e-20
0.00303820718760522
0.09891407666070452
0.028549681177243328
0.00010009403911214773
0.022032681848729294
0.0003538864693674366
0
0.08862873586916618
0.012055205692793412
0.09867110202116004
0.11090547288342198
0.10490524182592245
0.047197808771057864
0.02807027511987738
0.05810810799802494
0.1012225503422753
0.055260084813472124
0.1128564647427383
0.12331984128314129
0.0007641119549242819
0.015275668493232227
0.10280523069115273
0.12163974169155846
0.10096222505159493
0.00029906548700306277
0.02565802195267197
0.12393074498441578
0.0895438853766111
0.11278651771697804
