2.95894206761176
1975605051138701e-38
15914129475160712e-38
0
37450958025944187e-22
2679182250118956e-24
37421023107359266e-22
0
37421520532007417e-22
0
0.0009376811840335275
0
8.539411825918211
0
7.644853272757406
0
8.612164785295498
0.9791996918022937
19.480236754042583
4.34959246025777
0.5430123497497426
18.591932297281257
8.046104201105585
12536934865542947e-40
0
11383138915408947e-31
3161844794939225e-32
0.0012914430555297683
0.006722338708933234
0.005911737185917292
0.011342911303058721
20770011687043564e-22
41074961977715776e-30
0.0009327342902582553
2129538550236881e-21
1665426262241732e-21
620642161761083e-34
13086377438037322e-31
14974708782897715e-31
0.5064411365459648
0.5036845826376464
0
0.4087432345840769
0
1.5629635644795579
1.5366060330329097
1.6129975261916858
0
1.9737019826265152
0
4.361793336872583
0.02951626633945609
18.07519800553228
17.691770124472356
0.23780629381636587
37.21272934351537
34.00354173243751
0.6192073494350142
0.0003207896518840658
0.016306175681267906
0.23786583778396467
32.08432329588574
0.06947469467464976
0.2382565684554172
0.3751314745333255
0.1538269532494851
30.444637741440022
0
30.457677851685244
0
13.432706352157885
0.001163259005591996
0.0011630952815784871
0.015597051814995938
6.98296230839298
0.33914103861128236
0.20875165154989117
0
0.0005376856373749387
0.019297836258382144
0.02596914507134003
0.007114056834895994
0.07818933213008011
0.00014932416583935074
52858150021964626e-21
0.001674163629302681
1.9250604498903385
0.3331629329573657
0.0037812549650123274
0.0006562236953482625
0.0055971292993369165
0.004936408112917061
0.001915209936850754
822993063743108e-23
0.02733529668387826
0.9106217297581739
0.005730269869293445
34017379024794125e-28
32530528638101436e-23
20882105869441626e-21
0
0.32716225196915805
0.16734101533426096
0.2323197426730859
0
0.1073139928938208
0.0048480854370187895
0.04189102605391577
0
0.00030962220303245533
0
0.11698566596565815
0.1909330988211221
0
0
0
0
3940979317048654e-22
0.30708678943081474
5705373932900824e-23
5593374237164508e-23
0.23660348950944904
0.07761818592142487
0.14517680925223844
0.42832580132039455
0.00040107734398334697
0.5140429327955737
0.0011288756445340608
0.5217838167593006
9212296877590805e-22
6129163900266935e-20
0.25554001007675503
0.0007376767079625196
1793789558672079e-50
0.06895106137399032
0.00028242326707401337
0.12591687166076015
0.019847194747828735
0.05166326631631556
0.0005048806690411436
0.0016803831327474477
0.18984214293418314
0.2298286079758644
0.19838158784140295
9877428933273061e-52
0.03753099296976004
0.03754174385660282
0.3228608749496473
0.40925257347877864
8075962223642924e-20
0.4097066551929283
0.7801451509897466
11.706960709376645
2.1488169631859186
2.845042979624523
0.07262331668947034
0.4880105436812354
2.7219811316577105
4.298278233504902
0.49937120556160264
5.070896793936278
7.188680009482132
2.1317155104448733
2.409867334342822
2.886275715164382
0.7606314890427769
34.67426651155565
618.541738160465
4.001772044788254
1315.1269964355022
1.0999606101945953
23.21758110757996
1.1536723099143351
44.57022432850697
1.3066243243770892
1.3967129793458286
1.0999595938910511
0.6883913714701058
1.0250020766415648
26.683951372593462
0
0.0006659956489010278
0.0007149832449495978
0
0.0016306025241168264
0.0015520660131270133
0.001715576600508902
0.00044564989639675554
0.0011118304304861982
0.0048450535995182295
0.0007030872270580717
0.004050260208393621
0.0004737363593680766
0.0016731819113875543
0.0032110228098989617
0.009495806652305736
0.0011756288639026002
0.0037953040974883245
0.002047513818261172
0.004124444364517476
0.004538627284720538
0.005901904750937288
0.005541670470990882
0.005129361951058557
0.0029949965066388834
0.0018940809583139805
0.007339024815974609
0.02193040446258651
0.06214467655712375
0.038299726087139586
0.08914295544133444
9118318763509373e-20
0.009915668813626577
0.124008727313302
4806059141395878e-21
0.06347671116546141
0.010703552527844816
0.0012665001213489223
5486293158616551e-21
12044205408176905e-22
0.08222599774169137
0.0738530316435656
0.004111130080835871
0.03742516109794716
0.01948311384448046
0.005720222898280302
0.011830720650921946
0.00048243276122018685
0.08961562372943292
15699129956989474e-25
0.06689851962489995
0.000341688305308869
0.009454390431576844
0.010692125528364405
0.00015701397044878547
0.00017081855873587705
0.07459013821573887
0.00039320723572600227
0.05062035707610011
0.1242321068193533
13179194766105977e-22
25861530090607437e-22
0.00014468580868170006
12571167253542728e-21
0.0005938012416100217
17002513900209477e-21
144322727792967e-21
10044021279554697e-22
19076282971234133e-21
0.06535691409331282
0.06592526044715658
4349621342886885e-20
0.00021259567868833792
0.018902234687109054
0.008035699504553066
0.07544700321919333
0.01943680083141489
27827367634936053e-21
0.10094374920322362
0.03584271634181812
5573472472477417e-22
0.11941601284049169
44589597191897e-20
0.0037377406579430497
0.0009807228585379676
2299456595294823e-27
0.11771801918236036
0.07702462088605341
0.017492757588568657
0.12080186729786876
0.05187376709288623
0.0073016376197674124
0.11955046424515064
22332184583639048e-26
463057617016008e-20
0.0006286660887953569
9119064848532165e-20
0.09813094660286686
8645586100827666e-22
0.0001117906232360248
0.11123107299292521
0.0009275267859474782
0.011590082192629081
12200459550138278e-21
0.10140407063183528
0.07903603767103537
0.020406731892394076
31467181612585304e-21
0.00015340447499669348
12006676826502334e-23
0.013330971553947952
0.11166104149503202
8333314384971224e-24
11103064125882603e-21
9106177310397402e-21
9648451513671277e-20
10586190518866945e-21
0.10860662341738372
0.11121659195755049
0.005105181071946765
0.0015438230094636444
0.03856289860889358
0.005818277505747204
6759533999358127e-20
0.02689899778497796
8322366482219476e-20
0.0007199842636639841
0.06863439166266598
9970359941801439e-22
0.06465960085333103
0.06322944438114397
0.0018218222427923683
0.0005365394191443973
5829910029671542e-24
0.0010287872442947574
10390421091563306e-24
0.010080668567866713
0.027706911457522194
0.0009023652570015067
0.00033741830475988587
0.00015450440347213965
2618167986145415e-21
0.006053113864335029
0.028875654012676197
0.020606805927922855
11257175704781323e-24
0.05225142854782758
0.05886698445044342
0
0
8176654091189915e-20
6660894412884857e-20
1033636165874488e-21
7596593343799525e-22
0.00019341262640488674
0.009575213807250554
0.0053361662604300905
15204233230823757e-24
0.00013146610855838906
73286287195522995e-22
0.05049815681634998
0.013069977465014237
0.08133833118427218
3845633018148043e-22
0.05380735311842287
0.007578083448125485
0.0001201163689195265
0.09450916313457106
0.0002962604557707449
18549559457229283e-29
8513458254525088e-20
37361302984151818e-22
0.00012468652299762645
0.01584512131325878
0.0038752477103484433
0.00016350072544785572
0.00015207157884529975
3799874483460677e-24
0.0005139818727302915
0.021956620304475212
13135133236900538e-24
0.0017997587275003278
0.001794738102291337
4418369192421113e-20
0.0859373659586911
4336885355882712e-20
0.10521948746549896
0.001903824111510772
0.11736305988273994
0.0032821726256243395
0.0006999547508398709
0.0005686794446683943
4474744816283006e-20
0.08713777252273404
12101714746707886e-21
21566750057134806e-21
0.00817223107967254
0.006366264215562638
21715983873355477e-24
8721579020616443e-20
0.0030380998825025323
0.09873508169089452
0.028539385116478175
0.00010009392365701173
0.02202668696215431
0.0003538850250940457
0
0.08849608120963844
0.012053468701523752
0.0979600030037382
0.11022790117675509
0.10420615990551269
0.04716758506607023
0.028060338852392973
0.05747767776259031
0.100515292574012
0.05464395075351992
0.11218870253669548
0.12290950021716063
0.0007641052133503882
0.015272850577745124
0.10260484887268825
0.121049497588835
0.10077229221718703
0.0002990644557056772
0.02564979006985426
0.12338749194120908
0.0894075998440572
0.11251586162700059
