2.9700450689801383
5330566266114634e-39
7560467180857669e-38
0
3744143304797089e-21
2681117791373948e-24
37411485131141307e-22
0
3741199643061301e-21
0
0.0009371525165400851
0
8.533787796395588
0
7.6404640716293875
0
8.608820149456454
0.979877940452129
19.510851115545286
4.346191339596827
0.5438979242006288
18.557338263130934
8.085170070273149
596080939929487e-39
0
9415248729168953e-31
26163349915464267e-33
0.0012910091400143
0.006721522832638294
0.005908332718659926
0.011339123585895552
20772741581704633e-22
4086662845795895e-29
0.000932207980715717
21284685562580193e-22
16641987818452305e-22
6206707824523939e-35
10823896296088038e-31
12385752254435177e-31
0.5101165467750419
0.507367421080914
0
0.41228073742720606
0
1.5667870880783696
1.5403469047027185
1.616735054702919
0
1.974569801661076
0
4.36108137398677
0.029424031371925164
18.048557559225316
17.667622678626856
0.23739418738812734
37.162226592275765
33.94923293583376
0.615746998305214
0.0003199103761150409
0.01628112034021158
0.23744466484037818
31.988070719901696
0.06959676828284114
0.23604019530908554
0.35804363568099246
0.14640838838620962
30.31486750753379
0
30.328615543897268
0
13.340543889707218
0.0011700570303833017
0.0011698827708907665
0.015627450435402482
6.9829540720311964
0.3390480902154059
0.20959218014725445
0
0.0005349397318396732
0.01928868283875444
0.025745433987851188
0.007023161614735467
0.0788739744029575
0.0001508182321540922
5314647535020229e-20
0.0016751964942506347
1.923380712682158
0.33274752241828476
0.0037815498361910556
0.000658493761713658
0.005654390618050228
0.004929098753271036
0.001909956803021644
8211503528280233e-24
0.027179966310032243
0.9100693184991071
0.005675016163906155
342173105234486e-26
32652585120308037e-23
2094727944989798e-20
0
0.3246548552774542
0.16564277959749593
0.23361519541760295
0
0.10663056318394802
0.004802907799519483
0.041509453678296074
0
0.0003092529397913102
0
0.1169532032091491
0.18928478243641272
0
0
0
0
3956045405015525e-22
0.3098330978382228
57310540650898586e-24
56177634186912515e-24
0.23556641417468815
0.076886899606154
0.1448772458388272
0.42735526659566864
0.0003982050511309312
0.5134890797824083
0.0011279318999065212
0.5214089704226778
9212521956040093e-22
6105674681565869e-20
0.2546794053303224
0.0007373951710659967
12243954759745655e-51
0.0684042967401069
0.00028163377825988757
0.12548827613019223
0.01979109738128545
0.05171075057391937
0.0005033025408545184
0.0016376231310745953
0.18967096702387834
0.22992401850953958
0.19820693459436647
6742831600030767e-52
0.037146937729839284
0.03715758220480176
0.32213179650408486
0.4083489320574689
8077054250507866e-20
0.4088031966618069
0.7799797158370486
11.70907597503648
2.148826016358366
2.845280708607789
0.07345138037265328
0.4880881345483564
2.721946947203063
4.2988364787894655
0.5039920831630567
5.0699822742598135
7.188930527191179
2.117510106379957
2.4092027973270493
2.8859043456748976
0.7610824321165671
34.6098523903326
618.5378260818227
4.001770056321128
1304.8291969059305
1.0999604623927144
23.217575547644707
1.153565007716453
44.56701293280277
1.3066265107277164
1.3967116289162502
1.0999594460542947
0.6871998032813098
1.0246458154185867
26.627552929892406
0
0.0006728467177754253
0.0007136874171047163
0
0.0015829710059608174
0.0015129369864033356
0.0016737477450597285
0.0004318365972358318
0.0010814135413693715
0.004751422596730879
0.000682869319862729
0.00396034339615364
0.00045929434166114643
0.0016325287374687229
0.0031407208338135877
0.00931404951305212
0.0011434849202374357
0.0037170656479113104
0.0019993473507772916
0.0040401405905128975
0.004469312080353503
0.005785829984947549
0.005422661528071379
0.005024043008759703
0.0029316289286001993
0.001894040901110459
0.0073384133929537765
0.021924680602757332
0.06209063126055965
0.03828120288391143
0.08901282633667965
9118309529572076e-20
0.009914543708385267
0.1235767346900192
4806058884932842e-21
0.06341995609309593
0.010702238266286327
0.0012664822448917729
5486292824417316e-21
12044205247112993e-22
0.0821203048841482
0.07377190953258744
0.004110940103725754
0.03740753352867006
0.01947863334319525
0.00571985329933181
0.011829109269589374
0.0004824301734026512
0.088932027644664
15699129956715828e-25
0.06683438832087543
0.00034168700771337055
0.009453369049396896
0.010690814118767987
0.00015701369659517486
0.00017081823459805508
0.07392791863851719
0.00039320551707250145
0.05058633511804676
0.12374833219119691
13179194573255892e-22
2586152934801223e-21
0.00014468557615227124
12571165498823127e-21
0.0005937973198088517
17002510690331817e-21
14432272756170196e-23
10044021167544661e-22
19076278930573515e-21
0.06529618152852631
0.06586328952513708
43496192420173055e-21
0.0002125951765514643
0.018898025541175107
0.008034964907999882
0.075361574406693
0.01943234229654378
2782735903648269e-20
0.10076012177195293
0.03582664499716741
5573472437987446e-22
0.11882981913514237
4458959697114327e-22
0.0037375837998890535
0.000980712148412193
2299456595294765e-27
0.11711532546846089
0.07635681198034683
0.01748916957049506
0.12023232307564907
0.05130099819686424
0.007301032480290233
0.11921648343601651
22332184583583678e-26
4630575932083653e-21
0.0006286616924852458
9119055613083512e-20
0.09796173928761143
8645586017836783e-22
0.00011179048443438952
0.11098123202122438
0.0009275172076950838
0.011588536877344941
12200457897383498e-21
0.10121796277499659
0.07894029138861108
0.020401801256928365
3146717061755447e-20
0.00015340421359204696
12006676810496206e-23
0.013328915756768304
0.11140779332231857
8333314384200184e-24
11103062757081548e-21
9106176389684394e-21
9648441174650186e-20
10586189274543214e-21
0.10795095616600446
0.11096686455089477
0.00510488723119354
0.001543796425196569
0.03854410087854883
0.0058178950123698135
6759528925239399e-20
0.02689023699368105
8322358790191793e-20
0.000719978495841877
0.06856627965376227
997035983142831e-21
0.06402821726242873
0.06260355384396281
0.0018217851916299888
0.0005365362177959605
5829910029294174e-24
0.0010287754569730861
10390421090364616e-24
0.010079505104137161
0.027697589893732402
0.0009023561920468018
0.0003374170394092404
0.00015450413830458664
26181679100359324e-22
0.006052699573837557
0.02886548718759955
0.020601774745363812
11257175703374307e-24
0.051676616312417614
0.058819240842351024
0
0
8176646666188393e-20
6660889485789764e-20
1033636154011964e-21
7596593279725924e-22
0.00019341221082142226
0.009574165756140599
0.005335845002255157
15204233228257092e-24
0.0001314659165869155
7328628123210524e-21
0.05046431671468262
0.013068003029775899
0.08123548354741965
38456330017279134e-23
0.05376837306235737
0.0075774310620085016
0.0001201162086692068
0.09435686287321471
0.0002962594804036592
18549559457229245e-29
8513450205159743e-20
3736130143430344e-21
0.00012468635031867247
0.015842193245180325
0.0038750790286835785
0.000163500428493585
0.00015207132196450021
3799874483300361e-24
0.0005139789351059546
0.021950882239824727
1313513323498492e-23
0.0017997225707153041
0.0017947021474904888
4418367024611805e-20
0.08581908527378893
4336883267298884e-20
0.10455281316209734
0.0019037836399609452
0.11705618812018008
0.0032820518401880344
0.0006999492997921935
0.000568675847952809
44747425927972935e-21
0.08645546023249544
12101713120598562e-21
21566744892525564e-21
0.00817147098657772
0.006365805510365129
2171598386811948e-23
8721570572837735e-20
0.0030379964691085244
0.09856287899736989
0.02852946563975795
0.00010009381238543462
0.022020910839505015
0.00035388363315842796
0
0.08836842108768302
0.012051794885707425
0.09727952011351727
0.10957879839425319
0.10353681755777586
0.0471384748100888
0.028050765946710434
0.05687656400535346
0.09983833854675736
0.05405664358939887
0.11154887541495759
0.12251531968940155
0.0007640987161088043
0.015270135259287637
0.10241209735282901
0.1204833510208103
0.10058957958966659
0.00029906346177996737
0.025641858962560698
0.12286617689030402
0.08927644881065903
0.11225562720540891
