0.0011617258872785908
34.18821848906014
140.12013096057962
0
146.76707393985419
0.5089246021507051
209.04594694826307
0
107.3689741106238
0
298.2840178602147
0
28.08183540582496
0
34.12339117084017
0
28.225364253087797
17.347426795360704
305.57226026597743
157.06816323076424
10.122069514002755
34.325093552870534
17.22162465386739
1.0816757519648081
0
6.4380237405067255
0.6296619051470327
5.028518462103449
0.006591735163729044
3.163702541545219
38.76445371105394
10.630277023153115
7.000717710495965
0.48435381572220165
21.15614464754797
2.5607930708938946
1217049252165223e-21
44.15755774442406
60.21121387579539
12.198223203148965
46.31481106269412
0
4.817623465332171
0
119.72634474838233
39.307342918717964
4.502712993971647
0
18.128222583507508
0
1.957895154048021
7.146230535888363
33.251739834580476
32.939013002963904
18.36843976665422
177.74805205846613
62.06994688680689
1.0714799367101473
0.15463045863257846
0.009309073833864716
19.558702581700032
50.9848933624719
1.8523663535466037
3.055396797318614
0.009588512228223376
0.030914788550567597
312.06988744364844
0
281.4866755464569
0
7.3410471221530065
0.03925894709433426
204.3653660433447
14.972694568722188
4.490646523325656
0.948838695027235
3.000548911552256
0
748793240364695e-19
0.9690013083925049
0.08706960594199946
0.0021561657067001873
0.04308721205811029
0.007480686487825723
0.0005658859112416069
0.0017200366314854317
0.22417042479094104
0.6784530554457572
0.6281731603595867
0.11466356009898121
0.0073365180717156215
0.10274317322348278
0.021741496251270538
2.2553730425439498
0.03059837329910623
1.9241426018080483
0.015045718340712947
0.03185906735715149
7.707289303560382
0.0005109152722163657
0
1.2644292249338827
1.5311307150374787
0.20346488076831623
0
2.7388353795352867
0.00019909840967799862
0.031279977229097665
0
0.003225985655242739
0
0.13421416477423503
1.2385897505618164
0
0
0
0
2.3052515049321762
0.5665009101172295
1.2001669296864916
5.859153488829987
0.29784523290861653
1.2383138737506034
0.10154928946724588
0.20429452736996775
0.014447517674860867
5.390110794966023
0.0037192873209123665
1.6267680831697724
90496145137211e-20
0.06886407748336769
1.892617071856148
0.303502276375198
0.5471239366621626
0.003262746722798878
0.8702982442994486
0.19980820062500895
0.0005473767768379589
0.01981677583449638
0.9952574919224877
2.3267693598462813
0.13361583298998642
0.09490509150629767
0.26611256377867887
0.026660199552678388
0.3269470156875177
82.51687067486853
0.39615772046503767
0.6325632461795268
0.14975932174731063
26.432674699565144
0.2618731168904773
7.950092178997824
1.990158831712765
2.8090387178619207
0.1846620517023806
0.3454784809510873
2.3952436487619226
4.219534060015499
0.9246321259464706
4.265423679888421
4.281753504949465
4.9812833572782464
2.207030847431551
2.984768250405199
0.27173622290769756
35.0234772330618
619.5847767832475
4.002301797016943
10676.926805759516
1.099999984534685
23.219062292096876
1.1826154731563336
45.434017609861904
1.2487444162457808
1.3945812401762465
9.583406574444606
0.2793281891770482
1.1244583856672927
48.42597502573201
0
0.000979547714735401
2733261010039216e-21
0
3217012697442508e-26
0.023691033134278942
0.03847596386850702
0.06572416383118987
0.031664454425317366
0.03322054427825694
0.050523198326744324
0.03833778445274331
0.05524351483768196
0.03677735696428349
0.033860901333819866
0.05230643069518994
0.03997297682143751
0.030867963096005202
0.03579974056215129
0.03084970390021979
0.03917167014889948
0.04141515558553175
0.05783722476093435
0.038251378088512075
0.029176848084413794
0.0019047822133170418
0.0075037324806785785
0.02350968310691146
0.07835432215104472
0.04356754514079982
0.13155210981919693
9120778968230385e-20
0.010219984230578539
0.3141829847526958
480612746226819e-20
0.08055703062654511
0.011059476025948768
0.001271271312358549
5486382188235093e-21
12044248314820782e-22
0.1158288959582143
0.09897356436575287
0.004162052938771803
0.04242963038192075
0.020714160419188884
0.005819537568805465
0.012267897060038493
0.000483122636646118
0.6891110161017472
15699130029887923e-25
0.08637296654009768
0.00034203415339594787
0.009730449446709368
0.011047270198588617
0.00015708694060425607
0.00017090492923291318
0.8024352642121731
0.00039366534350513674
0.06054930207124815
0.35126794384401633
13179246140440733e-22
25861727914769367e-22
0.000144747766593157
12571634710208303e-21
0.000594846911593705
17003369016079185e-21
14432278940076214e-23
10044051118474873e-22
1907735941215341e-20
0.08372387221986492
0.08469488390724031
43501810394791145e-21
0.00021272948752339965
0.020057586686156686
0.008233803576655168
0.10202732314597374
0.020661715654079694
2782965831167842e-20
0.16395713131811687
0.04039130734825343
5573481660429276e-22
0.4429785591185001
4458965599955363e-22
0.0037797621409492283
0.0009835801487199883
22994565953104688e-28
0.46205556722066815
0.7835668751434749
0.018475286131834436
0.42542642577045703
0.9988389486550036
0.007464643103720675
0.25188950167772833
22332184598390333e-26
46306395928865435e-22
0.0006298383380213253
9121525455952092e-20
0.15540644583823232
8645608209184493e-22
0.0001118276053900603
0.20248047900470825
0.0009300819074040957
0.012009172576202785
12200899843169938e-21
0.16541857990384637
0.10916023864541674
0.021763589939682897
31470110766986995e-21
0.00015347412766751416
12006681090449136e-23
0.01389007375029351
0.2044532568293507
8333314590371764e-24
11103428773192755e-21
9106422586746965e-21
96512061683724e-18
10586522005280718e-21
0.5450368559887951
0.2024147353537324
0.005184064162148634
0.0015509212457846524
0.04391158029950573
0.005921072566351241
6760885853191407e-20
0.02933747770625384
8324415850597442e-20
0.0007215224275817938
0.0894153279475084
997038934465712e-21
0.8828827691171524
0.895045217405348
0.0018317193614593235
0.0005373929219743339
5829910130200107e-24
0.001031932138936825
10390421410887835e-24
0.010395441475498559
0.030305261883553414
0.0009047833588749319
0.0003377555564849782
0.00015457505890505914
2618188261384332e-21
0.006164494757826355
0.031715648288345166
0.021991807647109504
11257176079603125e-24
0.9951409926866481
0.07307054722957894
0
0
8178632312150821e-20
6662207094552345e-20
10336393259925195e-22
7596610412683942e-22
0.00019352336743310412
0.00985853502121822
0.00542244030418569
1520423391457009e-23
0.00013151725872036278
7328787583548707e-21
0.06037134261235854
0.013606724823496619
0.11393991399410672
38456373923852766e-23
0.06526567939931525
0.007753891440473872
0.00012015906636538045
0.14523230033485213
0.0002965204027631694
18549559457239282e-29
8515602833601146e-20
37361715857782937e-22
0.00012473253226837484
0.016644737120629943
0.0039204461352384656
0.00016357985169388693
0.00015214002597724652
3799874526168238e-24
0.0005147650384790922
0.023539890039058386
1313513374721158e-23
0.001809416619756597
0.0018043419698452043
4418946723141055e-20
0.12403031798944673
43374417792996225e-21
0.5720945460176502
0.0019146362171548476
0.23574068363949716
0.0033145080568954847
0.0007014083938723911
0.0005696384011755747
4475337180368894e-20
0.7074325306710271
12102147941340212e-21
21568125925538877e-21
0.008377254825286978
0.00648964560615654
21715985268197623e-24
872382975526182e-19
0.0030657744135176106
0.15719102079702021
0.03130858540436168
0.00010012357021771844
0.023620651116171874
0.0003542560243821364
0
0.1299985948847027
0.012507746623250214
0.6273704713783679
0.5316123107399146
0.5799896396045203
0.05559912884756941
0.03073046003654751
0.9458456209689713
0.6081996148039821
0.9721564682704877
0.5148190414600848
0.2892149205805666
0.0007658380130240699
0.016013667430580115
0.16932158933734456
0.4220170992489618
0.16341750669664343
0.00029932934989805826
0.027852405933651948
0.38116710115226404
0.13219313655043874
0.20850097692744313
