0.0013934967159579205
34.958737125443996
139.5334075487783
0
147.7839260019149
0.5027515654810453
208.45982669579107
0
110.33468845930098
0
266.5111753794246
0
27.046226259035944
0
34.106887020314645
0
28.389297305897877
16.879837750430088
296.5952285128095
82.5721956881875
9.795210534068248
27.558928735531666
18.701541343733574
1.0740925672165218
0
6.433336379891501
0.624331773566589
4.352487144169548
0.006613546063403227
3.2031296736161265
34.111804466300335
12.320236700077269
7.01864530836915
0.5027957226379552
24.769790589353768
2.589439535979934
1401663746372499e-21
43.8880646964868
59.9337499877468
5.548359016739341
45.912811505766456
0
4.832010185371501
0
93.34996719977255
39.444912991942005
4.497774580112236
0
18.26657641906473
0
1.4703296789330427
4.613929299032014
33.252019655408645
32.93952577294696
18.372770045658324
172.5881252942505
61.90270927088611
0.8161713607894406
0.155267478644351
0.009203038076067122
19.869929721384143
50.858753457504086
1.860779777098183
2.947247044804868
0.00854176521800204
0.036549576635986264
302.0273146167306
0
282.56162338580555
0
7.652614903802929
0.03827081608687581
178.77033724985006
15.308990903625565
3.7218216996129954
0.952377807365465
3.000916591040486
0
793189682153517e-19
0.44443748605798
0.09448145936789674
0.0022425314705037183
0.04163501475768576
0.007390763114378401
0.0005601665848720706
0.0017156681720473953
0.24596651730179897
0.678352600627444
0.5485640582602458
0.11693029090795928
0.0059891583706070195
0.11013957837577926
0.023519016598362193
2.2485079968893205
0.03357319097595076
1.4994354613512122
0.016519828640269463
0.03496126287304519
6.507462262304086
0.0005218094898109432
0
1.2644189313560332
1.5266932303547984
0.19635308401924906
0
2.737728210318911
0.00015876344468289443
0.02531897308074273
0
0.0028559064410896137
0
0.13421186829716306
1.238445790167766
0
0
0
0
2.402438062125696
0.5667031519764677
1.1975585066983019
5.854623069825794
0.29820551859530153
1.2941657018015957
0.1020461463256208
0.15530931612607482
0.015269542253262413
5.359249548866051
0.0037242661595337525
1.6278620511195758
9050271436710159e-22
0.07014406478625544
1.9043637548640089
0.32846380460473346
0.5629129767502058
0.00320226676377904
0.8698052819790016
0.19984695852105702
0.0006196525681795875
0.02135297028829321
0.9942830638564589
2.328004042122546
0.13372046576382188
0.10161341483252234
0.28860204581021626
0.028790495570032576
0.35750177281314094
40.23584010126651
0.3975531060067581
0.632537266289236
0.1486041871901326
21.194758927805402
0.28012563072385793
8.6460005931329
1.9901271503765248
2.8082914647261767
0.18477296301661178
0.37275904961038125
2.3951782300217968
4.217666639750703
0.92497984591065
4.595276822715454
4.695317220780572
5.343811295099916
2.205118624081055
3.2696902492399644
0.29029077721520713
37.85845169219998
619.584694982169
4.0023017555029625
10675.174896337541
1.0999999814492674
23.21906217602798
1.182613176966119
45.43394927161332
1.252444560276986
1.3950002536707506
5.218318230607244
0.29308193316816017
1.1244502259816904
47.49624993159487
0
0.0010495354220376018
3342667617717849e-21
0
23705065023306726e-26
0.02621842626857818
0.04257246750828543
0.07255233990663548
0.034965341235917345
0.03584287354012948
0.05584765433203604
0.04239330081399656
0.06103176312516942
0.04069350376735212
0.037443408254564416
0.05787952865220355
0.044227992236417525
0.03411285324568142
0.039585917281065024
0.03407790219754135
0.04323061895340186
0.045763276586308466
0.06402344752531776
0.042309704370911416
0.03228392168999673
0.00190478137240554
0.007503719430487619
0.023509555002819496
0.07835289910064624
0.04356710518936061
0.1315480982510952
9120778775423438e-20
0.01021996002230227
0.3141600989130343
4806127456914548e-21
0.08055552643804086
0.011059447677264965
0.0012712709377860878
54863821812586976e-22
1204424831145862e-21
0.11582578606680916
0.09897129375779995
0.004162048923861346
0.042429213112515164
0.020714060969631905
0.005819529719370976
0.012267862177780326
0.0004831225825490451
0.6890008747489923
15699130029882213e-25
0.08637123730643871
0.00034203412628168033
0.00973042750204239
0.011047241912444883
0.00015708693488500702
0.00017090492246323494
0.8022859010171497
0.0003936653075870398
0.06054845229505442
0.3512393353219257
13179246136415044e-22
2586172789926786e-21
0.00014474776173711336
1257163467357785e-20
0.0005948468295832039
1700336894907087e-20
14432278939593453e-23
10044051116136702e-22
1907735932780143e-20
0.08372224743667465
0.0846932212160331
4350180995618626e-20
0.0002127294770348785
0.020057493441224025
0.008233787863495696
0.10202491025274373
0.020661616707469712
27829658132174254e-21
0.16395089979974617
0.04039092920797405
5573481659709312e-22
0.442933057641762
44589655994945495e-23
0.003779758829718591
0.0009835799244977258
22994565953104664e-28
0.4620060612969736
0.7834244564054701
0.01847520701853238
0.42538445943718695
0.9986074737497579
0.007464630189141458
0.2518747923321785
22332184598389172e-26
4630639587916721e-21
0.0006298382460786272
9121525263113583e-20
0.15540084739306773
8645608207452088e-22
0.00011182760249166996
0.20247097477155795
0.0009300817069099995
0.012009139149741672
12200899808668075e-21
0.16541223679012126
0.10915747655867236
0.021763480158039458
3147011053744861e-20
0.00015347412220831184
12006681090115018e-23
0.013890029033136363
0.2044435664735142
8333314590355668e-24
1110342874461863e-20
9106422567526923e-21
9651205952487633e-20
10586521979305126e-21
0.5449679656644529
0.20240523729211715
0.005184057933384806
0.0015509206882922302
0.04391113337223736
0.005921064440624185
6760885747249932e-20
0.0293372782178551
8324415689989746e-20
0.0007215223069230578
0.08941347474304312
997038934235312e-21
0.8827019408685822
0.8948593703508656
0.001831718583821319
0.0005373928550409316
58299101301922315e-25
0.0010319318921275255
10390421410862813e-24
0.010395416428864492
0.030305049016415255
0.0009047831691395206
0.00033775553004482717
0.00015457505336725382
26181882597955643e-22
0.006164485950247324
0.03171541514642684
0.021991695550979563
11257176079573757e-24
0.9949112294573286
0.0730693096398829
0
0
8178632157119236e-20
6662206991680848e-20
10336393257448934e-22
7596610411346428e-22
0.00019352335875298497
0.009858512495013927
0.005422433489422082
1520423391451651e-23
0.00013151725471147104
7328787571100034e-21
0.060370497824108006
0.013606681912148604
0.11393690471612954
3845637392042512e-22
0.0652646920788341
0.007753877505642165
0.00012015906301902617
0.14522741098423236
0.0002965203823848638
18549559457239282e-29
8515602665531373e-20
37361715825430107e-22
0.0001247325286624364
0.016644672908035903
0.003920442572929886
0.00016357984549207673
0.0001521400206125419
3799874526164893e-24
0.0005147649770637193
0.02353976160555617
13135133747171589e-24
0.0018094158609401325
0.001804341215279095
44189466778829544e-21
0.12402675207572661
4337441735695646e-20
0.5720186438098375
0.0019146353675202619
0.23572780010708808
0.003314505510660757
0.000701408279847147
0.0005696383259686986
4475337133948341e-20
0.7073164525393286
12102147907394591e-21
2156812581772278e-20
0.008377238559838915
0.006489635844945933
21715985268088326e-24
8723829578872139e-20
0.0030657722351029215
0.15718529302594808
0.03130835820877768
0.00010012356789427839
0.02362052179988308
0.0003542559952955053
0
0.12999467750972837
0.01250771036368397
0.6272791879205483
0.5315467731537251
0.5799116273451422
0.055598412341287665
0.030730241154140792
0.9456380678003422
0.6081138266156062
0.9719372013231395
0.5147575801307465
0.2891955281801983
0.0007658378770885476
0.01601360799484248
0.16931494333687389
0.4219758029962239
0.16341131613328957
0.0002993293291318352
0.027852226130683715
0.38113341411661894
0.13218908578925487
0.20849089903575102
