0.003008930342706162
37.622731329274416
135.51639005057473
0
155.57837696963492
0.4631847522796185
204.4230782603761
0
123.89459997953277
0
45.81244471420871
0
7.323478984956365
0
33.887677827183865
0
29.321170212061432
12.081396479751138
162.4540363957138
6.050157560628853
5.998678684027006
3.2475380093431876
25.615803173397854
1.0204176260786977
0
6.400377914558527
0.5855212181162306
1.2547847647166173
0.006795939663073436
3.460273304559892
10.646653046607916
24.26465419777683
7.892474872704883
0.6714682768747693
52.07858533148184
3.193942538453883
28713632819883467e-22
41.98099277902344
57.97830919314223
0.17580769590488113
42.52891707585219
0
4.883850539856251
0
10.476967247167243
20.93912610225576
4.491469727905293
0
18.178546960703972
0
0.1210667581037634
0.36108465821844393
33.2515637222427
32.940288373477166
18.415131249863098
30.698956775055475
61.69317803114978
0.07100497592167035
0.14791538640359955
0.009045390345319208
20.330494457300485
50.30091672347938
1.9127255535706835
1.7302144298205364
0.001346759398399007
0.06702997132470577
182.23098227603074
0
260.36930762628657
0
10.325961361580138
0.022930435901314793
31.83437743820405
15.85528640048719
0.42564261009136745
1.0752950160101387
3.00115807245346
0
7150302026527422e-20
0.0234060519739795
0.1287125704026617
0.002719164767770155
0.024852770986496527
0.007652600417143573
0.0006287365845817735
0.0016822101462067437
0.3642037202036261
0.6775953613080565
0.07833767212336452
0.1311726575493134
0.0004623624423014589
0.14407814010115663
0.03036629266677748
2.224897007909946
0.05025222570831518
0.1373979240453729
0.024312787271852793
0.05112470670616829
0.8195670072044584
0.0005996626874065109
0
1.2640077001737668
1.511903846700677
0.11554856537980447
0
2.7277866983094237
1643659496655368e-20
0.003166718863595758
0
0.00030473673503106385
0
0.13419273545999713
1.237346906819402
0
0
0
0
2.2592418689243496
0.5685882697844257
1.186557778241329
5.8228687405072925
0.30069175925486635
1.5055352685129022
0.10531060406377793
0.013246067839040025
0.018377030397664914
5.132099655842466
0.0037566726413942927
1.635177604078217
9054845986330507e-22
0.07172597487122657
1.9796738356448949
0.45354906333091843
0.6148601314096124
0.003112497453349509
0.8664740061937657
0.20011607105041307
0.0010724800043282981
0.028215966836319783
0.9877246367452875
2.3273229164548668
0.13445002993050534
0.13046302530171017
0.39284471085689643
0.038265565594315265
0.5057995826598232
0.7088365943771227
0.3993262184548115
0.632357640773765
0.14631696064759148
2.162429871428744
0.3548810030799018
11.926166125914026
1.9912235217096312
2.8058411485943955
0.18581073326669179
0.4957639580300651
2.397401174768398
4.211544387319164
0.9282183682152335
6.044977748175406
6.757080941258843
6.821142290061363
2.1944570789775297
4.627656250208723
0.3698983489533421
51.66963256999045
619.5841248321456
4.002301466152143
10662.9721377004
1.0999999599440275
23.21906136703229
1.182597172733805
45.433472959543835
1.2585584954045628
1.3961336138824485
1.1196986018623734
0.37726941430732763
1.1243933546436669
45.300616992929164
0
0.001356487710012811
851564394587839e-20
0
37140242301220406e-23
0.039248063281733234
0.0636506643218885
0.10709025519692661
0.05173522575794566
0.04740294358909783
0.08307591792754847
0.06317259618738047
0.09047816209671826
0.06082428282635196
0.0558025374504282
0.08656721773751905
0.06610962957293291
0.05067860109301971
0.05899209197161639
0.050513022633272855
0.06370700857092526
0.06793968476527744
0.09611668579365605
0.06294095618065274
0.0482680907307197
0.0019047755112955153
0.0075036284717965585
0.023508662141688074
0.07834298121275439
0.04356403886840057
0.1315201411755615
912077743156666e-19
0.010219791293154555
0.31400063180026094
4806127419599872e-21
0.0805450430829793
0.011059250090063984
0.0012712683270337238
5486382132633511e-21
12044248288024501e-22
0.11580411256416907
0.0989554691557983
0.004162020940199795
0.04242630487502551
0.0207133678233641
0.005819475009413126
0.01226761905255762
0.0004831222054947276
0.6882336826192902
15699130029842389e-25
0.08635918557689422
0.00034203393729635375
0.009730274549944976
0.011047044761139048
0.0001570868950220703
0.0001709048752788492
0.8012456173005208
0.00039366505723939716
0.060542529719403576
0.35103999974502675
13179246108356158e-22
2586172779122299e-21
0.00014474772789068325
12571634418265013e-21
0.0005948462579735263
170033684820255e-19
14432278936228638e-23
1004405109983972e-21
1907735873987142e-20
0.08371092363702806
0.08468163322981496
4350180689912754e-20
0.00021272940393031003
0.020056843539723916
0.00823367834422055
0.10200809406601631
0.02066092706662234
27829656881037293e-21
0.16390747293780988
0.04038829368331624
5573481654691186e-22
0.4426160439138863
4458965596282692e-22
0.0037797357506509
0.0009835783616787316
2299456595310453e-27
0.4616611542353754
0.7824325220786891
0.01847465561131533
0.42509207069337024
0.996995591951304
0.007464540175649135
0.25177229262318157
22332184598381079e-26
4630639553277255e-21
0.0006298376052419835
9121523919036824e-20
0.15536183205018464
8645608195377281e-22
0.00011182758229000447
0.20240474302745534
0.0009300803094751786
0.012008906171196978
12200899568191447e-21
0.16536803229040667
0.10913822686299184
0.021762714999651798
3147010893757504e-20
0.0001534740841578902
12006681087786223e-23
0.01388971736029546
0.2043760378272824
8333314590243484e-24
11103428545458084e-21
9106422433563973e-21
9651204447779356e-20
10586521798256284e-21
0.544488044583265
0.2023390485513074
0.005184014519351985
0.0015509168025973788
0.043908018432966864
0.0059210078049335875
6760885008842039e-20
0.029335887829180455
8324414570560477e-20
0.000721521465936939
0.08940055904705196
9970389326294333e-22
0.8814426033106891
0.8935650950171352
0.0018317131637239545
0.0005373923885179619
5829910130137329e-24
0.001031930171877984
10390421410688417e-24
0.010395241856479087
0.030303565382302194
0.000904781846692217
0.0003377553457580642
0.0001545750147689724
26181882487219104e-22
0.006164424562114886
0.03171379020395992
0.0219909142612003
1125717607936905e-23
0.9933112614847225
0.07306068427019537
0
0
8178631076555246e-20
6662206274670573e-20
1033639324018947e-21
7596610402024002e-22
0.00019352329825290425
0.00985835548967911
0.005422385991023687
15204233914143047e-24
0.00013151722676965546
7328787484333276e-21
0.060364610011314344
0.013606382825487111
0.11391593237352851
38456373896534604e-23
0.06525781090846335
0.007753780381104798
0.00012015903969507007
0.1451933369728928
0.0002965202403489082
18549559457239282e-29
8515601494091726e-20
37361715599932124e-22
0.00012473250352918914
0.016644225355642948
0.003920417743868082
0.0001635798022657086
0.00015213998322076536
3799874526141575e-24
0.0005147645490011713
0.02353886644852299
13135133746892873e-24
0.0018094105720278398
0.0018043359559915383
4418946362435766e-20
0.12400190064370359
4337441431777634e-20
0.5714898880143128
0.001914629445610845
0.23563802194362388
0.003314487763558449
0.0007014074850961639
0.0005696378017799839
44753368103989066e-21
0.7065079213410831
12102147670794958e-21
2156812506624881e-20
0.008377125191178163
0.0064895678100969035
21715985267326502e-24
8723828349443041e-20
0.0030657570516805866
0.1571453764817448
0.031306774710219386
0.00010012355169999336
0.023619620490062932
0.00035425579256288825
0
0.1299673768376577
0.012507457638842553
0.6266433145835546
0.5310902030918556
0.5793681763137827
0.055593418576937496
0.0307287155956134
0.944192694779448
0.607516222295363
0.9704102922650585
0.5143294008172935
0.2890604000179051
0.0007658369296239359
0.016013193736198878
0.16926862821795327
0.42168808194517016
0.16336817466148207
0.00029932918439211137
0.027850972943254258
0.38089869947150606
0.13216085558938104
0.20842067005252118
