0.004027751823970009
37.710911886715024
133.00505319151122
0
151.92084895318592
0.43887413905636324
201.6765276133783
0
129.00686574076948
0
37.277054108340415
0
2.746564677185401
0
33.61633203836036
0
29.758730906142073
10.656865813691272
91.60402077002348
4.87689472341005
5.067239320666071
2.556521005586165
25.910739407950203
0.9862193676816083
0
6.379328461632409
0.5604432919143126
0.6715821316256682
0.006882899578906494
3.5922444539219662
5.788308188967105
22.739725011505374
8.164982413847966
0.7793097613208975
46.80970203182191
3.6508091933966247
3128001942348924e-21
40.755009389621
56.725020259599596
0.0907521010698168
40.33379999130768
0
4.881130803061323
0
8.326450350934307
10.039831132288997
4.491370227390006
0
18.02660981703863
0
0.0898810434677979
0.289586642403803
33.25087461022974
32.94030013202211
18.442684573563245
10.901820215575581
61.687986141577646
0.05332714688882243
0.15513774331889657
0.009042599944313657
20.308268750845777
50.10541353367319
1.9401964644321699
1.1191692439686036
0.0012757711825991138
0.08278818251322473
119.31668689812767
0
219.11483324231938
0
11.058095834244268
0.014860670424200752
24.621715237767074
15.862016635584405
0.31842631468904264
1.119732424974254
3.000701217914026
0
52317520597033446e-21
0.01867072725388319
0.12973244456279656
0.0029379049793622136
0.01619602659702467
0.008056605229690006
0.0007054812980230078
0.001659279839621037
0.3927091400549774
0.6771021821189371
0.06078636804766496
0.13936108373915998
0.0002381343117706195
0.15027497392269093
0.03090760301300033
2.216785160099772
0.05462566855585068
0.10136536254932761
0.02558173775569804
0.05311931377454896
0.613527954234323
0.0006488820334520352
0
1.2636841059129784
1.509394487508016
0.07475455584490011
0
2.720952777636362
1223931780958727e-20
0.0025267998889857302
0
0.00010024098428207576
0
0.13417925546336448
1.2366169982298876
0
0
0
0
2.1073133107317297
0.5699095729809405
1.1816491623490564
5.802697435296368
0.30223769716337934
1.5102030310646013
0.10711049596630691
0.009814374245627424
0.01982327148446902
4.983966091008253
0.003774859794129055
1.6395089195448256
9057731756983803e-22
0.071364660864196
2.019353940982085
0.47582684972847056
0.6116421694838973
0.003111284699911558
0.864428177335902
0.2002848896378376
0.0011764030018652255
0.0284417354970545
0.9837033473624659
2.322321203268096
0.1349098679207195
0.13135995877022094
0.3971110933345413
0.038383876980037465
0.5119641189162294
0.5196740842051021
0.3997010256794905
0.6322447058302471
0.14643777275688624
1.6091020554137578
0.3571242353800394
12.067118633401764
1.9923798423158812
2.805450698245451
0.18654124430857058
0.5008525563726732
2.399750466522228
4.210566437242214
0.9304882839518046
6.080793818492913
6.905883209018228
6.737581305713476
2.194780432776297
4.641275100325897
0.37353642702696027
53.41322676808567
619.5837652502686
4.002301283664416
10655.283277192202
1.099999946381106
23.219060856814984
1.182587079297907
45.43317256167414
1.2596517494436263
1.3963798652037194
1.1006576693538102
0.42173390729469995
1.1243574881932723
48.20990284554978
0
0.001372633570937649
12116927138137251e-21
0
24970013089057963e-22
0.03956662687214745
0.06411983873350986
0.1076778495874813
0.05212334193678955
0.04752602730453128
0.08366519825891826
0.06354149842433555
0.09101405842735667
0.06125366608606525
0.056207343542573215
0.0872201654007563
0.06658380186368888
0.0510443248812949
0.05945639230464145
0.05087335600702276
0.06406570498497063
0.06842255192320887
0.09711714046000411
0.06341960350073356
0.04862117615758265
0.001904771814820639
0.007503571106547421
0.02350809904957645
0.07833672684599886
0.04356210511244991
0.13150251226592719
9120776584023333e-20
0.010219684880508851
0.3139001007273007
4806127396066255e-21
0.08053843214344901
0.011059125477607587
0.0012712666804875008
54863821019665915e-22
12044248273245091e-22
0.11579044560768875
0.0989454901988577
0.004162003291564316
0.04242447081066807
0.020712930681888144
0.00581944050520811
0.012267465720849682
0.00048312196769430813
0.6877502693161199
1569913002981727e-24
0.08635158565832403
0.000342033818107165
0.009730178087371276
0.011046920423586942
0.00015708686988132346
0.00017090484552061328
0.8005902250255215
0.0003936648993502586
0.060538794768020064
0.3509143409839657
13179246090659976e-22
25861727723081263e-22
0.00014474770654442494
12571634257244365e-21
0.0005948458974710877
1700336818746937e-20
14432278934106546e-23
10044051089561536e-22
19077358369075796e-21
0.08370378273204483
0.08467432573539957
4350180497110221e-20
0.0002127293578247427
0.020056433670754152
0.008233609273366638
0.10199748986073376
0.02066049213585415
27829656091970426e-21
0.16388009040499774
0.04038663159937922
5573481651526346e-22
0.4424162264169729
4458965594257029e-22
0.0037797211952197885
0.0009835773760415172
2299456595310445e-27
0.4614437607092499
0.7818075749873512
0.018474307858342042
0.42490777034958666
0.9959803486891393
0.007464483406509011
0.2517076695694373
22332184598375976e-26
4630639531430848e-21
0.0006298372010795432
9121523071354756e-20
0.15533723089560508
8645608187761944e-22
0.00011182756954922245
0.2023629831404936
0.0009300794281422368
0.012008759238641203
12200899416527699e-21
0.16534015947669176
0.1091260882129115
0.02176223244348711
3147010792856698e-20
0.0001534740601602598
12006681086317492e-23
0.013889520798102642
0.2043334603390935
8333314590172737e-24
11103428419851526e-21
9106422349076223e-21
9651203498790245e-20
10586521684072433e-21
0.5441855853666514
0.2022973157748076
0.005183987139182056
0.0015509143519728335
0.04390605401707595
0.005920972086221765
6760884543143083e-20
0.02933501097290657
832441386455904e-19
0.0007215209355444209
0.08939241433686523
9970389316166368e-22
0.8806492885017398
0.8927497843810082
0.001831709745385862
0.0005373920942915211
5829910130102709e-24
0.0010319290869526894
10390421410578432e-24
0.010395131758696009
0.030302629721471887
0.0009047810126523078
0.00033775522953216283
0.00015457499042581795
26181882417379823e-22
0.0061643858461694215
0.03171276542825555
0.0219904215317313
1125717607923994e-23
0.992303517221881
0.07305524494667007
0
0
8178630395065355e-20
666220582246666e-19
10336393229304283e-22
759661039614453e-21
0.00019352326009673053
0.009858256470859614
0.005422356034953572
1520423391390753e-23
0.0001315172091473177
7328787429611226e-21
0.06036089698154638
0.013606194200928755
0.11390270752419443
3845637388146735e-22
0.06525347146585728
0.007753719127239089
0.0001201590249851226
0.14517185129070825
0.00029652015076972417
18549559457239282e-29
8515600755288393e-20
3736171545771504e-21
0.00012473248767815845
0.016643943099542906
0.003920402084759293
0.0001635797750037139
0.00015213995963852907
37998745261268634e-25
0.000514764279030919
0.02353830190849963
13135133746717099e-24
0.0018094072364252343
0.001804332639072591
4418946163489591e-20
0.12398622990623259
4337441240102673e-20
0.571156663734758
0.0019146257107911602
0.23558141824575046
0.003314476570867009
0.0007014069838631743
0.0005696374711849577
44753366063428034e-21
0.7059984723070823
12102147521576335e-21
21568124592309296e-21
0.008377053692634044
0.006489524902253448
21715985266846026e-24
8723827574066941e-20
0.0030657474758403217
0.15712020713316027
0.03130577607072688
0.00010012354148658501
0.02361905206978142
0.0003542556647035659
0
0.12995016180150676
0.012507298252996443
0.62624261356452
0.5308024552232602
0.5790256945969483
0.05559026934089677
0.03072775349549289
0.9432822633253096
0.6071396273010391
0.9694485351771268
0.5140595399047668
0.2889752098744043
0.0007658363320776738
0.016012932477119064
0.16923942471941483
0.42150672295612307
0.16334097206026646
0.0002993290931077161
0.02785018261215514
0.3807507440013564
0.13214305447060481
0.20837639021098428
