0.004068895343858472
37.70914314360278
132.90363343328315
0
151.67102249715592
0.43784679575175633
201.55556229906668
0
129.1806001256118
0
37.262942804208556
0
2.766833937174538
0
33.60503139341125
0
29.774936693942557
10.612808038309119
91.63651554298292
4.851242505967648
5.039870745143758
2.553525746359112
25.904836080593128
0.9848399827156425
0
6.37847408891265
0.5594326147586381
0.6596373689940391
0.006885566432505024
3.5967108143785085
5.687197861329911
22.57198197117899
8.166012928533128
0.7830822308693641
46.34362134334702
3.665982336361459
3131582408385763e-21
40.70516527119289
56.674075000591316
0.0888019507037801
40.244982714083264
0
4.880571093658646
0
8.319577796712528
10.100414658521991
4.491366504525241
0
18.020479704263796
0
0.08964780624299136
0.28814750829447205
33.25084643099336
32.94030019695971
18.44377722281434
11.000690669481408
61.68793170408766
0.05321085408041325
0.15538345498615755
0.009042575427568216
20.30712159666966
50.097927104440394
1.9412306889428297
1.1007073986221536
0.0012833260775391609
0.08338170138378333
117.38917893053147
0
218.36821099988205
0
11.076719914639026
0.01461611215719296
24.545016454338207
15.86199410784585
0.3176068392201107
1.1209121702650502
3.000680946941487
0
51672373280656665e-21
0.01857597969765784
0.12968426941520686
0.002946382650564468
0.01593220440614328
0.008072521478180134
0.000708634584589624
0.0016583369930141998
0.3936248331777208
0.6770823268010088
0.06067812928557298
0.13968011449572648
0.0002341476794357251
0.15045430026855441
0.030915383645697687
2.216457524545168
0.054769128159377053
0.10106825335079024
0.025613829588272522
0.05315132805938864
0.6118993127133734
0.0006508448890404304
0
1.2636709913537574
1.5092853151563406
0.07352046777524726
0
2.720676903907558
12206679133722772e-21
0.0025247145702224486
0
0.00010103729309869935
0
0.1341787061354874
1.2365876062857604
0
0
0
0
2.1015450341893085
0.5699619255260668
1.1814515648522064
5.801880557386465
0.30229977315541423
1.5099229662744407
0.10717845598062502
0.00978801889095648
0.019880714642199204
4.977980744106567
0.00377555784062244
1.6396792620848908
9057848303769087e-22
0.0713489583703055
2.0208162886416035
0.47637206714661956
0.611390775941121
0.0031112839344470773
0.8643459623704466
0.20029169258810786
0.001179522712724554
0.02843353246646518
0.983542162867194
2.3221057117151194
0.13492842702620572
0.13132581491907597
0.39701597421852663
0.03836393856527482
0.5118162592804882
0.518704164776933
0.39971595795845527
0.6322401490917009
0.1464438286773027
1.604803058315124
0.3570409061008587
12.06429570287353
1.99242607319115
2.80543675481504
0.1865702352168013
0.500750801841456
2.399844430867354
4.210531497842397
0.9305782383140324
6.078612416808487
6.906510865991473
6.730176806543391
2.194857883939858
4.638087715699893
0.3734951659868361
53.44942364627915
619.5837507291185
4.002301276294934
10654.972891023503
1.0999999458333887
23.21906083621065
1.1825866716920166
45.433160430615416
1.2596932548174316
1.3963871524390272
1.1005731981825893
0.42341251466046687
1.1243560398061954
48.318974914898064
0
0.0013725517502647976
12262453776928428e-21
0
2642927088414969e-21
0.03954154641136677
0.06407728012480811
0.10760155284288687
0.052090713913152314
0.04750113617759231
0.08360990619306784
0.06349552839022138
0.09095013243324286
0.06121224190793404
0.056170313727785345
0.08716287704261697
0.06653908274103609
0.05101110140979146
0.059418897186212856
0.05084040521998731
0.06402107743463739
0.06837783259445603
0.09706447584269556
0.06337958002094214
0.04858879761604584
0.0019047716655444047
0.007503568789950328
0.02350807631026122
0.07833647428362062
0.04356202702252864
0.13150180039948955
9120776549796617e-20
0.010219680583223045
0.3138960416125894
4806127395115887e-21
0.08053816518234393
0.01105912044535697
0.001271266613994339
5486382100728156e-21
12044248272648249e-22
0.11578989372280636
0.09894508723535261
0.0041620025788532125
0.04242439674649901
0.020712913028803782
0.005819439111813788
0.012267459528827553
0.00048312195809111077
0.6877307545567615
15699130029816256e-25
0.08635127876149103
0.000342033813293896
0.009730174191900453
0.011046915402437811
0.00015708686886605362
0.00017090484431887338
0.8005637692931513
0.0003936648929741528
0.060538643942661736
0.35090926739549766
13179246089945342e-22
25861727720329464e-22
0.0001447477056823896
12571634250741796e-21
0.0005948458829127624
17003368175574178e-21
14432278934020847e-23
1004405108914647e-21
1907735835410179e-20
0.0837034943705076
0.08467403064685783
4350180489324191e-20
0.0002127293559628413
0.020056417119009656
0.008233606484059873
0.10199706164956528
0.020660474572044313
2782965606010519e-20
0.16387898470012996
0.04038656448014308
5573481651398539e-22
0.4424081589936065
4458965594175226e-22
0.0037797206074225336
0.0009835773362381131
22994565953104446e-28
0.46143498376084574
0.7817823479602942
0.018474293815016946
0.4249003293458266
0.9959393713948353
0.007464481113984708
0.25170506021646055
2233218459837577e-25
4630639530548615e-21
0.0006298371847580774
9121523037122436e-20
0.1553362374981032
864560818745441e-21
0.00011182756903470583
0.2023612969134574
0.0009300793925509952
0.012008753305036382
12200899410402995e-21
0.16533903397518562
0.10912559804078246
0.021762212956432197
3147010788781976e-20
0.00015347405919115292
1200668108625818e-22
0.013889512860302839
0.20433174109984648
833331459016988e-23
111034284147791e-19
9106422345664317e-21
96512034604668e-18
10586521679461296e-21
0.5441733745520361
0.20229563064240896
0.0051839860334795445
0.0015509142530082565
0.043905974689043774
0.005920970643781704
6760884524336557e-20
0.029334975562981227
8324413836048273e-20
0.0007215209141253528
0.08939208544100828
9970389315757366e-22
0.880617266721222
0.8927168749618343
0.0018317096073417322
0.0005373920824096476
582991013010131e-23
0.001031929043139694
1039042141057399e-23
0.010395127312592884
0.030302591936872358
0.0009047809789709203
0.00033775522483856153
0.00015457498944275764
2618188241455947e-21
0.006164384282691327
0.03171272404497927
0.021990401633850472
11257176079234727e-24
0.9922628425226112
0.07305502529656206
0
0
8178630367544447e-20
6662205804205109e-20
10336393228864702e-22
7596610395907097e-22
0.000193523258555853
0.009858252472159589
0.005422354825227778
15204233913898016e-24
0.00013151720843566705
7328787427401361e-21
0.06036074704141583
0.013606186583674462
0.11390217349149015
38456373880858877e-23
0.06525329623028323
0.0077537166536072195
0.00012015902439108431
0.14517098369166648
0.0002965201471522088
18549559457239282e-29
8515600725452972e-20
37361715451971824e-22
0.0001247324870380393
0.016643931701170147
0.003920401452391869
0.00016357977390278077
0.00015213995868619724
37998745261262695e-25
0.0005147642681285936
0.023538279110713833
1313513374671e-20
0.0018094071017222435
0.0018043325051241095
4418946155455459e-20
0.12398559710949279
43374412323621774e-21
0.57114321107321
0.0019146255599664331
0.2355791326791631
0.0033144761188683785
0.0007014069636216676
0.0005696374578343962
4475336598102316e-20
0.7059779067195492
12102147515550373e-21
21568124573169987e-21
0.008377050805289436
0.006489523169492928
21715985266826624e-24
8723827542754585e-20
0.0030657470891355446
0.15711919079287961
0.03130573574289439
0.00010012354107413244
0.023619029115300377
0.00035425565954016715
0
0.12994946664696766
0.012507291816489775
0.6262264372611345
0.5307908382490744
0.5790118682595536
0.05559014216764822
0.03072771464320968
0.9432455154153531
0.6071244240033609
0.9694097161439036
0.5140486449667504
0.2889717701305139
0.0007658363079467078
0.016012921926667277
0.16923824548742525
0.42149940069435915
0.16333987362071042
0.0002993290894213385
0.027850150696334865
0.3807447702574249
0.13214233565049827
0.20837460223613502
