0.0046917580832370916
37.679422217942
131.36822422937223
0
147.27018808581923
0.4216338936745133
199.59022009265195
0
131.57022847099205
0
37.60695956447152
0
3.2151717491925917
0
33.43489105109648
0
30.00780387610213
9.923195826387854
93.56106988955003
4.474326749923367
4.620096246675083
2.5519773965588235
25.80587624518713
0.9639668375815024
0
6.365498738461135
0.5441469830067834
0.5373327081982993
0.006919021519447265
3.6557794050714656
4.648131022396483
19.393360518508814
8.095374197386729
0.8334256758460638
38.11635222261802
3.8553450512470797
31466119795209477e-22
39.94769141675041
55.89963930386994
0.06476575136122924
38.90010032325176
0
4.868020731425379
0
8.354540480702592
11.401630866549798
4.491327598430222
0
17.927941506873083
0
0.0880754884351191
0.26701154464123483
33.25041920440554
32.94030044365611
18.46012062257242
13.114902818077294
61.68730555494927
0.05259286026793915
0.15843829549348015
0.009042357352192209
20.28941084248193
49.98578912246662
1.9562300201876326
0.8677758900558057
0.0014205558558391968
0.09199809434132815
92.9347439978665
0
205.62292056939398
0
11.308113740961964
0.011527387238338401
23.611988828767768
15.861090718683059
0.3119825567869084
1.1353519889560275
3.000369114559213
0
4330803780389969e-20
0.017186819394563374
0.12890915711375928
0.003073954257347212
0.012592099661962175
0.008307872846541386
0.0007565872741063099
0.0016438883783555752
0.40715931354997176
0.6767824720422052
0.06019003564539618
0.1444180792713961
0.00018757301972688976
0.1530161453345344
0.03100659323885319
2.2114096877805935
0.056892638722688745
0.09878851644428116
0.026070304832926612
0.05350424159893202
0.6002180936324437
0.0006803600043975044
0
1.2634726440038495
1.507442890402824
0.057942695796946934
0
2.716506060594216
11976420719423926e-21
0.002533805407737088
0
0.00011886367745353242
0
0.13417036964178106
1.2361439807285424
0
0
0
0
1.9933965032958674
0.5707427319008948
1.178440676415349
5.78949226844358
0.3032361925163358
1.5054327355188735
0.10816802513469578
0.009604079023737952
0.02074515412583388
4.887290993470718
0.003785814785522805
1.6422150824360056
9059612704292554e-22
0.07110956698902607
2.0417817577312016
0.48328234075610244
0.607525154890118
0.003111357508698347
0.8631043275225972
0.20039454382797053
0.0012256866320611752
0.028299995419915198
0.9811125694604993
2.3188409554253844
0.13520928088195955
0.13077193193096753
0.39543262657479367
0.0380494615448182
0.5093670926489198
0.5113618262988222
0.3999417812512897
0.6321712029872115
0.14653422828881757
1.5744851555055444
0.35568524773967175
12.016984651937289
1.993115676885209
2.80522878578259
0.1870030348601
0.49904450438015163
2.401246368627272
4.210010360347779
0.9319200109720875
6.043853389146952
6.9122730501833525
6.616259495220182
2.1960390513817494
4.5883285839852475
0.3727672871469844
53.945176874679554
619.5835308966482
4.002301164729949
10650.275127136129
1.0999999375416145
23.219060524286185
1.1825805010528505
45.43297678156914
1.2603124708557567
1.3964814174967126
1.1000708543321625
0.4478259374918297
1.1243341132234517
49.826207418651045
0
0.0013708735901545926
14462319395288566e-21
0
5538694043912833e-21
0.03914379051911436
0.06340399931229396
0.10640057260566856
0.05157368853699104
0.04711010692016608
0.08273550085605533
0.06277167247157367
0.08994294988298936
0.06055762217184004
0.05558462289670219
0.08625615242883206
0.06583215250034784
0.050485487970110474
0.05882454350379657
0.05031915632488052
0.06331816576537705
0.06767056597158788
0.09622085259473691
0.06274530180962536
0.04807671399840751
0.0019047694056856075
0.007503533719581504
0.023507732067433635
0.07833265089654491
0.04356084485340855
0.13149102408009367
9120776031645866e-20
0.010219615527774839
0.31383459797544894
4806127380728464e-21
0.08053412382472207
0.011059044263496404
0.0012712656073693453
5486382081979742e-21
12044248263612762e-22
0.11578153917973104
0.0989389870595506
0.004161991789290756
0.04242327552105491
0.02071264578446263
0.005819418017562987
0.012267365789542064
0.00048312181271043154
0.6874353925221568
156991300298009e-23
0.08634663285077121
0.0003420337404268784
0.009730115219411107
0.01104683938863927
0.00015708685349610644
0.00017090482612599665
0.8001633685340104
0.00039366479644769567
0.06053636067648764
0.3508324684110055
13179246079126682e-22
25861727678670605e-22
0.0001447476926322257
1257163415230084e-20
0.0005948456625175063
17003367995495502e-21
14432278932723486e-23
1004405108286285e-21
19077358127413616e-21
0.08369912904968523
0.0846695634916582
4350180371453189e-20
0.0002127293277759261
0.020056166547442328
0.00823356425747089
0.10199057927404931
0.02066020867919672
27829655577704337e-21
0.163862246587545
0.04038554839034913
5573481649463701e-22
0.442286046006969
44589655929368263e-23
0.003779711708899756
0.0009835767336632889
2299456595310441e-27
0.46130213185269014
0.7814005409465561
0.018474081217497145
0.42478769753619117
0.9953192310209285
0.007464446408047248
0.2516655610973542
22332184598372657e-26
4630639517192678e-21
0.0006298369376710332
9121522518886864e-20
0.15532119944687203
8645608182798724e-22
0.00011182756124555162
0.20233577120793772
0.0009300788537431468
0.012008663477850276
12200899317682437e-21
0.16532199619021262
0.10911817770120454
0.021761917948306158
3147010727095655e-20
0.00015347404452005685
12006681085360263e-23
0.013889392692243726
0.2043057156803517
8333314590126629e-24
11103428337988764e-21
9106422294012219e-21
9651202880296555e-20
10586521609654295e-21
0.5439885511709468
0.2022701215066964
0.005183969294520116
0.0015509127548059658
0.04390477377684195
0.00592094880704038
676088423962867e-19
0.029334439505095778
8324413404430009e-20
0.000721520589866847
0.08938710650646274
9970389309565563e-22
0.8801326382119321
0.8922188146426009
0.0018317075175231469
0.000537391902532598
58299101300801444e-25
0.0010319283798645744
10390421410506738e-24
0.010395060004243449
0.030302019929848302
0.0009047804690759221
0.0003377551537831671
0.00015457497456042337
26181882371862784e-22
0.0061643606135872156
0.03171209755921722
0.021990100406388605
1125717607915579e-23
0.991647280790695
0.07305170014234318
0
0
8178629950911466e-20
66622055277475e-18
10336393222209975e-22
7596610392312651e-22
0.00019352323522884687
0.00985819193691354
0.005422336511486828
1520423391375402e-23
0.00013151719766214438
73287873939466994e-22
0.0603584771761076
0.013606071268250424
0.11389408919316527
38456373871647394e-23
0.0652506434347813
0.007753679205932343
0.00012015901539806897
0.14515784993312628
0.00029652009238744116
18549559457239282e-29
8515600273781073e-20
37361715365026543e-22
0.00012473247734741584
0.016643759144654123
0.0039203918791323586
0.00016357975723599606
0.00015213994426905488
3799874526117277e-24
0.0005147641030807032
0.023537933982723486
13135133746602533e-24
0.0018094050624843851
0.0018043304773085926
44189460338285e-18
0.12397601773272399
4337441115180523e-20
0.5709395928784402
0.0019146232766653604
0.23554453469569828
0.0033144692761676105
0.0007014066571900013
0.0005696372557232055
44753364733513726e-21
0.70566664196558
12102147424324666e-21
21568124283424173e-21
0.008377007094533147
0.0064894969376673274
21715985266532882e-24
8723827068723702e-20
0.003065741234902544
0.157103805442985
0.03130512523501413
0.00010012353483010336
0.02361868161516282
0.00035425558137261285
0
0.1299389433088642
0.0125071943760292
0.6259815987840469
0.5306150024759687
0.5788025946922646
0.055588216955222675
0.030727126473001812
0.9426893717063144
0.6068943111100604
0.968822233150854
0.5138837370904105
0.28891970160236
0.0007658359426333894
0.016012762206536843
0.16922039435624747
0.4213885661142299
0.16332324548712074
0.0002993290336140799
0.027849667534187553
0.3806543465045641
0.1321314540679452
0.20834753635044304
