0.005912102024334955
37.60463369745257
128.36125486952918
0
137.3658927408961
0.38557976940725336
194.80106117340986
0
135.21230089193423
0
39.68870742605128
0
4.789977809841081
0
33.11055093756045
0
30.398420328339295
8.415066703858892
97.3786994776905
3.6966301392394985
3.7557435277086655
2.660352386576199
25.55909894796476
0.9230033137853033
0
6.339851337446307
0.5141651567424645
0.4593669079666957
0.006955614671703025
3.729530614250821
3.98214062717697
11.915554864177363
7.62428979816427
0.8965027301081054
21.531473797008022
4.003781022132638
3057629403562391e-21
38.44970367877503
54.36493593168389
0.036880319511961954
36.27101328758566
0
4.821493623986011
0
8.774162870238362
15.421043041856414
4.491327072044308
0
17.74818924372384
0
0.09010564517096172
0.22308477885959002
33.249580647647306
32.94029914050028
18.491073571162072
20.640884256619234
61.68627899540372
0.05437471029134592
0.16125906046547306
0.009042282992692786
20.25426668949615
49.76756367448052
1.982334144649687
0.5937291165076695
0.0017648968380978023
0.10700407449487642
63.83675851734039
0
170.99289573935576
0
11.580620663908043
0.00788589195336109
21.57906134206986
15.857832231724977
0.3186889094831869
1.1521394177543003
2.9997364615954627
0
3297298437544525e-20
0.014313367937402668
0.12713935417533068
0.003319917710277054
0.008634686709517848
0.008739830897006001
0.0008513313139786095
0.0016143956875299308
0.4318722601951957
0.6761989202185911
0.061967923144188725
0.15328489239644585
0.00013922233180510403
0.1572503564876217
0.031029843201554077
2.2007195813837823
0.0608097027027544
0.10008385177951955
0.026816132485778646
0.053544029089001806
0.6110897191857088
0.0007374911641368877
0
1.2630854434778807
1.502720664295867
0.039596215485686204
0
2.7083686299497987
12214113569275985e-21
0.0026538095244365793
0
0.0001850529979076564
0
0.13415399932815222
1.2352822833911026
0
0
0
0
1.6778635991023692
0.5722075172305782
1.1723391817579067
5.765101681648221
0.305052878359915
1.4952408024384585
0.10992702870339922
0.009805286597080248
0.022415756687073757
4.708247272615444
0.0038044111711345373
1.6469513425711668
9063069341237497e-22
0.07063805545410626
2.077448357521769
0.4901202400592106
0.5996219497559189
0.0031117027656960955
0.8606849264380771
0.2005953123903441
0.0013100348489723842
0.027986703611313047
0.9764046133401993
2.312426164267773
0.13575893466488959
0.12948222555425165
0.3915398969178033
0.03736461927784805
0.5034116911015266
0.5050652134721253
0.40038397690272765
0.6320363234982868
0.14668795991714123
1.605791236598846
0.35252798345831876
11.899068004626981
1.994407258549721
2.8048240099240553
0.18781706890053207
0.4947840825561235
2.4038736700737613
4.208996170841992
0.9344379952978199
5.966283725292395
6.903167667831708
6.383805429214539
2.1982653345905554
4.482856592547301
0.3707666605332738
54.639295705914286
619.583100190065
4.002300946146242
10641.077035923527
1.0999999212959541
23.219059913148154
1.1825684113202264
45.43261696929214
1.2614932201464564
1.3966070912944697
1.1000001386392602
0.4907938427836978
1.12429115483122
52.106276243821895
0
0.0013651381951524392
18751226764076254e-21
0
15256098798050163e-21
0.03826768206583533
0.06192974405312258
0.10380229683604979
0.05043691825621755
0.04626705019436396
0.08082237498101037
0.0612042861343717
0.08775889664702968
0.05912806018937766
0.05430274261216465
0.08426855413473848
0.06428700707737071
0.04933438349245154
0.05751684201463308
0.0491778320614795
0.06179515093915412
0.06612278903008595
0.09431814774307751
0.06135178148497127
0.04695621419128079
0.0019047649780645998
0.007503465008429869
0.02350705762422137
0.07832516046564929
0.04355852878133549
0.1314699131342557
9120775016458993e-20
0.010219488069076039
0.3137142493820615
4806127352539907e-21
0.08052620638190786
0.011058895005692872
0.0012712636351414448
5486382045246915e-21
12044248245909979e-22
0.11576517228707126
0.09892703637918883
0.004161970649919541
0.04242107884579238
0.020712122195931958
0.005819376688869737
0.012267182132905553
0.0004831215278734348
0.6868570720818393
15699130029770817e-25
0.0863375310739206
0.00034203359766220526
0.009729999678586228
0.011046690460106258
0.0001570868233825389
0.0001709047904816051
0.7993794637217413
0.0003936646073282847
0.060531887436441396
0.3506820487082174
13179246057930216e-22
25861727597050472e-22
0.00014474766706369305
12571633959430369e-21
0.0005948452307082954
17003367642676325e-21
14432278930181617e-23
10044051070551658e-22
1907735768327479e-20
0.08369057695399844
0.08466081190017735
4350180140514415e-20
0.0002127292725507179
0.02005567562412625
0.008233481525646166
0.10197787987288161
0.020659687738504306
2782965463256038e-20
0.16382945739310392
0.0403835576903343
5573481645672861e-22
0.44204689381666046
44589655905104914e-23
0.0037796942745280363
0.0009835755530695196
22994565953104357e-28
0.4610419525994857
0.7806530259570809
0.018473664692858195
0.42456711018622084
0.9941053400607809
0.0074643784109004385
0.2515881904088217
2233218459836657e-25
463063949102506e-20
0.0006298364535659762
9121521503533809e-20
0.1552917403623779
8645608173677078e-22
0.00011182754598465134
0.20228576929818592
0.0009300777980846714
0.0120084874858666
1220089913601966e-20
0.1652886199962855
0.10910364086216176
0.021761339965172107
3147010606236724e-20
0.00015347401577571308
1200668108360101e-22
0.013889157255964879
0.2042547349813538
8333314590041877e-24
11103428187537283e-21
9106422192812844e-21
9651201743597995e-20
10586521472884929e-21
0.5436266178841602
0.2022201520522545
0.005183936498867346
0.0015509098194570372
0.04390242098460302
0.005920906023634235
6760883681814723e-20
0.0293333892619786
8324412558781912e-20
0.0007215199545637299
0.08937735233191373
9970389297434292e-22
0.8791839027417034
0.891243795271868
0.0018317034230525965
0.0005373915501086288
5829910130038668e-24
0.0010319270803439053
10390421410374992e-24
0.010394928131610378
0.030300899256278435
0.0009047794700648824
0.00033775501456791536
0.0001545749454022113
26181882288209298e-22
0.006164314240153923
0.03171087015274625
0.02198951023838818
11257176079001143e-24
0.9904423481569398
0.07304518577204624
0
0
8178629134623279e-20
6662204986097907e-20
10336393209171688e-22
7596610385270232e-22
0.0001935231895254138
0.009858073334298757
0.005422300630465686
15204233913471915e-24
0.00013151717655412057
7328787328400648e-21
0.06035403018951577
0.01360584533931706
0.11387825169348093
3845637385359983e-22
0.06524544625732495
0.007753605837092489
0.00012015899777850389
0.14513212105870626
0.0002965199850895891
18549559457239282e-29
8515599388842891e-20
3736171519467901e-21
0.00012473245836106217
0.016643421068453325
0.003920373122789601
0.0001635797245815998
0.00015213991602226987
3799874526099655e-24
0.0005147637797107457
0.02353725780531231
13135133746391986e-24
0.0018094010671138839
0.0018043265043172609
4418945795530871e-20
0.12395725148248764
4337440885592352e-20
0.5705408643081542
0.0019146188031151918
0.23547676331941653
0.0033144558696457747
0.0007014060568140888
0.0005696368597370247
44753362289330754e-21
0.705057194222587
12102147245590675e-21
2156812371573966e-20
0.008376921454886737
0.006489445543265395
21715985265957383e-24
8723826139978678e-20
0.0030657297650278264
0.15707366606057013
0.031303929131847305
0.00010012352259648936
0.023618000790273277
0.0003542554282228672
0
0.12991832792705005
0.012507003467988888
0.625502176420534
0.5302706650483153
0.5783927946620877
0.05558444517569439
0.03072597413304705
0.9416006974438071
0.6064437151892696
0.96767223889173
0.5135607946493101
0.2888177135250497
0.0007658352268937058
0.016012449279459162
0.16918542498240918
0.42117149792286823
0.16329067172027903
0.0002993289242737281
0.02784872092295765
0.38047724599955124
0.13211013692284979
0.20829451769988266
