0.006874164963998702
37.51826247303076
125.9937961381145
0
130.80363637144814
0.3532540938689352
189.93088359504227
0
137.36492780411098
0
42.60721673263486
0
6.891134000034145
0
32.870093595866216
0
30.647839687645487
7.120634442669708
95.97023070538404
3.0625619040034175
3.068744239081494
2.840265636728423
25.278269084913404
0.8905226079994356
0
6.31941926746782
0.4903963226353069
0.4456864697831204
0.0069681331914374246
3.7595790882932185
3.8649897228934478
7.410991662794232
7.1475621871214825
0.9212316872565104
12.834755248695963
3.9510427278780265
29694366183279775e-22
37.25850730871774
53.13888681345614
0.0246667321635455
34.21419222374772
0
4.764810603431652
0
9.408177236687347
19.71934731090842
4.491387873834087
0
17.60794368253645
0
0.09538181144793549
0.18703753308888776
33.24891856917247
32.94029692843755
18.51449832036001
31.43237498288429
61.685388722651794
0.057979522634740814
0.1609224004693352
0.009042444282261758
20.226428850014777
49.591016060188174
2.0002076986322668
0.47522741104292676
0.00212157299461393
0.11719542649353384
51.136786183802734
0
138.03234932377612
0
11.701141631969897
0.006308167567502413
19.002141546006584
15.854192758909758
0.33665383290965706
1.1605317097035803
2.999220455541424
0
2840040041378004e-20
0.011969053830076369
0.12532897960548403
0.0035094741556131906
0.00691341994068444
0.009053985979254884
0.0009261766728900057
0.0015897591004037626
0.4490838174107894
0.6757425559978587
0.06527482587236656
0.15996519653304653
0.00012286862852572202
0.15974989422171568
0.030854757088584983
2.191219064386359
0.06360584075055888
0.10516511938190079
0.02723704200963632
0.053032143997614016
0.64345811048475
0.0007822595644794434
0
1.2627823085307992
1.4978902933635627
0.03165325517934635
0
2.7019903120305413
12891659954132229e-21
0.0028393560646362273
0
0.00028318565315080285
0
0.13414114023772422
1.2346105468178161
0
0
0
0
1.3727724585684482
0.5732990866755981
1.167243409969425
5.745761277590139
0.30646847374040376
1.484894790770851
0.11117988367771507
0.0103650301522113
0.023715052750597047
4.5648296069804175
0.0038178615351434977
1.6504696818688862
9065793601637389e-22
0.0702658632412652
2.101506038350403
0.49028104738128503
0.5928334890595438
0.0031121067200029825
0.85878620080973
0.20075289929083998
0.0013677120124210259
0.027655508503069828
0.9727368600574771
2.3073178661865503
0.13619165760769716
0.1281275664007322
0.387179437504254
0.03671207272703063
0.4968301607310583
0.4990751195861439
0.4007325766944554
0.6319301805095471
0.146771982749442
1.6949350764194955
0.3492263140702327
11.764958199276531
1.9953617170555336
2.8044801352766418
0.18842546588165857
0.4899252030577651
2.4058164509605144
4.208135023560174
0.9363151762554897
5.889036228265927
6.866039774625727
6.1854420193478745
2.1999003429267665
4.385390580577051
0.3682487737152677
54.873671045067034
619.5827606410493
4.002300773824927
10633.83128481344
1.0999999084886238
23.2190594313551
1.182558880419148
45.43233331187892
1.262408018730777
1.3966739182184884
1.0999989509414556
0.5207969698474763
1.1242572896126566
53.36831836839636
0
0.0013567455803231623
221052439634711e-19
0
26716229105649945e-21
0.037415895618410945
0.06050856292180247
0.10134035836205532
0.04933476113847091
0.04547251229412068
0.07898045677748175
0.05971709814260545
0.08568211345623586
0.0577550981211469
0.05306752707932402
0.08234920077810362
0.06280108315066074
0.04822430777797029
0.056247243316798805
0.048077423765939806
0.06034900032230967
0.06463179773524802
0.09240808497336997
0.06000283092920874
0.04587697284319872
0.0019047614875394412
0.007503410840167108
0.02350652593790602
0.07831925585994431
0.04355670298362569
0.13145327262646753
9120774216132514e-20
0.010219387587630758
0.3136194046297331
4806127330317347e-21
0.08051996518346774
0.011058777339137195
0.001271262080329989
54863820162884466e-22
1204424823195392e-21
0.11575227101390703
0.09891761603095603
0.004161953984688892
0.042419347168401726
0.020711709432187246
0.005819344107438971
0.012267037348412968
0.00048312130332118814
0.686401493876429
156991300297471e-23
0.08633035632871142
0.00034203348511315656
0.009729908592490235
0.011046573053127591
0.00015708679964239372
0.00017090476238121422
0.7987620106892768
0.0003936644582353184
0.060528361173089636
0.3505635102086402
13179246041219897e-22
2586172753270492e-21
0.0001447476469066431
12571633807380176e-21
0.0005948448902900287
17003367364529943e-21
14432278928177725e-23
10044051060846082e-22
19077357333136205e-21
0.08368383549175745
0.08465391318632384
4350179958452935e-20
0.0002127292290137182
0.0200552886112724
0.008233416304273166
0.10196786936477802
0.020659277062122602
2782965388745245e-20
0.16380361252809636
0.04038198838333008
5573481642684338e-22
0.441858448408519
4458965588597681e-22
0.0037796805301292947
0.0009835746223447832
2299456595310431e-27
0.46083694271114095
0.7800642237059794
0.018473336330642996
0.4243932900337411
0.9931494080620925
0.007464324805519293
0.2515272116906703
22332184598361772e-26
4630639470395716e-21
0.0006298360719201151
9121520703076319e-20
0.15526852011614586
8645608166485993e-22
0.00011182753395366211
0.2022463588069127
0.0009300769658530104
0.012008348743713126
122008989928051e-19
0.16526231249269915
0.1090921820531849
0.02176088432071925
31470105109571134e-21
0.00015347399311500058
120066810822141e-21
0.013888971651662871
0.20421455311478706
8333314589975064e-24
11103428068928266e-21
9106422113031922e-21
9651200847477309e-20
1058652136506226e-20
0.543341456114631
0.2021807671387715
0.005183910644431915
0.0015509075053670956
0.04390056624047886
0.005920872295385865
6760883242059939e-20
0.02933256132519787
8324411892111973e-20
0.0007215194537204163
0.08936966334042544
997038928787056e-21
0.8784366843814602
0.8904758860824167
0.0018317001951671061
0.0005373912722739712
5829910130005971e-24
0.0010319260558628346
1039042141027113e-23
0.010394824170481392
0.030300015798084248
0.0009047786824913827
0.0003377549048170652
0.00015457492241522413
2618188222226075e-21
0.006164277681721546
0.03170990255552208
0.02198904498829206
11257176078879223e-24
0.9894934669496526
0.07304005055214084
0
0
8178628491099339e-20
6662204559086355e-20
10336393198892905e-22
7596610379718315e-22
0.00019352315349494044
0.009857979834467361
0.005422272343689096
1520423391324952e-23
0.0001315171599135295
7328787276727163e-21
0.06035052462112953
0.013605667229999539
0.1138657676908548
38456373839371976e-23
0.06524134933387009
0.007753547996968781
0.00012015898388805235
0.14511184081426978
0.00029651990050093323
18549559457239282e-29
8515598691198461e-20
3736171506038487e-21
0.0001247324433930977
0.01664315454959327
0.003920358336216368
0.0001635796988383829
0.00015213989375380962
37998745260857625e-25
0.0005147635247809126
0.023536724751887082
13135133746225999e-24
0.0018093979173540741
0.0018043233722001045
4418945607668008e-20
0.1239424590378701
4337440704595623e-20
0.5702267213781869
0.001914615276381712
0.23542334923460614
0.003314445300599849
0.0007014055835057421
0.0005696365475599577
447533603624496e-19
0.7045771047607339
12102147104685031e-21
2156812326820336e-20
0.008376853941152255
0.0064894050265736705
21715985265503688e-24
872382540779896e-19
0.003065720722737287
0.15704990963603632
0.031302986211432966
0.00010012351295207273
0.02361746407313164
0.0003542553074867103
0
0.1299020780154645
0.012506852966939545
0.6251244807640483
0.5299993628110824
0.5780699317393225
0.05558147185889549
0.03072506571178103
0.9407433231668869
0.6060887219713191
0.9667665987397591
0.5133063447775538
0.28873733620283354
0.0007658346626379865
0.01601220258647912
0.169157861833356
0.4210004501876466
0.16326499664295313
0.0002993288380748604
0.027847974680957482
0.3803376862062521
0.13209333389216144
0.208252729749345
