0.007622436139292728
37.426969669144846
124.15534245530029
0
126.99825876617692
0.32648607153607345
185.40144736679886
0
138.7016445219528
0
46.14337014289582
0
9.005119101766583
0
32.69741812861007
0
30.808871606662525
6.140597929314025
90.80797561911545
2.6019451604023622
2.5798584882956486
3.069316853734295
24.98645009873585
0.865133582545593
0
6.303396203009913
0.47184176338715283
0.4420959594956632
0.006972895058430139
3.7733472337089755
3.8342286488402055
5.277370823391668
6.789493771320892
0.9317568164136472
8.981648350080976
3.8454239810188464
29150617172318657e-22
36.32764362635275
52.17561989112226
0.018357785508730195
32.63064268717778
0
4.709310192602343
0
10.19096322230792
23.12353901727372
4.491458287916857
0
17.49973893996397
0
0.10256131906347464
0.16078945490952878
33.248402785920106
32.940294223527694
18.532133240480093
43.366349535827695
61.68461185343918
0.06266079899654813
0.15923857717471396
0.009042751299876929
20.20448412909754
49.447285827652564
2.0126561699905934
0.41246840313229793
0.0024894429376578734
0.12417192621379637
44.379455025271504
0
112.63822893345541
0
11.760948843315727
0.005471567481323494
15.92453398008313
15.850477402096455
0.3611242833931199
1.1660362501197277
2.9988091912808645
0
25933081979390613e-21
0.010269823229505795
0.12356769148821731
0.0036536877051443323
0.00599913553267775
0.009280096281831093
0.000983793190447869
0.001569667012564142
0.4606803537092151
0.6753899464942171
0.06956028839294544
0.16498552729247612
0.00011798271770638718
0.16109893146736026
0.030578575892395893
2.1830672488718905
0.06554024569009705
0.112452620251232
0.027440572570884014
0.05235231846159698
0.6881251525665043
0.0008169418610282298
0
1.262548663435841
1.4934038165557995
0.027443169865761466
0
2.6970562724696894
13823376363222666e-21
0.0030722867947263564
0
0.00039538595581542377
0
0.1341312092489515
1.234093369716327
0
0
0
0
1.140004925681495
0.574107045213217
1.163073867302146
5.7306496065355725
0.3075595008418441
1.4748367023494617
0.11208495521321972
0.011133549931905474
0.02471659392424517
4.451753666594061
0.003827656289162699
1.6530749715218676
9067911644548624e-22
0.06997557763205937
2.118102602173238
0.48796212801827926
0.5870664980665335
0.0031125335632248914
0.8573127078542379
0.2008750481506635
0.0014050994027048384
0.027326115895471206
0.9699089183787589
2.303293574140284
0.1365278330727118
0.12678358975311338
0.3826884917832224
0.03610933215210621
0.4901158477386871
0.4929429188969546
0.40100368635135397
0.6318477406277961
0.14680379956817516
1.8174559527415162
0.3459643950879898
11.625679669698483
1.9960568087905575
2.8041725484631854
0.18887675053991895
0.4848639282361358
2.407231896055736
4.207365316926793
0.937705091550918
5.815117390240712
6.812761909537151
6.0188443736299435
2.201101725217742
4.297339226992382
0.3654802935193072
54.83362605089052
619.5824965474991
4.002300639797242
10628.199111808623
1.099999898527367
23.219059056627177
1.182551467549193
45.43211269067082
1.2631198032565076
1.3967139166594524
1.099998895652445
0.5421226618883717
1.1242309507409824
54.04599383810825
0
0.0013469273832794587
2469021242826074e-20
0
3774504829463998e-20
0.03661901786121977
0.05918719025275187
0.09907943074348534
0.04830543469480954
0.04474372009347984
0.0772692910371017
0.05835015533220615
0.08376998500556772
0.05648200070024816
0.05191920985075221
0.08056232230826026
0.061421873715025395
0.04719167276380832
0.05506049755906464
0.04705384907245709
0.05901879625947241
0.06324591164873852
0.09058081190792913
0.058744870166002466
0.0448741040236539
0.0019047587726909623
0.007503368709566426
0.023506112412419317
0.07831466369658187
0.043555282971650136
0.1314403314654749
9120773593656411e-20
0.01021930943607858
0.3135456563136637
4806127313033134e-21
0.08051511125244357
0.011058685821570559
0.0012712608710335046
54863819937651925e-22
1204424822109921e-21
0.11574223768435186
0.09891028971363193
0.004161941022888967
0.0424180003570806
0.020711388399406123
0.005819318766452268
0.012266924739433482
0.00048312112866951285
0.6860473641940669
15699130029728651e-25
0.08632477638353696
0.00034203339757503306
0.009729837748338419
0.011046481737451326
0.00015708678117783883
0.00017090474052535785
0.79828209919023
0.0003936643422741612
0.060525618665836264
0.35047134130037294
1317924602822298e-21
2586172748265838e-21
0.0001447476312289395
12571633689118915e-21
0.0005948446255204005
17003367148193866e-21
14432278926619142e-23
10044051053297299e-22
19077357060806192e-21
0.08367859250767386
0.08464854790864404
4350179816849566e-20
0.00021272919515161347
0.020054987606438146
0.008233365576895803
0.10196008409341027
0.02065895765280296
2782965330792408e-20
0.16378351378522615
0.04038076785337714
557348164035993e-21
0.44171193529948466
4458965587109939e-22
0.0037796698400759383
0.0009835738984483747
2299456595310427e-27
0.4606775536027402
0.7796065734488964
0.018473080941844074
0.42425814578237697
0.9924065409549625
0.007464283112711219
0.2514797940170393
2233218459835804e-25
463063945435067e-20
0.0006298357750846051
912152008049832e-19
0.15525046232508452
8645608160892926e-22
0.00011182752459622693
0.20221571151103804
0.0009300763185622335
0.012008240834257547
12200898881415997e-21
0.1652418539958601
0.10908327047824654
0.021760529937185094
3147010436850752e-20
0.00015347397549000426
12006681081135392e-23
0.01388882729447607
0.20418330601699314
8333314589923099e-24
11103427976676815e-21
9106422050980094e-21
9651200150494615e-20
10586521281200185e-21
0.5431197670465623
0.20215013973156573
0.005183890535515728
0.00155090570552175
0.04389912371588875
0.005920846062436631
6760882900028459e-20
0.02933191739052449
8324411373590946e-20
0.0007215190641758572
0.08936368347102899
9970389280432098e-22
0.8778559536277796
0.8898790808403707
0.001831697684593435
0.0005373910561804479
58299101299805395e-25
0.0010319252590449274
10390421410190347e-24
0.010394743312544339
0.030299328681741424
0.0009047780699346901
0.00033775481945531746
0.0001545749045364587
26181882170967427e-22
0.0061642492475351505
0.03170915000031525
0.021988683133911703
11257176078784398e-24
0.988756076766223
0.07303605674180705
0
0
8178627990580752e-20
6662204226966279e-20
10336393190898295e-22
7596610375400157e-22
0.00019352312547124358
0.009857907112989377
0.00542225034296488
15204233913076543e-24
0.00013151714697084898
7328787236536673e-21
0.06034779820871199
0.013605528702142303
0.11385605885721382
3845637382830586e-22
0.06523816301570645
0.007753503010504202
0.00012015897308436897
0.14509606925007132
0.00029651983470977317
18549559457239282e-29
8515598148586167e-20
37361714955933876e-22
0.00012473243175134882
0.01664294726009721
0.003920346835586855
0.00016357967881588367
0.00015213987643389836
3799874526074957e-24
0.0005147633265022409
0.023536310163124782
13135133746096897e-24
0.0018093954675446786
0.0018043209361127421
4418945461552452e-20
0.12393095502360306
4337440563820395e-20
0.5699825075764726
0.0019146125333712744
0.23538181332313707
0.0033144370802540963
0.0007014052153772488
0.0005696363047556905
4475335886376432e-20
0.7042039278649417
12102146995091753e-21
2156812292011958e-20
0.008376801430846067
0.006489373513766107
21715985265150812e-24
8723824838325889e-20
0.0030657136898630845
0.15703143490104057
0.03130225284852458
0.00010012350545086042
0.023617046634898324
0.0003542552135808389
0
0.12988944060054392
0.012506735911819906
0.6248308751560265
0.5297884459283817
0.5778189407374325
0.055579159389122786
0.030724359180475783
0.9400770162741918
0.6058127598069096
0.9660627979799412
0.5131085264846208
0.2886748359729645
0.0007658342237727144
0.016012010716788906
0.16913642693311765
0.4208674610879485
0.163245029929433
0.00029932877103131374
0.02784739428433768
0.3802291750924872
0.13208026634585635
0.2082202338061099
