0.009012082607695919
37.20487820289167
120.7500038733923
0
121.97616170733623
0.2755772356400359
175.2212810851382
0
140.54760076227106
0
56.8014702961968
0
13.151262741903931
0
32.41730685884869
0
31.04375825882823
4.650792709689392
76.51667526211028
1.937508092402238
1.8845691590194862
3.7772939750180505
24.297909407471604
0.8179118553840914
0
6.273330059637149
0.43751124631333355
0.4389953098180725
0.006976739616407576
3.7884776617503526
3.807660029673071
3.4235548723865596
6.173075696573367
0.9419405769852509
5.757784232836548
3.5760810296070136
2840787649439711e-21
34.59368074381089
50.365088757750286
0.010890660918491852
29.743193439332327
0
4.5837110496756015
0
12.554457758461359
27.889614746494402
4.491588375639529
0
17.30076399538657
0
0.12532393459647193
0.1229727109980429
33.24744222926686
32.94028605120542
18.5635425465297
70.62889784000905
61.6831423228956
0.0771842420351132
0.1531791797610171
0.009043918138454392
20.162457859011145
49.15732493410057
2.0328038469829677
0.3212522780184595
0.0035048875289432706
0.13506547679227385
34.53468397036244
0
73.73550737164582
0
11.822352904206426
0.004255273462675348
7.459755704672154
15.840865818445845
0.43819060059780846
1.175648965623265
2.998024903239974
0
21909518062340595e-21
0.00783330590618769
0.1196029832224982
0.003913864612929056
0.004668461405328778
0.009643008447896733
0.0010862794928777244
0.0015303816655509721
0.47811935853799326
0.6747409690644273
0.0828215983689122
0.17384227786174813
0.00011743760219662362
0.16230581574282466
0.029801685925425783
2.166171902268608
0.06852588325472288
0.13603400037975039
0.027546802384094272
0.05063886144599303
0.8289548792597164
0.0008804362259514939
0
1.2621220240642412
1.4832435749043207
0.021327721530593237
0
2.6879704408354015
16773994055245846e-21
0.0037885501697967703
0
0.0006669313561515494
0
0.13411300662332443
1.2331468750745866
0
0
0
0
0.7944257852221186
0.5755062270345224
1.1548540094164712
5.702422229496411
0.3095627955421029
1.4519289981109338
0.1136158691107363
0.013576647865802009
0.02656085676824241
4.239658239042733
0.003844381853853231
1.6576097409291455
9071842404427174e-22
0.06943301660833982
2.1443387618609004
0.47993062110907847
0.5753520515720428
0.0031136936448778805
0.8545804631232808
0.2011009270130666
0.0014574672166038198
0.026569611054947945
0.9647109004364952
2.295710072902597
0.13715120400187292
0.12369860946145005
0.37215151987158956
0.034805392675849416
0.47451924086445035
0.4781617628140485
0.40150714957752426
0.6316949069742825
0.14674710075618178
2.2051145460755723
0.3385301542260984
11.297380779544923
1.997215220725355
2.8034409833393075
0.18966015186412946
0.4728724455490025
2.4095917112130865
4.205536651697295
0.9401131371803699
5.650868894766609
6.664979701634611
5.689046204498885
2.2032272757046556
4.112046256139784
0.35866365297423625
54.30290875524533
619.5820060883474
4.0023003908886965
10617.747274989677
1.0999998800278907
23.219058360703904
1.1825377009139866
45.431702968412395
1.2644773873510577
1.3967701140421616
1.0999988729879988
0.5777432725483757
1.1241820374430185
54.62486456391812
0
0.0013218476134392732
2941583739394895e-20
0
6234037533768188e-20
0.03489530981385283
0.056342881935108294
0.09425759689724388
0.046079762606008046
0.04317784088493226
0.07358667560278997
0.05543412156461784
0.07968443833250331
0.05374782588580282
0.049447119343146065
0.07671223038182962
0.05845727617302418
0.0449668877829997
0.052494424555960734
0.04484829644051734
0.05617776398130007
0.06026187821007857
0.08655674132699684
0.056031361569503155
0.042716522590467286
0.0019047537308397673
0.0075032904676499024
0.02350534445581561
0.07830613610753631
0.043552645929373565
0.1314163012607232
9120772437629476e-20
0.01021916429906729
0.3134087411617692
4806127280933882e-21
0.08050609758540192
0.011058515862384696
0.0012712586252002285
5486381951936293e-21
12044248200940462e-22
0.11572360666529838
0.09889668513532462
0.004161916951081918
0.042415499249502595
0.020710792208871405
0.005819271704912585
0.012266715611214117
0.000483120804316569
0.6853901794356076
15699130029694392e-25
0.08631441458504474
0.00034203323500429174
0.009729706181996409
0.011046312153198073
0.00015708674688652837
0.00017090469993591767
0.7973915998300951
0.0003936641269178174
0.060520525767749134
0.35030023475679617
13179246004085854e-22
25861727389714806e-22
0.0001447476021132088
12571633469490864e-21
0.0005948441338056892
17003366746426884e-21
14432278923724632e-23
10044051039278133e-22
1907735655505048e-20
0.08366885640870801
0.08463858472367031
4350179553871894e-20
0.00021272913226486187
0.020054428609445944
0.008233271369738455
0.10194562730926342
0.02065836447716811
2782965223165713e-20
0.16374619409100682
0.04037850125276379
5573481636043174e-22
0.4414399684027161
445896558434699e-21
0.0037796499871999203
0.000983572554070744
22994565953104207e-28
0.46038169150131847
0.7787573637585598
0.018472606657727438
0.42400727776664543
0.9910284044931165
0.007464205683828353
0.2513917563379488
22332184598351111e-26
4630639424552729e-21
0.0006298352238190294
9121518924282149e-20
0.155216931998983
8645608150505803e-22
0.00011182750721813513
0.20215880742501985
0.0009300751164519855
0.012008040433555559
12200898674550518e-21
0.1652038663636014
0.10906672234181586
0.021759871811647374
3147010299224656e-20
0.00015347394275787364
12006681079132074e-23
0.013888559206538366
0.204125288376657
833331458982659e-23
11103427805352695e-21
9106421935740982e-21
9651198856098315e-20
1058652112545633e-20
0.5427082987226508
0.20209327256965323
0.005183853190592618
0.0015509023629573643
0.04389644486740331
0.005920797344410697
6760882264827187e-20
0.029330721549349417
832441041062341e-19
0.0007215183407365197
0.08935257906082268
9970389266617817e-22
0.8767784720238938
0.8887717892279936
0.001831693022108604
0.0005373906548641354
5829910129933311e-24
0.001031923779241875
10390421410040323e-24
0.010394593149472784
0.030298052649872537
0.0009047769323305043
0.00033775466092641473
0.00015457487133304268
26181882075708408e-22
0.006164196441536958
0.031707752445171676
0.02198801113443206
11257176078608293e-24
0.9873880954481074
0.0730286402448406
0
0
8178627061046318e-20
6662203610171893e-20
10336393176051163e-22
759661036738072e-21
0.00019352307342724583
0.009857772060239238
0.005422209484713882
15204233912755302e-24
0.00013151712293444569
7328787161897194e-21
0.06034273519813628
0.013605271439863691
0.11383803036239531
3845637380775451e-22
0.06523224598054232
0.0077534194649053235
0.00012015895302038805
0.14506678374985546
0.0002965197125262289
18549559457239282e-29
8515597140877713e-20
37361714761953455e-22
0.0001247324101309609
0.01664256230073983
0.003920325477364412
0.00016357964163124872
0.00015213984426835412
379987452605489e-23
0.0005147629582706246
0.023535540231940884
13135133745857137e-24
0.0018093909179074592
0.0018043164119592235
4418945190195006e-20
0.12390959325846912
43374403023806977e-21
0.5695292451104348
0.0019146074392194592
0.23530469464304932
0.003314421813951787
0.0007014045317105597
0.0005696358538337545
4475335608049178e-20
0.7035114093616772
1210214679156139e-20
21568122273678278e-21
0.008376703912579284
0.006489314990386621
21715985264495473e-24
872382378073314e-19
0.0030657006288537974
0.1569971304445974
0.031300890934419914
0.00010012349152003912
0.02361627141203978
0.0003542550391842866
0
0.1298659743773282
0.012506518526647133
0.6242859734045667
0.5293969658077736
0.5773531036785675
0.05557486505765113
0.03072304709401259
0.938840840993221
0.6053005919585093
0.9647570984738606
0.5127413518896077
0.28855880000809153
0.0007658334087378763
0.016011654393463914
0.1690966264670479
0.42062059277560065
0.1632079553682062
0.0002993286465219099
0.0278463164369932
0.38002773658058214
0.1320560014751654
0.20815989764951237
