0.009439666136435362
37.1278010494541
119.70507932498418
0
120.72264665007073
0.26015149597337844
171.63888147046086
0
140.9702264714618
0
60.669020898244135
0
14.292076573177795
0
32.34158062454988
0
31.102592382328677
4.3074998817330075
72.29841268861088
1.7919071498221006
1.7322134268697864
4.036894868646241
24.065846152085015
0.8034415393700935
0
6.263997499008955
0.4270670014541145
0.43822589619252333
0.0069773267829009705
3.7917652095865764
3.8010664938822756
3.149211787782644
5.991518483420604
0.9438954683123323
5.290592713276343
3.484055053688954
28211915978223907e-22
34.05991256212879
49.802611731604436
0.00934381784257942
28.87205321949844
0
4.540272539847772
0
13.405961429636447
28.85143258220365
4.491614329290221
0
17.240047654240787
0
0.13368880821874
0.11474599494954073
33.247146226174536
32.9402830075371
18.57285948574139
79.20325888979558
61.682826028174865
0.08251238433490829
0.15066417416174074
0.009044386613304934
20.149470000995073
49.06089611753338
2.0383017665691603
0.29569181139580564
0.003888257608730861
0.13791785017775177
31.77542448527535
0
64.49840195593335
0
11.832053044832305
0.003914738641837405
4.928208367144731
15.837502657088733
0.4662677686229216
1.178490846361328
2.9977792117758284
0
2062024907421403e-20
0.00730510716815448
0.11829239197788582
0.00399220540512524
0.004295624718382287
0.009736173596490452
0.0011158366871441218
0.0015178720212253975
0.48265868540419204
0.6745428937311639
0.08752732479426392
0.17642695442544704
0.00011670661832206993
0.16241708989903658
0.029523586691063086
2.1605541667449075
0.06930637611051552
0.14468906098310869
0.027526897196884774
0.05005127057992645
0.8798728891136686
0.0008995467879067324
0
1.2619929955916513
1.4796300860792575
0.01961702814298867
0
2.6851978158822747
17850998543815596e-21
0.004051187804348627
0
0.0007570607881128848
0
0.1341074784972166
1.2328595014795976
0
0
0
0
0.7161567533614781
0.5759096756183728
1.1522111786465037
5.693693796581549
0.31017326762467695
1.4442295822718196
0.11404901271863789
0.014473640012647232
0.02712575971330207
4.1743676518304715
0.0038491580861004307
1.6589262618893907
90730509731663e-20
0.0692665250305992
2.1512494683689165
0.47693042633475813
0.5716024830398948
0.0031141123124874687
0.8537404140813047
0.20117017527610928
0.0014703309087550044
0.026316388189186794
0.9631248328443319
2.293361106361142
0.13734274926497386
0.12266572204390147
0.3686067116006009
0.034380925521839634
0.46930964769061284
0.47304876248528127
0.40166206760781525
0.6316479516377135
0.14669170411059126
2.3463846187387225
0.33606075696526594
11.186837387547712
1.9975337843527559
2.8031634347967245
0.18988647702106953
0.46881521785660824
2.4102407945451456
4.204843437346256
0.9408077670774636
5.596970968469133
6.612401502739154
5.586424525772738
2.2038624018640554
4.053181542240687
0.3563158461167137
54.058970056031775
619.5818551779173
4.002300314301455
10614.5333935127
1.0999998743357444
23.219058146573673
1.1825334650584731
45.43157690076856
1.2649106049565735
1.396783986247687
1.0999988672639676
0.5877848594782523
1.1241669876570675
54.633954411916115
0
0.0013130739784350553
3084700402850465e-20
0
7080363183307602e-20
0.03434036410235416
0.0554290685372513
0.09271387584699958
0.0453626091432924
0.0426707438561364
0.0724030845808424
0.05450075379252041
0.07837562286056164
0.052870409945339855
0.04865272374367525
0.07547487045945185
0.05750549696592724
0.04425151724453267
0.051668203467969125
0.04413895365825378
0.05526746650734704
0.05930261843423431
0.0852500295307688
0.05515919630384014
0.04202357287942122
0.001904752179503623
0.007503266393378189
0.02350510816652364
0.0783035124207992
0.04355183456387119
0.131408908235456
912077208192891e-19
0.010219119641940048
0.3133666254519655
4806127271057189e-21
0.08050332435240452
0.011058463567776093
0.0012712579341754033
5486381939065863e-21
12044248194737769e-22
0.11571787464742946
0.0988924994877038
0.004161909544400067
0.0424147297076098
0.02071060876908263
0.005819257224515406
0.01226665126478697
0.0004831207045157069
0.6851880954210052
15699130029683851e-25
0.08631122658958465
0.0003420331849825408
0.009729665700402934
0.01104625997395161
0.0001570867363353574
0.0001709046874468611
0.7971177999279383
0.0003936640606543506
0.06051895880840056
0.3502476033977676
13179245996659046e-22
25861727361116784e-22
0.00014474759315452357
12571633401913007e-21
0.0005948439825089367
17003366622806278e-21
14432278922834014e-23
10044051034964543e-22
1907735639943334e-20
0.08366586091385723
0.08463551936422255
43501794729556905e-21
0.00021272911291509588
0.02005425661350609
0.008233242383137673
0.10194117948038839
0.020658181965014677
2782965190049807e-20
0.1637347128190559
0.04037780386278653
5573481634714942e-22
0.4413563199741926
44589655834968516e-23
0.003779643878643663
0.000983572140416458
22994565953104187e-28
0.460290695241559
0.7784962546161258
0.0184724607266029
0.4239301174557285
0.9906047476516406
0.007464181859718291
0.2513646740223005
2233218459834898e-25
4630639415384132e-21
0.0006298350541989493
9121518568523356e-20
0.15520661643255698
8645608147309764e-22
0.00011182750187103049
0.20214130169723016
0.0009300747465722216
0.012007978772473941
12200898610899603e-21
0.16519217961839983
0.10906163111259472
0.021759669315486375
3147010256878166e-20
0.00015347393268645023
1200668107851567e-22
0.013888476718983227
0.20410744011182505
8333314589796896e-24
11103427752637583e-21
9106421900282795e-21
9651198457822564e-20
10586521077535145e-21
0.5425817558102022
0.20207577819999067
0.005183841699901171
0.001550901334477464
0.043895620639218966
0.005920782354329518
6760882069380654e-20
0.02933035360802713
8324410114325728e-20
0.0007215181181399465
0.0893491625968304
9970389262367268e-22
0.8764472053636713
0.8884313613910312
0.0018316915875002742
0.0005373905313822533
5829910129918778e-24
0.0010319233239182856
10390421409994161e-24
0.010394546945887187
0.030297660035493626
0.0009047765822987349
0.0003377546121483058
0.0001545748611166084
2618188204639794e-21
0.006164180193628522
0.031707322440596666
0.021987804369493148
11257176078554106e-24
0.9869675590116742
0.07302635839729146
0
0
8178626775035743e-20
6662203420389015e-20
10336393171482815e-22
7596610364913202e-22
0.00019352305741371088
0.00985773050591912
0.005422196913006283
1520423391265646e-23
0.0001315171155386302
73287871389312e-19
0.060341177434187175
0.013605192283218161
0.11383248370756278
38456373801431015e-23
0.06523042546230917
0.0077533937587483176
0.00012015894684685614
0.1450577740159318
0.0002965196749313023
18549559457239282e-29
8515596830813596e-20
3736171470226717e-21
0.00012473240347853458
0.016642443853498196
0.00392031890562707
0.00016357963018982425
0.00015213983437126495
37998745260487155e-25
0.0005147628449686418
0.023535303335105263
13135133745783366e-24
0.0018093895180213856
0.001804315019914269
441894510670041e-19
0.12390302114846376
4337440221937717e-20
0.5693898522649733
0.0019146058717908582
0.23528097090200636
0.0033144171166421465
0.0007014043213517125
0.0005696357150886153
4475335522410027e-20
0.7032984637877404
12102146728936664e-21
2156812207477327e-20
0.00837667390718713
0.006489296983299115
2171598526429383e-23
8723823455320011e-20
0.003065696610092904
0.1569865767349777
0.03130047189584738
0.00010012348723363295
0.023616032887048905
0.0003542549855238263
0
0.1298587548539027
0.012506451639661834
0.6241184069482566
0.5292765685941222
0.5772098447689002
0.05557354379164489
0.030722643386373812
0.938460806498575
0.6051430889803979
0.9643556999272513
0.5126284279600042
0.2885231060187342
0.0007658331579581005
0.01601154475711304
0.169084382054117
0.4205446624313095
0.16319654950495888
0.0002993286082113345
0.027845984800049607
0.3799657769726086
0.1320485362579749
0.20814133619590955
