0.01276359512279189
36.57456223809717
111.65327343644846
0
112.26615276808671
0.15975437816796348
139.6071376241528
0
142.29562791861446
0
72.2057357837236
0
19.699788337152707
0
31.872196347261085
0
31.434929454779468
3.036771871531879
54.48025987404251
1.2679683610234762
1.1963614742963868
4.840898314433634
22.49706217320881
0.6942385805730168
0
6.190136353777157
0.3499879216903374
0.4320881366237518
0.0069794999158646525
3.809532233333549
3.748458595993091
2.2482830569520087
4.636377206793179
0.9534613583917034
3.774502424351868
2.742180378164178
26695869714642627e-22
29.944752989269098
45.35621208034946
0.00436729287270818
22.475641358434565
0
4.1576696149652035
0
15.756095016982703
31.363549454635244
4.491270549423559
0
16.776092743233566
0
0.15783520855022173
0.08627655400937959
33.2448564083969
32.94027237430263
18.64020258773176
128.12517117276894
61.68168803414092
0.09877282153009946
0.12425926097015927
0.00904563935403215
20.063371656331284
48.19271468038456
2.0717483121451274
0.18489998339707114
0.005921902361990652
0.1535891897273001
19.769393365693027
0
26.58935697970052
0
11.829276704933342
0.002437824950587885
0.028713371840340875
15.822735578855045
0.5463397853356358
1.1956480950724526
2.995830660358243
0
14954527711762181e-21
0.005482850058088045
0.10939416327275395
0.004588148397765655
0.002675534433981464
0.010199070201861416
0.001313921386273315
0.0014170037428215165
0.514728905229953
0.6730260503984166
0.09725422142070377
0.1939948347387327
9395756796643283e-20
0.16184469660924622
0.02740728234958334
2.1133146460892283
0.07435637144156024
0.16819114125182993
0.02721102662928981
0.04593600625118834
1.0149873161019685
0.001036955330778624
0
1.2610233647538864
1.4446582458429467
0.012195488601127524
0
2.663953999513741
20878915697299456e-21
0.0048768403017885225
0
0.0013223159344996007
0
0.1340656926653055
1.230682005861224
0
0
0
0
0.4077300592996383
0.5786420225810174
1.1307688703148497
5.625138358040579
0.31482576702230625
1.3896283402075513
0.11688080562901133
0.017035946409771234
0.03147710022545773
3.6810128046848365
0.0038808940485710324
1.6679415221368037
9082426258032135e-22
0.0680504585177941
2.1885322621838204
0.45547765049270267
0.5441384759515839
0.003115803613366714
0.8472178487549672
0.2017044488194146
0.0015655595666620272
0.0245680140444498
0.9510115509981409
2.275340190982267
0.13882731789848712
0.11554885266400175
0.3445952810599925
0.03145471916801268
0.43438212022745204
0.43696658976063785
0.40286277227968886
0.6312840623836705
0.1458291093682593
2.736046489005042
0.31929599366752287
10.440994692104475
1.9994353055575154
2.800159358835522
0.19142412786622842
0.44118070616986954
2.414114808742811
4.197351367860054
0.9455161194865471
5.236548177176757
6.263440893581598
4.882251181612145
2.2084887378829134
3.670711185065453
0.34023995088208536
52.13102728777728
619.5806820386748
4.0022997189311615
10589.582623417675
1.0999998300864018
23.219056481978075
1.1825005370789492
45.43059689390107
1.2682654477980044
1.3968595069090761
1.0999988229948723
0.6541338767321913
1.1240500016185164
52.20926073056061
0
0.0012521798160564086
4159985356528647e-20
0
0.00014656902535148544
0.030689643618581536
0.049411091923893334
0.0825164717960257
0.040625384853228495
0.03922094558204856
0.0645930470942521
0.04834012954750347
0.06973674018046484
0.047094598096593
0.04341957146477819
0.0673322855507015
0.05123967802766947
0.03953421772262738
0.04622846058838974
0.0394588735463845
0.049250395124538264
0.05297653114321995
0.07663402124375507
0.04942571953029688
0.03746270274436648
0.001904740119841809
0.007503079248556459
0.023503271392797204
0.07828311952429351
0.04354552772384413
0.13135145086046526
9120769316800835e-20
0.010218772495092383
0.31303942124633233
4806127194278211e-21
0.08048176918005862
0.011058057050808683
0.0012712525623315059
54863818390143085e-22
12044248146519567e-22
0.11567332503424743
0.09885996733525038
0.004161851967130035
0.042408747954678576
0.02070918280877574
0.005819144658704809
0.012266151063029404
0.0004831199286891021
0.6836191746837212
15699130029601907e-25
0.08628644791362317
0.0003420327961260244
0.009729351012214595
0.011045854353753177
0.00015708665431317872
0.00017090459036004396
0.7949925506044548
0.0003936635455388693
0.06050677903604048
0.3498387297621849
13179245938924867e-22
25861727138802806e-22
0.0001447475235119314
1257163287657939e-20
0.0005948428063665784
1700336566181016e-20
14432278915910563e-23
10044051001431758e-22
19077355189704072e-21
0.08364257833203913
0.08461169380093866
4350178843933113e-20
0.00021272896249484332
0.02005291960975742
0.00823301705192633
0.10190660977190724
0.02065676321549658
27829649326149334e-21
0.16364548768913162
0.0403723829356989
5573481624389588e-22
0.44070659801531964
4458965576888087e-22
0.003779596392569277
0.0009835689247759056
2299456595310403e-27
0.4595839258277409
0.7764694398032269
0.018471326333315302
0.42333077086744647
0.9873175141089116
0.007463996659550636
0.25115424224619765
22332184598332402e-26
4630639344109716e-21
0.0006298337356158028
9121515802942639e-20
0.15512644913703247
8645608122464552e-22
0.00011182746030396543
0.20200526816872227
0.0009300718712231015
0.01200749944521781
12200898116093074e-21
0.16510135793034306
0.10902206125511003
0.02175809522449234
3147009927687009e-20
0.00015347385439370905
1200668107372389e-22
0.013887835497763392
0.20396874530952375
8333314589566058e-24
1110342734284328e-20
910642162463958e-20
965119536172559e-19
10586520705007673e-21
0.5415990480879068
0.20193983291645867
0.005183752374966029
0.00155089333935142
0.043889213820178234
0.005920665826426555
676088055002766e-19
0.029327493480257864
8324407810980929e-20
0.0007215163877313803
0.0893226083021096
997038922932455e-21
0.8738762846083602
0.8857894022161877
0.0018316804352469568
0.0005373895714654984
5829910129805808e-24
0.001031919784351756
10390421409635313e-24
0.010394187777602025
0.030294608121557532
0.0009047738612426329
0.000337754232959547
0.000154574781696589
2618188181854559e-21
0.00616405388785269
0.031703979889856036
0.021986197096114303
11257176078132878e-24
0.9837045146061636
0.07300862230802586
0
0
8178624551660358e-20
6662201945063885e-20
10336393135969604e-22
7596610345731318e-22
0.00019352293292848152
0.00985740747884803
0.005422099184643388
1520423391188808e-23
0.0001315170580453971
7328786960399245e-21
0.060329069132435686
0.01360457695466713
0.1137893745950953
3845637375227373e-22
0.06521627493473384
0.007753193928324773
0.0001201588988553512
0.14498775364473415
0.0002965193826777699
18549559457239282e-29
8515594420451954e-20
373617142382807e-20
0.0001247323517642239
0.016641523102577844
0.003920267818936079
0.0001635795412470373
0.00015213975743375455
3799874526000717e-24
0.0005147619641877982
0.02353346183879678
1313513374520988e-23
0.0018093786356889465
0.00180430419853645
4418944457634052e-20
0.12385194307088299
43374395965938594e-21
0.5683074094502735
0.0019145936870309244
0.23509662993503228
0.0033143806011415467
0.0007014026860760228
0.0005696346365192452
4475334856672422e-20
0.7016452739933706
12102146242107485e-21
21568120528534796e-21
0.008376440656327816
0.006489157002342197
21715985262726306e-24
872382092563896e-19
0.0030656653694156833
0.15690455898722855
0.031297214584549045
0.00010012345391217388
0.023614178734702455
0.00035425456838090796
0
0.129802645743114
0.012505931688919648
0.6228173195082579
0.5283415636094912
0.5760973968666501
0.05556327366648796
0.0307195052435743
0.9355117533387723
0.6039200964513483
0.9612410165343245
0.5117514328615379
0.28824578027046627
0.0007658312084607226
0.016010692496738938
0.1689892272365432
0.4199548658958136
0.1631079103136817
0.0002993283103945292
0.02784340687086196
0.3794844626208657
0.1319905178890227
0.20799710046158498
