0.013921550120923377
36.44294812690989
108.89069830210367
0
109.49284345246582
0.13680987120868515
129.13407441187883
0
142.04080162920778
0
72.38866024512149
0
20.512376830434228
0
31.7394055024948
0
31.520264038388007
2.9042665880510716
52.48260782624702
1.2144304791768292
1.1450260361432076
4.866877239408357
22.147328371473602
0.6582219566304538
0
6.163862459742399
0.3253587170370414
0.42994429416371893
0.00697994853581212
3.8138996266095413
3.730079149916739
2.0644902940883108
4.18724637531332
0.9557588891058784
3.4658924742998583
2.4899823503595186
2613462064365467e-21
28.540967499433048
43.78336581320153
0.0040142646253438245
20.436705062121728
0
4.015187484708904
0
15.696063903762767
31.185503956509507
4.491002159782765
0
16.61785399061352
0
0.15787368051771794
0.08378857780899149
33.24406119112192
32.94027153096977
18.66175546360861
136.78040211903112
61.68117956897596
0.09916164749702236
0.1128862482442037
0.009045524737342337
20.03720215839247
47.85127771135452
2.0801617301588546
0.17527985315326874
0.006373320080066524
0.15689430075479024
18.694972255456474
0
22.304310580771414
0
11.831681357869952
0.002307491255524535
0.00572136285531603
15.819940782983048
0.5463704483966108
1.2001323734186513
2.9951431870123173
0
14851349001570277e-21
0.005324366961725624
0.10730030812591336
0.004794668533994931
0.002531762247339994
0.010285582596443637
0.001374027465031853
0.0013813221072540311
0.5270791212479824
0.6725053202388621
0.09597684477899057
0.19908878572827857
9139455800837727e-20
0.1616839830447075
0.026789987187355764
2.096357347702924
0.07603728427724453
0.16760422151790658
0.027188961791317186
0.04492213243650432
1.0103088958309094
0.0010794374280500376
0
1.2606948508171854
1.4303678127520045
0.01153659707082098
0
2.656643874968492
2085539573810336e-20
0.00490838943581593
0
0.0014342478863936772
0
0.13405156829731998
1.2299420702920687
0
0
0
0
0.36118910884384986
0.5794490153588945
1.123211689649908
5.600961308907981
0.3164085352615505
1.3760212738007762
0.11768217973607835
0.01702933497825497
0.03295904956817392
3.5188092921064396
0.0038899536066669617
1.6706003014765853
9085682033038476e-22
0.06765036312564636
2.1958440798602106
0.4506088335287752
0.5360835438444674
0.0031160385653557195
0.8449509801263871
0.20188889546302205
0.0016078399072296044
0.02415018987007191
0.9468815042839167
2.269270938257276
0.13934257149646107
0.11386895042263263
0.3391945833176102
0.030715651367961512
0.42657866151637563
0.4285164661549584
0.4032784957965434
0.6311577636955145
0.14544796315784558
2.729261595506366
0.3154334515000053
10.275095298231848
1.9999080199982127
2.7988510992334663
0.191879816414766
0.43497161136216433
2.4150772220984913
4.194093081687217
0.9469082608618408
5.154751900101453
6.197652502279848
4.69123871031051
2.209947088646821
3.5835841351235955
0.3367471805297298
51.71102017771493
619.5802733534348
4.002299511522415
10580.90432158128
1.0999998146712873
23.21905590208401
1.182489066195297
45.430255494505445
1.2693282939449357
1.3968772054735088
1.0999988075761542
0.673286781037393
1.1240092502449686
50.25651952103066
0
0.0012387466218315344
4521770869189017e-20
0
0.00017606845110315213
0.029842481869158177
0.048004173580420306
0.08009947396160419
0.03951755649949439
0.03837256628509125
0.06276013488120621
0.04688006896244418
0.06769456298746503
0.0457425936182613
0.0421964491736478
0.06543407108987942
0.04977408454688232
0.0384306598095648
0.0449644978208816
0.038363359563563494
0.04782437118556769
0.051495626496066996
0.0746578053123475
0.04809412978796106
0.03639741082974861
0.0019047359186431304
0.007503014054131852
0.023502631550829524
0.07827601651152546
0.04354333082856081
0.13133144037279748
9120768353515146e-20
0.010218651562538573
0.31292551358874887
48061271675307724e-22
0.08047426137416983
0.011057915436264639
0.0012712506909510416
5486381804159414e-21
12044248129721821e-22
0.11565780934271574
0.09884863664396498
0.004161831909160673
0.04240666429340629
0.02070868607096227
0.005819105444737346
0.012265976812856157
0.00048311965841518046
0.6830734549425841
15699130029573369e-25
0.08627781745309239
0.00034203266066043427
0.009729241386883773
0.011045713051604353
0.00015708662573917528
0.00017090455653798506
0.7942535104493714
0.00039366336608857947
0.06050253655233312
0.3496964028499817
13179245918812053e-22
2586172706135542e-21
0.0001447474992505943
12571632693569257e-21
0.0005948423966351694
17003365327028574e-21
14432278913498644e-23
10044050989749963e-22
19077354768271486e-21
0.08363446891582602
0.08460339528017445
4350178624800946e-20
0.00021272891009306187
0.02005245385955895
0.008232938554885915
0.10189456949839748
0.020656268989526255
27829648429325178e-21
0.16361441580913355
0.04037049462176105
5573481620792552e-22
0.4404804795059309
4458965574585796e-22
0.003779579850016277
0.0009835678045477484
22994565953103973e-28
0.45933796399148114
0.7757645996750067
0.018470931161818662
0.42312217595664336
0.9861749065304576
0.007463932142566873
0.2510809756464676
22332184598326622e-26
4630639319279894e-21
0.0006298332762624904
9121514839499268e-20
0.15509853103436474
864560811380924e-21
0.00011182744582327742
0.20195789976008985
0.0009300708695416701
0.012007332466784433
1220089794371765e-20
0.1650697301664078
0.10900827970154217
0.02175754688617193
3147009813006907e-20
0.00015347382711892665
12006681072054582e-23
0.013887612122893614
0.20392045042896914
8333314589485641e-24
11103427200083505e-21
9106421528613934e-21
9651194283140516e-20
1058652057523052e-20
0.5412571210219054
0.20189249522874406
0.005183721257257464
0.0015508905541041945
0.04388698210039166
0.005920625232214765
6760880020731716e-20
0.029326497164896805
8324407008566337e-20
0.0007215157849110384
0.08931335945321876
9970389217813476e-22
0.8729824269437151
0.884870871010708
0.0018316765501596051
0.0005373892370603201
582991012976645e-23
0.0010319185512780971
10390421409510297e-24
0.010394062657292895
0.03029354500047152
0.0009047729133119949
0.0003377541008619036
0.00015457475402909764
26181881739168814e-22
0.006164009887398835
0.03170281553037027
0.021985637198918034
11257176077986138e-24
0.9825703054914553
0.07300244460980312
0
0
8178623777104652e-20
6662201431105898e-20
10336393123597898e-22
7596610339048939e-22
0.0001935228895616612
0.009857294948601644
0.005422065139490309
15204233911620397e-24
0.00013151703801652246
73287868982041796e-22
0.06032485154183751
0.0136043625995928
0.1137743605360331
38456373735148823e-23
0.06521134604556333
0.007753124314738578
0.00012015888213658605
0.1449633686322767
0.0002965192808656629
18549559457239282e-29
8515593580755983e-20
37361714076642018e-22
0.0001247323337485479
0.01664120235313771
0.003920250022054829
0.00016357951026210735
0.0001521397306310928
3799874525983996e-24
0.0005147616573510975
0.02353282035175634
131351337450101e-22
0.0018093748446331823
0.0018043004287152783
44189442315192455e-21
0.12383415397981996
4337439378743244e-20
0.5679308030469443
0.001914589442252174
0.23503244511853594
0.0033143678803546294
0.0007014021163969804
0.0005696342607792085
4475334624749864e-20
0.7010702664896443
1210214607251112e-20
2156811998987272e-20
0.00837635940040177
0.006489108237975665
21715985262180228e-24
8723820044375775e-20
0.0030656544861958706
0.15687599658249346
0.03129607991672719
0.00010012344230400129
0.023613532839035712
0.0003542544230612137
0
0.12978310474285437
0.01250575055909186
0.6223646978414783
0.52801622461424
0.5757103578712272
0.05555969631538694
0.03071841208607649
0.9344865716244178
0.6034946240956705
0.9601583206528201
0.5114462671548612
0.28814923109778523
0.0007658305293167432
0.01601039560599639
0.1689560907926215
0.41974959318859556
0.16307704244440716
0.00029932820664435036
0.02784250885538682
0.379316930686215
0.1319703120549017
0.20794687663037134
