0.015079505119054863
36.347014440516226
106.15836311858897
0
106.76043841005999
0.12009438714098239
120.38014632060278
0
141.47607361941417
0
72.45212724482089
0
21.018268779439868
0
31.614583281422057
0
31.596532590932327
2.831069756220192
51.37916310528366
1.186323083928284
1.1184815102492591
4.884977147890387
21.897803954386646
0.6235280918795338
0
6.137312181383644
0.302043290357588
0.4278506962638577
0.006980335794646332
3.8175554461037775
3.7121283936765175
1.8933175469813115
3.7554181046618655
0.9577175576644262
3.1779017987509657
2.246865443802812
25560288006220335e-22
27.161789328885583
42.20329845120536
0.003857454956957279
18.510971049037312
0
3.872170127234382
0
15.603714235160917
30.793229570803454
4.490699013138777
0
16.461408420490184
0
0.15771493643856596
0.08267072599520264
33.243266042591884
32.94027074574895
18.68240249645783
142.1410656373703
61.680686434622494
0.09937317857744461
0.10042201755951377
0.009045400093140631
20.011887502874803
47.49880273715816
2.087210499924514
0.17096770000810493
0.006810125908856382
0.1593583775870529
18.188187628090255
0
20.039067821811624
0
11.845928341793783
0.0022472757680327177
0.0027051053569172503
15.817194833586848
0.5457629367991206
1.2042411094975372
2.9944533403906375
0
15154897020401317e-21
0.005253504387729174
0.10570835901710088
0.005001660898781687
0.0024648490274914287
0.010343314325544918
0.0014303806046752784
0.001345816172711424
0.5404855372577977
0.671987770242025
0.09492995912185884
0.20370086630711748
9108318049177515e-20
0.16166885056878647
0.02624634624164024
2.079363452386357
0.07774841455297009
0.16685226259021232
0.02723362498448669
0.04412022584996165
1.004444702711116
0.0011190223760128891
0
1.2603679844439732
1.4155089737797475
0.011228969630749538
0
2.6493682690712808
20807568049810538e-21
0.004931519757671189
0
0.0015086296068901716
0
0.1340376124465196
1.2292087374869263
0
0
0
0
0.32523536333557784
0.5801954181860487
1.115667431022276
5.576631744761882
0.3179720944081442
1.365385782626202
0.11840912543232707
0.01700237721643195
0.03441867228984028
3.3630106866044884
0.003898121625751214
1.6730276305308613
9088931369973797e-22
0.06725802583392708
2.200887989357124
0.4471716079593308
0.5288372495079049
0.0031162542985377823
0.8426887585267658
0.20207247918906693
0.001656533578493309
0.0238309764216606
0.9427940857136122
2.2633177740272163
0.1398567992821503
0.11260489053629087
0.3353041017555004
0.030114440261692067
0.4209455634105333
0.4223314945774896
0.4036929875362192
0.6310317066283861
0.14504591541766812
2.719273927639343
0.312600421826798
10.156839816307567
2.000316897017362
2.7974762266047204
0.1923018837416996
0.4305316953623984
2.4159092364628165
4.190671292252497
0.9481966012029021
5.094746043613754
6.160576360603868
4.525059698283614
2.2113209968417693
3.5177137273388572
0.3343815377594677
51.45022250467506
619.5798646684643
4.002299304113682
10572.233131727053
1.0999997992561728
23.219055322189956
1.1824775954229183
45.42991409767535
1.2703273490337603
1.3968921454456682
1.0999987921574357
0.690814358456659
1.1239685003792463
47.551380234214705
0
0.001229516488904166
4879080649325436e-20
0
0.00020683231770793432
0.029191108869725004
0.04691422423961481
0.0782038767127812
0.03866119610402178
0.03769687577671623
0.06133633231067867
0.045733873413605006
0.06609621955911349
0.04469351613945085
0.04124954892363666
0.06396742854555319
0.048637821467076396
0.03757615992610275
0.043991933734260996
0.03751493589974598
0.04670664547655493
0.05034819186092603
0.07316042960871358
0.04707013190562852
0.03557266678239803
0.0019047317174537182
0.007502948860273721
0.0235019917262806
0.07826891414324873
0.04354113404411202
0.13131143293358943
912076739022956e-19
0.010218530631415923
0.3128116473794737
4806127140783334e-21
0.08046675426865268
0.011057773823534175
0.0012712488195733326
5486381769304521e-21
12044248112924074e-22
0.11564229573236123
0.09883730725133029
0.004161811851287981
0.04240458073451015
0.02070818934506373
0.005819066231034137
0.012265802565158268
0.00048311938814141013
0.6825281708387826
15699130029544833e-25
0.08626918785578928
0.00034203252519489786
0.009729131762788156
0.011045571751263113
0.000157086597165177
0.0001709045227159329
0.7935151573200349
0.00039366318663837147
0.06049829436609107
0.3495541338414589
13179245898699237e-22
2586172698390804e-21
0.00014474747498926128
12571632510559134e-21
0.0005948419869040426
17003364992246997e-21
14432278911086729e-23
1004405097806817e-21
1907735434683891e-20
0.0836263602858468
0.08459509757331012
43501784056687884e-21
0.00021272885769129334
0.020051988120178017
0.008232860058593925
0.10188253064744691
0.020655774775380602
27829647532501056e-21
0.16358334982885042
0.04036860639614421
5573481617195518e-22
0.4402544770138209
4458965572283505e-22
0.0037795633075356798
0.000983566684320867
2299456595310392e-27
0.45909213378999253
0.7750603993654076
0.01847053599877624
0.42291368383032896
0.9850336212744172
0.007463867626140779
0.2510077304200362
22332184598320842e-26
4630639294450072e-21
0.0006298328169095131
9121513876055997e-20
0.15507061795611712
8645608105153928e-22
0.00011182743134259127
0.20191054245892087
0.0009300698678613173
0.012007165490673091
12200897771342231e-21
0.16503810846126862
0.10899449989010992
0.02175699856167051
31470096983268084e-21
0.0001534737998441491
12006681070385273e-23
0.013887388751616641
0.20387216698347774
8333314589405224e-24
1110342705732373e-20
9106421432588287e-21
9651193204555563e-20
10586520445453367e-21
0.5409154098243012
0.20184516863768454
0.0051836901397356965
0.001550887768861971
0.04388475049408566
0.005920584638281304
6760879491435814e-20
0.02932550088338263
8324406206151821e-20
0.0007215151820912001
0.08930411156199372
9970389206302403e-22
0.8720894835749934
0.8839532922884861
0.0018316726650804943
0.0005373889026553499
5829910129727091e-24
0.001031917318205912
1039042140938528e-23
0.010393937538489904
0.030292481916693356
0.00090477196538235
0.00033775396876431176
0.0001545747263616112
2618188165979204e-21
0.006163965887259064
0.03170165121364674
0.02198507731598002
11257176077839397e-24
0.9814374041173308
0.07299626743431255
0
0
8178623002549018e-20
6662200917147951e-20
10336393111226192e-22
7596610332366558e-22
0.00019352284619485063
0.009857182419639884
0.005422031094550999
15204233911352715e-24
0.00013151701798765086
7328786836009114e-21
0.06032063424609007
0.013604148247895869
0.11375934845801676
3845637371802392e-22
0.06520641752890644
0.007753054701777423
0.00012015886541782324
0.14493898772105412
0.0002965191790535908
18549559457239282e-29
8515592741060093e-20
37361713915003335e-22
0.00012473231573287448
0.01664088160987972
0.003920232225254372
0.00016357947927718322
0.00015213970382843575
37998745259672755e-25
0.0005147613505145796
0.02353217888220187
13135133744810317e-24
0.0018093710535853616
0.0018042966589019835
4418944005404451e-20
0.12381636744383807
433743916089264e-19
0.5675544462134441
0.0019145851974828347
0.2349682778254327
0.003314355159616535
0.0007014015467184008
0.0005696338850394198
4475334392827319e-20
0.7004957302121084
12102145902914759e-21
2156811945121066e-20
0.008376278145263951
0.0064890594739755855
21715985261634147e-24
872381916311268e-19
0.003065643603014694
0.15684743937716727
0.031294945290042266
0.00010012343069583002
0.023612886961035525
0.00035425427774157917
0
0.12976356668437367
0.012505569431887466
0.6219124051096316
0.5276910859542817
0.5753235788998641
0.055556119194607866
0.030717318967478834
0.9334625133567157
0.6030694514927688
0.959076844268145
0.5111412834234611
0.2880527142646678
0.0007658298501733663
0.01601009872075917
0.16892296084629693
0.41954442081807497
0.16304618041681956
0.00029932810289420744
0.027841610868874794
0.37914947271229765
0.13195010931400092
0.20789666492640954
