0.0155757715468255
36.31527796273876
104.99787508294416
0
105.6015204877068
0.11451576784407848
117.21120624815399
0
141.148962213262
0
72.47344657269593
0
21.168308178961585
0
31.562798806999005
0
31.626914405908867
2.810856062712678
51.07573362079672
1.1790686303915792
1.111728851501889
4.89234564366315
21.816262549963028
0.609092689124644
0
6.12584980205276
0.29246411780135384
0.4269726486096717
0.006980485349737927
3.8189157404934093
3.704599303873828
1.8229121730766111
3.5767101958691523
0.9584599026718138
3.059334723434991
2.146141631123524
25311509162700924e-22
26.579604081101145
41.52484439959819
0.003822881737237023
17.72191523549019
0
3.811188701702857
0
15.561017439515318
30.584219107448842
4.490560945546809
0
16.394914944366985
0
0.15765013156619376
0.08243462540698004
33.24292526649936
32.94027040458221
18.690983109935992
143.62495473031342
61.6804821874753
0.09945117821672522
0.09469526453150036
0.009045348025266553
20.001277503036757
47.3456952467723
2.0898528320530767
0.17002749295213143
0.006995336060134527
0.16019169993013155
18.067851501986503
0
19.44541484915828
0
11.855353856374656
0.0022334433159864743
0.002433525721894151
15.816015273236129
0.5455168563085155
1.2059100646106475
2.994157105421102
0
15359474128823916e-21
0.005238669728508346
0.1051527335617266
0.005090463463644092
0.002449295349840932
0.010360001752004978
0.0014533883100789416
0.0013307104182934233
0.546507220151532
0.6717668543403726
0.09457153544367472
0.20553930820009217
9134469428028193e-20
0.161698533934964
0.026032817884333075
2.072077839532526
0.07848583387543004
0.1665426498522638
0.027269525237698607
0.04382962077899837
1.001952098039811
0.001135112380300555
0
1.2602280063881464
1.409036042353829
0.01115708417170383
0
2.6462597394191483
20787718295758952e-21
0.004940917390485677
0
0.001531404402358694
0
0.134031674958656
1.228896100923042
0
0
0
0
0.3117721302606286
0.5804985309564242
1.1124395260081075
5.566158090682658
0.3186363760681095
1.3615966491525422
0.11870063156415656
0.016991384218657368
0.03503724227632893
3.2983289528776356
0.003901368338306032
1.673999946220455
9090321814289234e-22
0.06709217631639126
2.2024423543177947
0.4460634514028294
0.5259399895858411
0.003116343004386743
0.8417209161686128
0.2021508945078968
0.0016791216042111798
0.023719244670333334
0.9410547586669243
2.260797268928309
0.14007686409060494
0.1121692484048941
0.33401956818147155
0.029891345684888396
0.41907793912132885
0.42026783686718777
0.40387029445679234
0.6309777560359121
0.1448679113081151
2.715077201873103
0.31164996615072155
10.118221414829424
2.0004770478920575
2.796875785228254
0.1924734419229431
0.4290792360482005
2.4162350009008504
4.189177643997618
0.9487200057751515
5.074541028936768
6.151908552316741
4.46007275468751
2.211885602818715
3.494764313720918
0.33365714399679053
51.379609966803166
619.5796895178453
4.002299215224227
10568.519083196694
1.0999997926496952
23.219055073663938
1.1824726794116762
45.429767785533535
1.2707372101820023
1.39689785820427
1.099998785549413
0.6978787498752373
1.1239510366091643
46.103456357290604
0
0.0012266364678668903
503113871649128e-19
0
0.00022037551333096452
0.028960330091747123
0.046525380382477124
0.07752032589874476
0.03835640841448435
0.037450703643263215
0.06082722741998324
0.04532012465198429
0.0655208273853265
0.044318702760985276
0.04091198705639887
0.06344546367917901
0.04823216822291702
0.03727151766853183
0.04364714659346043
0.037212434247052645
0.04630382274136301
0.049938872339016394
0.07263730972044015
0.04670737994879478
0.03527860739610735
0.0019047299169468069
0.007502920920222218
0.023501717521091786
0.0782658704684089
0.0435401925989901
0.1313028592498729
9120766977392913e-20
0.010218478804230035
0.3127628602600186
48061271293201455e-22
0.08046353715210006
0.011057713132919146
0.0012712480175551576
54863817543667096e-22
1204424810572504e-21
0.11563564767923518
0.09883245219485322
0.0041618032550864185
0.04240368781203591
0.020707976466183137
0.005819049425242227
0.012265727888331213
0.0004831192723098405
0.6822946109236175
15699130029532601e-25
0.08626548972117706
0.0003420324671382558
0.00972908478141101
0.011045511194527347
0.00015708658491917936
0.0001709045082207697
0.7931989304203164
0.0003936631097311645
0.06049647637732869
0.349493179129013
13179245890079459e-22
25861726950716303e-22
0.0001447474645915484
12571632432126224e-21
0.0005948418113050746
1700336484876918e-20
1443227891005305e-22
10044050973061686e-22
1907735416622495e-20
0.08362288539937782
0.08459154166235865
435017831175501e-19
0.0002127288352333965
0.020051788520897618
0.008232826417555036
0.10187737157533233
0.020655562972937903
27829647148147866e-21
0.16357003764305808
0.04036779718363015
5573481615653932e-22
0.4401576543036577
44589655712968084e-23
0.003779556217923302
0.000983566204224023
22994565953103896e-28
0.45898681826825355
0.7747587949516179
0.01847036664577461
0.42282436151399605
0.9845449034351117
0.007463839976414596
0.2509763461500099
22332184598318365e-26
463063928380872e-20
0.0006298326200440538
9121513463151767e-20
0.15505865674616043
8645608101444509e-22
0.0001118274251365835
0.20189024987230406
0.0009300694385700678
0.012007093930193332
12200897697467051e-21
0.1650245581563691
0.10898859478989122
0.02175676356968583
3147009649178196e-20
0.00015347378815496021
12006681069669853e-23
0.013887293022169192
0.2038514775781257
8333314589370761e-24
11103426996140974e-21
9106421391434439e-21
9651192742304905e-20
10586520389834589e-21
0.5407690282165715
0.20182488920923536
0.005183676803712122
0.0015508865751882634
0.04388379412612062
0.0059205672409664515
6760879264594726e-20
0.029325073915951846
832440586225991e-19
0.000721514923739995
0.08930014847317856
9970389201369084e-22
0.8717070732145449
0.8835603355963849
0.0018316710000491124
0.0005373887593389978
58299101297102235e-25
0.001031916789746855
10390421409331702e-24
0.010393883916606825
0.030292026320780298
0.0009047715591270918
0.00033775391215107396
0.00015457471450411854
2618188162577342e-21
0.006163947030152454
0.03170115223385531
0.021984837370514123
11257176077776508e-24
0.9809522749120216
0.0729936202333971
0
0
8178622670596626e-20
666220069688027e-19
1033639310592403e-21
759661032950268e-21
0.00019352282760907766
0.009857134193335235
0.005422016503928162
15204233911237995e-24
0.00013151700940384968
7328786809354087e-21
0.0603188269238822
0.013604056383916782
0.1137529153166733
3845637371068467e-22
0.06520430542150984
0.00775302486784255
0.00012015885825263988
0.14492854001441074
0.00029651913541985634
18549559457239282e-29
8515592381190452e-20
37361713845729613e-22
0.0001247323080118724
0.016640744150375898
0.0039202245980789075
0.00016357946599793185
0.00015213969234158418
379987452596011e-23
0.0005147612190132708
0.023531903972031264
13135133744724697e-24
0.0018093694288530125
0.0018042950432701251
4418943908498114e-20
0.12380874542477971
43374390675280987e-21
0.5673932267855971
0.0019145833782988559
0.2349407829200783
0.003314349707886583
0.0007014013025705797
0.0005696337240081576
44753342934319454e-21
0.7002496445360832
12102145830230602e-21
21568119220355496e-21
0.008376243321874748
0.006489038575230587
21715985261400114e-24
8723818785428522e-20
0.003065638938806017
0.15683520216630586
0.031294459034055574
0.00010012342572089989
0.023612610161586313
0.000354254215461754
0
0.1297551941311739
0.012505491806745797
0.6217186660025336
0.5275518021108567
0.5751578960394724
0.05555458621334844
0.0307168504999877
0.9330239748490883
0.602887326371669
0.9586137273639074
0.5110106317898275
0.28801135980479936
0.0007658295591121034
0.016009971485914213
0.16890876428661672
0.41945652050529847
0.1630329556215653
0.0002993280584298715
0.027841226026378525
0.379077727642139
0.1319414519432588
0.20787514933640996
