0.019617915448159714
36.161447501039014
95.83075408450287
0
96.4513330426517
0.08882677970892482
100.69176820824147
0
136.87053074990624
0
72.66651017961428
0
21.76057778120031
0
31.16200776613644
0
31.833971043444954
2.752427225900156
50.257136225900275
1.1645208781152971
1.1000698486688192
4.952380544839889
21.428323033251168
0.502011434553598
0
6.030669243995117
0.22377225768265283
0.42033576300690756
0.006981374945394376
3.825840412726008
3.6476777682652015
1.317308565677237
2.3043841150166275
0.9625429800229197
2.207520482002807
1.427280663913204
23276459362751156e-22
22.09227666402432
36.01827171074544
0.0038123930202925913
12.139436828616383
0
3.3372813806221635
0
15.1742267982993
28.595239633165708
4.489317271647146
0
15.865836051503917
0
0.15740085269758425
0.0826939165608122
33.24014960662204
32.94026747177558
18.755265578589086
139.59441456410732
61.67893904900484
0.10000548433075596
0.03434205626852824
0.009044961139672045
19.919885122737366
46.09293236289553
2.104395528156208
0.16986551668247546
0.008473644002555462
0.16335058681511863
17.883477325233716
0
17.95324097942704
0
11.961546407206251
0.0022193758045885186
0.0022230968854970775
15.806299404828305
0.5444925270184283
1.2179081526051019
2.9917346916988534
0
17661759844650896e-21
0.005257390356569599
0.10201487054270321
0.005807637159927522
0.0024306026095152426
0.010344965960587883
0.001615540240917226
0.0012123956839749977
0.597059979496924
0.6699850079142491
0.09274622984920929
0.2178375051962563
9636928730149444e-20
0.16183944850758056
0.024511575083055185
2.0128379133269862
0.08399042333202894
0.16442883608045586
0.027657389586351114
0.042024918424001696
0.9832957308697821
0.0012477189679844494
0
1.25907987846194
1.3559861384996936
0.011064814312200409
0
2.621129020642066
2066535468732415e-20
0.005015288478914458
0
0.0016242066659325081
0
0.13398405835252788
1.2263761445445203
0
0
0
0
0.2216179777546067
0.5826444880515648
1.086279902163962
5.479805884868489
0.32391994862597634
1.3392735914990737
0.12072339042289786
0.016935315648227197
0.03991773084016635
2.8215048013952018
0.003922883618943607
1.6805342503579692
9101593119852109e-22
0.0657907141591301
2.2046310470187964
0.44081397945433287
0.5046974924178431
0.0031169748721837885
0.833882272909317
0.20278374655136458
0.00187944995098623
0.023084442556041293
0.9271468076159942
2.2406528886954273
0.1418619635515739
0.10978940842868048
0.32772319436658337
0.02845003388535196
0.4097871753800639
0.41047821470579426
0.40530816791606283
0.6305399698545283
0.1433074913415217
2.6859839913383037
0.3068058520205227
9.93476622854915
2.0015690517902036
2.791983167074873
0.19369039007997618
0.4221623776788654
2.4184543335295636
4.177022585207169
0.95242969377433
4.970918998889839
6.154542330544924
4.008139826580731
2.2159856253467574
3.366595515060395
0.33092817642448213
51.20332043988338
619.578262898893
4.002298491210052
10538.316308458081
1.0999997388392202
23.219053049392656
1.182432638727875
45.428576074812625
1.2737193242678535
1.3969334848165023
1.0999987317263575
0.7472012084736784
1.1238088024261375
22.084612344779288
0
0.0012146101167346047
625388603442157e-19
0
0.0003376229987441761
0.027606361082171293
0.044210734848151446
0.07336628145870913
0.03655065841535897
0.03592572670680252
0.05778231872973739
0.042800557651019
0.062033511554578674
0.04208115879986134
0.038906286901403415
0.06035452696634883
0.04581427231660848
0.035461089510536066
0.04162089458631632
0.03541463612462956
0.043857090521765035
0.047503426653536414
0.06965785909860452
0.044579869877120745
0.03353060499548139
0.0019047152516860383
0.007502693349346125
0.023499484209225395
0.0782410838143945
0.043532525184416075
0.13123304651161502
9120763614794313e-20
0.010218056675967369
0.3123657671623166
4806127035951234e-21
0.08043733817866296
0.011057218813680362
0.0012712414850489452
54863816326966126e-22
1204424804708812e-21
0.11558151279726493
0.09879291611427153
0.004161733238753252
0.04239641556183998
0.020706242626104397
0.005818912542051278
0.012265119654404737
0.0004831183288501722
0.6803952143249857
15699130029432986e-25
0.08623537391715334
0.0003420319942609739
0.009728702121445913
0.011045017965708635
0.00015708648517423517
0.00017090439015613864
0.7906279170721677
0.00039366248331417853
0.0604816706961283
0.3489970920909025
13179245819870433e-22
2586172668036602e-21
0.0001447473799010764
1257163179328167e-20
0.0005948403810343583
1700336368012683e-20
14432278901633624e-23
10044050932283334e-22
1907735269510472e-20
0.08359458744918039
0.08456258394815484
4350177546817172e-20
0.00021272865231147827
0.020050162837096954
0.008232552412762726
0.10183536010169787
0.020653837899945158
2782964401754964e-20
0.16346164878491237
0.04036120666401051
5573481603097542e-22
0.43936981546911863
445896556326007e-21
0.003779498472756522
0.000983562293791862
229945659531037e-26
0.45812991121399715
0.7723065613757519
0.01846898730503068
0.4220975238278428
0.9805732636355918
0.007463614770209493
0.25072086396974036
22332184598298193e-26
463063919713375e-20
0.0006298310165558199
9121510100002723e-20
0.15496126574874924
8645608071230884e-22
0.00011182737458798961
0.20172504049195134
0.0009300659419536403
0.01200651107820491
1220089709574571e-20
0.16491423087981072
0.10894050902166239
0.021754849628999033
31470092488574425e-21
0.00015347369294528153
12006681063842698e-23
0.0138865133200091
0.2036830383054133
8333314589090047e-24
11103426497800783e-21
9106421056231894e-21
9651188977223969e-20
10586519936813618e-21
0.5395782085528075
0.20165978692970532
0.005183568181630897
0.0015508768526206148
0.04387600518146788
0.005920425539853226
6760877416949734e-20
0.02932159645141822
8324403061223506e-20
0.0007215128194448426
0.08926787523423363
9970389161186681e-22
0.8685985381272663
0.8803661598440577
0.0018316574382442128
0.0005373875920131827
58299101295728346e-25
0.001031912485400576
10390421408895303e-24
0.010393447170853698
0.03028831569782502
0.0009047682501407282
0.0003377534510304626
0.00015457461792358804
261818813486881e-20
0.0061637934391215645
0.031697088281811024
0.021982883086190005
11257176077264274e-24
0.9770097655517049
0.07297206206983385
0
0
8178619966808878e-20
666219890277639e-19
10336393062737365e-22
7596610306176087e-22
0.00019352267622600651
0.009856741393638605
0.005421897663184316
1520423391030359e-23
0.00013151693948787858
7328786592246008e-21
0.060304108105044135
0.013603308164942455
0.11370053022981805
3845637365090571e-22
0.06518710462538296
0.007752781871481528
0.00012015879989145995
0.144843470354044
0.0002965187800185938
18549559457239282e-29
8515589450013743e-20
37361713281487645e-22
0.0001247322451234903
0.016639624570090623
0.003920162474459848
0.00016357935783702852
0.00015213959877996406
3799874525901744e-24
0.0005147601479220934
0.02352966491847147
1313513374402731e-23
0.0018093561952860762
0.0018042818838272178
4418943119185563e-20
0.1237466807249867
4337438307063854e-20
0.5660817815219981
0.001914568560912336
0.23471695372522985
0.003314305303288572
0.000701399313963251
0.0005696324123927507
4475333483845932e-20
0.6982484670666359
12102145238210297e-21
21568117340015225e-21
0.008375959686983108
0.006488868355191712
2171598525949388e-23
8723815709150695e-20
0.003065600948584549
0.15673556430792107
0.031290498707664434
0.0001001233851995634
0.02361035572088245
0.00035425370818622826
0
0.12968701889338546
0.012504859559489528
0.6201428861044952
0.5264186884661646
0.5738101669921982
0.05554210148997583
0.030713035047523658
0.9294596957029132
0.6014059444891794
0.9548499091794018
0.5099477030832792
0.28767474428666345
0.0007658271883906557
0.01600893518195521
0.16879317619456585
0.4187412484745732
0.16292527817212685
0.0002993276962632766
0.02783809164060236
0.37849386165924226
0.13187095787113792
0.20769998543147383
