0.020473900005944675
36.108927328570694
93.96334307305946
0
94.58473157058165
0.08559055977137922
98.35259630344285
0
135.61178718381169
0
72.71429857301098
0
21.988117268796536
0
31.081249592804042
0
31.869939037076715
2.7478394899014176
50.256699363907494
1.1638128303070268
1.100597783670092
4.965140833607996
21.29801291440148
0.48182321715733034
0
6.010110657824892
0.21131979238108292
0.4190582639942981
0.00698149432705747
3.8264662919603385
3.636718919168982
1.2276469712036227
2.0830190032414557
0.9630057186796646
2.056596062000782
1.3015742470204572
2285340650272699e-21
21.210739903204622
34.86801476983226
0.0038385665436805492
11.15028338576117
0
3.244597391300732
0
15.084098756373141
28.241640834601558
4.4890353923149755
0
15.75664922558316
0
0.15740054423982816
0.08308378398661943
33.23956182545871
32.940266823456255
18.76767479704866
128.63828884750188
61.67863123753508
0.10010956435657417
0.018636050670726885
0.009044885642591986
19.903745747517384
45.82868417894303
2.106150889929234
0.1704010998148026
0.008780316179540096
0.1634409693873567
17.904469732834915
0
17.925566633673743
0
11.968899738426405
0.0022238665115133322
0.0022268454321768354
15.80422202118479
0.5444592940593049
1.2201538371772085
2.9912200418009895
0
18147404399984986e-21
0.005282787242860627
0.10113324628910242
0.005953294240335356
0.002434815820656103
0.010312858461746023
0.0016442627716844534
0.0011888382704722529
0.6056425342111447
0.6696114689810738
0.09220191476882185
0.21991242781743522
9754306646326763e-20
0.1613721107393647
0.02414884831836379
2.0003325071814047
0.08470985294325627
0.16405752543647048
0.027630804068428924
0.04154414642715558
0.9796430347767973
0.0012676485808423728
0
1.258834542878736
1.3448171401302886
0.011082606136668192
0
2.6158488660586934
20646772620982568e-21
0.005030680670237906
0
0.0016617479823464191
0
0.13397413295525845
1.22584784832126
0
0
0
0
0.20446114927825684
0.5830302140145689
1.0807721993840615
5.461281321837108
0.3250103860901909
1.3330637720901892
0.12108726411287024
0.016929719501824248
0.04091558085899617
2.7322881740088705
0.003926453673245088
1.681630237602547
9103966390586496e-22
0.06552586259869363
2.2032269110945055
0.43882396967320286
0.4998758028037035
0.0031170868641963996
0.8322326432869795
0.20291643402011791
0.0019138841795749047
0.022904451969117456
0.9242587506580702
2.2363532958388443
0.14223824287591885
0.10909109446613977
0.32566840374339256
0.028089131822410712
0.40681547707064025
0.40801142237472166
0.4056111972092892
0.6304476379028406
0.14295350877380972
2.6807602356286977
0.3052719215601216
9.873119215919543
2.0017586282440445
2.790953550047597
0.19390949294968685
0.4198316915330624
2.4188391135921274
4.17446818159029
0.9530974540105207
4.939870950783135
6.137265514636208
3.91120118642475
2.2166141300160436
3.3325410819203616
0.32976537180477883
51.03284503587343
619.5779607913679
4.002298337889215
10531.931500980241
1.099999727444046
23.21905262072289
1.1824241596868839
45.42832371621617
1.2742793154802343
1.3969392010291526
1.0999987203285189
0.7560760575404415
1.1237786844834803
12.9060848441158
0
0.001209639166499302
6509530680447827e-20
0
0.0003637311354049067
0.027248415099138137
0.04360834392908027
0.07231149375389917
0.03607640598137106
0.03553731457323024
0.05699261144828341
0.04216316125361513
0.06114399428851097
0.04150120072574989
0.03838349354996283
0.05954622445650774
0.04518643848245015
0.03498876600752878
0.04108516944760869
0.03494555415900617
0.04323368694981263
0.04686891006582552
0.06883921259660497
0.04401603603520382
0.033075439238380064
0.0019047121461117436
0.007502645158687734
0.02349901129919344
0.07823583587614721
0.04353090166770386
0.13121826738107886
9120762902713818e-20
0.010217967286218007
0.312281741454804
4806127016178966e-21
0.08043179124793197
0.011057114137007612
0.0012712401016971475
5486381606931146e-21
12044248034670874e-22
0.11557005217665431
0.09878454578605038
0.00416171841189638
0.04239487571388712
0.02070587547810619
0.005818883555397023
0.012264990855624009
0.0004831181290586825
0.6799936675476365
1569913002941189e-24
0.08622899779332234
0.0003420318941222055
0.009728621089393793
0.011044913519939303
0.00015708646405175632
0.00017090436515419382
0.7900845365963494
0.0003936623506611204
0.06047853583615581
0.3488921286067998
13179245805002625e-22
258617266231153e-20
0.0001447473619666059
12571631657996764e-21
0.0005948400781535374
17003363432649308e-21
14432278899850683e-23
10044050923647907e-22
19077352383572978e-21
0.08358859616283218
0.08455645299012098
43501773848301366e-21
0.0002127286135750405
0.02004981859109626
0.00823249438931104
0.10182646576549867
0.020653472608367706
2782964335459859e-20
0.16343870503646224
0.040359811160756646
5573481600438537e-22
0.4392031598017155
44589655615581684e-23
0.003779486244465125
0.000983561465701234
22994565953103646e-28
0.45794865366464815
0.7717882608527914
0.01846869522217013
0.4219437654347008
0.9797342671993682
0.007463567080291858
0.25066679516570217
22332184598293925e-26
4630639178779025e-21
0.0006298306769936759
9121509387805663e-20
0.15494064959502887
8645608064832694e-22
0.00011182736388357012
0.2016900722790021
0.0009300652014943884
0.01200638765419031
122008969683222e-19
0.1648908768906688
0.10893032886185085
0.021754444344974085
31470091640835296e-21
0.00015347367278321255
12006681062608711e-23
0.013886348212006738
0.20364738662588525
8333314589030601e-24
11103426392269781e-21
910642098524773e-20
9651188179911835e-20
10586519840879639e-21
0.5393263712866848
0.20162484138008346
0.00518354517956913
0.0015508747937290066
0.04387435593307572
0.0059203955329537195
6760877025683278e-20
0.02932086009909095
8324402468062184e-20
0.0007215123738295908
0.08926104238878947
9970389152677456e-22
0.8679416828391113
0.879691228237488
0.0018316545663416344
0.00053738734481477
5829910129543743e-24
0.001031911573893038
10390421408802892e-24
0.010393354685748852
0.03028752997611723
0.0009047675494148209
0.0003377533533813423
0.00015457459747122084
26181881290011132e-22
0.006163760914409678
0.031696227745898684
0.021982469259481833
112571760771558e-22
0.9761769152650639
0.07296749762255597
0
0
8178619394241411e-20
6662198522848064e-20
1033639305359194e-21
7596610301236328e-22
0.00019352264416838737
0.009856658214423615
0.00542187249720974
15204233910105717e-24
0.0001315169246821285
7328786546270119e-21
0.0603009916353926
0.013603149723639824
0.11368943999811154
38456373638246613e-23
0.06518346268121324
0.00775273041433705
0.00012015878753260899
0.14482546198611593
0.0002965187047571041
18549559457239282e-29
8515588829293272e-20
37361713162000967e-22
0.00012473223180593687
0.016639387491848796
0.00392014931897867
0.00016357933493234525
0.00015213957896689602
3799874525889386e-24
0.0005147599211027682
0.023529190792654964
1313513374387963e-23
0.0018093533928923411
0.001804279097130253
4418942952036817e-20
0.12373354158696759
43374381460241685e-21
0.5658044524855782
0.0019145654231233597
0.23466958190524892
0.0033142959000257047
0.0007013988928465659
0.0005696321346389163
4475333312403977e-20
0.6978254220655726
12102145112841126e-21
21568116941825002e-21
0.00837589962427577
0.0064888323091200064
21715985259090206e-24
8723815057702892e-20
0.0030655929036461317
0.1567144726210331
0.03128966011349678
0.00010012337661856514
0.023609878336889833
0.00035425360076312546
0
0.1296725863614629
0.012504725675757717
0.6198097038699191
0.5261790471101183
0.5735251706072007
0.05553945802267431
0.03071222712908514
0.9287066549272383
0.6010927069987105
0.9540547623013528
0.5097228958277698
0.28760351139865437
0.0007658266863557968
0.01600871573766563
0.16876870883422243
0.4185899354653517
0.16290248498450174
0.000299327619569128
0.027837427932710143
0.378370334715355
0.13185603452786734
0.20766291079109725
