0.020922357624885687
36.057533860588876
92.99588147532728
0
93.616721445903
0.08402298496947545
97.19610788421633
0
134.90017176721608
0
72.74099017646435
0
22.22151520492817
0
31.040160778947268
0
31.887795141953983
2.744096602775085
50.270046348514455
1.1622418639826462
1.1002612858770495
4.971910906124641
21.171472043211555
0.47158972048528236
0
5.999285577473905
0.2050737262010424
0.4184075647157529
0.006981548200330256
3.8266942270702518
3.63113669842295
1.1833191722658267
1.974271634991815
0.963199641121986
1.9820106779573674
1.2396292197014693
22635134618556105e-22
20.75970341508659
34.2692463395563
0.0038574479177718914
10.658191132766387
0
3.1973026177982886
0
15.036061143812706
28.111096565790763
4.488886001738927
0
15.69983437398672
0
0.15740775519072298
0.08340620886497678
33.23925388318927
32.94026648046725
18.77401838470707
116.87706262846187
61.67847158926144
0.10016368894779076
0.01176243612263365
0.009044846828406465
19.895435792884236
45.68875202244894
2.106918077826145
0.1706657782634249
0.00894022832707102
0.16343479779378448
17.91376989653893
0
17.922394498635622
0
11.95965369250568
0.00222601084045392
0.002229037902191818
15.803131054659762
0.5444673362584369
1.221302656697988
2.990950241202734
0
1836151425614396e-20
0.005303656494474669
0.10039705813747926
0.0060261158352373735
0.0024367948522305526
0.010292732100718878
0.0016585652144687905
0.0011767432001924907
0.6085501618041095
0.6694163439927974
0.09170788432874984
0.2209370441180512
9812643075721605e-20
0.16080912533807162
0.023910277710630933
1.9937871477108686
0.08484660112483389
0.16387630475561288
0.027535821898407368
0.04117563655963709
0.9777695512180994
0.0012775980208698315
0
1.258706143158459
1.3389113792486844
0.011090892237737866
0
2.6130892277787177
20638044508163544e-21
0.005038797007195111
0
0.0017014165514472044
0
0.13396896390752794
1.225572103371638
0
0
0
0
0.19523861447780866
0.5832219897630656
1.0778920363966609
5.451542962576977
0.3255777890014956
1.3279872300302866
0.12127058113169845
0.016927653791788032
0.04143364971015723
2.6871565591740754
0.003928204115147746
1.6821682009839716
9105207714416361e-22
0.06538851147445053
2.202291731670936
0.43683679692361777
0.49690995208030886
0.003117143086088312
0.83136944578274
0.20298576588583322
0.0019246758589021194
0.0227537076020118
0.9227537550785094
2.234038316343082
0.142435122907765
0.10848410255163886
0.32371659674369274
0.027828868671797857
0.4040356227923249
0.4058619631683612
0.4057696831439506
0.6303993167362784
0.14276459614828244
2.6781506413172886
0.30385004177411024
9.813227756686269
2.001847578958465
2.7904022732357237
0.19401844741682334
0.4175642796648034
2.419019467621781
4.1731010524817265
0.9534296116638667
4.911797169633046
6.10948313561343
3.8523654828946126
2.2168078721836406
3.3047426968130518
0.32845755516521413
50.816118004649944
619.5778025147147
4.002298257563121
10528.587990190801
1.099999721474017
23.219052396139148
1.1824197174691795
45.42819150395225
1.274563913554009
1.3969420083148145
1.0999987143570942
0.7605417514816606
1.1237629057386016
8.447602435917394
0
0.0012043200672487296
6642622798917253e-20
0
0.0003774993860960382
0.026966406222260087
0.04314188802663714
0.07151601240261582
0.035706118482517
0.03524598174017835
0.056383935088274544
0.041684256836479736
0.06047042402821666
0.041053921086645906
0.0379777997805183
0.05891665328948952
0.04470128783097769
0.03462204687374724
0.040663502686258735
0.0345812963135614
0.04276246090879579
0.04637698942121488
0.06816995605479428
0.04357098524264559
0.032722577059002986
0.001904710519076874
0.0075026199113138745
0.02349876354138873
0.07823308657700602
0.04353005111760594
0.13121052513282047
9120762529648787e-20
0.010217920454477203
0.31223772869242367
48061270058201075e-22
0.08042888531625689
0.011057059296400525
0.0012712393769479296
5486381593432397e-21
12044248028165368e-22
0.11556404831330408
0.0987801607827286
0.004161710644000548
0.04239406899672223
0.02070568312873367
0.005818868369098989
0.012264923377382922
0.00048311802438624806
0.6797833883720343
15699130029400838e-25
0.08622565747580165
0.0003420318416586614
0.009728578636279196
0.011044858800303179
0.00015708645298551042
0.00017090435205546292
0.7898000040218058
0.00039366228116306844
0.06047689352111165
0.34883714994380094
13179245797213252e-22
2586172659312116e-21
0.00014474735257058457
12571631587119847e-21
0.0005948399194717506
1700336330299372e-20
1443227889891659e-22
10044050919123735e-22
19077352220358837e-21
0.0835854574481717
0.08455324110630243
4350177299963749e-20
0.00021272859328069278
0.020049638240036458
0.008232463990492501
0.1018218062569288
0.02065328123157019
27829643007272882e-21
0.16342668589633932
0.04035908006394721
557348159904546e-21
0.4391158727105145
44589655606665285e-23
0.0037794798379746407
0.0009835610318577614
2299456595310362e-27
0.45785371991641033
0.7715168576517765
0.01846854219930941
0.42186323245974633
0.9792949964072337
0.007463542095258436
0.25063847271239525
22332184598291679e-26
4630639169162829e-21
0.0006298304990942422
9121509014679564e-20
0.154929849710985
8645608061480627e-22
0.00011182735827543375
0.2016717545534718
0.0009300648135616991
0.01200632299180165
12200896901563935e-21
0.16487864285659734
0.10892499576896003
0.021754232016226793
31470091196697534e-21
0.00015347366222013355
12006681061962214e-23
0.013886261711298134
0.20362871089771614
8333314588999456e-24
11103426336981188e-21
9106420948058524e-21
9651187762193226e-20
10586519790619006e-21
0.5391944785173336
0.20160653552571023
0.005183533128633305
0.0015508737150592032
0.04387349190250793
0.0059203798121435555
676087682069545e-19
0.029320474325201035
8324402157299918e-20
0.0007215121403680653
0.0892574628115009
99703891482194e-20
0.8675977490604374
0.8793378323881226
0.0018316530617291482
0.0005373872153054561
58299101295285e-22
0.0010319110963467773
10390421408754475e-24
0.010393306232341236
0.03028711833794206
0.0009047671822987514
0.0003377533022221456
0.0001545745867560521
26181881259269765e-22
0.006163743874503909
0.03169577691311244
0.02198225245524566
11257176077098966e-24
0.9757408613394004
0.07296510638362669
0
0
8178619094268441e-20
6662198323800378e-20
10336393048800577e-22
7596610298648349e-22
0.00019352262737312907
0.009856614636402836
0.0054218593125874
15204233910002045e-24
0.00013151691692527028
7328786522182956e-21
0.06029935895462458
0.013603066715625146
0.11368363016284984
38456373631614414e-23
0.06518155471679037
0.007752703455636012
0.00012015878105770192
0.1448160281421927
0.0002965186653269746
18549559457239282e-29
8515588504092533e-20
37361713099400858e-22
0.00012473222482875748
0.016639263285881955
0.003920142426727371
0.00016357932293238733
0.00015213956858666153
37998745258829105e-25
0.0005147598022702269
0.023528942397905005
13135133743802257e-24
0.001809351924696067
0.001804277637157636
4418942864466166e-20
0.12372665843728517
4337438061654104e-20
0.5656592116765752
0.0019145637792109748
0.23464476722101268
0.003314290973586646
0.0007013986722200396
0.0005696319891213648
44753332225840754e-21
0.6976038875039773
1210214504715915e-20
21568116733209756e-21
0.008375868157082465
0.006488813424355181
21715985258878715e-24
8723814716403846e-20
0.0030655886888426276
0.15670342363922302
0.03128922077582348
0.00010012337212290717
0.02360962823519297
0.0003542535444832577
0
0.12966502567593247
0.012504655533499626
0.619635218317222
0.5260535405094156
0.5733759150780524
0.05553807313780711
0.03071180386220047
0.928312374017589
0.6009286643356122
0.9536384424257502
0.5096051569518877
0.28756619892180924
0.0007658264233355787
0.016008600770129323
0.1687558915910541
0.41851068311589
0.16289054471184028
0.0002993275793884165
0.027837080216794964
0.37830563398895084
0.13184821673507888
0.20764348971231572
