0.020978786984175227
36.04913353343794
92.87466421528818
0
93.49538080255235
0.0838308923616098
97.05331745394074
0
134.8080058406521
0
72.74447400110526
0
22.259500578488076
0
31.035080267886453
0
31.889994449016974
2.7434955328765565
50.272137044529934
1.1619453454481505
1.1001611857386
4.972771621222884
21.15088932896685
0.47031826240923563
0
5.997920840688011
0.2043009189567224
0.4183265911726739
0.00698155457130021
3.826718307576211
3.6304420288516654
1.1778721688025573
1.9609444997483403
0.9632217982746247
1.9728471152358815
1.2320255069539188
22607898725212337e-22
20.70348806515718
34.19411232184776
0.003860208936985756
10.597526325686548
0
3.191411798999151
0
15.029991912826409
28.09857152706556
4.488867130039916
0
15.692703959283724
0
0.15740910770332106
0.08345620061830362
33.23921513490116
32.94026643712478
18.774809036879834
115.07341166527804
61.67845156425511
0.10017055224489532
0.011052354422674293
0.00904484198362337
19.894397132796552
45.67098572971674
2.1070075370463233
0.1706966328072009
0.008960319715823898
0.16343154316451916
17.914682638423024
0
17.92237470458717
0
11.957449157024962
0.002226248703278274
0.0022293083837271557
15.802993629425993
0.5444698692002208
1.2214462144099
2.99091628483594
0
18385137105373164e-21
0.005306885507467048
0.10028248112046974
0.006035009230824472
0.0024370089423469458
0.010290048806261961
0.0016603294662740381
0.0011752330246808038
0.6087910696763332
0.6693918223921977
0.09162894840086554
0.22106311431740502
9819745911010712e-20
0.16071367848739615
0.023876372215304097
1.9929638351804964
0.08484557018645544
0.16385436971113082
0.027517548637979485
0.041119985124553914
0.9775362424677225
0.0012788271998918272
0
1.2586900143198378
1.3381621465598148
0.011091775934803828
0
2.61274235297854
206370060879282e-19
0.005039826271656226
0
0.00170797789926219
0
0.13396831544773571
1.2255374724866155
0
0
0
0
0.1940516155934607
0.5832455661825264
1.0775299228675557
5.450315971048654
0.3256489969179519
1.327201439310281
0.12129330680281379
0.016927445214999223
0.041498618742110985
2.6815532960780337
0.003928418744527818
1.6822341742965703
9105363808297712e-22
0.06537129578067342
2.2021651104827136
0.4365113482971175
0.4965011948441731
0.0031171500728015646
0.8312608632046743
0.20299448094343536
0.0019254572229737766
0.022730217957604906
0.9225647874213121
2.2337418716238315
0.14245988351176617
0.10838837279511698
0.3234009865803477
0.027790434641104252
0.40358821243990695
0.4055191893264057
0.4057896090909729
0.6303932390372146
0.14274064200531952
2.677829842262888
0.30362146852250893
9.803485601904546
2.001858031619818
2.7903317184597745
0.1940318423230417
0.41719516647774674
2.419040645542611
4.172926110860361
0.9534704551283041
4.907317061294066
6.104499905813618
3.844300751950898
2.2168240664955636
3.3004474289938557
0.3282368960957653
50.77874072304652
619.5777825987885
4.0022982474557
10528.167351887829
1.0999997207228092
23.219052367879808
1.182419158506731
45.42817486772888
1.2745993094429673
1.3969423530939737
1.0999987136057106
0.7610950767118041
1.1237609203155434
7.970818321853898
0
0.0012034336414100872
6659309900535974e-20
0
0.00037923335829454316
0.026923402370796955
0.04307118673244761
0.07139656318890464
0.035649825969267426
0.03520228491542714
0.05629182600574303
0.041612448605107606
0.06036913821258418
0.040986222350370506
0.03791625875071528
0.058821030512599154
0.04462780617133059
0.03456640667544571
0.04059922299510117
0.034526025260717456
0.04269164427681401
0.04630239157240117
0.0680666259365417
0.04350307040874289
0.032669070700077796
0.0019047103143474031
0.0075026167344463815
0.023498732366243943
0.07823274063992407
0.04352994409418357
0.13120955095916545
9120762482706067e-20
0.010217914561661028
0.3122321910121016
4806127004516654e-21
0.0804285196707184
0.011057052395833893
0.0012712392857528664
5486381591733852e-21
1204424802734678e-21
0.11556329287011356
0.0987796090321631
0.004161709666568332
0.04239396748870185
0.02070565892556567
0.0058188664582120445
0.012264914886631607
0.00048311801121533193
0.6797569335791739
15699130029399448e-25
0.08622523717328198
0.0003420318350571815
0.009728573294422864
0.011044851914958242
0.0001570864515930463
0.00017090435040725152
0.789764208586621
0.0003936622724181391
0.06047668687199894
0.34883023260002954
13179245796233117e-22
25861726589347e-19
0.00014474735138828457
12571631578201415e-21
0.0005948398995048466
17003363286679178e-21
14432278898799055e-23
1004405091855446e-21
19077352199821625e-21
0.08358506251249431
0.08455283696405386
4350177289285023e-20
0.000212728590727058
0.020049615546602804
0.008232460165421378
0.1018212199667216
0.02065325715078021
27829642963568936e-21
0.1634251735922312
0.04035898807107628
557348159887017e-21
0.43910489061688596
44589655605543337e-23
0.0037794790318476106
0.0009835609772673116
2299456595310362e-27
0.45784177581023144
0.771482713785933
0.018468522944554117
0.4218531000955921
0.9792397369771728
0.007463538951401109
0.25063490912874425
22332184598291394e-26
46306391679528245e-22
0.000629830476709185
912150896772916e-19
0.15492849081641277
8645608061058836e-22
0.00011182735756976275
0.20166944975447865
0.0009300647647481947
0.012006314855367019
12200896893163752e-21
0.16487710351410131
0.1089243247251241
0.021754205299077095
31470091140811744e-21
0.00015347366089098284
12006681061880867e-23
0.013886250826964269
0.20362636105477508
8333314588995537e-24
11103426330024232e-21
910642094337901e-20
9651187709631753e-20
10586519784294717e-21
0.5391778847534635
0.20160423222034848
0.005183531612267725
0.0015508735793303863
0.04387338318286802
0.005920377833999174
676087679490186e-19
0.02932042578368609
8324402118196748e-20
0.0007215121109916396
0.0892570124039607
9970389147658445e-22
0.8675544815759405
0.8792933746949999
0.0018316528724040577
0.0005373871990093196
5829910129526583e-24
0.0010319110362572138
10390421408748384e-24
0.010393300135471751
0.030287066541964495
0.0009047671361045983
0.0003377532957847916
0.00015457458540776395
26181881255401586e-22
0.006163741730378292
0.031695720185340386
0.021982225174950486
11257176077091816e-24
0.9756860065336916
0.07296480549991831
0
0
8178619056522885e-20
6662198298754235e-20
1033639304819768e-21
7596610298322704e-22
0.00019352262525978417
0.00985660915300024
0.005421857653570491
15204233909989002e-24
0.00013151691594922592
7328786519152072e-21
0.06029915351776372
0.01360305627077418
0.11368289913312382
38456373630779885e-23
0.06518131464185044
0.007752700063433082
0.00012015878024296531
0.1448148411264629
0.0002965186603654873
18549559457239282e-29
8515588463172571e-20
37361713091523896e-22
0.00012473222395082
0.01663924765712824
0.003920141559477215
0.0001635793214224344
0.0001521395672805181
3799874525882096e-24
0.0005147597873175468
0.023528911142614194
13135133743792521e-24
0.00180935173995322
0.0018042774534495702
44189428534471634e-21
0.123725792358648
4337438051037831e-20
0.5656409386869595
0.00191456357235781
0.23464164497864207
0.0033142903536940286
0.0007013986444586397
0.0005696319708109143
44753332112820504e-21
0.6975760168231547
12102145038894396e-21
2156811670695973e-20
0.008375864197578319
0.006488811048091765
21715985258852103e-24
8723814673458236e-20
0.0030655881584949044
0.15670203340257022
0.03128916549446261
0.00010012337155721917
0.023609596765119194
0.00035425353740157047
0
0.12966407434715804
0.012504646707536997
0.6196132663041467
0.5260377501520407
0.5733571370272438
0.05553789888038452
0.030711750603000926
0.9282627735640774
0.6009080260415933
0.9535860698237275
0.5095903438121158
0.287561504240973
0.0007658263902397879
0.016008586303838838
0.16875427886809388
0.4185007118667576
0.16288904233099818
0.00029932757433248354
0.027837036464057774
0.37829749348932157
0.1318472330561412
0.2076410460893515
