0.021434461714693227
35.962958043213305
91.89991851286965
0
92.51939646097739
0.08231704888365855
95.91970938734804
0
134.04171362464044
0
72.77398161625128
0
22.639015321682074
0
30.995027096380824
0
31.9073659867359
2.7371190422740526
50.28351615381761
1.1587039568717408
1.0986826783475636
4.979830709720616
20.941424763822145
0.46017933009313206
0
5.9868790947446096
0.19816486755197574
0.41768006608869757
0.006981602766931411
3.8268768143094722
3.6248954025311186
1.1349668057381086
1.8562491608640126
0.9633831051500311
1.9006789053613449
1.1721853496061925
22390078538734334e-22
20.25401606171194
33.58922686730962
0.0038862361399841223
10.117815192674588
0
3.144315468964372
0
14.9808921806816
28.028197355102034
4.488714186677496
0
15.6352739201791
0
0.1574243822140449
0.08395537441920865
33.23890223740086
32.940266085406634
18.781132417295954
100.79803996127994
61.67829032556097
0.10022696826658871
0.006968212100544434
0.00904480321928171
19.886066297081122
45.52547660849824
2.1076739124050596
0.17091342298304515
0.009122363576329975
0.16338485856615453
17.918664246664438
0
17.92403356583198
0
11.929844750225078
0.0022277478326691983
0.0022313252282820484
15.801882494554773
0.5445050992287652
1.2225997512942313
2.9906420279744528
0
18543324835666675e-21
0.005339072937334422
0.09915400819674615
0.00610425520034595
0.002438277161085174
0.01026721049204788
0.0016742923732698171
0.0011631294706892163
0.6095619857033728
0.6691940859377657
0.09083542133413099
0.22205902401563307
9874533639090654e-20
0.1597139749977813
0.02356639349429132
1.9863176369956876
0.08466811942029
0.1636861140197515
0.027311462269020845
0.04058495501979293
0.9756760609408099
0.0012885757126503883
0
1.2585601766830072
1.3320320289216678
0.011096815087895614
0
2.6099447028704255
20629199893509157e-21
0.005048244885445818
0
0.0017751581526952037
0
0.13396309897928713
1.2252584976128982
0
0
0
0
0.18421606634550242
0.5834309505777181
1.0746085295452779
5.440394625366821
0.3262224736659236
1.3194736794218258
0.1214741050349301
0.01692625723803461
0.04202153826859285
2.636900123113138
0.003930107050749706
1.6827530960480002
9106623444733077e-22
0.06523281930730232
2.2010742093180693
0.43317967239892613
0.4928663874874197
0.0031172060387747664
0.8303841637055284
0.20306478286716062
0.001926362692857963
0.022498494151243137
0.9210422735713847
2.231298915309922
0.1426597215662897
0.10743493380400228
0.3202023584125705
0.027427558563574567
0.3990723538633483
0.4019731781754347
0.4059503531686152
0.6303441816335917
0.14254557761236905
2.6753126543207113
0.30131156633183787
9.704352178074608
2.00193436418204
2.7897470565643196
0.19413716546453977
0.41343459180142633
2.4191951151516373
4.1714767038185805
0.9537916927762974
4.862340229488213
6.050491933099788
3.773126992671617
2.216939088872462
3.258432518746976
0.32593042452647486
50.38277900020285
619.5776217750064
4.002298165836906
10524.771256249353
1.0999997146567033
23.219052139681803
1.182414644818821
45.42804052819182
1.2748818084213822
1.3969450712035099
1.0999987075381867
0.7654948715676562
1.1237448878697673
5.172953638244991
0
0.0011942482569221292
6793408665304003e-20
0
0.00039322439750302644
0.0265073128108966
0.04239040028923518
0.07025487144858983
0.03510639339449099
0.03478430637263523
0.05540598213033592
0.04092699922404624
0.05940000049023498
0.04033509199163884
0.03732326524665748
0.05789874852130531
0.04392066134509026
0.03403015741820051
0.03997740225290135
0.033993281177358246
0.04201431406352232
0.04558372488361092
0.06705699004573712
0.04284549041574678
0.032153682949679005
0.001904708661129961
0.007502591080859739
0.023498480624236526
0.07822994720711285
0.04352907987517228
0.1312016846397758
9120762103637251e-20
0.010217866976495637
0.31218747709088257
48061269939910874e-22
0.08042556709430618
0.011056996672980126
0.0012712385493406006
5486381578017866e-21
12044248020736584e-22
0.1155571927448247
0.09877515368442862
0.004161701773679016
0.042393147806574036
0.02070546348273772
0.0058188510275637645
0.012264846322878399
0.00048311790485841067
0.6795433452583794
15699130029388219e-25
0.08622184324849266
0.00034203178174934117
0.009728530158315861
0.011044796315021211
0.00015708644034871015
0.00017090433709772147
0.7894752150301688
0.0003936622018016563
0.0604750181782563
0.3487743791366251
13179245788318388e-22
25861726558870154e-22
0.00014474734184105202
12571631506183864e-21
0.0005948397382694133
17003363154937016e-21
14432278897849928e-23
1004405091395748e-21
19077352033980854e-21
0.08358187342170302
0.08454957353135673
4350177203052866e-20
0.00021272857010611181
0.020049432294989046
0.008232429277518343
0.10181648571746713
0.020653062696163495
2782964261065366e-20
0.1634129620441897
0.040358245223848455
5573481597454676e-22
0.43901621878444536
44589655596483436e-23
0.003779472522268799
0.0009835605364421362
22994565953103597e-28
0.4577453369490387
0.7712070527993334
0.01846836746052889
0.42177128879724035
0.9787936238228783
0.007463513564375279
0.25060613456384284
22332184598289127e-26
46306391581818725e-22
0.0006298302959468407
912150858859829e-19
0.15491751799513473
8645608057652826e-22
0.00011182735187137396
0.20165083915510093
0.000930064370572619
0.01200624915275578
12200896825331134e-21
0.16486467364123092
0.10891890610660138
0.02175398955567156
314700906895264e-19
0.00015347365015791107
12006681061223966e-23
0.013886162934804524
0.20360738674785905
833331458896389e-23
11103426273845868e-21
9106420905591307e-21
9651187285190744e-20
10586519733225233e-21
0.5390439065698998
0.20158563368130838
0.005183519367426235
0.0015508724833022145
0.043872505266900244
0.005920361860239194
6760876586615135e-20
0.029320033807313194
8324401802433341e-20
0.0007215118737730614
0.08925337538525772
9970389143128646e-22
0.8672051698242194
0.87893445514183
0.001831651343578988
0.0005373870674158244
58299101295110955e-25
0.0010319105510259673
1039042140869919e-23
0.010393250902554715
0.030286648285665532
0.0009047667630806335
0.00033775324380228944
0.00015457457452015485
26181881224165497e-22
0.006163724416300435
0.03169526210460647
0.021982004884107093
1125717607703407e-23
0.9752431595191736
0.0729623758686226
0
0
817861875172241e-19
6662198096503246e-20
10336393043329202e-22
7596610295693077e-22
0.00019352260819423833
0.009856564873892273
0.0054218442568025205
1520423390988366e-23
0.00013151690806753567
7328786494677272e-21
0.06029749461289184
0.013602971927479718
0.1136769961411688
38456373624040955e-23
0.06517937603654553
0.007752672670988679
0.00012015877366385677
0.14480525616993534
0.0002965186203008075
18549559457239282e-29
851558813273833e-19
3736171302791636e-21
0.000124732216861356
0.016639121453359933
0.003920134556321601
0.00016357930922936
0.00015213955673323338
3799874525875517e-24
0.0005147596665726429
0.023528658753422672
13135133743713899e-24
0.0018093502481303632
0.0018042759699827043
44189427644672224e-21
0.12371879887831036
4337437965309986e-20
0.5654934034446025
0.0019145619019912644
0.23461643397022353
0.0033142853479813097
0.0007013984202816096
0.0005696318229515647
4475333120016663e-20
0.6973509980911136
12102144972155386e-21
21568116494987204e-21
0.00837583222411384
0.0064887918594742425
21715985258637208e-24
8723814326666617e-20
0.003065583875868463
0.15669080750494427
0.03128871909355385
0.00010012336698921197
0.023609342641541756
0.0003542534802159906
0
0.12965639249400654
0.012504575436919848
0.6194360293146526
0.5259102582402413
0.5732055242519144
0.05553649174809394
0.030711320531124558
0.9278623402686792
0.6007413949873799
0.9531632593343017
0.5094707414754008
0.28752359686463524
0.0007658261229868406
0.016008469487059904
0.168741256476143
0.4184202013819279
0.16287691090963466
0.0002993275335051426
0.027836683157289946
0.3782317642687681
0.1318392899841947
0.2076213145561403
