0.021719720367030595
35.895213933376574
91.29331994018594
0
91.91207261871799
0.08140009012520402
95.2258207354403
0
133.54159518812065
0
72.7938413346879
0
22.9212502099235
0
30.97098339980413
0
31.91788914181974
2.7315336690411653
50.27376488830433
1.1561298438505103
1.0970573204855
4.984364713140061
20.77892753103479
0.45394490851929353
0
5.9799476052731855
0.19441593042520453
0.41728192244067996
0.006981630064222982
3.8269447687724876
3.6214795794597783
1.1090883154403945
1.7933209813502724
0.963468702982543
1.857161128641432
1.1361341291810954
2225542553313923e-21
19.976738018648323
33.21231001798575
0.0039053550680389587
9.826624811531225
0
3.11524422815285
0
14.95012270764281
28.00059549436921
4.488617975012332
0
15.599454108473546
0
0.15743815445054138
0.08434599253952728
33.2387063593407
32.940265863568825
18.785035976436156
95.00872937636449
61.67818983161715
0.10026343710943067
0.005733947028259456
0.009044779296504867
19.880901794195513
45.432000727779965
2.108041747844593
0.17101264947243924
0.009223651740394483
0.16333697544586676
17.91734416185427
0
17.92546268258408
0
11.905218618466181
0.002228211384527303
0.002232331245580525
15.801185566468709
0.5445414092211902
1.2233180862010438
2.990470293527621
0
18615989745302297e-21
0.0053642257271899986
0.09830093078359618
0.006145591041314738
0.0024385524786055537
0.01025189950181199
0.0016827809647351963
0.0011556312464567537
0.6091587743029669
0.6690705703476503
0.09022516342221007
0.22266336862611258
9906134942012377e-20
0.15891734785295888
0.023345924265541867
1.9821588482946781
0.08443000580116304
0.16358974455498584
0.02713949509445021
0.04018855351650489
0.9745345302752572
0.0012945246259717293
0
1.2584793873997406
1.3281008864346213
0.011097608522605048
0
2.608196690178079
20624871207178367e-21
0.005053631741700307
0
0.0018270852964835918
0
0.13395985419567727
1.2250845583266783
0
0
0
0
0.17791058251309055
0.5835421665369818
1.0727823641465173
5.4341717554093325
0.3265800901457409
1.3136121845435942
0.12158488455737118
0.016925991761088083
0.04234740031905034
2.6094649857553227
0.00393112422004417
1.683065612202195
9107411224008721e-22
0.0651466173732577
2.20033281396182
0.4305774305348745
0.4903451268300924
0.0031172408393206124
0.8298353349299307
0.20310872643179895
0.0019229022560046957
0.022322865460251716
0.9200923262390982
2.2297328032828396
0.14278472403831943
0.10670640356948066
0.31772846057785237
0.027162716666015056
0.3955946472084928
0.3990354037631574
0.4060508129492002
0.6303134898840926
0.14242189861540352
2.673807416206473
0.2995251264696206
9.627468369657805
2.0019734066745514
2.789363837028727
0.19420034442744039
0.41051229125412936
2.4192738977320167
4.170526952360384
0.953984488775017
4.827824225946433
6.0067124112248775
3.7244432626444968
2.217059395188497
3.226945623312323
0.3241011064509403
50.06571050746035
619.5775210971267
4.002298114742418
10522.645811216444
1.0999997108592374
23.21905199682672
1.1824118191968411
45.427956429995014
1.275055697158832
1.3969467147942376
1.0999987037398329
0.7681887129999215
1.1237348514441001
4.317325401812568
0
0.0011870089399144477
6876649850560119e-20
0
0.000401956023277947
0.02619828752708922
0.04188682095605491
0.06941545527941925
0.0347034269278149
0.034475892896557614
0.054751297852542374
0.04042367537318853
0.05868684943982223
0.039853922063691316
0.036884341004866324
0.05721559993300393
0.04339785161962969
0.03363312806532626
0.03951561700880337
0.033598791188418464
0.04151598382761356
0.04505181581446662
0.06630089145460506
0.04235671786886835
0.03177235102044613
0.001904707626193821
0.007502575021406099
0.023498323031647998
0.07822819853049498
0.043528538870910266
0.13119676045560735
9120761866334963e-20
0.010217837187640017
0.31215948881991284
4806126987401938e-21
0.08042371879600461
0.011056961789849728
0.0012712380883366048
5486381569431473e-21
12044248016598505e-22
0.11555337414632824
0.09877236467770863
0.004161696832629301
0.042392634682347635
0.020705341133776648
0.005818841367786409
0.012264803401220391
0.00048311783827752625
0.6794096701884597
15699130029381196e-25
0.0862197186728579
0.0003420317483779038
0.00972850315461658
0.01104476150883791
0.0001570864333096014
0.000170904328765773
0.7892943549107779
0.0003936621575947726
0.06047397357644262
0.34873941865156594
13179245783363656e-22
25861726539791245e-22
0.00014474733586435337
1257163146109989e-20
0.0005948396373338351
1700336307246462e-20
14432278897255766e-23
10044050911079709e-22
19077351930162252e-21
0.08357987706890689
0.08454753064168306
4350177149070352e-20
0.00021272855719711673
0.020049317577809353
0.008232409941324945
0.10181352212431334
0.020652940965829137
27829642389723844e-21
0.1634053179114727
0.04035778019821956
5573481596568557e-22
0.43896071811067394
44589655590811846e-23
0.003779468447188584
0.0009835602604796102
22994565953103573e-28
0.4576849752337253
0.7710345353608412
0.018468270126055536
0.4217200818737902
0.9785144542924852
0.007463497671791679
0.25058812297157496
22332184598287713e-26
46306391520651215e-22
0.0006298301827871519
9121508351257157e-20
0.15491064925354292
8645608055520611e-22
0.00011182734830410428
0.2016391895378751
0.0009300641238133688
0.012006208022199935
12200896782866984e-21
0.16485689284668373
0.10891551411402803
0.021753854498419566
31470090407015555e-21
0.0001534736434388608
12006681060812732e-23
0.01388610791338608
0.2035955094704761
8333314588944081e-24
1110342623867744e-20
9106420881935688e-21
9651187019484837e-20
10586519701255028e-21
0.538960051327627
0.2015739916131697
0.0051835117020016695
0.0015508717971738897
0.04387195568836341
0.005920351860467549
6760876456224776e-20
0.029319788427376384
8324401604761108e-20
0.0007215117252710065
0.0892510986369241
9970389140292924e-22
0.8669865674466227
0.8787098411314639
0.0018316503865141041
0.0005373869850365016
5829910129501401e-24
0.0010319102472646452
10390421408668394e-24
0.010393220082189798
0.030286386454406032
0.0009047665295625762
0.0003377532112605318
0.00015457456770436213
26181881204611276e-22
0.006163713577474171
0.03169497534313238
0.021981866980131028
11257176076997926e-24
0.9749660334993386
0.07296085492717098
0
0
817861856091312e-19
6662197969891346e-20
1033639304028147e-21
7596610294046895e-22
0.00019352259751097254
0.009856537154662549
0.00542183587025825
1520423390981771e-23
0.00013151690313348936
7328786479355712e-21
0.060296456138840035
0.01360291912768281
0.11367330094296951
38456373619822275e-23
0.0651781624722905
0.007752655522990763
0.00012015876954524447
0.1447992561781259
0.00029651859521976926
18549559457239282e-29
8515587925881955e-20
3736171298809716e-21
0.0001247322124232542
0.016639042448551328
0.0039201301722561754
0.00016357930159632806
0.00015213955013048837
37998745258713994e-25
0.0005147595909846859
0.02352850075569328
13135133743664687e-24
0.0018093493142293507
0.0018042750413126514
44189427087645536e-21
0.12371442106456468
4337437911643177e-20
0.5654010639383681
0.0019145608563195613
0.23460065291066418
0.0033142822143401064
0.0007013982799437398
0.0005696317303895965
4475333062883275e-20
0.6972101702119132
12102144930375847e-21
2156811636228949e-20
0.008375812208347174
0.0064887798471644775
2171598525850269e-23
8723814109570297e-20
0.003065581194888418
0.15668378034784605
0.031288439643682976
0.00010012336412957671
0.02360918355807714
0.00035425344441703525
0
0.12965158377984476
0.01250453082073942
0.619325102323757
0.5258304622756724
0.5731106329731537
0.0555356108820601
0.030711051303276452
0.9276117514356135
0.6006371051720684
0.9528986695679172
0.5093958830539
0.28749986886868883
0.0007658259556828652
0.016008396358582498
0.1687331047910234
0.41836980859353556
0.16286931693275472
0.00029932750794666813
0.02783646198467328
0.3781906226847383
0.13183431775539256
0.20760896329911802
