0.022234319489861397
35.762267715652236
90.20589532775895
0
90.82367346654826
0.07979788289332032
94.00004978920698
0
132.59819075719628
0
72.83207162329383
0
23.432627443490897
0
30.92979461177911
0
31.936188369466887
2.7185164110449342
50.19763267547033
1.1510073590264909
1.092830546318263
4.992749765386973
20.465505410091836
0.4429104719967552
0
5.967406271924574
0.18782744781559943
0.41657629993409856
0.0069816739298910946
3.827009882372133
3.6154256031738408
1.0643013336312175
1.6847113501707762
0.9635947251414663
1.7818662625434991
1.073818565502356
22014450340704506e-22
19.484642436684307
32.53604586051325
0.003940732349382655
9.318777747548655
0
3.0635753762889495
0
14.894491951929025
27.942549708394665
4.488443564852999
0
15.535086266027447
0
0.15747041109093846
0.08510646531136565
33.23835300080044
32.94026546036408
18.79197239003757
91.1116972654834
61.67800954328102
0.10033117272556787
0.0047538092530842735
0.009044736779426986
19.871682980604096
45.25777681887876
2.108613466621448
0.17111604128312194
0.009406055361390914
0.16321497995250137
17.907084724570513
0
17.925391039255473
0
11.855092510190433
0.0022280650128731084
0.0022333785222154534
15.79992594929789
0.5446320340884271
1.2246075600936208
2.9901604047738686
0
18718678695561485e-21
0.005413180468551096
0.09667045717788686
0.006218199537488498
0.002437976686927701
0.010222417617595831
0.0016976120997847118
0.001142251593797647
0.6077065240531193
0.6688483060641344
0.08905009660980855
0.22371858436654446
9957634292044365e-20
0.15734698198362726
0.022930507152767232
1.9746599641652476
0.08389578735554905
0.16343330882380125
0.026798670932803942
0.03943618609195861
0.9725150161013312
0.001304972288984739
0
1.2583348060406148
1.3207907338397398
0.011094158049261093
0
2.605050296849619
20618047427247928e-21
0.005063561454190799
0
0.0019257054064379644
0
0.1339540459460684
1.224772293567232
0
0
0
0
0.16664280614595883
0.5837329317040403
1.0694935491479984
5.422922566200705
0.32722253062973655
1.3023011492187393
0.12178021962507819
0.01692635920354253
0.04293244929428468
2.560941104740533
0.003932884225770705
1.6836058984919033
9108830835572855e-22
0.06499204463824518
2.198890157539783
0.4255241285686142
0.4856282779133909
0.0031173033884720853
0.8288450534356074
0.20318787020756102
0.0019135637057566635
0.021986016384486672
0.9183848775454776
2.226880409933213
0.1430100287412466
0.10530432430641885
0.31296055813838797
0.026662353747871147
0.38891549159110994
0.3928268964844245
0.40623165596898786
0.6302581594435924
0.14219561316430482
2.671215687265851
0.29606896382485676
9.479243667837572
2.0020243262417385
2.788632445912209
0.1943086903813227
0.4048641429108492
2.419376025692973
4.1687149040067
0.954315351249843
4.761584797002369
5.9213011554227295
3.6351891196959496
2.2173987855504214
3.167356485492482
0.32053350971176103
49.44485749269036
619.5773394769153
4.002298022569304
10518.81264967451
1.099999704008709
23.219051739119887
1.1824067218660195
45.4278047194487
1.2753637930410884
1.396949571508511
1.099998696887703
0.7729347939908189
1.1237167462133386
3.6574516477811625
0
0.0011729113037584123
7025228403865163e-20
0
0.0004176218219864559
0.025614759861516213
0.04093725285286724
0.06783546901733452
0.03394247513745445
0.033891510199748974
0.05351684247166436
0.039476988452210496
0.05734427452427345
0.038946973530166254
0.03605640786648831
0.05592687200719138
0.042412246210183004
0.03288402565029116
0.038643510512413964
0.03285436364744087
0.04057762724848986
0.044048341500368335
0.06486827782521082
0.0414331347069819
0.031053273082624133
0.001904705759197606
0.007502546050660118
0.023498038741427005
0.07822504406262581
0.043527562930424764
0.13118787782400287
9120761438247878e-20
0.010217783449545863
0.3121090050595789
4806126975515284e-21
0.08042038462180214
0.011056898861876257
0.0012712372566979176
5486381553941842e-21
1204424800913353e-21
0.11554648581399136
0.09876733358194634
0.0041616879191201175
0.04239170903541708
0.02070512042129012
0.005818823941842117
0.012264725972055622
0.00048311771816738117
0.6791685903723689
1569913002936852e-24
0.08621588612657075
0.00034203168817671447
0.009728454440841298
0.011044698719674059
0.00015708642061123472
0.0001709043137351577
0.788968192785589
0.0003936620778467271
0.060472089187818975
0.34867635971681854
13179245774425457e-22
2586172650537338e-21
0.0001447473250825465
12571631379769575e-21
0.0005948394552487446
17003362923686573e-21
14432278896183906e-23
10044050905888282e-22
19077351742876213e-21
0.08357627582144882
0.08454384544716181
4350177051687311e-20
0.00021272853390963037
0.02004911063268777
0.008232375059454351
0.10180817609820428
0.020652721369315133
27829641991172257e-21
0.1633915290010091
0.04035694131774034
557348159497002e-21
0.4388606140966585
4458965558058041e-22
0.003779461095861929
0.0009835597626506511
22994565953103537e-28
0.45757610441402136
0.7707234160276412
0.018468094538517343
0.4216277216508792
0.9780110411517186
0.0074634690020735205
0.2505556338057956
22332184598285157e-26
4630639141030663e-21
0.0006298299786500943
9121507923099996e-20
0.15489825899420057
864560805167416e-21
0.0001118273418688437
0.20161817563624038
0.0009300636786663229
0.01200613382411293
1220089670626277e-20
0.16484285742623933
0.10890939531560456
0.021753610860801915
31470089897373415e-21
0.00015347363131787122
1200668106007088e-22
0.013886008656742508
0.20357408492606704
8333314588908344e-24
11103426175234519e-21
910642083926157e-20
9651186540158377e-20
10586519643581628e-21
0.5388088116619261
0.20155299132823476
0.005183497873805585
0.0015508705594171654
0.0438709642805171
0.00592033382118464
6760876221004006e-20
0.029319345773603653
8324401248165601e-20
0.0007215114573772741
0.0892469915895632
9970389135177366e-22
0.8665923538524413
0.8783047885161626
0.0018316486599954341
0.0005373868364263975
582991012948391e-23
0.0010319096992874176
10390421408612837e-24
0.010393164483291454
0.03028591412340994
0.0009047661083022812
0.0003377531525560628
0.00015457455540885168
2618188116933597e-21
0.006163694024564238
0.031694458039520285
0.021981618207165272
1125717607693272e-23
0.974466304583254
0.0729581112688919
0
0
8178618216698186e-20
6662197741486807e-20
10336393034783437e-22
759661029107722e-21
0.00019352257823864293
0.009856487150096719
0.0054218207411852815
15204233909698744e-24
0.00013151689423259976
73287864517160166e-22
0.060294582804136965
0.013602823878753124
0.11366663520618019
38456373612211907e-23
0.06517597329136793
0.007752624588548463
0.00012015876211537632
0.1447884329791203
0.00029651854997424
18549559457239282e-29
8515587552718495e-20
37361712916264377e-22
0.0001247322044170354
0.01663889992689866
0.003920122263529597
0.00016357928782653972
0.00015213953821931038
3799874525863971e-24
0.000514759454626023
0.023528215734619114
13135133743575902e-24
0.001809347629497651
0.0018042733660174563
4418942608278406e-20
0.12370652399523961
4337437814829662e-20
0.5652345240255211
0.0019145589699566942
0.23457218697796225
0.003314276561341105
0.0007013980267779773
0.0005696315634102731
44753329598161443e-21
0.6969561923379974
12102144855006657e-21
2156811612290629e-20
0.008375776100550354
0.006488758177329142
21715985258260017e-24
8723813717934249e-20
0.003065576358476703
0.15667110433790157
0.031287935529761834
0.00010012335897086997
0.023608896578392827
0.0003542533798366684
0
0.12964290943675058
0.012504450334723402
0.6191250431810987
0.5256865430697677
0.5729394913245215
0.05553402185818711
0.030710565629272945
0.9271598669091643
0.6004490148699474
0.9524215423194395
0.5092608682435745
0.2874570691390618
0.0007658256538709765
0.016008264437573236
0.16871840036095107
0.41827891667487205
0.16285561849321384
0.0002993274618398564
0.027836062999521457
0.37811641566471044
0.13182534845939026
0.207586683813889
