0.02243493970673586
35.70979932955528
89.78435848395735
0
90.40179153491873
0.07918955612404467
93.53014832936292
0
132.21560378501758
0
72.84760621528399
0
23.619950657540386
0
30.914476867596534
0
31.943085300255092
2.7126376083286514
50.147695292622146
1.1488504734056988
1.0908264314434049
4.996072664694901
20.343770156849644
0.43868175472289295
0
5.962504085422917
0.18531879711173593
0.4163055572765176
0.006981689216098846
3.82701602233466
3.6131026726852853
1.0474934322115466
1.6440383642604015
0.963634328809866
1.7536158336154022
1.05046181489752
21920897100384615e-22
19.295653402255624
32.27375987778844
0.0039536729002016945
9.126785993445678
0
3.0437023196218718
0
14.872705833631995
27.91169057725268
4.488375283830148
0
15.51007803044703
0
0.15748507915692805
0.08539612268012604
33.23821524165889
32.94026530228557
18.79464024311599
90.65294369974676
61.67793961040917
0.10035798914875586
0.004541664165574434
0.009044720395599188
19.86812286484525
45.1878477298215
2.1088054669273553
0.17113313382823242
0.00947703346560441
0.16315563542978467
17.900672621904995
0
17.92391723121536
0
11.835202029185439
0.0022277067572053417
0.002233485925028418
15.799434190242765
0.5446744893282445
1.2251075801755118
2.9900395630658347
0
18753717069539385e-21
0.005431832244274007
0.09603853034191832
0.006246211617503862
0.0024374236316431447
0.010210298477117113
0.001703227440337167
0.0011370867699215452
0.6070782170072763
0.668761848464146
0.08859324312178606
0.22411818103591236
99759512863788e-18
0.1567260179990572
0.022768697528178703
1.9717377568043755
0.0836780099924835
0.16337778634741895
0.02666498292610566
0.039144942149380614
0.9717386501506617
0.0013089490170139814
0
1.2582788494206645
1.3178632137279482
0.01109131776779444
0
2.6038260979869206
20615667526368143e-21
0.005067487766509266
0
0.0019633762760532373
0
0.13395179755853376
1.2246510859827595
0
0
0
0
0.16236758901817003
0.5838038866517138
1.068213332276359
5.418528872322724
0.3274720563413347
1.2978723755566108
0.12185484849042047
0.01692674449942664
0.043159567297849595
2.5423560085428303
0.003933544844969935
1.6838084915093074
9109383745353204e-22
0.06493210524816723
2.198292858907363
0.4235498600858179
0.4837892863234277
0.0031173276726976056
0.8284588975842999
0.20321867993779147
0.0019097346008813472
0.021855025934485555
0.9177213693504536
2.225767512069791
0.14309779638918865
0.10475845255537301
0.31110853803509464
0.02646870512573374
0.3863280382913015
0.39027444782315
0.4063020168040952
0.6302366012330478
0.14210629786910234
2.670240127652451
0.2947204605769218
9.421697666277781
2.0020372546411362
2.7883329538662625
0.19434897952924768
0.40266626949585793
2.419401650079136
4.167973121396929
0.9544384752211765
4.73592820172639
5.888146061586215
3.6010768761591194
2.2175485130618693
3.1444750248362445
0.3191397735862687
49.20181607848937
619.5772686709672
4.002297986634945
10517.318642049922
1.0999997013379808
23.219051638651003
1.1824047346404183
45.42774557412428
1.275482001659313
1.3969506488529564
1.09999869421635
0.7747466431658022
1.1237096878352422
3.5217626824715165
0
0.0011674012246362584
708258556652372e-19
0
0.00042369581430576987
0.02539048049876011
0.040572380488671636
0.06722838415306992
0.03364982427962774
0.03366547885250952
0.05304237308884155
0.039113380671333686
0.05682844368612357
0.038598526394833875
0.035738220126526866
0.055431662496668595
0.04203356344606313
0.0325960717687686
0.038308251620110714
0.03256816811059753
0.040216986744917374
0.04366261575843044
0.06431696509999867
0.04107796278149941
0.030776982649279472
0.0019047050313360267
0.0075025347562340545
0.02349792790974513
0.07822381430480867
0.04352718245884496
0.1311844150282963
9120761271355017e-20
0.010217762499434948
0.3120893258098496
4806126970881186e-21
0.0804190848071491
0.0110568743290444
0.0012712369324776641
5486381547903097e-21
12044248006223255e-22
0.11554380045869768
0.09876537224204089
0.0041616844441288
0.0423913481706937
0.020705034375556774
0.005818817148224926
0.012264695785864099
0.0004831176713415742
0.6790746268273389
15699130029363577e-25
0.08621439202663565
0.0003420316647068452
0.009728435449487212
0.011044674240957822
0.00015708641566068425
0.00017090430787536316
0.7888410726232926
0.000393662046756375
0.060471354561094544
0.34865177882098203
13179245770940834e-22
25861726491955317e-22
0.00014474732087918076
1257163134806236e-20
0.0005948393842615606
17003362865684365e-21
1443227889576603e-22
10044050903864367e-22
19077351669861384e-21
0.08357487189093145
0.08454240879074923
43501770137218235e-21
0.00021272852483083485
0.020049029954203233
0.008232361460543031
0.10180609198703143
0.020652635758646974
27829641835794013e-21
0.1633861536090572
0.040356614278798414
5573481594346819e-22
0.43882159400259163
4458965557659161e-22
0.0037794582298975527
0.000983559568568473
2299456595310353e-27
0.4575336673483824
0.7706021579034092
0.018468026084888706
0.4215917198255185
0.9778148520449458
0.007463457825004875
0.250542968809066
2233218459828416e-25
4630639136728799e-21
0.0006298298990657932
9121507756179814e-20
0.15489342882982599
8645608050174593e-22
0.00011182733936001058
0.20160998380692868
0.0009300635051225618
0.01200610489757241
1220089667639806e-20
0.16483738593907205
0.10890700995059471
0.021753515877641048
3147008969868572e-20
0.00015347362659241538
12006681059781665e-23
0.013885969961009144
0.20356573302216766
833331458889441e-23
11103426150500832e-21
9106420822624754e-21
965118635328947e-19
10586519621097234e-21
0.5387498612750902
0.2015448048069156
0.005183492482792598
0.001550870076868957
0.04387057777901552
0.005920326788453675
6760876129301477e-20
0.029319173203616204
832440110914425e-19
0.0007215113529369777
0.0892453904784329
9970389133183029e-22
0.8664387153774213
0.8781469263932097
0.0018316479868999939
0.000537386778489677
5829910129477091e-24
0.0010319094856545824
10390421408591178e-24
0.010393142807736478
0.030285729983725883
0.0009047659440709396
0.00033775312966970064
0.00015457455061535763
26181881155583632e-22
0.006163686401736664
0.031694256367226
0.02198152122197503
11257176076907297e-24
0.9742715510265902
0.07295704166167674
0
0
817861808250349e-19
6662197652441637e-20
10336393032639989e-22
7596610289919471e-22
0.00019352257072518538
0.009856467655521176
0.005421814843017407
1520423390965237e-23
0.00013151689076252326
7328786440940479e-21
0.060293852486724184
0.013602786745444689
0.11366403662603144
3845637360924495e-22
0.0651751198431581
0.007752612528564217
0.00012015875921878823
0.14478421369531957
0.00029651853233494263
18549559457239282e-29
8515587407238005e-20
37361712888259845e-22
0.0001247322012957528
0.016638844364124838
0.003920119180259249
0.00016357928245828776
0.00015213953357565108
37998745258610746e-25
0.0005147594014656147
0.023528104618012396
1313513374354129e-23
0.0018093469726931499
0.0018042727128918413
441894256910315e-19
0.12370344540180578
43374377770862086e-21
0.5651696105180841
0.0019145582345448918
0.23456109026251457
0.003314274357480874
0.0007013979280794852
0.0005696314983121806
4475332919634673e-20
0.696857202280846
12102144825623428e-21
21568116029581008e-21
0.00837576202370489
0.006488749729205578
2171598525816541e-23
8723813565252088e-20
0.0030655744729684298
0.15666616278091994
0.031287738999477725
0.00010012335695971063
0.02360878469821734
0.0003542533546595452
0
0.12963952783813723
0.012504418956804072
0.6190470661763593
0.5256304457912918
0.572872784352706
0.05553340237797216
0.030710376287805412
0.9269837560800517
0.6003757024540111
0.9522355955166888
0.5092082414318345
0.2874403850789209
0.0007658255362074452
0.01600821300750126
0.16871266807894203
0.4182434871482545
0.16285027836891097
0.0002993274438647819
0.027835907453802763
0.378087489462315
0.1318218518793283
0.20757799864203522
