0.023000377960366823
35.5641832206408
88.60368225045909
0
89.22003299999609
0.07751851522657222
92.22640113116518
0
131.0908906246869
0
72.89263501287157
0
24.10161151801887
0
30.87335194073224
0
31.96182004184322
2.6945772196601396
49.96106873713164
1.1422632655081868
1.0845050362873192
5.005537516702856
20.011571373133297
0.4269828491960102
0
5.948649011389476
0.17842662457502256
0.4155554937250261
0.006981727042493724
3.82697794387577
3.60666706861716
1.0020509374480808
1.534322622608638
0.9637184858940934
1.6772554914169493
0.9874080811426105
21658059495869104e-22
18.77173472649987
31.538918907487833
0.0039861222587454295
8.603409524193994
0
2.9885227638689393
0
14.810816751702927
27.79790095977616
4.488182002676663
0
15.439851819779307
0
0.15753117136989736
0.08615284042733427
33.23782697554042
32.940264854646614
18.80205130430071
90.13788734924243
61.67774348410084
0.100433942782737
0.004100456775791551
0.009044674682566436
19.858190386910803
44.98487194391202
2.1092575657355366
0.171128353675394
0.009676605341250064
0.1629560626680084
17.87712267766756
0
17.914809630566534
0
11.780260045482859
0.0022260120679075787
0.0022329252374678047
15.79804656152362
0.544810443861702
1.226506182881445
2.9896988874456003
0
1884546758316516e-20
0.005480589500797124
0.09431358843544368
0.006324812429925897
0.0024351182288550213
0.010174328685709234
0.0017185541308792965
0.0011226890615171584
0.6053738415430872
0.6685187450172704
0.08734372695663795
0.22521005770987818
0.00010023185417188944
0.15499982022083442
0.022321398543322237
1.9635061063062726
0.08307146419952995
0.16323535426968136
0.026298436595452543
0.03834918247173443
0.9695744079564544
0.00131987326299041
0
1.2581222998977757
1.3093881339229398
0.011079918031037335
0
2.600382991817961
20609604930649605e-21
0.0050786516154678035
0
0.0020643188462117
0
0.13394550773779595
1.2243110110474007
0
0
0
0
0.15080925508474627
0.5839939053492996
1.064610961330761
5.406120983534895
0.32817252482767356
1.2856463363285628
0.12206076649517636
0.01692839149528903
0.04379675313786712
2.4909692944654784
0.003935331802912574
1.6843557665282556
9110940454637905e-22
0.06476412704135578
2.196509802322454
0.41812955790288814
0.47868336607718304
0.00311739561395062
0.8273702949222709
0.20330537971717763
0.001899532277590425
0.021496169101035828
0.9158576701736695
2.2226398877327727
0.14334495579012918
0.10326246760595122
0.3060526331894234
0.025938871573093145
0.37928276135034394
0.3831238124656438
0.4064998881557567
0.630175878931518
0.14185137198246037
2.6675694020539336
0.29102047815022536
9.26473664543102
2.002053379562017
2.7874466869113927
0.19445683885129125
0.39665694547408603
2.419432230322903
4.165778737189041
0.9547683856569396
4.666086760344892
5.7981371720556645
3.5084149411440952
2.2179670513423506
3.082650898016677
0.3153200898054862
48.53466903289364
619.5770691079146
4.002297885355716
10513.108996491148
1.099999693810663
23.21905135548437
1.1823991337603794
45.427578876339076
1.2758095821601003
1.3969535812742429
1.0999986866872724
0.7797413844233679
1.1236897943806134
3.248730555755553
0
0.0011522796859863046
7242559603443608e-20
0
0.0004407116344859901
0.024782912959009303
0.03958378941166903
0.06558253361079514
0.03285634720914885
0.03304834112413653
0.0517563092575233
0.038127875435999395
0.05543020253210847
0.03765448857193092
0.034876022458180556
0.054090105501261615
0.04100761422186413
0.03181563251422054
0.03739984290503616
0.03179238907823354
0.03923904557669476
0.04261717523890853
0.06282265229227817
0.04011531260771957
0.030028473075597292
0.0019047029798953162
0.007502502923538958
0.02349761553889194
0.07822034839667182
0.04352611013623072
0.13117465580006318
9120760800975673e-20
0.010217703452804741
0.31203386748520057
4806126957820207e-21
0.0804154214562698
0.011056805184752487
0.0012712360186792075
5486381530883188e-21
12044247998020787e-22
0.1155362322521693
0.09875984451117852
0.004161674650051613
0.04239033110767828
0.02070479186179658
0.005818798000790347
0.012264610707961782
0.00048311753936535563
0.67880986512614
15699130029349643e-25
0.08621018111848586
0.0003420315985581769
0.009728381923485532
0.011044605249187166
0.00015708640170780105
0.00017090429135982043
0.788482900876321
0.0003936619591297538
0.060469284099680616
0.3485825080946176
13179245761119592e-22
2586172645413717e-21
0.00014474730903220098
12571631258697132e-21
0.0005948391841877056
1700336270220799e-20
14432278894588274e-23
1004405089816006e-21
19077351464072676e-21
0.08357091510844443
0.08453835977639403
4350176906717958e-20
0.0002127284992426965
0.020048802567593685
0.00823232313279851
0.10180021825135682
0.020652394471082122
27829641397868056e-21
0.1633710042817509
0.040355692549821874
5573481592590358e-22
0.4387116364467631
4458965556534937e-22
0.003779450152329045
0.0009835590215575675
229945659531035e-26
0.4574140817350148
0.7702605004679924
0.018467833153055016
0.42149026698546144
0.9772621144068602
0.007463426323074491
0.25050727658096555
22332184598281344e-26
4630639124604207e-21
0.0006298296747613933
9121507285723472e-20
0.1548798160586175
8645608045948137e-22
0.00011182733228898765
0.20158689732827384
0.0009300630159981472
0.012006023369909979
12200896592225837e-21
0.164821965797755
0.10890028719729396
0.02175324817448667
31470089138694203e-21
0.00015347361327395037
12006681058966525e-23
0.013885860899560466
0.20354219543391996
8333314588855143e-24
11103426080790154e-21
91064207757347e-19
9651185826608632e-20
10586519557726069e-21
0.5385837472013921
0.20152173328683604
0.005183477288516751
0.0015508687168312774
0.0438694884617893
0.0059203069670909075
6760875870842396e-20
0.029318686829025782
8324400717319391e-20
0.0007215110585772
0.08924087797970993
9970389127562082e-22
0.8660058394186145
0.8777021523947677
0.0018316460898147992
0.0005373866151979016
5829910129457871e-24
0.0010319088835411393
10390421408530136e-24
0.010393081716489838
0.030285211001071163
0.0009047654811931082
0.00033775306516561855
0.00015457453710513024
26181881116823345e-22
0.006163664917221285
0.031693687970648914
0.021981247876269865
11257176076835637e-24
0.973722857087821
0.07295402711051674
0
0
8178617704282322e-20
666219740147219e-19
10336393026598787e-22
7596610286656414e-22
0.00019352254954887484
0.009856412711222453
0.005421798219354711
1520423390952166e-23
0.00013151688098228317
73287864105701596e-22
0.06029179417047205
0.013602682087579351
0.1136567129748462
38456373600882735e-23
0.06517271450132145
0.007752578538190346
0.00012015875105489694
0.1447723225122264
0.0002965184826194527
18549559457239282e-29
8515586997208388e-20
3736171280933044e-21
0.00012473219249857116
0.01663868776416704
0.003920110490225861
0.0001635792673281334
0.0001521395204877257
37998745258529095e-25
0.0005147592516356375
0.023527791444123366
13135133743443732e-24
0.0018093451215231207
0.0018042708720905616
4418942458689611e-20
0.12369476894928316
4337437670708136e-20
0.5649866950896703
0.0019145561618242723
0.2345298175382811
0.0033142681460166584
0.0007013976499026948
0.000569631314836436
4475332806385168e-20
0.6965782793037525
12102144742808236e-21
2156811576654827e-20
0.008375722348932833
0.006488725918642343
21715985257898764e-24
8723813134924907e-20
0.003065569158761967
0.15665223608331907
0.031287185095141994
0.00010012335129135677
0.023608469372276283
0.00035425328369906626
0
0.12962999744272838
0.012504330520099215
0.6188273446515237
0.5254723705703191
0.5726848158102129
0.055531656440516726
0.030709842644435888
0.9264875763197494
0.6001691231641018
0.951711708889988
0.5090599446036305
0.2873933670832455
0.0007658252045786437
0.016008068055251887
0.16869651297087865
0.41814364691072253
0.16283522843239065
0.00029932739320292075
0.027835469060491308
0.37800597428491906
0.1318119974387634
0.2075535218659221
