0.02347316192375213
35.44602618251681
87.6250646318523
0
88.24032126827332
0.07616564563966595
91.15676551088573
0
130.09587461643036
0
72.9313211803754
0
24.455681694263365
0
30.84107406573456
0
31.976706922910182
2.678593782160015
49.770240540738286
1.1363448419356346
1.0788051166838988
5.013520146940962
19.747965723628543
0.41744895437423185
0
5.937020981035944
0.17286338759055714
0.4149430190201338
0.006981752950365733
3.826886148205487
3.6014117985340426
0.9661959954743962
1.4480369960342787
0.9637590803524096
1.6170254432427058
0.93776208924252
21439221354752167e-22
18.34367208575049
30.929792232656112
0.004009169202146795
8.185488938448945
0
2.9433478272373366
0
14.75839323953486
27.67635840995222
4.488019482270566
0
15.381426020476919
0
0.15757415072410544
0.08672008468436021
33.23750233355053
32.940264478345334
18.808127144969763
89.94985342875133
61.677580495611835
0.1004974004466766
0.0038188599991399756
0.009044636908920267
19.84999944471062
44.808806281891115
2.109539085905468
0.17108116384321814
0.009842895113831547
0.1627563593084839
17.852990974648478
0
17.901801816492103
0
11.736084994038178
0.0022240386811839537
0.0022316387867405674
15.79688474011135
0.5449394332481566
1.227661018199261
2.9894139351489075
0
1891767394120839e-20
0.005517173046919972
0.09294306586804851
0.006390283169024215
0.0024325847675169122
0.010142275420652403
0.001730806316651406
0.0011108366599180673
0.6040846843795914
0.6683161097232427
0.08634872755315155
0.22608523408049025
0.00010058655874330408
0.153595840789084
0.021959226788025952
1.9566291084612282
0.08258121333012802
0.16313027320601894
0.0260062175742063
0.03771558383830091
0.9677864241813855
0.0013286920240087672
0
1.257992609372987
1.3020641551544248
0.011067635300686296
0
2.5975120681028026
20605144026502242e-21
0.005088047613461121
0
0.002142512081473194
0
0.13394030010523628
1.224028323984317
0
0
0
0
0.1417532882541185
0.5841419498055369
1.0616054745402799
5.39571857211686
0.328755045539093
1.2757851002511311
0.12222812332018342
0.01693030111011246
0.04432617155140108
2.4491242528667807
0.003936743204607286
1.6847870780536993
9112240196252937e-22
0.06462474356460848
2.194911547036425
0.4137937850873045
0.4745191139254211
0.003117451633190509
0.8264598516229107
0.20337771864848594
0.0018919202834967183
0.0212096523136966
0.9143064176851992
2.2200378795269633
0.14355137693937883
0.10206794834813607
0.3020381491513748
0.025516021577768604
0.3737072998629363
0.3773775719804717
0.4066648454078014
0.6301251502544916
0.14163474577339238
2.6654096024586162
0.28806267859437645
9.140262914899306
2.0020448200659846
2.7866599919952435
0.19454082684044122
0.3918763100241482
2.419412613640563
4.1638317732463435
0.9550256277798151
4.610854085667594
5.727321227111734
3.435059421463631
2.218298352415935
3.0342143850889656
0.3122739190355649
48.00158368780372
619.57690224587
4.002297800672387
10509.590448647497
1.0999996875167932
23.219051118718212
1.1823944506765403
45.42743949458773
1.2760773263708642
1.3969559214793597
1.0999986803919328
0.7837952751338649
1.1236731609936463
3.079169724732569
0
0.0011401935882590839
7374469957704391e-20
0
0.0004548233220358463
0.024304814927305383
0.038805571374011104
0.06428560003434897
0.032231182614566894
0.032557479211184626
0.05074332435898521
0.03735150952571216
0.05432862701804616
0.03691137315408318
0.034197223519779135
0.05303427667813184
0.04020003995602927
0.031201031449130723
0.036684800021271016
0.031181350645994085
0.038468203565603515
0.04179386441438699
0.06164619583068738
0.03935729898424481
0.029439337667706535
0.0019047012646111023
0.0075024763071417965
0.023497354357186112
0.07821745053979716
0.043525213547671526
0.1311664963035222
912076040767402e-19
0.010217654081982077
0.311987504281444
4806126946899438e-21
0.08041235852038989
0.011056747370969133
0.0012712352546188203
548638151665221e-20
120442479911624e-20
0.11552990457361782
0.09875522280721064
0.00416166646087694
0.042389480722178415
0.0207045890891984
0.005818781990956201
0.012264539571615005
0.0004831174290151562
0.678588567258065
15699130029337988e-25
0.0862066603793766
0.00034203154324882377
0.009728337168629933
0.011044547562931413
0.00015708639004127724
0.00017090427755056184
0.7881835449921961
0.00039366188586189026
0.06046755296426959
0.3485245988276841
13179245752907688e-22
25861726422516005e-22
0.0001447472991265011
12571631183975537e-21
0.0005948390168985625
17003362565519308e-21
14432278893603508e-23
10044050893390474e-22
1907735129200509e-20
0.08356760683917937
0.08453497439369087
4350176817248047e-20
0.00021272847784750427
0.020048612443168218
0.00823229108568215
0.10179530726254325
0.020652192723734974
27829641031701876e-21
0.16335833844376224
0.0403549218740879
5573481591121718e-22
0.43861971799340604
44589655555949304e-23
0.003779443398386708
0.0009835585641816292
2299456595310348e-27
0.4573141157474944
0.7699749442560297
0.0184676718371172
0.4214054572319927
0.9768001897550329
0.007463399983240401
0.2504774368841735
2233218459827898e-25
4630639114466384e-21
0.0006298294872121996
9121506892357438e-20
0.15486843483245336
8645608042414241e-22
0.0001118273263766426
0.20156759589379875
0.0009300626070232217
0.012005955202022812
12200896521846307e-21
0.16480907355115518
0.10889466637167174
0.021753024340447163
31470088670464467e-21
0.00015347360213788708
12006681058284955e-23
0.013885769709882671
0.2035225168697447
8333314588822312e-24
11103426022502464e-21
9106420736528185e-21
9651185386231207e-20
1058651950473908e-20
0.5384448923608768
0.20150244435780887
0.005183464584051536
0.0015508675796540832
0.043868577663886736
0.005920290393762902
6760875654735149e-20
0.02931828015932671
8324400389700063e-20
0.0007215108124521293
0.08923710508676785
9970389122862201e-22
0.865644061739879
0.8773304332373423
0.001831644503592787
0.0005373864786636103
58299101294418025e-25
0.0010319083800919549
10390421408479095e-24
0.010393030636101018
0.030284777067189468
0.0009047650941639121
0.00033775301123136473
0.00015457452580872733
2618188108441443e-21
0.006163646953276041
0.031693212720946044
0.021981019324364068
11257176076775722e-24
0.9732643108864315
0.072951506627739
0
0
8178617388037545e-20
6662197191627303e-20
10336393021547514e-22
7596610283928048e-22
0.0001935225318425754
0.009856366770484971
0.005421784319730901
1520423390941237e-23
0.00013151687280466104
7328786385176403e-21
0.06029007318960449
0.013602594579862017
0.11365058975981446
38456373593890775e-23
0.06517070337365452
0.007752550117688393
0.00012015874422876409
0.14476238060127355
0.0002965184410504882
18549559457239282e-29
8515586654367382e-20
37361712743334634e-22
0.0001247321851429207
0.016638556826246754
0.003920103224180381
0.00016357925467724952
0.00015213950954442513
3799874525846083e-24
0.0005147591263572521
0.023527529590981693
13135133743362162e-24
0.0018093435736924323
0.0018042693329295588
44189423663687465e-21
0.12368751471163546
43374375817614735e-21
0.5648337981384259
0.0019145544287471603
0.23450367245051465
0.0033142629523892405
0.0007013974173088143
0.0005696311614255844
4475332711693045e-20
0.6963451471253078
12102144673563375e-21
21568115546616807e-21
0.00837568917552391
0.00648870600981152
21715985257675813e-24
8723812775112357e-20
0.0030655647153632775
0.1566405924035864
0.031286721962643996
0.00010012334655183545
0.02360820571975688
0.00035425322436638036
0
0.12962202926233068
0.012504256575359746
0.6186436871752703
0.5253402344889823
0.5725276956625062
0.05553019663938155
0.03070939645247637
0.926072905838155
0.5999964490977924
0.9512738890444394
0.5089359812609442
0.28735405949143067
0.0007658249272915732
0.016007946856290152
0.16868300627138952
0.4180601850684786
0.16282264568813612
0.00029932735084266016
0.02783510250883131
0.37793782990292835
0.13180375833982885
0.2075330581382071
