614498708746107e-21
37.05200930784207
143.0875934645767
0
7403.622759911127
0.24126002528004317
167.05869022302267
0
83.25637866871286
0
438.0183480446118
0
15.376305428528001
0
34.208536864426
0
27.35032682008687
15.12859694219405
254.32656907316894
1016.9217904677781
1.9438566844235474
36.90294162185523
15.20038019740748
1.1189202569895682
0
6.461353580962908
0.6551372330641252
8.466679519796806
0.006418334444848837
2.872274135151548
60.249235893296316
21.75555617732459
649.7279486908297
0.36496933424536676
47.5404067199775
3.0679543334420933
0.00010981116427070341
45.490647312825025
61.5901243480781
89.58929938964188
46.23796872649508
0
4.720729914922722
0
270.6474243844506
22.248420052666518
0.5626905336375988
0
10.103462644602223
0
0.07318866953843386
11.65543280828804
26.90724227922222
25.77106781705107
18.417583450017812
1.427879436143906
1780.5422832512438
2.071741524980361
0.035448330615327865
0.5049493675193452
10.659225322649418
51.686795707081224
1.8070098724826804
3.3990339028910763
1010430289143454e-20
160747065520767e-19
161.86561274180212
0
267.0448907403965
0
9.211124306633193
0.02882580599574123
311.09349457168383
3.719459309589794
0.07664543349744546
0.649684829279624
1.022809780297018
0
7910192559333989e-20
9.078314677486105
0.12081045031161995
0.0020145099851491596
0.04760601703174901
0.008373145069697725
0.0006574704914026773
0.0017400882670211893
0.26558508925013247
0.6789518449609173
1.2165706298189536
0.002627077631408322
0.005574802176964695
0.07357299293268024
0.02277305896616309
2.301812384830175
0.03691382373280668
3.4359208394411125
0.01960589752533451
0.041598261719045314
10.877135107823499
5221439330301475e-20
0
1.263461065233364
1.556400191581867
0.22579073762328916
0
2.7428370781718483
0.04677019716623472
0.05680481813566022
0
0.0004459314044129352
0
0.13422458961049857
1.2392858537742877
0
0
0
0
2.898127437720693
0.5656542714178775
1.2167266848310523
5.881736859429104
0.29602653996791584
1.4644768740677698
0.09898527797660113
0.40042458132767905
0.001417938269030266
5.536061774787273
0.0036932465771368802
1.6211262448850114
9046256042015101e-22
0.03435816283083403
1.8314338248213968
0.35349405420412533
0.6158763562035727
0.2400112245744768
0.8727275883338841
0.1996134642593093
0.0007300658768197506
0.02673686657327259
1.000256431098465
2.341160546450416
0.13308802177310963
0.1240264627261293
0.3663943380934756
0.03649240790731795
0.46681758351413455
1233.454837931788
0.30852265677801033
0.6327062084376538
0.15892135725263545
43.77173011723827
0.32230215194741696
11.075671425386469
1.990771063211554
2.813639825218515
0.1841987998028624
0.4647245580311847
2.396493744497686
4.231045911063702
0.9231754889618352
5.688562165075968
6.003901387647284
6.719084437071052
0.1075411707753216
4.30497154104167
0.3491742911806112
45.761748331363634
619.5851865854745
4.002302004991172
10685.707743902212
1.0999999999918195
23.219062873571804
1.1826269765374047
45.43435996820693
0.7422580404940631
1.0348740748526162
90.09139204869759
0.20251576268019703
1.1244992648537215
32.34696032471169
0
0.0012740027233184837
20374478913021566e-25
0
15837883617283737e-83
0.03613106035895497
0.05873714590913377
0.09948138661712458
0.04773042077830934
0.04511514069760116
0.07680200194103574
0.05868310838454499
0.08392328272928512
0.056133284892884855
0.05152614585333977
0.07981934238850168
0.06102674914372811
0.04682246603978899
0.054353112311391026
0.046696641746767575
0.0590809164382797
0.06278702268947016
0.08812426170779909
0.057382750176161186
0.04453499315996225
0.0019047864260698809
0.007503797859072488
0.023510324885501213
0.07836145165138166
0.04356974924961834
0.13157220857049984
9120779934142966e-20
0.010220105508590531
0.3142976619386028
4806127489088537e-21
0.08056456664137192
0.011059618046553072
0.0012712731888705248
548638222318501e-20
1204424833166431e-21
0.11584447695988048
0.09898494030345716
0.004162073052484099
0.04243172085456301
0.02071465864271307
0.005819576892583911
0.01226807181254511
0.00048312290765843236
0.6896630606489252
1569913002991651e-24
0.08638163007079942
0.0003420342892313876
0.009730559384511136
0.011047411905879868
0.00015708696925620472
0.00017090496314723958
0.803183953557916
0.0003936655234454819
0.06055355940783115
0.351411300157758
13179246160608371e-22
25861727992427897e-22
0.00014474779092067146
12571634893717344e-21
0.0005948473224450922
17003369351773382e-21
14432278942494737e-23
10044051130188491e-22
19077359834734902e-21
0.08373201243446463
0.0847032140478251
4350181259208727e-20
0.00021272954006816216
0.02005805382546964
0.008233882295936369
0.10203941197065557
0.0206622113579162
27829659210947525e-21
0.1639883531651436
0.040393201785698725
5573481664036121e-22
0.44320658002094554
44589656022639174e-23
0.003779778729394575
0.0009835812720157973
2299456595310469e-27
0.4623036588509513
0.7842807457047638
0.01847568247393884
0.4256367284852492
0.99999938550148
0.007464707802729821
0.2519632045939643
22332184598396069e-26
4630639617784048e-21
0.0006298387986304599
91215264220228e-18
0.15543449562430395
8645608217863409e-22
0.00011182761991024096
0.20252809944982228
0.0009300829118278632
0.012009340035453455
12200900016015254e-21
0.16545036091070034
0.10917407703159528
0.021764139925413626
31470111916914506e-21
0.00015347415501669654
12006681092122995e-23
0.013890297773752397
0.20450180989883873
8333314590452377e-24
11103428916341682e-21
9106422683034394e-21
9651207249898841e-20
10586522135411635e-21
0.5453821096591958
0.202462324874524
0.005184095366743146
0.0015509240386792696
0.043913819357005474
0.005921113274291871
6760886383930576e-20
0.0293384771115103
8324416655200132e-20
0.0007215230320508887
0.08942461259664997
9970389356199598e-22
0.883789229268499
0.8959768438551775
0.0018317232572278332
0.000537393257293344
5829910130239597e-24
0.0010319333753879183
10390421411013211e-24
0.010395566953509652
0.030306328314892494
0.0009047843094004443
0.00033775568894326905
0.0001545750866480223
26181882693436454e-22
0.006164538881689046
0.03171681629433491
0.021992369228078838
11257176079750302e-24
0.9962928455348641
0.07307674754665103
0
0
8178633088818642e-20
6662207609911742e-20
10336393272330658e-22
7596610419384557e-22
0.00019352341091824227
0.00985864787240005
0.005422474444502497
1520423391483853e-23
0.00013151727880386663
7328787645913306e-21
0.06037557495906889
0.013606939800192909
0.11395499088823816
3845637394102443e-22
0.06527062584220635
0.007753961250722469
0.00012015908312974351
0.14525679718402268
0.00029652050485318556
18549559457239282e-29
8515603675586892e-20
37361716019862154e-22
0.00012473255033318737
0.016645058812703818
0.003920463981523855
0.0001635798827633411
0.0001521400528530202
3799874526185003e-24
0.0005147653461541995
0.023540533467948124
13135133747411923e-24
0.0018094204212339205
0.001804345750029314
4418946949872348e-20
0.12404818383034695
4337441997744179e-20
0.5724749479187506
0.0019146404736081499
0.23580523737650796
0.0033145208128966676
0.0007014089651093961
0.000569638777942555
447533741292377e-19
0.7080143386580035
12102148111398875e-21
21568126465669406e-21
0.008377336311413932
0.00648969450749625
2171598526874517e-23
8723830638928175e-20
0.0030657853268302097
0.15721971857797104
0.031309723619787004
0.00010012358185754795
0.023621298967701015
0.0003542561700986063
0
0.130018221688526
0.012507928275800266
0.6278279776970309
0.5319407586107245
0.5803806186819161
0.055602718496126156
0.030731556603773653
0.9468860941634201
0.6086295734664039
0.9732556833444079
0.515127057173375
0.2893120910246572
0.0007658386940259362
0.016013965191441243
0.16935488799318416
0.42222404354793264
0.163448523334624
0.00029932945393143967
0.027853306717090243
0.38133590923985167
0.13221343167591482
0.20855147186941997
