0.025428672616526496
34.99724189310099
83.6651631021148
0
84.27403122017766
0.07092317386855636
86.88813514732001
0
125.403171111632
0
73.09912392857315
0
25.565443855205007
0
30.72393192613597
0
32.031349438186815
2.614279443592087
48.88861095080387
1.1120358235943195
1.0556919757302494
5.046750955289266
18.792533442896733
0.38039174611592147
0
5.8885149798004335
0.15172087971770334
0.4125512062488266
0.006981810213571028
3.8259883538059394
3.580887498993337
0.8374539358588968
1.1405354805933976
0.9636690841885526
1.4009107653866342
0.7602119557937821
2054459405204471e-21
16.671651143678165
28.468777438303807
0.004083000664444905
6.637143358439567
0
2.7662136110642486
0
14.533986462961359
27.003804269184155
4.487339359553712
0
15.142623343450241
0
0.15778762149392217
0.08869255634022563
33.2361595816802
32.940262905603525
18.832128352001302
89.60300056154217
61.67691453201922
0.10075739787899438
0.0030489352579909693
0.009044484309013199
19.81719433845293
44.026968724862705
2.1098651976810388
0.1707263932549934
0.010524994577869179
0.16169723904341113
17.737263297814476
0
17.811623477867325
0
11.572314200920486
0.0022138635366345753
0.0022223205695458157
15.792066322052333
0.5455964098935852
1.2322589400627009
2.988234402996544
0
1921071438814744e-20
0.0056446137517475285
0.08795148706950766
0.006659689159445776
0.002419926293769258
0.009992261195423643
0.0017761337999704038
0.0010637455870552244
0.6003328452248933
0.6674837141076694
0.08271438487508746
0.22936450972945474
0.00010182076666197384
0.14822352568696787
0.020580953202444997
1.9282594157367419
0.08075703538296887
0.16280568534201512
0.024939086033192094
0.03539232615472895
0.9605593011199622
0.0013622568727994382
0
1.2574653426525981
1.2698551030435465
0.011006999789824718
0
2.58570972408171
205915934478091e-19
0.005126969777937712
0
0.002412398306111157
0
0.13391921334589205
1.222873235801209
0
0
0
0
0.11023176748287121
0.5846596631136438
1.049237535466059
5.352425030950402
0.33113414025291915
1.2387118463220121
0.1228777963058978
0.016942525721292907
0.04648272252975188
2.286756672441908
0.003941829749877388
1.6863304699333825
9117597442213598e-22
0.06405816323496027
2.187375289103262
0.3978099421795978
0.4583629754213528
0.0031176714733255973
0.8226932710647148
0.20367543623935672
0.0018699062795246308
0.020155016690060257
0.9079550389046775
2.209417139091045
0.1444028527262587
0.09767585071678046
0.2874648100673586
0.02395638071395146
0.3536010945129565
0.3565338042693566
0.40734262914747416
0.6299157472210164
0.1407084658263134
2.657055748934875
0.2771719476023299
8.689690721405368
2.001819445213097
2.7830154601669492
0.19483401741438425
0.3744586601613476
2.4189420773265473
4.154822361961573
0.9559271295543669
4.4124078067851755
5.476339577533013
3.1688833033735255
2.2194710613686013
2.8633798069743914
0.3011385021165929
46.044934021352674
619.5762120780302
4.002297450408501
10495.049671548302
1.0999996614843333
23.219050139415238
1.1823750808838116
45.42686299373614
1.2771288717621525
1.3969646480740365
1.0999986543533844
0.7994722382152314
1.1236043652444618
2.6352933655870476
0
0.0010957364371594817
790365567782018e-19
0
0.0005121335893408577
0.022596484731651285
0.03602156865494993
0.059634130568375625
0.029991146283501115
0.030763123395354044
0.04711461935311688
0.034567876842672866
0.050379548498517474
0.03425301345095267
0.03176855764485845
0.04925960590954921
0.03731134837260972
0.029000848828542567
0.03412825306585996
0.028993162389532236
0.0357018609971472
0.03884633778838307
0.057440130352866346
0.036645318289056816
0.027332574121126812
0.0019046941699354697
0.007502366218435147
0.023496274098380544
0.07820546567689472
0.0435215053090168
0.13113275270120728
912075878091516e-19
0.010217449878834092
0.31179581175793025
4806126901729372e-21
0.08039969096295113
0.011056508247051662
0.0012712320943467584
5486381457790583e-21
12044247962794997e-22
0.11550373595588931
0.09873610899176044
0.004161632589301435
0.04238596357185699
0.02070375041013573
0.005818715772169025
0.012264245344599045
0.0004831169725892087
0.6776740096618827
15699130029289793e-25
0.08619209956202495
0.00034203131448051766
0.009728152057518969
0.011044308966478044
0.00015708634178666293
0.00017090422043325386
0.7869465675438911
0.00039366158281433955
0.060460393235528764
0.3482851789332534
13179245718941928e-22
25861726291725796e-22
0.0001447472581549367
12571630874914987e-21
0.000594838324964197
17003362000152913e-21
14432278889530362e-23
100440508736627e-20
19077350580305797e-21
0.08355392469517818
0.08452097334501107
4350176447186092e-20
0.00021272838935356287
0.020047826077044327
0.008232158534967516
0.10177499713744526
0.02065135828511608
27829639517179563e-21
0.1633059609254162
0.04035173439133485
5573481585047175e-22
0.4382397329723105
44589655517069094e-23
0.0037794154631205596
0.000983556672403271
22994565953103375e-28
0.4569008723144428
0.7687949617714135
0.018467004623358936
0.42105485164427153
0.9748919129751947
0.007463291038427613
0.2503540528379207
2233218459826922e-25
4630639072534718e-21
0.0006298287114790918
9121505265332284e-20
0.15482136912913141
8645608027797475e-22
0.00011182730192223365
0.20148778167727152
0.0009300609154389066
0.012005673252762916
12200896230745235e-21
0.1647557598513586
0.10887142081217384
0.021752098551238296
3147008673379085e-20
0.0001534735560773426
1200668105546589e-22
0.013885392541035038
0.20344114336248376
8333314588686509e-24
11103425781415176e-21
9106420574363719e-21
96511835647594e-18
10586519285576345e-21
0.5378709465074328
0.20142268184674358
0.005183412036665997
0.0015508628761147349
0.04386481065777969
0.005920221844299202
6760874760880809e-20
0.029316598167805238
832439903461384e-19
0.0007215097944400493
0.0892215014875385
997038910342273e-21
0.8641492955820971
0.875794614337446
0.0018316379427374121
0.0005373859139361388
5829910129375342e-24
0.001031906297747574
10390421408267974e-24
0.010392819362044553
0.03028298231273917
0.0009047634933505204
0.00033775278815068765
0.00015457447908499242
26181880950365955e-22
0.006163572652058567
0.03169124708725279
0.021980074022077235
11257176076527914e-24
0.9713699824454745
0.07294108242955818
0
0
817861607999829e-19
6662196323675097e-20
1033639300065464e-21
7596610272643093e-22
0.00019352245860648366
0.009856176754462844
0.005421726829024488
15204233908960313e-24
0.00013151683898070298
73287862801437375e-22
0.060282955457066585
0.013602232639815092
0.11362526665913517
3845637356497087e-22
0.06516238568458108
0.007752432567017163
0.00012015871599478229
0.14472126650630146
0.0002965182691146112
18549559457239282e-29
851558523632186e-19
37361712470365354e-22
0.00012473215471876922
0.016638015256844156
0.003920073170787935
0.0001635792023511644
0.00015213946428117815
3799874525817846e-24
0.0005147586081859767
0.023526446555128214
13135133743024775e-24
0.0018093371716292354
0.001804262966725461
4418941984514784e-20
0.12365751453390864
4337437213863754e-20
0.5642018310811052
0.0019145472604774898
0.2343955631080003
0.0033142414707953943
0.0007013964552638462
0.0005696305268940085
4475332320031179e-20
0.6953817033433707
12102144387155478e-21
21568114636944845e-21
0.008375551966352134
0.006488623664326456
21715985256753625e-24
8723811286869798e-20
0.0030655463368183624
0.15659244145920007
0.0312848064447868
0.00010012332694841352
0.023607115241706677
0.00035425297895693174
0
0.12958907678585715
0.012503950732640953
0.6178846290324506
0.5247940511999194
0.5718782791527072
0.055524159074149905
0.03070755099945838
0.924359732343627
0.5992827688625837
0.949465133949182
0.5084235694535973
0.287191534052584
0.000765823780388613
0.01600744556759204
0.16862715187063335
0.41771515034911016
0.16277061175634452
0.0002993271756338568
0.027833586443342696
0.37765610421557394
0.1317696855682988
0.20744843829024548
