0.026084652926776454
34.8620058210864
82.37019806425762
0
82.97635368137071
0.06927480989311707
85.5038332852856
0
123.60277283587817
0
73.158148022372
0
25.841833270687225
0
30.68937912054438
0
32.04741469501292
2.595027663060351
48.6043050234184
1.104761673923372
1.048835923824934
5.057899564860026
18.518048556421455
0.3688060130794819
0
5.872098508066211
0.14527685997710482
0.4117996449960946
0.00698181341581891
3.825521822706721
3.5744377742110016
0.8008378584022913
1.053777561602276
0.9635564800311837
1.3394891105381823
0.7098679066821026
20248928272599025e-22
16.146659223982116
27.66683232905059
0.00410402350356858
6.178757205958174
0
2.710405648427861
0
14.45590771240824
26.738684061884978
4.487108686106873
0
15.063555132904574
0
0.15787121079711247
0.08927672660453999
33.23570916019018
32.94026237263666
18.839786314480783
89.54867748866938
61.676693714499066
0.10084401686150458
0.0028742609009987
0.009044434313360116
19.806566375597004
43.74823640691527
2.1097044383575785
0.1706063102247894
0.010751815768862442
0.16128663969881593
17.698587458350453
0
17.774600611178798
0
11.524482178263549
0.002210459197116142
0.0022187796032940325
15.790445662836794
0.5458581271561667
1.2337291877095293
2.9878384213778633
0
19315498617906204e-21
0.005682417852619272
0.0865063774724154
0.006749829546013798
0.0024156959137756327
0.00993624836293841
0.0017894527255468025
0.0010486897448825393
0.5996845540884495
0.6672064240811502
0.08166223985079325
0.23035034292228648
0.00010218762765181814
0.14658496297355558
0.0201612810412602
1.9187763208970852
0.0802246917083101
0.1627303575224114
0.024630725914355157
0.03471305927262178
0.9581909613729103
0.0013725174674906358
0
1.2572909111435842
1.2584955012095533
0.010986767467299787
0
2.5817749569312314
20588680205904823e-21
0.005139951970031224
0
0.0024861625031237463
0
0.13391228697576157
1.2224902146282848
0
0
0
0
0.10162975299537605
0.584802684401692
1.0451114324026969
5.337805868461197
0.33192140240825024
1.2276229791418367
0.1230817696565445
0.01694807457904956
0.04719390462491202
2.236088982234539
0.003943282438994013
1.686766384960562
9119387625301201e-22
0.06387152443077114
2.1845504347248337
0.3931354053338798
0.45332923056221436
0.003117739616796059
0.8214299433009613
0.20377477023635104
0.00186591976281018
0.019846163325439065
0.9058467316589968
2.2059082351475134
0.14468764311614785
0.09639320637313646
0.28326988323029517
0.02349710095860022
0.34785080257488166
0.3505555037286101
0.40756846020567333
0.6298456530093526
0.14038795206690177
2.6544442226714366
0.27399096880526985
8.560416115121622
2.001683531106171
2.781669996472997
0.19491478853127361
0.3694284844906535
2.418660643570718
4.151500484538389
0.9561769050701803
4.356057145814406
5.40632500234597
3.091828420148627
2.2198009605651965
2.8157488019295465
0.2979190072922263
45.47651842755093
619.5759805599012
4.002297332911727
10490.176443944636
1.099999652751688
23.219049810905933
1.182368583315835
45.42666960691176
1.2774627196648096
1.396967272550298
1.0999986456186968
0.8043691262664416
1.1235812885065515
2.540343264814424
0
0.0010827713203532567
8075792433930774e-20
0
0.0005310059252121803
0.022111045558781007
0.03522909196477352
0.05830591826510813
0.029352610754837843
0.030240839122530803
0.046080112567972197
0.03377296484634895
0.04925237414018861
0.03349626998221654
0.031077226112631532
0.048186094309552036
0.03648915366424193
0.02837421668253408
0.03340132058338444
0.02836973618510143
0.034911406127504103
0.038006783423841596
0.056244832310745986
0.03587374745935193
0.026733170117389078
0.0019046917900170349
0.007502329289301167
0.02349591173434158
0.07820144573994188
0.043520261443071036
0.13112143528102824
9120758235215432e-20
0.01021738137935859
0.31173153446971497
4806126886576975e-21
0.08039544205028748
0.011056428033572424
0.0012712310342283893
54863814380453225e-22
1204424795327909e-21
0.11549495896397564
0.09872969804951406
0.004161621227069595
0.042384783801507966
0.020703469081031652
0.005818693559101802
0.01226414664708838
0.00048311681948022957
0.6773674954979282
15699130029273625e-25
0.08618721565511482
0.00034203123773972663
0.009728089962383604
0.011044228929933954
0.00015708632559955106
0.0001709042012731331
0.7865320557584444
0.0003936614811564325
0.06045799167886202
0.34820490185482456
1317924570754804e-21
25861726247851933e-22
0.000144747244410939
12571630771239953e-21
0.000594838092853491
17003361810499532e-21
14432278888164016e-23
10044050867044975e-22
1907735034156473e-20
0.08354933549203039
0.08451627718224713
4350176323048012e-20
0.0002127283596680862
0.02004756229572841
0.008232114071020378
0.10176818496956407
0.020651078378420434
2782963900912978e-20
0.16328839453500588
0.04035066519971487
5573481583009458e-22
0.43811233992063137
4458965550402665e-22
0.0037794060922210905
0.0009835560378029262
2299456595310334e-27
0.45676233256615845
0.7683995392662106
0.01846678081045366
0.4209373055883179
0.9742526127827552
0.00746325449300969
0.25031267700680687
22332184598265948e-26
463063905846865e-20
0.0006298284512579494
9121504719543225e-20
0.1548055840407892
8645608022894248e-22
0.00011182729371895023
0.20146101490451
0.0009300603479939621
0.012005578673754267
12200896133094749e-21
0.1647378795182212
0.1088636241502735
0.021751788002062365
3147008608412951e-20
0.000153473540626236
12006681054520227e-23
0.013885266021220434
0.2034138537309011
8333314588640954e-24
11103425700541922e-21
9106420519965296e-21
96511829537428e-18
1058651921205773e-20
0.5376785521907441
0.20139593241180784
0.005183394409650677
0.0015508612983054372
0.043863547079853564
0.0059201988494104645
6760874461035454e-20
0.029316033961709648
8324398580047272e-20
0.0007215094529460072
0.08921626783743102
997038909690172e-21
0.8636484513925013
0.8752800229915555
0.0018316357418894872
0.0005373857244972144
5829910129353046e-24
0.0010319055992215685
10390421408197154e-24
0.010392748490665332
0.030282380282284017
0.0009047629563548249
0.00033775271331782286
0.00015457446341141722
261818809053991e-20
0.00616354772775437
0.03169058773846702
0.02197975692747742
11257176076444786e-24
0.9707353520752147
0.07293758594328383
0
0
8178615641213728e-20
6662196032518668e-20
1033639299364608e-21
759661026885753e-21
0.0001935224340392838
0.00985611301399594
0.00542170754377867
1520423390880867e-23
0.0001315168276343847
7328786244910303e-21
0.06028056798644866
0.013602111228397199
0.11361677323389696
38456373555269624e-23
0.0651595957355015
0.007752393134788362
0.00012015870652363323
0.14470747730948688
0.00029651821143837
18549559457239282e-29
8515584760635463e-20
37361712378797213e-22
0.00012473214451292315
0.016637833590159922
0.003920063089363756
0.0001635791847982692
0.00015213944909752667
3799874525808374e-24
0.0005147584343644135
0.023526083259565424
13135133742911597e-24
0.0018093350240483014
0.0018042608311734975
441894185642105e-19
0.12364745253906384
43374370904516724e-21
0.563989994776886
0.001914544855871867
0.23435930875896419
0.003314234264779257
0.0007013961325440674
0.0005696303140391711
44753321886473635e-21
0.6950588127027477
12102144291079328e-21
2156811433179342e-20
0.008375505939740848
0.006488596041588668
21715985256444273e-24
8723810787635655e-20
0.0030655401717202225
0.1565762924359104
0.03128416390642935
0.0001001233203724039
0.02360674944975814
0.0003542528966338371
0
0.12957802468254392
0.012503848138712083
0.6176302099977113
0.5246109600518776
0.5716605960132721
0.055522133906815756
0.03070693196307526
0.9237857547466296
0.5990435534735169
0.9488591537884832
0.5082517953844629
0.28713703513351907
0.000765823395657908
0.016007277412725396
0.16860841953345396
0.41759947149915916
0.16275316058581155
0.00029932711685970605
0.027833077894376862
0.37756164576883827
0.13175825775612873
0.20742006010744649
