0.026740633237026412
34.73480255038599
81.09288553862137
0
81.69610938865289
0.06767623456226056
84.14134567420965
0
121.68003413066891
0
73.21854171631747
0
26.082148807317804
0
30.656726634066526
0
32.06246329969827
2.577236785379742
48.33610196491016
1.0980919025230667
1.0425621393500513
5.069025760390161
18.265225606186345
0.35763622469596773
0
5.855610849949918
0.13914368683867454
0.4110733001688736
0.006981809608506652
3.8249828361917455
3.5682042123733604
0.7672363391750543
0.9744417332495173
0.9634077774751774
1.2831421134582797
0.6637000609553044
19955828941044874e-22
15.639733958232384
26.87800775207657
0.004124154253928825
5.748822876707364
0
2.656445238998506
0
14.376452125658925
26.461476164784777
4.486876906035653
0
14.985012694124364
0
0.15796048080248443
0.08983405491672328
33.235258742658395
32.94026183716119
18.847253978762186
89.5092821355394
61.676474030679906
0.10093053509689877
0.0027254117317629346
0.009044384869341665
19.79612191592052
43.46274198340267
2.10942356121471
0.17050292858121519
0.010977677798368498
0.16086198857296835
17.661767100011723
0
17.736935215075988
0
11.480327420122308
0.0022072827238923047
0.0022153594205789277
15.788822989692198
0.5461393848129121
1.235161305729532
2.987442303060877
0
19426518038458694e-21
0.005718510099423545
0.08516841708066633
0.006839985071690764
0.0024117169418878645
0.009877681842528413
0.0018018509349558005
0.0010340257084296243
0.5993574639436974
0.6669300446370158
0.080690088659124
0.23128315506674121
0.0001025431229453854
0.1450300962676475
0.019762366239429893
1.9093132813309541
0.07973441366909212
0.16266936518546485
0.02434630231591623
0.034080221162714114
0.9558490638545842
0.0013823035790547608
0
1.2571172889864786
1.2469262269573627
0.010967697250908995
0
2.577851591183119
20586534003761023e-21
0.005152867253006714
0
0.002552657508381294
0
0.1339054264778868
1.2221091214134463
0
0
0
0
0.09389397273801303
0.5849320015366333
1.040996729077575
5.323138496535334
0.3327032980172939
1.21720621272886
0.12327940770205618
0.016954307090486034
0.047898813569330685
2.1872862092790886
0.003944616555790507
1.6871637712047451
9121174248687427e-22
0.0636865161247851
2.181593996055643
0.3887945348982893
0.4484871778869471
0.0031178043383297727
0.8201669570364124
0.20387383541337292
0.001863617191649299
0.019558637761573714
0.9037490935850833
2.2024274963302872
0.1449720104962805
0.09520192616051479
0.27940184629483833
0.02306754570793681
0.34256244869313074
0.34504968196306823
0.4077935681090541
0.629775634076184
0.1400630669260063
2.6519213215409168
0.2710388531273347
8.44141173932019
2.0015214370760286
2.7802718216125433
0.19498768694722232
0.3647848844922436
2.418325587975051
4.1480507897584316
0.9564031412915585
4.304510797987442
5.342933014879072
3.0203163792943095
2.2201028409116668
2.7725026888155657
0.29495003335410147
44.950886978976776
619.5757490418586
4.0022972154149565
10485.305479155157
1.099999644019043
23.219049482396635
1.1823620857835648
45.426476220910665
1.2777876995762498
1.396969763568676
1.0999986368840118
0.8090993014459673
1.1235582122436625
2.4618850896724345
0
0.001070750823652198
8245507309362638e-20
0
0.0005497186623132027
0.021664996718119642
0.03450012205039116
0.057082058032731704
0.028764965865851037
0.02975563930529221
0.04512777213646539
0.03304031207743271
0.04821392633252224
0.032800127257765106
0.030441349178413096
0.047199142489401574
0.03573287205841739
0.027797720683338606
0.03273318365150302
0.027796111904460206
0.03418281759113327
0.03723436301421082
0.055146831937534786
0.035164453511722295
0.026181952397089925
0.0019046894101015738
0.007502292360348967
0.023495549375891062
0.07819742600962283
0.04351901761267556
0.1311101188375998
9120757689515735e-20
0.010217312880342323
0.3116672704323825
4806126871424578e-21
0.08039119336216773
0.011056347820675124
0.001271229974110904
5486381418300063e-21
12044247943763181e-22
0.1154861826390152
0.09872328752353059
0.0041616098648687766
0.04238360406399665
0.020703187755750363
0.005818671346119377
0.012264047950371991
0.0004831166663712989
0.6770611199713293
15699130029257458e-25
0.08618233202494176
0.00034203116099895285
0.009728027867644595
0.011044148893969877
0.00015708630941244084
0.0001709041821130145
0.7861177623105918
0.0003936613794985518
0.06045559021758789
0.34812464327965026
13179245696154156e-22
25861726203978074e-22
0.0001447472306669426
1257163066756492e-20
0.0005948378607428757
17003361620846155e-21
1443227888679767e-22
10044050860427253e-22
19077350102823662e-21
0.08354474654094483
0.08451158128041186
4350176198909936e-20
0.0002127283299826137
0.02004729851788322
0.008232069607313399
0.10176137325764585
0.020650798475518622
2782963850108001e-20
0.16327083003416576
0.04034959603642506
557348158097174e-21
0.43798498390117085
44589655490984206e-23
0.003779396721344856
0.0009835554032029904
22994565953103302e-28
0.4566238348253708
0.7680043201428787
0.01846655700026091
0.420819792347745
0.9736137318211356
0.007463217947770719
0.25027130801384634
22332184598262675e-26
4630639044402581e-21
0.0006298281910369146
91215041737542e-18
0.15478980056184374
8645608017991021e-22
0.00011182728551566741
0.20143425168759743
0.000930059780549364
0.012005484095490699
12200896035444266e-21
0.1647200011255702
0.1088558280467193
0.02175147745732007
3147008543446818e-20
0.00015347352517513092
12006681053574565e-23
0.013885139502558647
0.2033865677599545
83333145885954e-22
1110342561966867e-20
9106420465566873e-21
965118234272624e-19
10586519138539116e-21
0.5374862266927438
0.2013691865292638
0.005183376782695302
0.0015508597204977447
0.0438622835383263
0.005920175854611043
6760874161190114e-20
0.029315469766472355
832439812548073e-19
0.0007215091114521266
0.08921103449432456
9970389090380707e-22
0.8631478974824945
0.874765734004516
0.0018316335410442067
0.000537385535058357
5829910129330751e-24
0.0010319049006960361
10390421408126334e-24
0.0103926776197694
0.030281778263797323
0.000904762419359448
0.00033775263848497466
0.00015457444773784361
26181880860432245e-22
0.006163522803550961
0.03168992840339927
0.02197943983745216
11257176076361657e-24
0.9701011363314248
0.07293408962461619
0
0
817861520242919e-19
6662195741362253e-20
1033639298663752e-21
7596610265071966e-22
0.00019352240947208702
0.009856049273941249
0.00542168825860145
1520423390865703e-23
0.00013151681628806742
7328786209676868e-21
0.060278180610385076
0.013601989818063003
0.11360828044353756
3845637354556838e-22
0.06515680590587451
0.00775235370276013
0.00012015869705248493
0.14469368942652172
0.00029651815376214013
18549559457239282e-29
8515584284949092e-20
37361712287229068e-22
0.00012473213430707792
0.016637651925459265
0.003920053007965503
0.0001635791672453759
0.00015213943391387665
3799874525798902e-24
0.0005147582605429089
0.023525719969612648
13135133742798419e-24
0.0018093328764699165
0.0018042586956240614
44189417283273195e-21
0.12363739136296217
4337436967039594e-20
0.563778238009133
0.0019145424512692648
0.23432306001744813
0.003314227058778787
0.0007013958098244368
0.0005696301011844134
4475332057263551e-20
0.6947360719918183
12102144195003179e-21
21568114026641998e-21
0.008375459913382495
0.006488568418968474
21715985256134924e-24
872381028840154e-19
0.0030655340066344816
0.1565601450780329
0.03128352138126858
0.00010012331379639472
0.023606383663477542
0.00035425281431076167
0
0.12956697352181773
0.01250374554562499
0.6173758957220844
0.5244279327810241
0.571442995734038
0.055520108813346805
0.030706312939171355
0.9232121335587987
0.5988044335719317
0.9482535603844351
0.5080800793502673
0.28708254655644483
0.0007658230109273963
0.01600710925962518
0.16858968927719958
0.4174838246844272
0.16273571128627573
0.00029932705808556685
0.027832569354702744
0.37746721094782465
0.13174683093504314
0.20739168580667844
