0.030032622454264662
34.2202921817812
74.96635396353741
0
75.55293927334276
0.06034480108575545
77.62774936071666
0
110.10300033147388
0
73.54118676987221
0
26.895559676902394
0
30.51450217559042
0
32.12480587256017
2.5088909957918584
47.268693448826646
1.073559477880163
1.0194793114120473
5.124263465398005
17.292539320753807
0.3076062895304863
0
5.77182973455555
0.1127102417476648
0.40779579453896875
0.006981704396798666
3.821376061346645
3.540073462224241
0.6376126206832543
0.6709129444976699
0.9622139215248365
1.0659369221447512
0.48556573834591
18530493666408455e-22
13.364308057522035
23.140385257748303
0.004216254238631048
3.974000774240285
0
2.4134695608471666
0
13.958598589086522
24.97793015719441
4.485699843491324
0
14.598857348527734
0
0.15848646653284826
0.09223649579606351
33.23299841846492
32.94025911609791
18.882002178633854
89.41160957501104
61.67538587735748
0.10136565412255413
0.0022200164103093442
0.009044144110922792
19.74636232521534
41.95949296351891
2.106480308312543
0.17038371355742388
0.012097354328555496
0.15875249916149062
17.519885040797256
0
17.57045254988064
0
11.314913511763201
0.002196668130600318
0.0022028377064982453
15.780652594814379
0.547818340400369
1.241774624875651
2.985452678963379
0
20111539070013347e-21
0.005874456080325634
0.07990470379697692
0.007294942129552824
0.0023975896605457217
0.009551189677138708
0.0018508545955512434
0.0009666159330204347
0.6026791948775688
0.6655556478327979
0.07692591721643724
0.23524795408706423
0.00010428631094011828
0.13846755352033924
0.018051069800726724
1.8621796237689865
0.07792040243322836
0.16253982030569636
0.02325471822456856
0.031526828194091305
0.9444546184046557
0.0014248267492400592
0
1.256250762951528
1.1870653189796059
0.010898822284982004
0
2.5583194828199627
2058618271044318e-20
0.005216354022816589
0
0.002795451901982098
0
0.13387183859177607
1.2202202567297573
0
0
0
0
0.06555368266522905
0.5854045344156418
1.0205180924730253
5.248806852396274
0.33654747979630756
1.1747200874310901
0.12418813980477299
0.016994942323510696
0.051339399399164716
1.969300986550753
0.003949693787007773
1.6886279664043058
9130084965286142e-22
0.06278075839362224
2.1650756393075508
0.3717265012625009
0.42696092846396605
0.003118067466043047
0.813838946010155
0.2043669392223543
0.0018766848730031463
0.01840954193633199
0.8933745768706395
2.185395017269171
0.14639268210300863
0.09049621058917974
0.2644626482178355
0.021311053845738708
0.3222441750083556
0.3237912646257719
0.4089132332206118
0.6294253798038986
0.13837647357766056
2.6404405394438504
0.2594533917707148
7.984198954856144
2.0003911269731716
2.772631727383416
0.1952520106316675
0.34682699338552575
2.4159958550950638
4.129241558433554
0.9572353944092739
4.11143665599284
5.1147013056956165
2.7337235982864456
2.2212730761326944
2.6129554008388394
0.28359688264589733
42.917232077164066
619.5745871867988
4.002296625766056
10460.895033381763
1.0999996001949026
23.21904783379682
1.1823294789322254
45.42550573983829
1.2792963539187836
1.396980559763994
1.0999985930496243
0.8305920783817191
1.1234424128777125
2.220090785261523
0
0.0010237600972847235
9066225683133888e-20
0
0.0006416267125730469
0.01993733158249929
0.03166411495313186
0.05229244048539949
0.026477721365740663
0.027820576935063034
0.04141371393915451
0.03016781717968762
0.04415112624698233
0.030090834290462932
0.027969103951753234
0.043367449977590525
0.032790687350934065
0.025555266169672273
0.030143388360550086
0.025564219083038332
0.031328751103120715
0.034229259186508335
0.05090391254496663
0.03241487881717206
0.024039600679866692
0.0019046774667147751
0.0075021070378479245
0.02349373099089626
0.07817725640707562
0.0435127760776208
0.13105334284122855
9120754950962207e-20
0.01021696912997328
0.31134496607240486
4806126795383385e-21
0.08036987502206591
0.011055945286903736
0.0012712246540021786
54863813192099195e-22
12044247896008298e-22
0.11544214936420101
0.09869112305291078
0.00416155284496332
0.04237768413343355
0.020701776003126705
0.0058185598731720235
0.012263552660112717
0.0004831158980060599
0.675525688215445
15699130029176322e-25
0.08615782806263783
0.00034203077588125145
0.009727716255723148
0.011043747248095866
0.00015708622817863717
0.00017090408595939272
0.7840419541065531
0.00039366086933630763
0.06044354010023411
0.34772215076577495
13179245638974765e-22
25861725983800317e-22
0.00014474716169372148
12571630147279367e-21
0.000594836695914094
17003360669084567e-21
14432278879940766e-23
1004405082721669e-21
1907734890471913e-20
0.08352172103152979
0.08448801918035453
4350175575932131e-20
0.00021272818100830326
0.020045974820468052
0.008231846473078164
0.10172719606415791
0.020649393860565062
2782963595146952e-20
0.16318271239933252
0.04034423094644136
5573481570745603e-22
0.4373464158931375
4458965542553163e-22
0.003779349694638613
0.000983552218515803
2299456595310312e-27
0.45592942796820646
0.7660240095546121
0.0184654338661372
0.42023055598178144
0.9704138757498546
0.007463034550863788
0.25006380397442873
22332184598246248e-26
4630638973813046e-21
0.0006298268851383044
912150143475238e-19
0.1547106166254889
864560799338454e-21
0.00011182724434810157
0.20129999612265984
0.0009300569328753716
0.012005009472642823
12200895545392465e-21
0.1646303090162914
0.10881671230159816
0.021749919078192317
31470082174190496e-21
0.00015347344763491356
1200668104882882e-22
0.013884504595315225
0.20324969037390989
8333314588366785e-24
11103425213812174e-21
910642019257237e-20
9651179276384902e-20
10586518769591346e-21
0.5365220936424462
0.20123501790339884
0.005183288324013983
0.0015508518024094612
0.0438559430972115
0.005920060458240459
6760872656438402e-20
0.029312638557901293
832439584427215e-19
0.0007215073976925002
0.08918477598018787
997038905765548e-21
0.8606402820109396
0.8721893721360156
0.0018316224963030427
0.0005373845843743122
5829910129218865e-24
0.001031901395203873
1039042140777093e-23
0.01039232196665904
0.03027875725877904
0.000904759724492231
0.0003377522629420486
0.00015457436908118457
26181880634769378e-22
0.006163397724780839
0.031686619785729495
0.021977848613428507
11257176075944484e-24
0.9669246229241479
0.07291654613588944
0
0
8178613000421424e-20
6662194280215264e-20
10336392951465573e-22
7596610246074394e-22
0.00019352228618345368
0.009855729405362846
0.005421591478385767
15204233907896016e-24
0.00013151675934741858
7328786032860451e-21
0.06026620116597319
0.013601380545544365
0.1135656695821264
3845637349688341e-22
0.06514280715363753
0.00775215581903885
0.000120158649522231
0.14462451578082242
0.0002965178643183673
18549559457239282e-29
8515581897752225e-20
3736171182770106e-21
0.00012473208308980263
0.016636740284397843
0.0039200024155971284
0.00016357907915749294
0.00015213935771586225
379987452575137e-23
0.0005147573882332859
0.023523896910267513
13135133742230448e-24
0.0018093220990433316
0.0018042479785635532
4418941085498358e-20
0.12358691244834799
4337436347705155e-20
0.5627167522219539
0.0019145303839925535
0.23414123301033027
0.0033141908962289863
0.000701394190281813
0.0005696290329895779
44753313979235566e-21
0.6931186830425035
12102143712852054e-21
2156811249526196e-20
0.008375228937288471
0.006488429798644794
21715985254582468e-24
8723807783032075e-20
0.0030655030677897593
0.15647913588751292
0.03128029711501538
0.00010012328079518004
0.02360454807736856
0.0003542524011787164
0
0.12951152831150492
0.012503230702431558
0.6161012186252912
0.5235103876618654
0.5703522348460158
0.05550994714524283
0.030703206601422988
0.9203388320800984
0.5976058684917117
0.9452202660684859
0.5072192107128658
0.2868092557274059
0.0007658210801883764
0.0160062654222634
0.16849572427283036
0.4169039430686583
0.1626481715003773
0.0002993267631320215
0.02783001742584925
0.3769936532798252
0.13168950123287565
0.20724935005899586
