0.03258760711027286
33.959082617521844
70.56108108122507
0
71.13432995738131
0.0553830348633024
72.95591362215173
0
99.17658374470763
0
73.81115990986578
0
27.228756095355774
0
30.42089864570108
0
32.16086794061879
2.475840381785703
46.73640904080043
1.0632156046988512
1.009599062494231
5.166201828699477
16.827422800024614
0.27519117923372066
0
5.705669306081862
0.09659602281422953
0.4056429424844293
0.006981550392217802
3.817794035570376
3.521593080100898
0.5717335049112189
0.5182000526428294
0.9609025248728539
0.955643072712366
0.3949048986541196
17486864016013896e-22
11.89270130409633
20.522596927628594
0.004278379134190379
2.9638233725993266
0
2.2556882414695836
0
13.615910246819167
23.803718282051726
4.484773936499291
0
14.308424107243617
0
0.15897119327407966
0.09360657748851656
33.2312442096141
32.94025697162314
18.906058056439303
89.3832895157386
61.67455418373507
0.10170612595640091
0.0019860741966401265
0.009043964297184941
19.710614786597617
40.76183878279062
2.10281061556571
0.17083568332460122
0.01295132764849168
0.15742598127697835
17.467132819726057
0
17.490889907190525
0
11.248666699811768
0.0021956055143848934
0.0022001506550102853
15.774285399143286
0.5493830429950447
1.2462838230255437
2.9839069588637726
0
2081720664558341e-20
0.005963870628917963
0.07722158264934896
0.0076534144263662954
0.002394465956460869
0.009269199314986388
0.0018749703424964814
0.0009215730072724207
0.6108144436494299
0.6645018275080034
0.07511857349115571
0.2376245597200396
0.00010570464694597959
0.1346857589459145
0.017012047557188652
1.826071058149646
0.07722364832702594
0.1625919752296824
0.022745247080683408
0.030138153549652016
0.9359510972503727
0.001451171287248167
0
1.2555740079801352
1.1405644410766274
0.010881280298409
0
2.543320008804175
2059599193275729e-20
0.005263833222988308
0
0.0029033417287703377
0
0.1338465196204852
1.2187741269084909
0
0
0
0
0.052166860636888454
0.5856096342292189
1.0048167383267352
5.190290185589887
0.3394415375219647
1.1520066693980993
0.12481551669597572
0.01703565780893057
0.05389552793088479
1.82865923042733
0.003952029056178064
1.6892331695622047
9136935027805411e-22
0.06210074598278829
2.15072404979949
0.36326601848565815
0.4131260515715571
0.003118188993336992
0.8089468187436608
0.20474501855551747
0.0019131988084669248
0.017807273054562322
0.8854867790922052
2.1726655451868737
0.14748792479956363
0.08811468682749057
0.2572486774407607
0.020328122632580076
0.3124606943033836
0.31344106852918
0.4097719912757306
0.6291548304742807
0.13701614529093092
2.6326303677586487
0.25373496756547737
7.765971694786513
1.9992615606409403
2.766233123097398
0.1953640028067642
0.3381895304898901
2.4136727092936816
4.113541269798689
0.9576035993639387
4.025735124649984
5.025035998361177
2.578043613995428
2.221882992574987
2.542761745965568
0.27839739017474996
41.95011220101229
619.5736854472392
4.0022961681267395
10441.98872968524
1.0999995661820325
23.219046554282613
1.1823041726632704
45.42475254259431
1.2803433311455732
1.396987372340355
1.0999985590288013
0.8450641417369409
1.1233525467039691
2.129611780980552
0
0.001000802117100531
9675831334456907e-20
0
0.0007113293565122649
0.01906601386181114
0.03021720404983244
0.04981589875580107
0.0253126714834837
0.026798689924930334
0.03950933760005047
0.02867355939832662
0.04205047088848659
0.028706921965831876
0.026710631989244685
0.04142274295155108
0.03128939355740253
0.024413269675692243
0.028835699687230123
0.02442740409448709
0.029850376816008536
0.03269820475918376
0.04878248942988278
0.03102800492590426
0.02294914017017553
0.0019046681972433185
0.007501963208166771
0.023492319799625978
0.07816160592425565
0.04350793250308135
0.13100929469820746
9120752825511631e-20
0.010216702345783125
0.31109504837227014
4806126736366156e-21
0.08035333328973365
0.01105563288176235
0.0012712205249650688
5486381242303898e-21
12044247858944694e-22
0.11540798575112837
0.09866616672847943
0.00416150859110911
0.04237309011608087
0.02070068037746604
0.005818473358057403
0.012263168268322949
0.000483115301661876
0.6743364065061181
15699130029113353e-25
0.08613881480502297
0.0003420304769832998
0.009727474413791992
0.011043435532037607
0.00015708616513133872
0.0001709040113325063
0.7824346527930838
0.0003936604733887149
0.060434189396731564
0.3474100883121434
13179245594596585e-22
25861725812915554e-22
0.00014474710816212235
1257162974347441e-20
0.0005948357918666345
17003359930401672e-21
14432278874618977e-23
10044050801441249e-22
19077347974844113e-21
0.08350385480532464
0.08446973664828769
4350175092425526e-20
0.00021272806538616255
0.020044947530265332
0.008231673297898527
0.10170067831037984
0.020648303774103278
27829633972661353e-21
0.163114355160259
0.04034006747474011
5573481562808876e-22
0.4368514510933414
44589655374732455e-23
0.0037793131965891814
0.0009835497468177008
22994565953102987e-28
0.4553912115887642
0.7644905674349745
0.01846456222432097
0.41977380550545135
0.9679376478964782
0.007462892215629185
0.24990287415034615
22332184598233497e-26
4630638919026968e-21
0.0006298258716037671
9121499308953878e-20
0.15464918816521453
8645607974286917e-22
0.00011182721239706597
0.2011958591268526
0.0009300547227394655
0.01200464112042805
12200895165052584e-21
0.16456073067635094
0.10878636340642138
0.021748709663104836
3147007964381809e-20
0.0001534733874542861
12006681045145542e-23
0.0138840118499611
0.20314352034264016
8333314588189355e-24
11103424898818104e-21
9106419980695385e-21
965117689653116e-19
10586518483242939e-21
0.5357750011145532
0.20113094832295048
0.005183219670341919
0.0015508456570362513
0.04385102277424738
0.005919970898149859
6760871488567998e-20
0.02931044138361958
8324394073776829e-20
0.0007215060676090692
0.08916440150171916
9970389032256717e-22
0.8586990892426797
0.870195032544147
0.0018316139242843552
0.0005373838465288421
58299101291320275e-25
0.0010318986745231308
10390421407495091e-24
0.010392045944909256
0.0302764127986013
0.0009047576329525197
0.0003377519714752779
0.00015457430803406295
26181880459627503e-22
0.006163300650167873
0.0316840521334624
0.021976613709146574
11257176075620704e-24
0.9644664322914513
0.07290293316011062
0
0
8178611291395562e-20
6662193146187428e-20
10336392924167857e-22
7596610231329963e-22
0.0001935221904965096
0.009855481155535336
0.005421516366339553
1520423390730538e-23
0.0001315167151545557
7328785895629372e-21
0.06025690529873652
0.01360090769465982
0.11353260937868767
38456373459097943e-23
0.06513194448959818
0.0077520022406467924
0.00012015861263297688
0.1445708513991322
0.0002965176396749349
18549559457239282e-29
8515580044997115e-20
37361711471051366e-22
0.00012473204333897231
0.01663603277430937
0.00391996315020625
0.00016357901079059776
0.00015213929857694713
379987452571448e-23
0.0005147567112157743
0.02352248209150625
13135133741789639e-24
0.0018093137344916649
0.0018042396608629438
44189405865848396e-21
0.12354774886685353
4337435867026246e-20
0.561894287640204
0.0019145210183682381
0.23400021035523658
0.0033141628299570556
0.0007013929333220251
0.0005696282039416409
4475330886195468e-20
0.6918659879071906
12102143338644062e-21
21568111306724577e-21
0.00837504967609282
0.006488322214428339
21715985253377574e-24
8723805838560666e-20
0.0030654790556925637
0.15641629177924016
0.031277794920675034
0.00010012325518222479
0.023603123537318006
0.00035425208053825434
0
0.12946851242793925
0.012502831136007435
0.6151137281410443
0.5227993674956758
0.5695071067501153
0.05550206173483259
0.0307007959215161
0.9181149651328523
0.5966772897552758
0.9428727494750311
0.5065520772511424
0.2865973280798133
0.0007658195817030533
0.016005610532336585
0.16842283208154876
0.4164544395040899
0.1625802624203339
0.00029932653421234
0.027828036979460333
0.37662652436607386
0.13164502359535493
0.20713894751329495
