0.03362007376816936
33.88470666023804
68.87256477261377
0
69.44065119594364
0.05354457223977973
71.16707944027682
0
94.51227869287399
0
73.92419962457362
0
27.31460984451577
0
30.385726173449587
0
32.172963576917105
2.4663864048291755
46.58275151562282
1.0607465743092717
1.0071728583546489
5.182878934569283
16.698348688430837
0.26353119229726546
0
5.678667263132319
0.09101934253509321
0.40485961614272353
0.0069814756278270725
3.8162045336816233
3.5148684200554268
0.5513854969291422
0.47125302343607567
0.9603037324849181
0.9215881656225553
0.3669467577806986
17083044617670824e-22
11.365705387232211
19.54012170017486
0.004301165598847212
2.629161088348708
0
2.199044062152174
0
13.47393430112449
23.335776282032135
4.484397439377573
0
14.193368179868418
0
0.15918262370247271
0.09403438927983998
33.23053535629091
32.940256098484404
18.91511130333205
89.37549626130897
61.6742205531002
0.10184440892508136
0.001914621321439427
0.009043893043491567
19.696836303885803
40.28274272366596
2.1010649051878643
0.17115398956468192
0.013292840125728648
0.15701935407577064
17.45990971609297
0
17.47292793440125
0
11.235821904725217
0.002196950714101674
0.00220087602840085
15.771707272797077
0.5500684310252949
1.2479648291569019
2.9832820577561305
0
2114750770274621e-20
0.005991946039830472
0.07641841258665535
0.007799897496377827
0.0023951372518927943
0.009150251366189514
0.0018816307197728384
0.0009051568361089626
0.615366481635039
0.6640788218168109
0.07461857507082668
0.23843987434146918
0.00010630800927290447
0.13343822629390395
0.016651248948654867
1.8116087147308226
0.07709967011273094
0.1626405462576069
0.022609454484439427
0.029693927588164623
0.9325801247801153
0.0014603945986258655
0
1.2552975379347824
1.1222376789071928
0.010883034830863225
0
2.5372939096920195
20601976141233814e-21
0.0052825403809071345
0
0.0029318967041741246
0
0.13383642569430182
1.2181931359541347
0
0
0
0
0.04820664043003564
0.5856612106947673
0.9985184598133081
5.1664407393389205
0.340589375041254
1.145028867522238
0.12505365403887822
0.017053985437707444
0.05489966839963473
1.7781959659272994
0.003952634555030056
1.6893647552244482
9139686367357e-19
0.06183085359750923
2.1446290092091105
0.36084809796157585
0.4081410538604876
0.0031182155627162735
0.8069764007552265
0.20489665919584488
0.0019338436303635565
0.017622932263318413
0.8823378603789254
2.1676335633601105
0.14792868458686467
0.08741439510206528
0.2552237081343379
0.02000566282723163
0.3097051820966374
0.3104935146789999
0.4101167643829569
0.6290458197016695
0.13645654674719582
2.6296825251500118
0.25210829776681154
7.705476066851626
1.9987677320961887
2.763587532800239
0.1953911937330051
0.3357874811849565
2.4126580125179586
4.107063584185569
0.9576985989149841
4.004110419830689
5.006512204633848
2.5279745545205543
2.2220773541741323
2.524835152333295
0.2770556469874679
41.68665513153717
619.5733210555878
4.00229598319518
10434.358409321267
1.099999552437467
23.219046037232268
1.1822939465798143
45.424448179909774
1.2807394669118701
1.3969898167427892
1.0999985452810224
0.8504461813163607
1.1233162339184923
2.106745376948272
0
0.0009943483336941827
9917289983322421e-20
0
0.0007392587129406971
0.018803893104529228
0.029776638888706963
0.04905219874632022
0.02495902226399805
0.026481159667107203
0.03892688008352788
0.028209680495659934
0.041402449337184816
0.028284967467407805
0.026328456134081718
0.0408337577660484
0.030832151944266504
0.02406645284840739
0.02844193100030332
0.024082194295857735
0.029393790528548742
0.03223302862618788
0.04815103273029905
0.030611174213518295
0.02261787169144365
0.0019046644514722846
0.007501905087523617
0.02349174956274077
0.07815528246921864
0.043505975372578554
0.13099149908956284
912075196661939e-19
0.010216594540544027
0.31099411380961045
4806126712517355e-21
0.08034664975872234
0.01105550664167208
0.0012712188564292467
5486381211226255e-21
12044247843967326e-22
0.11539418313883695
0.09865608369402178
0.004161490708305885
0.04237123381970887
0.020700237652719746
0.005818438397753977
0.012263012939416269
0.00048311506068001673
0.6738564132002322
15699130029087907e-25
0.08613113275767834
0.00034203035619902064
0.009727376687423381
0.011043309570396835
0.00015708613965399778
0.00017090398117586788
0.7817860791579578
0.000393660313386815
0.060430411197514
0.34728406366368003
1317924557666341e-21
258617257438612e-20
0.00014474708653006412
1257162958029725e-20
0.0005948354265423805
17003359631900685e-21
14432278872468442e-23
10044050791025418e-22
19077347599082595e-21
0.08349663616606375
0.0844623498183922
4350174897041022e-20
0.00021272801866339283
0.020044532418292002
0.00823160331902103
0.10168996447466075
0.020647863287616915
27829633173027055e-21
0.16308674019493383
0.040338385142027575
5573481559601652e-22
0.436651595285216
44589655354204564e-23
0.003779298447865136
0.0009835487480088154
22994565953102935e-28
0.45517389919707835
0.7638717762654345
0.018464210006437047
0.4195893739805673
0.9669388002752648
0.0074628346988781765
0.24983787196032942
22332184598228353e-26
4630638896887972e-21
0.0006298254620359712
9121498449921041e-20
0.1546243719079726
8645607966569584e-22
0.0001118271994856881
0.20115379275954842
0.0009300538296273209
0.012004492272885331
12200895011357634e-21
0.164532622484272
0.10877410185068682
0.021748220958797297
3147007862129727e-20
0.00015347336313536352
12006681043657135e-23
0.01388381273703399
0.20310063287805516
8333314588117657e-24
11103424771529328e-21
9106419895076116e-21
9651175934834889e-20
10586518367529846e-21
0.5354733970103558
0.20108890918326794
0.005183191927721997
0.0015508431737041996
0.043849034633436285
0.005919934707394224
6760871016632834e-20
0.02930955355448757
8324393358321607e-20
0.0007215055301244254
0.08915616951659303
9970389021993105e-22
0.8579158979506796
0.8693904162929119
0.0018316104603518471
0.0005373835483665379
5829910129096937e-24
0.0010318975751008905
10390421407383629e-24
0.010391934406885395
0.030275465456167713
0.0009047567877648565
0.00033775185369392855
0.00015457428336499105
26181880388852843e-22
0.006163261422850896
0.031683014606864075
0.021976114705288298
11257176075489862e-24
0.9634748538342004
0.0728974328917
0
0
8178610600780078e-20
6662192687928007e-20
10336392913136877e-22
7596610225371752e-22
0.00019352215182952785
0.009855380839810676
0.005421486013934558
15204233907066702e-24
0.0001315166972962697
7328785840174435e-21
0.0602531492551914
0.013600716620769884
0.11351925251517392
38456373443828877e-23
0.06512755541218777
0.007751940180640514
0.00012015859772607066
0.14454917132757625
0.0002965175488968044
18549559457239282e-29
8515579296300803e-20
37361711326929587e-22
0.0001247320272757065
0.016635746878750145
0.003919947283213973
0.0001635789831636142
0.00015213927467897922
3799874525699573e-24
0.0005147564376339505
0.02352191038884848
13135133741611509e-24
0.0018093103543959548
0.0018042362996996057
44189403849744194e-21
0.12353192642513657
4337435672784411e-20
0.5615622716879771
0.001914517233742133
0.23394324734557595
0.003314151488473015
0.0007013924253865135
0.0005696278689245691
4475330679406693e-20
0.6913604176299827
12102143187427002e-21
21568110826437868e-21
0.008374977237917504
0.006488278740263775
2171598525289068e-23
8723805052801905e-20
0.003065469352482273
0.1563909037008825
0.03127678384331411
0.00010012324483205794
0.023602547906546544
0.0003542519509678575
0
0.1294511338073944
0.012502669675251106
0.614715133424042
0.5225123190199061
0.5691659467340336
0.05549887556643239
0.03069982182195606
0.9172178280237271
0.5963024615085998
0.9419257752797611
0.5062827383086523
0.2865117327690885
0.0007658189761675152
0.01600534589959586
0.1683933853691776
0.41627293310247965
0.16255282847577981
0.000299326441706183
0.027827236723105057
0.3764782693994018
0.13162705449005185
0.20709435064526724
