19615068445235655e-22
37.00814384462689
143.08427671043071
0
7334.107345828414
0.24822011098251184
168.86795031763015
0
83.2855386694668
0
485.04245571390925
0
15.917234354784021
0
34.20828173308059
0
27.351312264404502
15.143741958253642
255.48584589248566
1011.2622714348232
2.0004742569135385
50.59058756534011
19.877951269829172
1.1188812982720644
0
6.461326660784098
0.6551116702502375
8.463007389759696
0.006418755977673315
2.8728030508243747
60.228052122388185
21.80286835832722
638.4953486230481
0.36518720401092625
47.68016080442745
3.0543217323604144
0.0001089290686981431
45.48911778932879
61.588535114398276
89.49694328157464
46.24065013095143
0
4.72087931794481
0
270.5259901130191
23.255202278333872
1.4395013378679258
0
10.128109269757527
0
0.22457308058114928
11.650667685408186
26.945922995787523
25.813326008804204
18.417412591613036
1.8178963320074826
1774.313546223417
2.072287251545979
0.035509980617016844
0.5033897214015027
10.63427446984236
51.6864464566826
1.8070646697547492
3.3997345562859103
3217532360172595e-20
5117167787279512e-20
180.06024669762058
0
267.1411637126984
0
9.190318670389631
0.02878139190730445
310.9593278251412
5.366414037720377
0.3824941367196388
0.8573654455544969
1.8131049168136255
0
7909638406882614e-20
9.061559812034767
0.1201572116172703
0.0020130755976495436
0.04761558393752508
0.008371879650914078
0.0006573270510038621
0.0017400698911955214
0.26440088833893394
0.6789511912202938
1.211549106374081
0.0073959816285619675
0.008236510836183195
0.0964259664029564
0.02269446361807234
2.3017572783500113
0.03674564571843173
3.4365645334610853
0.019501515507377245
0.04137105629281435
10.878045032159097
0.00012623117576632506
0
1.2634634845784598
1.556391695695971
0.22583772964824111
0
2.7428328521983008
0.04661934737661478
0.05679046045940224
0
0.0005286856423259758
0
0.1342245740678317
1.2392848956212836
0
0
0
0
2.880168506263074
0.5656560075762987
1.216706329760811
5.881710774252797
0.2960286632078346
1.4607468603854001
0.09898796416992706
0.4005187916367051
0.0014549963993894634
5.5359176414359474
0.003693275665756882
1.6211329415396076
9046260163122186e-22
0.03426832277747536
1.8314943432124537
0.3521232525450451
0.614856909187339
0.23961980030444327
0.8727251341083249
0.1996136907054963
0.0007249287350229819
0.026607797877827893
1.00024995964067
2.3410327895168908
0.13308864944720436
0.12349515121341673
0.36445299144648335
0.036307510637236584
0.4640048857176045
1231.4028387298376
0.30889607825771964
0.6327060009674372
0.1589094848773584
43.77623189450723
0.321069880265915
11.014390737646853
1.9907721721352831
2.8136378610938824
0.1841997512971409
0.4624656029620577
2.396495994296952
4.231040988122671
0.9231784696394444
5.661590011698453
5.967992074573141
6.687644802111863
0.31724968192720976
4.278114210361652
0.347762212165407
45.54842895837475
619.5851861100618
4.002302004749901
10685.697552931682
1.0999999999738872
23.219062872897233
1.18262696319224
45.434359571034676
0.7530235507324423
1.0883083077789601
89.98625241470108
0.20261339840527093
1.1244992174278687
32.48882981559116
0
0.0012685715693847319
6489759571211384e-24
0
529010421294655e-71
0.03586764216151729
0.05830889899083889
0.09877657249687648
0.04739319371040588
0.04489137342404881
0.07624932859170598
0.05825548410240017
0.0833221614266698
0.05572403941131954
0.05115378813225741
0.07923740891693387
0.06058179407603973
0.046487130330608056
0.053961713356519364
0.04636425720215065
0.05866502354997412
0.06233807712215497
0.08748207021768524
0.05697487483853642
0.04421029162683933
0.001904786421182651
0.007503797783226524
0.02351032414096217
0.0783614433800552
0.04356974669256175
0.13157218525211073
9120779933022412e-20
0.01022010536789478
0.31429752887707335
4806127489057424e-21
0.08056455789841442
0.011059617881793568
0.0012712731866935767
5486382223144466e-21
12044248331644771e-22
0.11584445888310842
0.09898492710544674
0.004162073029150077
0.042431718429340966
0.020714658064715806
0.005819576846964147
0.012268071609812862
0.0004831229073440301
0.689662419964552
15699130029916481e-25
0.086381620019713
0.00034203428907380446
0.009730559256971305
0.011047411741483847
0.00015708696922296558
0.0001709049631078955
0.8031830845969968
0.0003936655232367326
0.06055355446871124
0.3514111338158589
13179246160584976e-22
2586172799233781e-21
0.00014474779089244908
12571634893504452e-21
0.0005948473219684623
1700336935138394e-20
14432278942491926e-23
1004405113017491e-21
19077359834244663e-21
0.0837320029905234
0.08470320438353414
4350181258953819e-20
0.00021272954000720482
0.020058053283533883
0.008233882204613505
0.10203939794555089
0.02066221078284208
2782965920990428e-20
0.16398831694115876
0.04039319958790577
5573481664031938e-22
0.4432063154253526
4458965602261239e-22
0.003779778710150236
0.0009835812707126585
2299456595310469e-27
0.46230337096208585
0.7842799171650978
0.01847568201413648
0.425636484452338
0.9999980384950792
0.00746470772767202
0.25196311907853924
22332184598396069e-26
4630639617755163e-21
0.0006298387980961059
9121526420902056e-20
0.15543446308074607
8645608217853343e-22
0.00011182761989339608
0.2025280441987402
0.0009300829106626282
0.012009339841182218
12200900015814737e-21
0.16545032403793986
0.10917406097663354
0.021764139287365793
3147011191558048e-20
0.00015347415498496872
12006681092121057e-23
0.01389029751386015
0.2045017535656253
8333314590452283e-24
11103428916175618e-21
9106422682922692e-21
965120724864416e-19
10586522135260672e-21
0.5453817090028924
0.2024622696593236
0.005184095330542512
0.0015509240354392231
0.0439138167594033
0.005921113227066326
6760886383314866e-20
0.02933847595207811
8324416654266713e-20
0.000721523031349642
0.08942460182494744
9970389356186208e-22
0.883788177142857
0.8959757625114456
0.001831723252708338
0.0005373932569043395
5829910130239551e-24
0.0010319333739535073
10390421411013062e-24
0.010395566807941433
0.030306327077701166
0.0009047843082977371
0.0003377556887896038
0.0001545750866158376
2618188269334411e-21
0.006164538830500665
0.03171681493930341
0.02199236857657909
11257176079750128e-24
0.9962915084954297
0.07307674035334336
0
0
817863308791763e-19
6662207609313872e-20
1033639327231627e-21
7596610419376782e-22
0.00019352341086779513
0.009858647741480374
0.005422474404896111
1520423391483822e-23
0.00013151727878056772
732878764584096e-20
0.06037557004894131
0.013606939550795949
0.11395497339634093
38456373941004506e-23
0.06527062010360876
0.007753961169735065
0.00012015908311029512
0.14525676876277477
0.0002965205047347506
18549559457239282e-29
8515603674610102e-20
3736171601967412e-21
0.0001247325503122303
0.016645058439504458
0.003920463960820289
0.0001635798827272973
0.0001521400528218415
37998745261849844e-25
0.0005147653457972648
0.02354053272149452
13135133747411694e-24
0.0018094204168238124
0.0018043457456439088
4418946949609316e-20
0.12404816310265071
4337441997490761e-20
0.5724745064670678
0.0019146404686702226
0.23580516247732053
0.0033145207980983726
0.0007014089644467023
0.0005696387775054666
4475337412653983e-20
0.7080136634239963
12102148111201586e-21
21568126465042798e-21
0.008377336216881222
0.006489694450765472
2171598526874453e-23
8723830637903033e-20
0.003065785314169627
0.15721968528257052
0.031309722299316556
0.00010012358184404453
0.02362129821611659
0.0003542561699295603
0
0.1300181989177066
0.01250792806506317
0.6278274467495888
0.5319403774600069
0.5803801649534717
0.055602714331631886
0.030731555331620686
0.9468848864450511
0.6086290744942551
0.9732544074225109
0.5151266997368499
0.28931197827807653
0.0007658386932359039
0.016013964846004935
0.16935484935953904
0.4222238034125646
0.16344848734873654
0.0002993294538107503
0.027853305672072316
0.38133571336187205
0.1322134081296854
0.2085514132830308
