0.04325105837670277
33.79216611591366
55.756519550465164
0
56.288453414135226
0.04034111040686627
57.30385910839196
0
62.166967736864756
0
75.03864636262774
0
27.37314192226305
0
30.087592900448048
0
32.235600549279766
2.4462253769105478
46.260253998432255
1.0672814187694855
1.0116880063936686
5.32954074451739
16.541898255664663
0.18626000173526183
0
5.4201342058338975
0.05761756322780644
0.3993531823140174
0.006980576833029059
3.7990110570579576
3.4675903731476856
0.45600694442816314
0.25343660358596887
0.9535913149608866
0.7619601284504541
0.24138875471715132
13890032780069603e-22
7.95956824856189
12.476032712625774
0.0044647861854683595
0.8414645815672346
0
1.8299733289885811
0
12.110188509167887
19.36481964057327
4.48084327652004
0
13.183693612641003
0
0.161415324199416
0.09535207110615175
33.223923711527185
32.94024784126269
18.983562233858624
89.33543236661565
61.67115362786934
0.10312431051402911
0.0015820273735819522
0.00904325274959706
19.5846469944981
36.46332447563097
2.080251307725363
0.17697661215389218
0.016381114771978143
0.15776076707552517
17.682485733593175
0
17.626165331700967
0
11.379932174713398
0.0022464972511106606
0.0022465283944740266
15.747575616957857
0.5573532486333143
1.2604891891579575
2.977449023745619
0
2528033990924667e-20
0.006082436923007138
0.07382293670855146
0.00919776826774427
0.0024414945931127024
0.007989150582931157
0.0018790087964174855
0.000795712417729896
0.6828551213955001
0.6601989664226342
0.07410236172673633
0.24317985057790298
0.0001126929160169251
0.12682241340298817
0.014336378802351077
1.6805782914195115
0.07887586777912806
0.16348167289124213
0.02260420429832218
0.02752807250239786
0.9020002707881478
0.0015172512793027717
0
1.252588966699892
0.9809143570868355
0.01108258344061728
0
2.481905945627281
2069077097867996e-20
0.005442995107023844
0
0.0029476823107370794
0
0.1337443879554809
1.2128173376896527
0
0
0
0
0.03209304150153152
0.5855672579890774
0.9410125406043505
4.9384747587462465
0.35072343374398074
1.1203977183912037
0.12699447443325998
0.01725748605619839
0.06346962359559989
1.4450547332892019
0.003951365335608893
1.6882508194038763
9164871124817583e-22
0.05941249804288163
2.0823922937019663
0.3564405251681838
0.3722959621620465
0.003117817875763783
0.7888397612270114
0.20627999829680244
0.0022485452700545055
0.016951194067330956
0.8539719977482418
2.122923960178407
0.15198963976060917
0.08557392556384677
0.25214735074039496
0.01823918503241677
0.30499617613810076
0.3047780880943921
0.41328083143941474
0.6280376814220411
0.13106011642879725
2.6048971291783443
0.24934589009558672
7.6329351514800265
1.9940326658047287
2.7393495164002593
0.19531272628987056
0.3329031573382799
2.4029475379881973
4.0480872312756135
0.9575964759587916
4.03085587846018
5.147324032833532
2.279121631730783
2.223327634067504
2.533558188812992
0.2784848992735976
41.52950009969983
619.5699219727213
4.002294258129709
10363.449823854646
1.0999994242263642
23.219041214119258
1.1821985605906011
45.42160914304319
1.2838389633573775
1.3970066878226808
1.099998417039942
0.8907850400139707
1.122977560081771
2.082692249731312
0
0.0009853847397154956
0.00012104858804783572
0
0.0009998084535401675
0.017854063962935266
0.0280516962676307
0.04584312477700658
0.023606561799962074
0.025147995600157843
0.03658923610147103
0.026186870963761225
0.03866833951321602
0.026618288870874106
0.024857977237924676
0.03860271281412025
0.029038116442086787
0.022733653972864826
0.027004928884432514
0.022757759870321453
0.02745865785932216
0.030440393821091295
0.04604501610957872
0.029115619775581757
0.021338522534978772
0.0019046295107828925
0.007501362952219786
0.023486430984887348
0.07809632108792453
0.04348772324252765
0.13082561571270762
9120743954763651e-20
0.010215588973907747
0.31005415904410905
480612649005262e-20
0.08028433167633087
0.011054329126963122
0.0012712032922134156
5486380921329925e-21
12044247704256499e-22
0.11526551005129716
0.09856207744646919
0.004161323898870037
0.04235392196017018
0.020696108314213185
0.005818112293569866
0.01226156410574138
0.0004831128127753682
0.669395398230544
15699130028850543e-25
0.08605950660486582
0.00034202922950945337
0.009726465130312837
0.011042134652871733
0.0001570859019982139
0.00017090369987103978
0.7757619370358285
0.00039365882087120794
0.06039517903513423
0.3461106891631256
13179245409380405e-22
2586172509971311e-21
0.000144746884743539
12571628058159357e-21
0.0005948320187605594
17003356847444538e-21
14432278852407992e-23
1004405069386519e-21
19077344093930124e-21
0.08342932980370293
0.08439347560851679
43501730744691275e-21
0.00021272758282775393
0.020040660613358772
0.008230950575515822
0.10159007876096646
0.020643754824438382
27829625713934415e-21
0.16282936927279737
0.04032269550076872
5573481529684257e-22
0.4347917128593564
4458965516271778e-22
0.0037791608726024067
0.0009835394310371897
22994565953102434e-28
0.45315176945526353
0.7581236837737669
0.018460924795377708
0.41787287111768545
0.9576709285746153
0.007462298196422418
0.24923233686799656
22332184598180327e-26
4630638690372505e-21
0.0006298216415466003
9121490436753795e-20
0.1543930743428609
8645607894581302e-22
0.00011182707904673118
0.20076181559316802
0.0009300454986012303
0.012003103892355201
1220089357767105e-20
0.16427065674025304
0.10865979100106721
0.02174366278977524
31470069083090385e-21
0.0001534731362854443
1200668102977308e-22
0.01388195552304229
0.20270100887757336
833331458744884e-23
11103423584162976e-21
910641909640837e-20
965116696401037e-19
10586517288142974e-21
0.5326681601307535
0.20069718558831526
0.005182933148071892
0.001550820009048164
0.04383049333635544
0.005919597125929162
6760866614361207e-20
0.02930127306306748
8324386684464278e-20
0.000721500516416353
0.08907941707897601
9970388926252782e-22
0.8506445094394763
0.8619205966732416
0.0018315781486499595
0.0005373807670773676
58299101287696e-22
0.0010318873196022416
10390421406343854e-24
0.010390894023213113
0.030266629949275384
0.0009047489037813443
0.00033775075501600886
0.00015457405324883754
2618187972865758e-21
0.006162895517311882
0.03167333805892394
0.02197146047751519
1125717607426939e-23
0.9542742479744273
0.07284614565110391
0
0
8178604158630943e-20
6662188413225447e-20
1033639281023845e-21
7596610169792793e-22
0.00019352179113921495
0.009854445130738883
0.005421202890899209
1520423390484032e-23
0.00013151653071194895
7328785322883533e-21
0.06021812366388821
0.013598934387727019
0.11339473360937832
38456373301396925e-23
0.06508662776640012
0.007751361300682227
0.00012015845867258027
0.14434709331979478
0.00029651670210781745
1854955945723925e-28
8515572312366446e-20
37361709982542737e-22
0.00012473187743555233
0.016633080244082003
0.00391979927691952
0.00016357872545570739
0.000152139051755776
3799874525560506e-24
0.0005147538856337643
0.023516578140648656
13135133739949844e-24
0.0018092788247233446
0.0018042049466280956
44189385043263746e-21
0.12338443018664759
43374338608714766e-21
0.5584746181765889
0.0019144819306130684
0.23341255642622108
0.0033140456954896796
0.0007013876873150578
0.0005696247438508066
4475328750454297e-20
0.6866621518297624
12102141776854497e-21
21568106346260876e-21
0.008374301555283091
0.006487873221577641
21715985248348865e-24
8723797723144357e-20
0.00306537884114158
0.15615427878323088
0.03126735395515052
0.00010012314828439327
0.023597179023296725
0.0003542507423204584
0
0.12928913608089326
0.012501163648544372
0.6110094093004341
0.5198422736699212
0.5659933896593808
0.055469163378447796
0.030690736781996648
0.9088913295071408
0.5928173372006131
0.9331379632923558
0.5037771976946673
0.28571451888924754
0.0007658133276755388
0.016002877581385203
0.1681189504519815
0.4145836236217744
0.16229714392784989
0.0002993255787979766
0.027819772935181137
0.37509813574058243
0.13145955442093604
0.20667880744881095
