0.07503206217244701
34.8450319097779
38.145485053964144
0
38.64604698342735
0.025183742667833534
38.77119270048018
0
39.17304940775475
0
78.09341211566952
0
25.66015640482377
0
28.980305471734315
0
32.03478146528655
2.5492278296611337
47.93210828138139
1.150438019178367
1.0858145765448868
5.666037665722766
18.50116310196212
0.11271089224131343
0
4.506352826462897
0.032448137933412946
0.389502859086594
0.0069764052166027025
3.7310870590226957
3.3829889028979316
0.40491331132227654
0.15301214643925554
0.9261053341437127
0.6756059734241726
0.21519249938752413
9531351891649674e-22
4.872078771395275
5.38182301382693
0.004817187793255669
0.022403880126729375
0
1.487001572538706
0
8.608379635569056
11.40802038381428
4.468907827628126
0
10.59569300474172
0
0.16794331561000622
0.09269929632146554
33.20211559967935
32.940220745276115
19.076631798425385
89.24113722246697
61.66126724549648
0.1059779397118017
0.0016534159392319267
0.00904112671494208
19.35682199422987
33.63333703914436
1.9937260784653896
0.2018337377676034
0.025211337707906324
0.19548503278487986
18.945875936758913
0
18.902552382389825
0
12.291605185532724
0.0024852258448032705
0.0024841498448985367
15.668283073627263
0.5787838701229006
1.2803546937489114
2.9582244114386227
0
42069955077471326e-21
0.0059310679732883145
0.0764579818016634
0.013493443976414148
0.002672244524278762
0.00511228476587361
0.0016603434995190293
0.0007066203197382101
0.9420447228610437
0.6480278702586272
0.0814579979335025
0.245069863426917
0.00013149695676040058
0.11444427673303756
0.01037658203740175
1.29963525360946
0.08866029662030246
0.16463147903003655
0.025256230121635127
0.024526276807998917
0.7922693448147672
0.0015582996924549041
0
1.2425197237272445
0.8698383561255125
0.012100471567789399
0
2.3078362555135246
20871017507857083e-21
0.0057830772944101995
0
0.0024204301329651297
0
0.13344854515201257
1.195087012302902
0
0
0
0
0.03389113189766816
0.5818725008467007
0.7671066823690843
4.124881141442965
0.3777666099240166
1.127658957021592
0.13220970493825066
0.0178837849709252
0.08281534272128752
1.071689510683512
0.003907660565760611
1.6707566395357403
9241757937108212e-22
0.051900287975140624
1.851478244878774
0.38287864736714006
0.2759472283749025
0.0031103327473326306
0.7327887064293432
0.21046628544700785
0.0036844224978124433
0.017343786402877686
0.7723958527002871
1.9833687328690996
0.16474342096642705
0.0904035715370764
0.2788225612082
0.014611721527234637
0.33786501895093635
0.3376973481751609
0.4231798083668166
0.6248201722764376
0.11266171195669326
2.4904614538863434
0.26898188060594636
8.55751596990849
1.9869863536262187
2.691121476565471
0.19310994180367477
0.36931795188874617
2.3884811141200206
3.932643839471518
0.9514429624492352
4.5524897951820655
6.203584970236651
2.2158330105181645
2.2340842952687656
2.8541610604364474
0.31653643959210026
45.88300562163831
619.5587055711053
4.002288565642005
10132.861536958586
1.0999990011464105
23.21902529847714
1.18188385375413
45.41224194729995
1.2898041278322552
1.397029445693834
1.099997993861062
0.9586495991793218
1.1218607045935867
2.5443169037083093
0
0.0010717942743788842
0.0001934348887926935
0
0.0019253553408520453
0.017747013274091436
0.027196335172194153
0.043258782714687895
0.023065845331944113
0.024000047839410416
0.03515158768543551
0.024402489666760036
0.03638432141229828
0.025721875655384377
0.024253920792740802
0.03786225337370441
0.02812421085894861
0.022192053703457504
0.02669106697545966
0.02223234451890996
0.025788502724540186
0.029685898820230674
0.046904930342800875
0.02900027150118321
0.02078948097305369
0.001904514215573561
0.007499574253756592
0.023468888907006154
0.07790207154426121
0.04342754788122749
0.1302797109122905
9120717516725681e-20
0.010212271436150876
0.3069725382701683
4806125755947826e-21
0.0800790327711585
0.011050444370386091
0.0012711519336657546
5486379964709629e-21
12044247243228847e-22
0.11484192255215406
0.09825250401633302
0.004160773496737644
0.04229684522755035
0.020682487874195184
0.005817036321593019
0.01225678435625865
0.00048310539505491576
0.6548830831191057
15699130028067234e-25
0.08582357187002379
0.00034202551160590833
0.009723457715711101
0.0110382584637236
0.00015708511776740998
0.00017090277160476867
0.7562104315587366
0.00039365389580285203
0.06027906311893201
0.3422667584518165
13179244857368171e-22
25861722974107836e-22
0.00014474621887609548
1257162303530244e-20
0.0005948207736597257
17003347659102552e-21
14432278786211096e-23
10044050373249017e-22
19077332527384823e-21
0.08320761218936068
0.08416659782195132
4350167060222975e-20
0.00021272614463283996
0.020027889462798525
0.008228796973551781
0.10126116436521473
0.020630203226048992
2782960109990747e-20
0.16198295655337028
0.04027096499479482
557348143096071e-21
0.42871036093061626
44589654530835997e-23
0.003778706927554412
0.000983508686861773
2299456595310076e-27
0.44654251885061347
0.7394608223406979
0.018450088169985338
0.4122582956758269
0.9277137413337561
0.007460528081309005
0.24724454223982129
22332184598021842e-26
46306380088982446e-22
0.0006298090345901295
9121463994388032e-20
0.15363227410685043
8645607657029304e-22
0.00011182668161466802
0.19947375249787205
0.000930018007821872
0.011998523555228938
12200888846691912e-21
0.16340915914830992
0.10828343155207043
0.02172862819799908
3147003760826158e-20
0.00015347238771242438
12006680983957457e-23
0.013875828719384883
0.20138787140134842
8333314585241833e-24
11103419666008467e-21
9106416460908584e-21
9651137361508657e-20
10586513726306654e-21
0.5235150845491146
0.19940995399382652
0.005182079300347789
0.0015507435711334548
0.04376936505706915
0.005918483287314484
6760852087454444e-20
0.02927396510540029
8324364661636069e-20
0.0007214839720752234
0.08882661241575542
9970388610322093e-22
0.8270842668534513
0.8377234985514478
0.001831471528255981
0.000537371589284887
58299101276894295e-25
0.0010318534785059672
10390421402912754e-24
0.010387461630519566
0.030237492208385095
0.000904722888142649
0.00033774712954630235
0.00015457329389771858
26181877550098763e-22
0.006161688230459198
0.03164142766413802
0.021956109119631854
11257176070241983e-24
0.9245322146619303
0.07267716024459793
0
0
8178582900407867e-20
6662174307279237e-20
10336392470686962e-22
759660998638944e-21
0.00019352060091259378
0.009851358042031274
0.005420268726384773
1520423389749354e-23
0.00013151598100672894
7328783615890699e-21
0.06010268812615594
0.013593054905859292
0.11298480550676486
38456372831390027e-23
0.06495175420972388
0.007749451378341538
0.00012015799981518488
0.14368226409579446
0.00029651390783081756
1854955945723912e-28
8515549266326807e-20
37361705546240316e-22
0.00012473138298369694
0.016624283726678905
0.0039193109149321115
0.0001635778750558201
0.00015213831614034962
3799874525101618e-24
0.0005147454644529167
0.02349899098534551
13135133734466587e-24
0.0018091747847789347
0.0018041014894117763
4418932298436697e-20
0.12289895993968769
4337427881798465e-20
0.5484056970715557
0.0019143654394706247
0.23166987090827607
0.0033136966162832277
0.00070137205251902
0.0005696144316331361
44753223851667295e-21
0.6713838176883332
121021371221488e-19
21568091562262747e-21
0.008372072276684746
0.00648653524215396
21715985233361414e-24
8723773536265966e-20
0.0030650801843808595
0.155375984197616
0.031236256709301597
0.00010012282969024537
0.023579471065585965
0.00035424675396959087
0
0.12875600140234747
0.012496195242061144
0.598938755222159
0.5111278879767442
0.5556492855638457
0.0553712298054825
0.03066077639454682
0.8819474991581295
0.5814607395307901
0.9047168297864214
0.4955968739473373
0.2830995199146993
0.0007657946886780097
0.01599473515075221
0.16721651979451355
0.409057606202379
0.1614562677740666
0.0002993227313301291
0.027795157599974488
0.37057966661497016
0.1309083365708938
0.20531347497351887
