0.09615457363308069
35.06946946561834
35.849843387830326
0
36.34190099806316
0.02342150516790137
36.35512565829077
0
36.45651687929794
0
79.1832187633653
0
25.223993455540388
0
28.18541516684661
0
31.626275237638
2.5561205413438692
48.04737351446742
1.1687322524130708
1.1011820551560418
5.779366198858326
18.9688055851467
0.104573029696329
0
3.875153697564181
0.027684590162871562
0.3839216635248395
0.006973204901439905
3.6823085757875282
3.3350349454319446
0.39393302491303184
0.14299093111850852
0.9063370001453401
0.6564019362898231
0.21557702747712956
8969777853637111e-22
4.1551564798962515
4.421131185409664
0.00498881960301963
0.00627261200481929
0
1.404119439790475
0
7.463460696433664
8.946579535257468
4.460926696053193
0
9.390052016914726
0
0.17032079297599328
0.09195306114463277
33.18762979596394
32.94020336383754
19.080427401747308
89.22156320416924
61.65475757856488
0.10649402457458071
0.0017172084337509469
0.009039598800382822
19.271048987131387
33.689482843152405
1.9322768087024627
0.21354207730894326
0.029945034826080033
0.22297735808923264
19.322948691077226
0
19.299054991432815
0
12.540810465463412
0.00258903919076092
0.00258806553993419
15.616309688709759
0.5866235564114168
1.2857527319633602
2.9455002329034965
0
5112971855332539e-20
0.005895561034705316
0.07497891711139582
0.015884011173342993
0.002763639723568722
0.004202140686654765
0.001617018218353671
0.0006976755360729934
1.0522136128777422
0.6403846999744001
0.08225729765521464
0.2442387901481672
0.00013903604096465687
0.1044190988758342
0.00868340467677682
1.0881767444745403
0.0904694317720252
0.1630173745015581
0.025761230255648315
0.02140779397304666
0.7103642044981743
0.0015621687129257318
0
1.2357267182776812
0.8601964951060791
0.012501920141859626
0
2.1992963683591578
207490086521784e-19
0.005881386648364553
0
0.002302728113843646
0
0.1332595406791918
1.1833744420742083
0
0
0
0
0.035213692104382445
0.5778805856482875
0.6653626433529647
3.5507094515772297
0.39125813757827305
1.1016662359528466
0.13540641078189583
0.018123840443889927
0.08961919532657882
0.9443914731286672
0.0038649058984891863
1.653982241558638
9287859694672522e-22
0.04702021952832845
1.6928998622836031
0.38527492648919054
0.21235916831757295
0.003102192522619717
0.6984845156234243
0.21295242550988827
0.004469663731778155
0.01706354971991317
0.7273880212003149
1.8931339084639431
0.17267531876302056
0.09036900066420049
0.2838184136832401
0.011489507969131089
0.342579542105476
0.34257816329418045
0.42929072861739714
0.6227712000530384
0.10083686957362258
2.373354507781384
0.2726580777675608
8.780314704142926
1.987183985372836
2.6797147330375517
0.19078581866438368
0.37797983028919996
2.3887907270939257
3.905661104852186
0.9447158370243484
4.6485567545990785
6.478911758320466
2.324995414253282
2.248032735617053
2.8620380057389454
0.3302171120516518
46.44820860446913
619.5512509606923
4.002284782265772
9982.45160858104
1.0999987199561634
23.21901472051857
1.1816747374555097
45.40601732525058
1.2921017622209028
1.397034824527507
1.099997712605056
0.9801621423247507
1.1211190268282722
2.6851162231528547
0
0.001084647009250294
0.00024084475659324556
0
0.0025540806287652185
0.016519004915681205
0.024914780301708666
0.03898671741106408
0.02125574494223242
0.022064461314643055
0.03201761618993536
0.021936373953491725
0.03272017918915979
0.02351831187176
0.02232450784636486
0.03496056506947552
0.025747322825464544
0.02043953040263576
0.024694334708061684
0.020493261474856705
0.023167454881603683
0.027327821445685612
0.04436572235910456
0.027030083046034183
0.019111451582049584
0.0019044375911316362
0.007498385672506406
0.023457237217842934
0.07777323541039427
0.04338759978305139
0.12991814856377984
9120699945335666e-20
0.010210067107170453
0.30494137177724484
48061252680420605e-22
0.07994287607727094
0.011047863211716772
0.001271117800538954
5486379328914095e-21
12044246936817452e-22
0.1145612563372405
0.09804729123854207
0.004160407724921592
0.04225895304854219
0.020673440321714774
0.00581632131170144
0.012253608636700036
0.0004831004651010353
0.6454122749493642
15699130027546625e-25
0.08566712120553943
0.00034202304060938966
0.00972145942134454
0.011035682996701235
0.0001570845965486524
0.0001709021546567817
0.7434893305042459
0.00039365062250380247
0.060202012872914046
0.3397356236634223
13179244490485972e-22
2586172156137338e-21
0.00014474577632434525
12571619696977505e-21
0.0005948132999803105
17003341552285637e-21
14432278742214866e-23
10044050160158879e-22
19077324839951044e-21
0.08306057873225693
0.08401614622929054
4350163062997527e-20
0.00021272518877512661
0.020019405914415457
0.008227365943373297
0.10104314829551751
0.02062120139001699
27829584740773977e-21
0.16142284313530397
0.040236620223976304
5573481365346382e-22
0.424715657122255
4458965411087037e-22
0.0037784052536074934
0.0009834882539860091
2299456595309964e-27
0.44220324454031285
0.7273118318013362
0.018442889375828185
0.40856849110730664
0.9083236023376305
0.007459351847386265
0.24593217828823455
22332184597916513e-26
4630637555972144e-21
0.0006298006558067596
912144642012166e-19
0.1531287007693002
8645607499145851e-22
0.00011182641747139138
0.19862224583649607
0.0009299997371586791
0.011995480306664842
12200885702356714e-21
0.16283908537256256
0.10803401431103773
0.021718641554272992
3147001668925968e-20
0.00015347189019264483
12006680953507146e-23
0.01387175817649116
0.2005198340229442
8333314583774998e-24
1110341706189817e-20
9106414709284834e-21
965111768693861e-19
10586511359014928e-21
0.5175188765894063
0.19855899553599865
0.00518151188795752
0.001550692770519846
0.043728784722809756
0.005917743116096987
6760842432498049e-20
0.029255829580904127
8324350024703267e-20
0.0007214729764701814
0.08865898862938278
9970388400346036e-22
0.8117875972430396
0.822018417453839
0.0018314006689026479
0.0005373654895634172
5829910126971517e-24
0.0010318309874154722
10390421400632343e-24
0.010385180997072672
0.03021814199951591
0.0009047055978619975
0.00033774471998297494
0.00015457278921456779
2618187610216998e-21
0.006160885965917562
0.03162023694218569
0.02194591212734847
11257176067565265e-24
0.9052794456720311
0.07256506489504184
0
0
8178568771650576e-20
6662164932103823e-20
10336392245011893e-22
759660986449463e-21
0.00019351980985996014
0.009849306814685266
0.005419647944525479
15204233892610685e-24
0.00013151561565909897
73287824813774865e-22
0.06002608899356894
0.013589148650026436
0.1127131763371793
38456372519010745e-23
0.06486226825176716
0.007748182252824757
0.00012015769484716533
0.14324209541132224
0.00029651205069359843
1854955945723903e-28
8515533949342393e-20
37361702597754478e-22
0.0001247310543587551
0.016618439897781192
0.003918986370054576
0.00016357730985958665
0.00015213782723248363
379987452479663e-23
0.0005147398675854267
0.023487309364474077
1313513373082228e-23
0.0018091056403380277
0.0018040327322398932
4418928173840021e-20
0.1225773604445284
4337423907949996e-20
0.5418142460674333
0.0019142880202395567
0.23051883862947745
0.0033134646291770914
0.0007013616614050878
0.0005696075779586816
4475318154630108e-20
0.6614179465902212
12102134028506967e-21
21568081736424843e-21
0.008370590966350637
0.006485646137618245
21715985223400353e-24
8723757461051967e-20
0.00306488170514684
0.15486085569072983
0.03121560575242201
0.00010012261794455094
0.02356770923128858
0.00035424410322897754
0
0.12840288241182793
0.012492894197604333
0.591048476797038
0.505417035050624
0.548879107982867
0.05530623618108571
0.030640880094559522
0.8644832291516754
0.5740334465519894
0.8863078784529113
0.49023362417490374
0.281374774345631
0.0007657823009489754
0.015989325763876933
0.16661942131093752
0.4054256723846535
0.16089981022885108
0.00029932083884125704
0.02777880963434636
0.36760672042949305
0.13054326148990908
0.20441103128498453
