0.09777262334923534
35.07728443259911
35.770275148249944
0
36.26167309850507
0.023362922389379127
36.271036439844686
0
36.36233492590093
0
79.24581092787821
0
25.211605638067834
0
28.127955443268007
0
31.587980021716472
2.554973988728973
48.030310633883055
1.1691931721559445
1.1014673679150442
5.785765467183105
18.985794594081145
0.10426141318841205
0
3.826839685830823
0.027356365856168473
0.38349093564325804
0.006972956207922897
3.6785017417094887
3.331333476384793
0.39319971002269405
0.1425089790924848
0.9048054856293546
0.6551095087099634
0.21544516058524732
8950756446685597e-22
4.104997492727082
4.365535327319433
0.005000041842789407
0.0060439777890095026
0
1.398183793409136
0
7.400883865571733
8.813006380539607
4.4603149786774985
0
9.311323072198
0
0.17045795071274925
0.09190524421870248
33.18652041188671
32.94020204717668
19.079714181757588
89.22105837428747
61.65425956165394
0.10650470353352348
0.0017181858954142897
0.009039478994785992
19.26565321363689
33.67846041492593
1.9274788034128914
0.21432259120289165
0.030276817011068553
0.2248807815276042
19.34183090648499
0
19.31885269608592
0
12.552847003641961
0.0025957818754048954
0.0025948087964919636
15.612347375746438
0.5870772712715837
1.2860379421486159
2.9445275668284636
0
5175477270523334e-20
0.005893437344077074
0.07480834719521846
0.016054394159135885
0.0027692750275540782
0.004152224180157638
0.0016168420412926178
0.0006971541213040549
1.0590391063051199
0.6398122498284734
0.08223131013493025
0.24417088633531095
0.0001395169723545645
0.1037205835188157
0.008582679529432367
1.0732605104985373
0.09052407161489151
0.16286294279893584
0.025773897188223108
0.021158459017750392
0.7040144013296387
0.001562392094601336
0
1.2352113250455756
0.8589625632082698
0.012526733941517335
0
2.1912159028869964
20734383534872574e-21
0.005886366417914235
0
0.002299233141889784
0
0.1332454031040372
1.1824839476153988
0
0
0
0
0.03523453601779494
0.5775437636399312
0.6580203646409766
3.5063702457803023
0.3921662634657533
1.0991167033012252
0.13564472170400146
0.01813844154287197
0.08997436936300376
0.9352601972491567
0.0038613037081960634
1.6525685426793417
9291237405123081e-22
0.04665089335850109
1.6807659529951957
0.38513652632346307
0.207787299597006
0.0031014909978811004
0.6959416806306977
0.2131337687806935
0.004523538039079089
0.017031996349778544
0.7242083612590716
1.8863410115407744
0.1732653241611742
0.09030546636202594
0.2839188246821734
0.011253622467612714
0.3425612512489921
0.34256682147671136
0.42974270139799053
0.6226170848887068
0.09995916273061525
2.363525446625937
0.27275150486267574
8.788506752917106
1.9872463218497516
2.6791595394854326
0.19059118853672624
0.37829753027777013
2.3889101959931165
3.9043491539675075
0.9441473613951057
4.651167421155619
6.490517694258794
2.3364182671448255
2.249494369303082
2.8594408112943737
0.3309959445360326
46.4441861731283
619.550679918174
4.002284492447597
9971.022231101877
1.0999986984161234
23.21901391021442
1.1816587200259723
45.40554053513081
1.292248307957081
1.3970350947057042
1.0999976910599785
0.9814161430811223
1.1210622322417947
2.6892089671208192
0
0.0010846641741239491
0.0002443871845778801
0
0.002601279378595415
0.01640726807877693
0.0247165137978889
0.03862969854520932
0.021096386896580627
0.021901691870295913
0.031748768288374994
0.021734752077006054
0.0324151192932244
0.02332798249503334
0.02215525808269202
0.034703736660456015
0.025541238731252087
0.020285684902614308
0.024514594038325697
0.020340409024636952
0.022949699590194942
0.027121267159930143
0.044116531379852685
0.026849708742347437
0.01896464121954418
0.0019044317215894863
0.007498294631274093
0.023456344900985106
0.0777633749546309
0.04338454115088964
0.12989049318209847
9120698599314234e-20
0.010209898268373358
0.30478633346926837
4806125230666971e-21
0.07993245560455844
0.011047665511841364
0.0012711151858736517
5486379280210194e-21
12044246913345392e-22
0.11453978474300687
0.098031588990444
0.0041603797069949995
0.04225605179059518
0.020672747414434176
0.005816266543356193
0.012253365400690771
0.00048310008745339276
0.6446924549024108
15699130027506745e-25
0.08565514836764354
0.0003420228513241489
0.009721306362750223
0.011035485732741386
0.0001570845566217546
0.00017090210739674933
0.7425237251449849
0.0003936503717600924
0.06019611464852012
0.3395425045309007
1317924446238166e-21
25861721453153554e-22
0.00014474574242356801
12571619441251526e-21
0.0005948127274772212
1700334108448466e-20
1443227873884462e-22
10044050143835516e-22
19077324251069964e-21
0.08304932623419906
0.08400463226785948
4350162756797845e-20
0.00021272511555364614
0.02001875619656724
0.008227256332297596
0.10102646695860253
0.020620511983521838
27829583487614146e-21
0.16138001666466978
0.04023399051642712
5573481360320121e-22
0.42441118976522485
44589654078699704e-23
0.0037783821454431417
0.0009834866887820253
2299456595309955e-27
0.4418725867054017
0.7263894542073903
0.018442338041764143
0.40828720621869985
0.906855077983792
0.007459261751876686
0.24583193486638533
22332184597908446e-26
4630637521276606e-21
0.000629800013970632
9121445073879889e-20
0.1530901936263204
8645607487051491e-22
0.00011182639723722504
0.19855716787602973
0.0009299983375841628
0.011995247216242342
12200885461490945e-21
0.1627954980544121
0.1080149318855467
0.021717876735767343
31470015086799996e-21
0.00015347185208115723
1200668095117456e-22
0.013871446409558496
0.2004534941618462
8333314583662634e-24
1110341686241529e-20
910641457510505e-20
9651116179807339e-20
1058651117767308e-20
0.5170623905697656
0.19849395942432438
0.0051814684249752545
0.001550688879104326
0.04372567769555392
0.005917686420509334
6760841692899092e-20
0.029254440807005015
8324348903469999e-20
0.0007214721341797327
0.08864616118009892
9970388384261224e-22
0.8106275578784403
0.8208275712780464
0.0018313952409700434
0.0005373650223087394
5829910126916523e-24
0.0010318292645485837
10390421400457657e-24
0.010385006314145136
0.030216660224380732
0.0009047042733866414
0.0003377445354036794
0.00015457275055434522
2618187599125416e-21
0.006160824514279522
0.03161861425265965
0.021945131201506457
11257176067360218e-24
0.9038212634694965
0.07255648517724592
0
0
8178567689345069e-20
666216421393693e-19
10336392227724486e-22
7596609855157111e-22
0.00019351974926301477
0.009849149701938415
0.0054196003936466605
15204233892236644e-24
0.0001315155876723822
7328782394470272e-21
0.06002022529020356
0.013588849465039344
0.11269239565054544
38456372495081524e-23
0.06485541843656586
0.007748085042455396
0.0001201576714857036
0.14320843278515705
0.0002965119084316224
18549559457239024e-29
8515532776015142e-20
37361702371891355e-22
0.00012473102918510374
0.016617992327127986
0.003918961510021253
0.00016357726656388737
0.00015213778978069353
3799874524773266e-24
0.0005147394388505737
0.023486414755674985
13135133730543114e-24
0.0018091003437689407
0.0018040274653358971
4418927857883315e-20
0.12255275965837614
4337423603541061e-20
0.5413125995587642
0.001914282089816083
0.23043090217616227
0.00331344685891688
0.0007013608654199659
0.0005696070529494184
44753178305580814e-21
0.6606606581324866
12102133791524465e-21
2156808098373545e-20
0.00837047750420514
0.006485578034486086
21715985222637306e-24
8723756229642071e-20
0.00306486650155355
0.15482146574939537
0.031214024388340467
0.00010012260172419424
0.0235668084803647
0.0003542439001748649
0
0.12837587237295464
0.012492641363348855
0.5904483607708972
0.504982206290797
0.548363905776352
0.05530126061533604
0.030639356508935976
0.8631597601477323
0.5734684205356816
0.8849132395805765
0.48982518397849223
0.28124308760899885
0.0007657813520188755
0.01598891146355542
0.16657376973628343
0.4051487883986743
0.16085726302625825
0.0002993206938712488
0.027777557726170042
0.36737996947091267
0.13051533762807346
0.20434206509530353
