0.10088873598978154
35.09006872635044
35.63837078084803
0
36.128492521549795
0.02326681674559448
36.13146149771929
0
36.206091835455275
0
79.36041501491194
0
25.193117898594103
0
28.019314799156334
0
31.512013723822417
2.552315184243096
47.99042718328185
1.1698201390110683
1.1017672633976796
5.797424602191558
19.01384647848118
0.10372714148085169
0
3.7339777931421536
0.026729493347523028
0.3826594367101957
0.006972476838303187
3.6711456636425424
3.324187716056318
0.3918092201213274
0.14163956874846412
0.9018516894093187
0.65265669150497
0.21514640665697607
8919442087104052e-22
4.009161610813392
4.261267867647244
0.0050210037400267
0.0057177619172709354
0
1.386796337357174
0
7.287467350802413
8.572508419089534
4.459136881177018
0
9.16460034200731
0
0.17070927453484833
0.09181312421057307
33.184384018423835
32.94019951573186
19.078040611829067
89.21892692402473
61.65330060385606
0.10651714315569619
0.0017189136881999494
0.009039247475443905
19.25561570798181
33.65078502241463
1.9182020282900116
0.21579184769879176
0.030905048535990933
0.22846260674271449
19.3754924057144
0
19.35409924687398
0
12.57419465370442
0.0026084452447793457
0.0026074714959444713
15.604722763072512
0.5879092382208024
1.2865490811261435
2.9426552041927065
0
52936453476040806e-21
0.005889343013735976
0.07446948598402267
0.016377978086294143
0.002779758574458795
0.004061686134022429
0.001617340043796634
0.0006961701823843364
1.0716881343460145
0.6387146774008121
0.08216015289487656
0.24404028264881641
0.00014041721038009339
0.10241669645623364
0.008399210989298246
1.0450281354675117
0.09060903709284196
0.1625618420145586
0.025791924786597836
0.020679125105998192
0.6917956406027139
0.0015628130053745822
0
1.2342207234211386
0.8563867465075691
0.012572954947835828
0
2.175746611536845
20704759228791097e-21
0.005895219464393335
0
0.002293855381086294
0
0.1332183160897425
1.1807721127903341
0
0
0
0
0.03525308157745089
0.5768856284238539
0.6440581511981862
3.4210097873370007
0.3938685220395406
1.094086898846079
0.13610095101150485
0.01816557729273174
0.09059739030658326
0.9178461239901671
0.0038542396308833735
1.6497957334028983
9297682693399329e-22
0.04594203273492466
1.6574279961257463
0.3847906089428389
0.19913977275050618
0.0031001111795227734
0.6910769142176736
0.2134794699441424
0.004625248978971195
0.016969517407407018
0.7181853506262952
1.873312462793902
0.17439460734878495
0.09017092557819206
0.2840426469325536
0.010804816530925467
0.34243290101103596
0.3424501166423895
0.4306066272250528
0.6223214014552464
0.09828183452712838
2.3443568151079694
0.27288936252276
8.802082665310909
1.9873740960247657
2.678173648067482
0.19021147577172196
0.3788239179306125
2.3891559588865254
3.9020193440949993
0.943036371226263
4.65509853447126
6.510361721534744
2.3593452042314262
2.248434750443853
2.8538585310042985
0.3324262535153603
46.42528927734684
619.5495801803893
4.002283934302829
9949.047878908072
1.0999986569333509
23.219012349694466
1.1816278735541892
45.40462232546076
1.292521163766426
1.3970355727334993
1.0999976495675046
0.9837091160287592
1.1209528627892207
2.695218217613313
0
0.0010844559505426266
0.0002511668747942343
0
0.00269164582874726
0.01618947869427794
0.02433216404921125
0.0379410418449248
0.020786903680458917
0.0215870746847897
0.031228339909123007
0.021347192151764997
0.03182697384008866
0.0229593280907942
0.021826809528388936
0.034204836689412946
0.025141871749031996
0.01998709411717415
0.02416457442226799
0.020043697113661142
0.02252994919196389
0.026720497018324876
0.043626222705821505
0.026497768080179715
0.018679845138373757
0.001904420417813194
0.007498119303103999
0.023454626532830813
0.07774438876912165
0.04337865130749569
0.12983724979349331
9120696007086408e-20
0.010209573118919086
0.30448797579173686
4806125158688351e-21
0.07991239121797915
0.011047284782530538
0.0012711101504492143
5486379186414039e-21
12044246868141848e-22
0.11449844512205518
0.0980013559820127
0.004160325749348208
0.04225046497920995
0.02067141304797709
0.00581616106947596
0.012252896979488778
0.0004830993601634739
0.6433084542206904
15699130027429941e-25
0.08563209525413246
0.0003420224867904465
0.009721011602440741
0.011035105842903322
0.00015708447972877446
0.0001709020163812983
0.740667650855171
0.0003936498888670707
0.060184757211735496
0.3391708962786582
13179244408257117e-22
2586172124473897e-21
0.00014474567713595467
12571618948762991e-21
0.0005948116249266729
1700334018357262e-20
14432278732354052e-23
10044050112399254e-22
1907732311697645e-20
0.0830276599639137
0.08398246261045075
43501621671048376e-21
0.00021272497454050934
0.020017505000231216
0.008227045242491089
0.1009943490510154
0.02061918435853883
27829581074222953e-21
0.16129757153726415
0.04022892659200684
5573481350640325e-22
0.4238254476814026
4458965401674398e-22
0.0037783376431030314
0.000983483674449082
2299456595309938e-27
0.4412364874626468
0.7246163924570163
0.018441276304355277
0.40774604065640735
0.9040336136954816
0.007459088244973402
0.24563899669554584
2233218459789291e-25
46306374544583845e-22
0.0006297987778957023
912144248122773e-19
0.15301606212444982
8645607463759629e-22
0.00011182635826937122
0.19843189789130028
0.0009299956422267853
0.011994798333023611
12200884997620868e-21
0.16271158851180229
0.10797819159121097
0.021716403889900315
3147001200071158e-20
0.00015347177868437351
12006680946682358e-23
0.013870846014571716
0.20032579571365264
8333314583446235e-24
11103416478242235e-21
9106414316695619e-21
9651113277307072e-20
10586510828436834e-21
0.5161844034447333
0.1983687699757568
0.005181384723043763
0.0015506813848694737
0.04371969466520382
0.005917577235136697
6760840268546511e-20
0.029251766429737754
8324346744149158e-20
0.0007214705120618177
0.08862146273207769
9970388353284367e-22
0.8083981703435356
0.8185390445873391
0.0018313847876595577
0.0005373641224498902
5829910126810612e-24
0.0010318259465824412
1039042140012124e-23
0.010384669910214604
0.030213806760141126
0.00090470172265812
0.00033774417993288615
0.0001545726761007837
26181875777647504e-22
0.00616070616968852
0.03161548943907262
0.021943627337819856
11257176066965332e-24
0.9010196449008219
0.07253996483018546
0
0
8178565604993035e-20
6662162830859168e-20
10336392194431621e-22
7596609837174496e-22
0.0001935196325627558
0.00984884713423191
0.005419508819209106
15204233891516292e-24
0.00013151553377432594
7328782227100468e-21
0.060008934321277095
0.013588273299743957
0.11265238606665806
3845637244899756e-22
0.06484222879349552
0.007747897833806645
0.00012015762649516665
0.14314362607764403
0.0002965116344573272
18549559457239014e-29
8515530516369407e-20
3736170193691403e-21
0.0001247309807045723
0.01661713040947085
0.003918913633899516
0.0001635771831831221
0.00015213771765438413
3799874524728272e-24
0.0005147386131747901
0.023484691973966333
13135133730005485e-24
0.0018090901434425672
0.0018040173221395186
44189272493997994e-21
0.12250539627139838
43374230172967554e-21
0.5403478144042885
0.0019142706687926047
0.23026164471241473
0.0033134126364220656
0.0007013593324786991
0.0005696060418644195
4475317206445718e-20
0.659204680034563
12102133335132957e-21
21568079534172563e-21
0.008370258998054618
0.00648544688043755
217159852211678e-22
8723753858138208e-20
0.003064837222004872
0.15474563506072647
0.031210979152236796
0.00010012257048631189
0.02356507387086767
0.00035424350912448483
0
0.12832387123616598
0.012492154458227475
0.5892943465837347
0.504145847275012
0.5473730683408792
0.055291679708959963
0.030636422532913824
0.8606166699333235
0.5723818345449032
0.882233561297848
0.48903955003170685
0.2809896530029375
0.0007657795245300849
0.01598811361567743
0.16648588712480106
0.40461608545467603
0.1607753554123748
0.0002993204146817094
0.027775146904264667
0.3669436762957272
0.13046157743095776
0.20420931246607846
