0.1046496287468936
35.10212873431053
35.51045210709014
0
35.99902147828292
0.023175293375201408
35.995803461865265
0
36.054358028293
0
79.48945264519278
0
25.17876733569184
0
27.89194416110897
0
31.416810218691655
2.548420808857696
47.9315504342209
1.170174208981879
1.1017433171515585
5.810447791556221
19.040738201450683
0.10317829263681597
0
3.622321839569064
0.025980245302432304
0.38165232269641225
0.006971897898156271
3.6622253531508075
3.3155322962944336
0.3901623255375147
0.14067534777446214
0.8982800099489616
0.64974853171631
0.21471796237108862
888944502342279e-21
3.89460226703507
4.139218038405633
0.005045244352820048
0.0054664840396997484
0
1.373106935999347
0
7.161655038333403
8.309076285036765
4.457715016029435
0
8.995799216611752
0
0.1709925633101736
0.09170080438571017
33.18180575530356
32.94019646711786
19.075540551698897
89.21675831709979
61.65214343037746
0.10651948314388103
0.0017181367550682977
0.009038966810483422
19.24406869343286
33.606947730155
1.9069412778106383
0.217511471607377
0.03164534508342931
0.23264188070010597
19.411954335247106
0
19.392193955576424
0
12.597165126195396
0.002623236878650384
0.0026222597396618513
15.595530654099358
0.5888480193159343
1.2871051674777163
2.940396899301271
0
54326813288746036e-21
0.005884323795890082
0.07404734108777257
0.016760815214757193
0.0027918430536577345
0.003961185216147729
0.001619192150102924
0.0006950095340547128
1.086156220052229
0.6373983380266831
0.08204314013223107
0.24388330483902695
0.00014146384854017458
0.10091800835996384
0.008195264332361106
1.0118080708977986
0.09068144133235953
0.16219558923427296
0.025804203193823295
0.02010397236683803
0.6770845537471919
0.0015633084903174277
0
1.2330284549883226
0.8529605254299423
0.012626353035770404
0
2.1572374642605507
20666751042288987e-21
0.0059047449301633205
0
0.0022893617880525292
0
0.1331858682554851
1.1787116738834464
0
0
0
0
0.03524279616958303
0.5760761445842009
0.6275165471891634
3.318145085020639
0.3958431705621428
1.0878478178479953
0.13664677221006605
0.018196851033391217
0.09124557323419419
0.8971193231881358
0.0038454930892461315
1.646361591294015
9305358153885192e-22
0.04509107979639474
1.6293274043576507
0.38425445778622064
0.18899180382880781
0.0030983966484260128
0.6852614003044262
0.21389056189735817
0.004744675396354162
0.016892047405906562
0.7110884040015162
1.8576840741434417
0.1757453787783526
0.08999214150010248
0.2840884405471189
0.01027428138275987
0.3421394700837874
0.3421681660701861
0.43163792146381763
0.6219664842434289
0.09628096353098183
2.3208510062773433
0.27299575702267537
8.815182589772446
1.987537939614155
2.677111818606308
0.1897454759459395
0.3793317362729809
2.3894721431849084
3.899509724492486
0.9416695693261197
4.658245045364703
6.530478266101147
2.388473100444704
2.2503177902683977
2.8463749370477145
0.3340467682489787
46.38620857406638
619.5482528895482
4.00228326066791
9922.59112070144
1.0999986068670438
23.219010466274817
1.1815906454613665
45.403514146316624
1.2928351087093541
1.397036081545986
1.099997599489489
0.9862780555833314
1.1208208770287218
2.699787206462219
0
0.001083843084775483
0.00025927263932808836
0
0.0027997261177972934
0.015923819135351323
0.023866520758071254
0.03711203986946989
0.020411064548688646
0.021207123311225283
0.030598937766564277
0.02088285952292759
0.031119407568157224
0.022513189983982447
0.021428369845702965
0.0335988889800646
0.02465825954122802
0.019624814687932788
0.023738040020322357
0.019683620655286307
0.02202506389038753
0.026234435108656737
0.04302086377187215
0.02606784506493464
0.018334530577507235
0.0019044067751703081
0.007497907701821299
0.023452552770847783
0.07772148017155948
0.04337154381376359
0.12977301844927952
9120692878480702e-20
0.010209180703946944
0.3041282714504536
4806125071816054e-21
0.07988818185400356
0.011046825290907038
0.00127110407313087
5486379073209764e-21
1204424681358487e-21
0.11444857145524383
0.09796487963396336
0.004160260627819475
0.04224372313912533
0.020669802691649364
0.005816033773687798
0.012252331657308147
0.0004830984823855628
0.6416420350477132
1569913002733725e-24
0.08560428029698776
0.00034202204682863926
0.009720655862789888
0.011034647364396922
0.00015708438692529485
0.00017090190653316735
0.7384336990742694
0.0003936493060555299
0.060171052569456054
0.33872293715068463
13179244342933225e-22
25861720993199633e-22
0.00014474559833919142
12571618354369685e-21
0.0005948102942411785
1700333909624563e-20
1443227872452046e-22
10044050074458258e-22
19077321748218543e-21
0.08300151807771255
0.08395571344143979
43501614553937784e-21
0.0002127248043493262
0.02001599501286957
0.008226790481595187
0.1009555989651905
0.020617582137749748
2782957816145771e-20
0.16119812311223228
0.040222815698763494
5573481338957602e-22
0.4231195814682642
4458965394196851e-22
0.0037782839331211844
0.000983480036408388
2299456595309918e-27
0.44046998716389535
0.7224822150057114
0.0184399949556607
0.40709385333047393
0.9006400256858285
0.007458878841725725
0.2454063377791657
2233218459787416e-25
4630637373814264e-21
0.0006297972860577239
9121439352109883e-20
0.15292663927832023
8645607435648261e-22
0.00011182631123838109
0.19828081252932045
0.0009299923891615757
0.011994256590112017
12200884437767698e-21
0.1626103741626773
0.10793386570762273
0.02171462641858412
31470008276056003e-21
0.00015347169010051332
1200668094126064e-22
0.01387012142160186
0.20017178248073014
8333314583185063e-24
11103416014576837e-21
9106414004816605e-21
965110977422812e-19
10586510406937301e-21
0.51512673014511
0.1982177817125155
0.005181283703468126
0.001550672339989997
0.04371247472783734
0.005917445460016805
6760838549469994e-20
0.029248539000999753
8324344138026493e-20
0.0007214685543031979
0.08859166289246473
9970388315897838e-22
0.8057156461381744
0.815785476216257
0.0018313721714493575
0.0005373630363959616
5829910126682788e-24
0.0010318219420832476
10390421399715204e-24
0.010384263912733603
0.030210363221357624
0.0009046986441472693
0.00033774375090924884
0.00015457258624148026
26181875519841774e-22
0.006160563340486789
0.031611718456264606
0.021941812434761416
1125717606648874e-23
0.8976498838931494
0.07252003113369039
0
0
817856308935154e-19
6662161161597961e-20
10336392154249856e-22
7596609815470955e-22
0.0001935194917151943
0.009848481972168349
0.005419398298423342
152042338906469e-22
0.0001315154687238155
7328782025098827e-21
0.059995309875219456
0.013587577947953098
0.11260411669276718
3845637239337799e-22
0.06482631354679932
0.007747671894323495
0.00012015757219529559
0.14306544874550775
0.0002965113037931276
18549559457238994e-29
8515527789162863e-20
3736170141193204e-21
0.00012473092219256638
0.016616090204983884
0.003918855852120419
0.00016357708254942369
0.00015213763060388115
3799874524673968e-24
0.0005147376166535034
0.02348261288583121
13135133729356613e-24
0.0018090778325606045
0.0018040050802081383
441892651501014e-19
0.1224482569194897
43374223097479945e-21
0.5391856875154715
0.0019142568846433612
0.2300575303797344
0.0033133713331442776
0.0007013574823485952
0.0005696048215700208
4475316453193327e-20
0.6574517063791313
12102132784305809e-21
21568077784669003e-21
0.008369995286622361
0.006485288591774299
21715985219394225e-24
8723750995928123e-20
0.003064801884360043
0.15465416309254354
0.031207304197316148
0.00010012253278475921
0.023562980509297424
0.00035424303715927687
0
0.12826113817481605
0.012491566828895611
0.5879045493883596
0.5031382750025044
0.5461795927553676
0.05528011855019463
0.030632881838304957
0.8575573448123377
0.571073155790602
0.8790102136475505
0.4880930321733428
0.2806840823173518
0.0007657773189065886
0.015987150731651703
0.1663798817572914
0.40397408934582235
0.16067655517305465
0.0002993200777231468
0.027772237518319268
0.36641779614959286
0.1303967227663134
0.20404920576782054
