0.10827614259815346
35.110928977235595
35.413005992451914
0
35.90006739713222
0.02310726743676522
35.8921510369221
0
35.93853495262239
0
79.60556189760611
0
25.171537388761568
0
27.773212924851517
0
31.32183426021225
2.5440760632473416
47.8654615836953
1.170161615513989
1.1013801608160312
5.8220552417113876
19.06080045993988
0.10272818188531183
0
3.51521875269597
0.025263878312297157
0.38067746261735963
0.006971339639521834
3.6535813730531155
3.3071536028877975
0.38859961430490175
0.1398150986836718
0.894829991381176
0.6469866501037577
0.2142466577844425
8866975259408498e-22
3.7850965601042366
4.0244074732203226
0.005067628145329434
0.005320361179489159
0
1.3599452866288677
0
7.05024011495548
8.079865013428051
4.456344008189849
0
8.841229171388784
0
0.1712477696340689
0.09159036149427748
33.17931980983066
32.94019353338428
19.07268555262718
89.21443458966249
61.65102777064705
0.10651040609384912
0.0017159923922684139
0.00903869506050974
19.233460203647894
33.555136299728176
1.89601563662478
0.21912065544721
0.03234170183972793
0.23652838324593384
19.443446931082214
0
19.425009568177913
0
12.616888042066783
0.002637072524816886
0.0026360900800749187
15.5866767518015
0.5896947271070397
1.28758543614641
2.9382208312972042
0
5563377244942767e-20
0.005879341515372085
0.07363206546298436
0.017122315210204
0.0028029963795371746
0.0038721875024280623
0.0016220201333606227
0.000693911328194892
1.099362575518571
0.636137400111595
0.08190457428459012
0.24373289303680734
0.0001424381733075439
0.0995517689134137
0.008015437789017395
0.980644261179331
0.09072592306501832
0.1618434353509104
0.025808077110358905
0.01955484174463897
0.6629576556087589
0.001563776330948621
0
1.2318820125303123
0.8493735379361502
0.012675777293465883
0
2.1395550568703787
2062811195337323e-20
0.0059128829285114756
0
0.002286679778097624
0
0.13315483020330948
1.1767307951554922
0
0
0
0
0.03520494536813873
0.575281556595122
0.6118837704680287
3.219257578062443
0.3976670058800739
1.0817023271232704
0.1371680674945291
0.018225759923309204
0.09176718507215002
0.8774287604590065
0.0038368322344966674
1.6429600294269129
9312653591881406e-22
0.04427575392891649
1.6023170762426082
0.38363712097608926
0.17951934227924257
0.0030966940250196926
0.6797105329463357
0.2142806816700927
0.00485668167265713
0.016816227563347587
0.7044186258863174
1.8427158951062397
0.17703533197789365
0.08980816187478911
0.2840454363751146
0.009775860218993173
0.3417403495196956
0.34177786287434825
0.4326205865887981
0.6216262507656926
0.09437678530580841
2.2978574821464703
0.27305135317151163
8.825045885709876
1.9877018473602912
2.6762005715216977
0.18928912795091288
0.3797140292394134
2.3897890720787274
3.8973554661469603
0.9403276472530956
4.659982885937928
6.546535019481275
2.4178604960148764
2.2524442013991157
2.8386753774476388
0.33551791918777496
46.33528546163886
619.5469730262809
4.002282611102466
9897.146308783576
1.0999985585896375
23.219008650151007
1.1815547486609395
45.402445588678546
1.2931231346097718
1.3970365084575131
1.099997551200792
0.9885674294600785
1.1206936219164725
2.701928104880872
0
0.0010829456084045048
0.0002670069149072453
0
0.0029028675819709584
0.015666634000612564
0.023418516832668126
0.03631917808295987
0.020048622670012298
0.020842403380215174
0.02999430176964108
0.020440887336159216
0.030443077061184168
0.02208440482135429
0.021044579703292956
0.03301460057502073
0.02419318187817332
0.019275796498661006
0.023325405045758918
0.019336654353957355
0.02154252601733189
0.025766342612103737
0.04242811259934693
0.02565101077338072
0.018002071736619715
0.0019043936200796167
0.007497703666831917
0.02345055327924148
0.07769939650455049
0.04336469137783199
0.12971111222178397
9120689861662929e-20
0.010208802324476216
0.3037818219923839
4806124988047756e-21
0.07986484445063569
0.011046382235288582
0.0012710982129861953
5486378964050345e-21
12044246760977239e-22
0.11440050037763291
0.09792971946490305
0.004160197834086554
0.042237223207760195
0.020668249993105944
0.0058159110288913945
0.01225178655912235
0.0004830976359726822
0.640039246209707
15699130027247866e-25
0.08557746774099452
0.0003420216225874617
0.009720312846254431
0.01103420528563646
0.00015708429743779
0.0001709018006100415
0.7362859490034811
0.0003936487440690048
0.06015784055751199
0.33829154418319035
131792442799434e-20
25861720750647937e-22
0.0001447455223579234
1257161778121443e-20
0.0005948090111046773
1700333804776954e-20
14432278716966762e-23
10044050037872914e-22
19077320428367254e-21
0.08297631805155836
0.08392992810463028
4350160769112683e-20
0.00021272464023930292
0.020014539086114176
0.008226544830926854
0.10091824752323096
0.020616037283157914
27829575352767562e-21
0.16110228610630578
0.0402169240304287
557348132769231e-21
0.42244004962981013
4458965386986482e-22
0.0037782321429515836
0.0009834765283697681
22994565953098985e-28
0.4397321354189257
0.7204302459909704
0.018438759474623805
0.4064659569853375
0.8973797574348106
0.007458676926146384
0.24518220059954932
22332184597856077e-26
4630637296051605e-21
0.0006297958475273387
9121436334798271e-20
0.1528404610546803
8645607408541331e-22
0.00011182626588785459
0.1981352344808551
0.0009299892523410719
0.01199373422716464
12200883897918435e-21
0.16251283588802723
0.10789114084645528
0.02171291259514174
3147000468448497e-20
0.0001534716046818548
12006680936032642e-23
0.013869422754611333
0.20002338436897885
8333314582933223e-24
11103415567478494e-21
9106413704081221e-21
9651106396317438e-20
10586510000498211e-21
0.5141089006101374
0.1980722971880317
0.005181186295246466
0.0015506636183393366
0.04370551389224289
0.005917318396078323
6760836891817506e-20
0.029245427227418984
8324341625022894e-20
0.0007214666665014741
0.08856293730848065
997038827984715e-21
0.8031374005055335
0.8131390672789038
0.0018313600061060627
0.0005373619891494562
58299101265595306e-25
0.001031818080681879
10390421399323678e-24
0.01038387243681316
0.030207043093920784
0.0009046956756433389
0.00033774333721539417
0.00015457249959295192
261818752712476e-20
0.006160425617792254
0.03160808263885613
0.021940062521411625
11257176066029179e-24
0.8944124622578825
0.0725008148675048
0
0
8178560663596125e-20
6662159551980835e-20
1033639211550381e-21
7596609794542896e-22
0.00019351935590029596
0.009848129870381661
0.0054192917287446355
15204233889808568e-24
0.00013151540599762852
7328781830314829e-21
0.05998217516810968
0.013586907475188707
0.11255759159924075
3845637233974575e-22
0.06481097066068003
0.0077474540340304945
0.00012015751983561404
0.14299010517075808
0.0002965109849441032
18549559457238971e-29
8515525159401837e-20
37361700905707973e-22
0.00012473086577125477
0.016615087229280602
0.003918800135725045
0.00016357698551148497
0.00015213754666379092
3799874524621604e-24
0.0005147366557403343
0.023480608259049005
13135133728730925e-24
0.00180906596163302
0.0018039932757668259
441892580686077e-19
0.12239318443004416
4337421627480476e-20
0.5380674511898871
0.0019142435931038609
0.2298608805280231
0.0033133315061444485
0.0007013556983293481
0.000569603644879933
4475315726855202e-20
0.6557657823286085
12102132253160062e-21
2156807609767637e-20
0.008369741005622818
0.006485135962516627
2171598521768402e-23
8723748235987374e-20
0.003064767809735874
0.15456601067857373
0.031203760960487048
0.00010012249643031857
0.02356096212087715
0.00035424258205825825
0
0.12820067564664328
0.012491000222082878
0.5865675146807984
0.5021686109899225
0.5450312252279224
0.055268972767775135
0.030629468042326073
0.8546176309873391
0.5698140706464567
0.8759131918041871
0.4871820689282072
0.28038974455997967
0.0007657751920973308
0.015986222306956156
0.16627772794588744
0.40335599685040247
0.160581342624453
0.00029931975280467074
0.027769432375054776
0.36591141976780084
0.13033421593007188
0.20389493865810995
