0.11428042519570177
35.12084795851485
35.29374866319803
0
35.77829337427831
0.02302745059651505
35.76465779628509
0
35.79627738674738
0
79.7828637507901
0
25.170113488340018
0
27.585805499276596
0
31.15901601159357
2.5358933161375394
47.74021451108574
1.1695247667286275
1.1001861202669907
5.839543549130089
19.084336888814498
0.10211160093191139
0
3.3394587878548596
0.024089166794189706
0.37905542230427547
0.006970416179630857
3.6391808940444443
3.293211516641122
0.3860522718431378
0.13850221502476087
0.8891071358931071
0.6424811293501368
0.21336847645847695
8840256566631759e-22
3.605641389460392
3.8386807092186337
0.005102833289965652
0.005199569371438249
0
1.3382150480930979
0
6.88349240521483
7.746598113899839
4.45407431462602
0
8.602013609222231
0
0.171638070113355
0.09140144646971746
33.17520434197864
32.940188686811176
19.06712759042066
89.21049255426125
61.64918086034603
0.10647508114210451
0.001710250119492932
0.009038243131450609
19.216881793086262
33.452446990054646
1.8777798320800654
0.2216944553508722
0.03345965862186903
0.24267083222118532
19.489162409445534
0
19.472468474161335
0
12.645361548530355
0.0026592469094647055
0.0026582526762669373
15.572036961603681
0.59099160923254
1.2882769100678926
2.934621357882079
0
57733097773820816e-21
0.00587069118364859
0.07293843469063786
0.01770509741157758
0.002820590556810425
0.0037392034606952675
0.0016283459282008565
0.000692129492098102
1.1198146068334418
0.6340670271152165
0.08163411307667293
0.2434862839652233
0.0001439907106175627
0.09745742279084943
0.007750415776376809
0.9308810188343519
0.09075778925416228
0.1612712097987162
0.02580138956960172
0.018661607330019165
0.6397452976713502
0.0015645334042379885
0
1.2299902751020904
0.8429524096169637
0.012754084674492693
0
2.110631919904996
2056064872139981e-20
0.005924461711137455
0
0.0022848713629415873
0
0.13310397301528112
1.1734641814472453
0
0
0
0
0.03509553689755879
0.573939813038068
0.5866785940609303
3.0565690007048967
0.4005199521591204
1.0713468084013715
0.1380202430131446
0.01827158428837513
0.09241873976045759
0.8454682019139127
0.0038220080734317086
1.637135277359573
9324507858606501e-22
0.04293842038047812
1.5578307433975398
0.3824482160552211
0.16453812019109748
0.0030937729570478566
0.6706403201540698
0.2149132339987116
0.005036037770226244
0.01669048141588964
0.6937371759445188
1.818158466197713
0.17914413541780283
0.08949033043033823
0.283830866112954
0.008982369913850891
0.3408892433494267
0.3409375619892322
0.4342222116401084
0.6210672167718484
0.09128040933146275
2.2592156953403784
0.27307533833577174
8.836808869657514
1.9879777563611845
2.674889786883836
0.18852088282728963
0.38016992903763136
2.3903230738862753
3.894255263804738
0.9380612313072761
4.660845356463174
6.567335824824296
2.468790538456994
2.2557340308420297
2.8254927911080925
0.3377966290824246
46.23042265226112
619.5448540106145
4.0022815356416235
9855.161656077746
1.0999984786585562
23.219005643263426
1.1814953180759669
45.40067647326996
1.2935712056870072
1.3970370938653487
1.0999974712510117
0.9919952512183385
1.120482962180142
2.701872359311326
0
0.0010809493648829356
0.0002796309504242679
0
0.0030711893069152217
0.015242655060831611
0.022684894721106102
0.03502941419924996
0.01945349516791748
0.020246125953834643
0.029005724578981738
0.019726089429461136
0.029343571738558578
0.02138310839580105
0.020415354767397188
0.032055617326530776
0.023432022237435065
0.018703462146972806
0.022645510538819035
0.018767552525690085
0.02075811775878958
0.02499908051772505
0.04143825825668262
0.02496254910075351
0.01745731027507688
0.0019043718398904712
0.007497365865979571
0.023447243170947877
0.07766284720156766
0.04335334843740919
0.12960868132537234
9120684866833393e-20
0.01020817588664676
0.3032090860740342
4806124849355739e-21
0.0798262205763715
0.011045648723828731
0.0012710885106244404
5486378783319208e-21
1204424667387677e-21
0.11432095528687086
0.09787153383565336
0.004160093870948158
0.042226463714494906
0.02066567950493773
0.005815707810643154
0.012250884113870176
0.00048309623460196776
0.6373943660621559
15699130027099886e-25
0.08553309366185625
0.00034202092018845566
0.009719744953286901
0.0110334733913945
0.00015708414927680572
0.00017090162523724988
0.7327437244166318
0.0003936478136108141
0.06013597230362049
0.3375785105932994
13179244175653507e-22
25861720349064234e-22
0.00014474539655868316
12571616832262887e-21
0.0005948068866699136
17003336311847247e-21
14432278704460402e-23
1004404997729994e-21
19077318243139307e-21
0.08293461213504008
0.083887253701492
4350159632863122e-20
0.00021272436852878753
0.02001212879575406
0.008226138132479383
0.10085643652382008
0.020613479779984064
27829570702525542e-21
0.16094373762607606
0.04020717131390465
5573481309040788e-22
0.4213173727044143
4458965375048543e-22
0.0037781463974761796
0.000983470720269665
2299456595309867e-27
0.43851321833242984
0.717045682467459
0.018436714117113336
0.4054285010026139
0.8920077793500572
0.007458342634131819
0.24481155505653948
2233218459782613e-25
4630637167302901e-21
0.0006297934658139041
9121431339151105e-20
0.152697885762071
8645607363661398e-22
0.00011182619080273382
0.19789444132041759
0.0009299840588485938
0.011992869420490585
12200883004110367e-21
0.16235147404042713
0.10782044007815882
0.0217100753794847
3146999873805679e-20
0.00015347146325749887
12006680927376847e-23
0.01386826607532014
0.1997779290196241
8333314582516261e-24
11103414827234622e-21
9106413206164979e-21
9651100803640359e-20
10586509327572329e-21
0.5124281379249345
0.19783165864458913
0.0051810250241431256
0.0015506491783381854
0.0436939915353156
0.005917108027092231
6760834147305513e-20
0.029240275908736128
8324337464339011e-20
0.0007214635409500157
0.08851539791461871
9970388220159384e-22
0.7988868211534832
0.8087763676490047
0.0018313398645823419
0.0005373602552672888
5829910126355457e-24
0.0010318116875366217
10390421398675447e-24
0.010383224317299135
0.030201546885941056
0.0009046907608244341
0.0003377426522791511
0.00015457235613234902
26181874859659564e-22
0.0061601976022750546
0.03160206387201407
0.02193716556249785
11257176065268295e-24
0.8890780336078
0.07246901041186035
0
0
8178556647365694e-20
6662156886999146e-20
10336392051353442e-22
7596609759893091e-22
0.000193519131036886
0.009847546936369706
0.005419115289942591
15204233888420562e-24
0.00013151530214430541
7328781507818298e-21
0.05996043484897771
0.013585797471380638
0.1124806040083146
3845637225094887e-22
0.06478557600394291
0.007747093344404475
0.0001201574331457086
0.14286544886882444
0.0002965104570385185
18549559457238949e-29
8515520805407192e-20
37361700067571824e-22
0.00012473077235666715
0.01661342677322335
0.0039187078899260925
0.00016357682484954586
0.00015213740768744213
3799874524534907e-24
0.0005147350647964819
0.023477289650083003
13135133727694996e-24
0.0018090463075559086
0.0018039737317670978
441892463440474e-19
0.1223020574292931
43374204978760414e-21
0.5362211255613629
0.0019142215870046704
0.2295356642385084
0.003313265567131089
0.0007013527446057504
0.0005696016966837516
44753145242847477e-21
0.6529839604005038
12102131373762075e-21
215680733045864e-19
0.008369320019117879
0.006484883267891716
21715985214852497e-24
8723743666459191e-20
0.0030647113944949787
0.1544201704924149
0.031197895440921684
0.00010012243623966742
0.0235576207311667
0.00035424182856590256
0
0.1281006327664237
0.012490062168993109
0.5843605181488755
0.5005672813935292
0.5431352219840617
0.055250524055229615
0.03062381678506623
0.8497725952424318
0.5677355506394519
0.8708095395742363
0.48567755759800624
0.2799030990099101
0.0007657716708322134
0.01598468526763481
0.16610873359053854
0.40233472272071924
0.16042382680921388
0.0002993192148501448
0.027764788627727483
0.3650745694271884
0.1302307915774911
0.20363978076883632
