0.1425484910070623
35.12911326047193
35.07549728150467
0
35.54797128133822
0.022918875552542618
35.524226724970674
0
35.5299843616359
0
80.45975989261605
0
25.236543283299348
0
26.856991079551335
0
30.354453542429106
2.489722656562697
47.02398093650507
1.1609099415170265
1.0891788225325738
5.9032515265830305
19.115051016403008
0.10030426801959437
0
2.5542086111833946
0.01877877747217018
0.37129383164872776
0.006966104853696893
3.569951720328269
3.226479747259222
0.37435848258376214
0.1332110883977844
0.862037667872698
0.6217858878814164
0.2083809683124902
8799767608860223e-22
2.7969814693466932
3.0094446868380254
0.005249050809964444
0.0052124903086658665
0
1.2369480813808833
0
6.282385214890022
6.694787762467852
4.443396198729471
0
7.713138695866578
0
0.17313632142293872
0.0904213931485451
33.15583574018013
32.94016598252394
19.0314406834142
89.1869871211929
61.640486118741556
0.10609575505976089
0.0016698032721731424
0.009036094189466546
19.15014586569026
32.83237516502946
1.789392508980786
0.23276736993108868
0.03824473480576781
0.2675461055583505
19.641528904228437
0
19.628725390247
0
12.74015725645363
0.0027571395961848736
0.0027560759526097903
15.503381172518301
0.5959942198004246
1.2903833943865934
2.9177321802195775
0
668099619722814e-19
0.005823922585505958
0.06986243491701659
0.02021424462379136
0.0028950418522537907
0.0032703739129616525
0.0016667830131616248
0.0006843628052893817
1.1987304182764833
0.6245757509705947
0.08007324694794604
0.24236371255159353
0.00015073218551619902
0.08993147352988048
0.006893674436207768
0.7252733587824166
0.09055600652926708
0.15897320953795904
0.02566185726402078
0.014817871728011201
0.5351093251135621
0.0015678042817771141
0
1.2211669067119268
0.809573203543173
0.013092023690797238
0
1.9801732873636397
20208980699205865e-21
0.005959001260943563
0
0.00229487174731523
0
0.13287284328216706
1.158304072283636
0
0
0
0
0.03419316092450562
0.567325572098941
0.4789333243929422
2.3259502410472654
0.4114486084608861
1.0221736910175945
0.1418499920201845
0.01847266364500568
0.09245658162116942
0.706389163127608
0.003744338661003282
1.6065625245526909
937672609570243e-21
0.03691160965287615
1.3544977212599187
0.3754100643045112
0.10607884474676303
0.0030785226146270886
0.6298459609718337
0.21767693299214663
0.005801952605657181
0.01615022135649931
0.6489150077510762
1.7064417877679752
0.18862953859325252
0.08807945800837375
0.28164479752205396
0.005844417367631336
0.3353456689133081
0.3354125676751772
0.441344772963016
0.6185048580134058
0.07770206072826369
2.0722438809791828
0.27294980711275735
8.854387575676288
1.9891742944770998
2.6706826936804036
0.18477423734800982
0.38085201170441385
2.3926303352794003
3.8842833917590798
0.926885966506045
4.65187048169175
6.609999268806731
2.7272274870804587
2.270332765165692
2.7703027888326286
0.3470244378089333
45.61211732991561
619.5348778163528
4.002276472393175
9659.879164544132
1.0999981023443899
23.21899148689034
1.1812155600017058
45.392348432595405
1.2953013807758844
1.3970383568934222
1.0999970948488382
1.0035404152103924
1.1194917115481646
2.677002035137279
0
0.0010671974981211097
0.00033594766369960283
0
0.003819765323413246
0.013377094909938518
0.019508414070148705
0.029538765081660603
0.01685648037919414
0.017661424691030665
0.024738721654247012
0.016736581955284862
0.024670236781817168
0.018356797871965452
0.0176839482169626
0.027883497237938797
0.02014175807325963
0.016217459319082892
0.01965354823272599
0.016294040302791614
0.01742322153141727
0.0216704079781493
0.036926482192935685
0.02191462001704667
0.015096302643195822
0.001904269302457536
0.007495775709487474
0.023431665511259994
0.07749100454589698
0.043299985909621246
0.12912752411093423
9120661351293098e-20
0.010205227143889283
0.3005271297331257
4806124196396007e-21
0.07964463083080248
0.011042196018087718
0.0012710428330565714
54863779324400045e-22
12044246263809194e-22
0.11394720080893778
0.09759806100910655
0.004159604449073731
0.04217584500963468
0.020653581982876507
0.005814751157808074
0.012246636309230893
0.00048308963702582437
0.6250884213937745
15699130026403189e-25
0.08532449017617012
0.0003420176133246246
0.009717071768106024
0.011030028297325923
0.00015708345173915447
0.0001709007995873882
0.7162946087481519
0.0003936434330581822
0.060033123681254366
0.33424170112779733
13179243684658408e-22
25861718458414715e-22
0.0001447448042993544
12571612364615259e-21
0.0005947968849671976
17003328139155418e-21
1443227864558066e-22
1004404969212336e-21
1907730795512469e-20
0.08273854283895088
0.08368663466045721
43501542834224676e-21
0.00021272308932471836
0.020000785087105233
0.008224223672875683
0.10056593963442438
0.020601443358554686
27829548809271425e-21
0.1601993879588243
0.04016128745024321
5573481221229728e-22
0.4160717860097227
4458965318844919e-22
0.003777742735304564
0.0009834433762887615
2299456595309718e-27
0.43281982022234816
0.7013236243560798
0.018427087655020685
0.4005796426365699
0.8671455045139448
0.007456768994013413
0.2430740763907777
22332184597685146e-26
4630636561156122e-21
0.0006297822528664167
9121407819761429e-20
0.15202842857551746
8645607152367405e-22
0.00011182583730387143
0.19676471710309534
0.0009299596083593078
0.011988798762376065
12200878796077243e-21
0.161593935209797
0.10748820401072794
0.02169672279447419
314699707423837e-19
0.00015347079743565896
1200668088662549e-22
0.01386282174385397
0.19862637022750315
8333314580553209e-24
1110341134217905e-20
910641086198369e-20
9651074473450248e-20
10586506159448683e-21
0.5045886687065261
0.19670265856900995
0.005180265829830571
0.0015505811968519786
0.043639785267439654
0.005916117713778626
6760821226202211e-20
0.02921603577241495
8324317875934212e-20
0.0007214488260860033
0.0882919258668599
9970387939150355e-22
0.7791754611333831
0.7885492792530642
0.0018312450415893162
0.00053735209225313
5829910125394683e-24
0.001031781589243911
10390421395623595e-24
0.010380173524567545
0.030175684261338043
0.0009046676222949054
0.00033773942762900863
0.00015457168072392907
2618187292190979e-21
0.006159124222283637
0.031573743010417245
0.02192353186539035
11257176061686056e-24
0.8643879805138648
0.0723194629103084
0
0
8178537739043974e-20
6662144340322581e-20
10336391749334565e-22
7596609596762364e-22
0.0001935180723870828
0.009844802956022957
0.005418284696084885
15204233881885858e-24
0.0001315148132056342
73287799895100165e-22
0.05985818760501756
0.013580572809671575
0.11211885461722347
3845637183289454e-22
0.06466615200178277
0.007745395449068195
0.00012015702501186971
0.14228002762641012
0.0002965079716801531
18549559457238843e-29
8515500306900402e-20
37361696121640565e-22
0.0001247303325632324
0.01660561160222696
0.003918273627364899
0.0001635760684578431
0.0001521367533907351
3799874524126742e-24
0.0005147275747245073
0.02346167199356988
1313513372281786e-23
0.0018089537793462773
0.0018038817217759455
44189191145048045e-21
0.12187394378086047
43374151797204975e-21
0.527613421072925
0.001914117986043091
0.22801072292575614
0.003312955144949505
0.0007013388386897445
0.0005695925246970244
4475308862606747e-20
0.6400449200104503
1210212723357137e-20
21568060154768652e-21
0.008367338305931544
0.006483693717959425
2171598520152174e-23
8723722153226233e-20
0.0030644458064022035
0.15373540405145747
0.031170295480520645
0.00010012215286353702
0.023541895888290924
0.000354238281157557
0
0.12763068047181295
0.012485646776613415
0.5740810730078728
0.493096589516132
0.5342971116820423
0.05516375052379421
0.030597224763676233
0.8273287396480704
0.5580513276422816
0.8471783270420012
0.47865653382037493
0.2776233041076674
0.0007657550929902884
0.015977450896709156
0.16531541578827463
0.39756121633701796
0.15968431843649164
0.000299316682181888
0.02774293637207914
0.3611603351467918
0.12974497305396762
0.20244278531782126
