0.2785992213520618
35.03832666413758
34.949122184389736
0
35.36089377587114
0.023116718273474484
35.335238398996
0
35.33672460102314
0
82.36560293604622
0
25.426456069294954
0
25.52872369076358
0
28.00003239793996
2.332295391633972
44.702910422778025
1.1246710386841607
1.0460512548555685
6.072514634855711
19.004529620433583
0.09858947724693004
0
0.47749114406233006
0.003726194518221801
0.3316971461745
0.006946719865214783
3.204343984958673
2.885583850632617
0.3182181771373374
0.11007172026988962
0.7303357354976829
0.5230830739892973
0.18057594872256527
8825007741280907e-22
0.5362788233474745
0.5929766522345793
0.0060049275331900106
0.005951588797828421
0
0.7951306022741457
0
4.681896171907023
4.75962944424615
4.392289992248059
0
6.165216104100721
0
0.17754001653810877
0.08722497012509335
33.06277593776517
32.94005769511173
18.80029234559078
89.01765008022761
61.59852832896889
0.10253004612296807
0.0015985503158031666
0.009025562240135867
18.897485785745175
30.69931056444591
1.3003120762418336
0.27434878880429864
0.05562263421400913
0.3512039719451083
20.038702082353506
0
20.02830651505703
0
13.012069091644381
0.003224470706499086
0.0032231312414331714
15.177802269781075
0.6109618747115939
1.2936406025533362
2.837793035680208
0
0.00010127087270784086
0.0056944824954582775
0.06171428315878948
0.02847942349992274
0.003214700175435798
0.002264175018744449
0.001709790892141557
0.0006748200908936074
1.3983472028406405
0.5823944687720801
0.07302407228842361
0.2370042052571109
0.0001809381072335097
0.07175999362913456
0.005199778992138617
0.2043629509413692
0.08794482604713687
0.156022236811997
0.024614190061223153
0.004275750673040701
0.19073357200539395
0.0015715055235160215
0
1.1796312091415726
0.6961830660445064
0.014711415258734983
0
1.46464437161817
18334389198396626e-21
0.005995384619631011
0
0.002318280524036956
0
0.13189139478360487
1.0892275073272575
0
0
0
0
0.029607248276043045
0.5333752093727189
0.1647141129588104
0.4323097972051396
0.4298832471984227
0.8195670798623815
0.1565471740018372
0.0195063036748131
0.06644588428056789
0.31259200261526343
0.0032221964842344864
1.398481474453492
9559471564679736e-22
0.01740870923393674
0.6626528540434896
0.3342226921234816
0.0092413276769397
0.0029880506104995297
0.469581430297076
0.22684001528614156
0.008466975038043384
0.015141960342703152
0.5133596337831607
1.2586167287382282
0.22488155683382935
0.08701058680660952
0.2677291215139413
0.0005233349991533126
0.3050161514580817
0.3050833940318214
0.46685570877372945
0.6075623018237196
0.03494301992884485
1.263364176168078
0.2814103655324935
8.816967453500059
1.993038213450254
2.6578876207900604
0.16649092285969466
0.37940993108914844
2.3998987485869776
3.8538856653184497
0.8696115127320853
4.640661034182523
6.566073051865566
3.7607351399410613
2.3221388077797824
2.69756388913441
0.38077031775789333
43.63125204655297
619.4868658651822
4.002252103689595
8772.793015574287
1.0999962911923074
23.21892335412535
1.1798700450714452
45.35228795951225
1.2995280277823582
1.3970310545799125
1.0999952832730568
1.0151521513889838
1.1147331979344062
2.609856095017761
0
0.0009858181904511918
0.0005411132777736688
0
0.006447061066740009
0.0081690495670378
0.010899200715929286
0.015191665317864377
0.009670263355909911
0.010557958457240448
0.013196257446825694
0.009367454320109655
0.012516978820960539
0.01022711286886301
0.010275751653088083
0.01655804179810857
0.011266625907928164
0.00946667660689353
0.011245240756656618
0.009570562951534132
0.008727747162785201
0.01266137210039255
0.022992336526890512
0.013227743004121696
0.008717005334755541
0.0019037758796045768
0.007488127198011502
0.023356836795430807
0.07666925081776087
0.0430440759680902
0.12683664244655854
912054817473271e-19
0.010191047117566451
0.28794733451970617
4806121053782219e-21
0.0787764233380549
0.011025593660351315
0.0012708230154903782
5486373837264709e-21
12044244290204496e-22
0.1121653883186168
0.0962925210033157
0.004157249726990147
0.04193307090130875
0.02059545708316443
0.005810149105962507
0.012226212740781109
0.0004830578849621721
0.5691044079771511
1569913002305005e-24
0.08432760182581064
0.00034200169824222205
0.009704216336585043
0.01101346252375566
0.000157080094619402
0.0001708968258917638
0.6421473083630185
0.0003936223506780377
0.0595405810757209
0.31863766568367263
13179241321559517e-22
25861709358952626e-22
0.00014474195386181374
12571590862397921e-21
0.0005947487503524054
1700328880504795e-20
14432278362199678e-23
1004404831960357e-21
19077258440250988e-21
0.08180135003123584
0.08272777089775346
43501285373133574e-21
0.0002127169327801815
0.019946279091435964
0.008215015844494623
0.09917947530553163
0.020543611779617187
27829443439968035e-21
0.15666479774549344
0.039941185443406725
55734807986059e-20
0.3917246668690093
44589650483437887e-23
0.003775800562033352
0.0009833117837000206
2299456595308997e-27
0.4064353003241767
0.6303450840109577
0.0183808269379402
0.3780416602467037
0.7568431690217285
0.007449199900522058
0.23488275028743036
22332184597006643e-26
46306336438472e-19
0.0006297282891192758
9121294624674647e-20
0.14884724143737907
8645606135435433e-22
0.00011182413597287627
0.1914170558853814
0.0009298419401479955
0.011969226503620667
12200858543350735e-21
0.15799714622774214
0.10590345715085696
0.02163257322991319
3146983600299449e-20
0.00015346759295729152
1200668069049425e-22
0.01383664872734561
0.19317623352070173
8333314571105294e-24
11103394569049736e-21
9106399579735379e-21
9650947750482577e-20
10586490911671773e-21
0.4685036632538926
0.19135839637252705
0.005176613476685769
0.0015502540519926448
0.04337983635587813
0.00591135377535665
6760759038863733e-20
0.029099651772160087
8324223599991526e-20
0.0007213780094501215
0.08722424917450033
9970386586688507e-22
0.6909006415274808
0.6980540468797242
0.0018307887388396204
0.0005373128064027127
58299101207706154e-25
0.0010316367421371745
10390421380935453e-24
0.010365502967898175
0.030051520087623185
0.0009045562676709048
0.00033772390821442153
0.00015456843010740455
26181863595760073e-22
0.006153960791826259
0.0314377928049785
0.021858032987157446
11257176044445158e-24
0.7548169483034199
0.07160401473860503
0
0
8178446736224376e-20
6662083955039128e-20
1033639029575492e-21
7596608811634269e-22
0.00019351297731655878
0.009831607207169095
0.0054142889302702755
1520423385043516e-23
0.00013151246002926256
73287726820830506e-22
0.05936851785124582
0.013555455246429733
0.11039400719718027
384563698208504e-21
0.06409445116917449
0.007737228891150193
0.00012015506073320059
0.1394958492224696
0.0002964960102468685
18549559457238358e-29
8515401650794001e-20
3736167713036367e-21
0.00012472821591311486
0.01656804953904702
0.003916184248051242
0.00016357242808636354
0.00015213360438037253
3799874522162301e-24
0.0005146915274521986
0.023386651335442123
13135133699344793e-24
0.0018085085186294965
0.0018034389546257414
4418892548000529e-20
0.11983435516604339
43373895841819766e-21
0.4880794482153052
0.0019136194457619123
0.22081189358178255
0.0033114615278829855
0.0007012719150799213
0.0005695483831168452
44752816137457916e-21
0.5812683065985808
12102107307361592e-21
21567996866422365e-21
0.008357807125511643
0.0064779716117755294
21715985137362373e-24
8723618613419255e-20
0.0030631678854356535
0.15048194490413563
0.03103780142826714
0.00010012078902022993
0.023466360852938097
0.0003542212084136131
0
0.12539286255389476
0.01246441785968359
0.5270809492679421
0.45867143434847
0.4937310017171707
0.054748022725237315
0.030469563278165215
0.7273279709674535
0.5137035839694875
0.7421111177758264
0.446259159013663
0.2669080041665296
0.0007656753108924078
0.015942678531035016
0.16154995300002012
0.3753673029766522
0.15617256211596428
0.0002993044930602645
0.027638004490415063
0.3429007203743294
0.12743201957084963
0.19677948204573453
