0.3041280410969482
35.017012293297924
34.927751463819476
0
35.32778329562327
0.023155802247942923
35.30212396320747
0
35.30370273579637
0
82.56153424063697
0
25.423912177830527
0
25.456370091026464
0
27.84307166203603
2.3177005417193555
44.53380226609682
1.1224545533599535
1.043288018263422
6.0914118291892105
18.97871118532923
0.09956806317789588
0
0.35085689568596656
0.002754401738955779
0.3238579307034944
0.006943365499110153
3.129859885269234
2.8180041798761937
0.30762121290131034
0.1057779806609265
0.705552017488357
0.504600469272116
0.17509798441311414
8828055942496375e-22
0.39068012116835793
0.429656795023136
0.006177918725151225
0.00612179711776922
0
0.72366935251064
0
4.495137272160217
4.5544024080152035
4.3827595010447995
0
6.075104481960256
0
0.17804584936375759
0.0870021907109392
33.045343246183116
32.94003749595772
18.75489663192134
88.98182862581997
61.590626529851065
0.10166906622084858
0.001619161181527788
0.009023562263165242
18.851798719112857
30.497649158923032
1.1972006001733266
0.28050534612241984
0.05832632933417913
0.36792566230618173
20.092491846619197
0
20.082253272042742
0
13.054401969152588
0.00331707868407686
0.0033156892109817773
15.1175542913053
0.6127286053326022
1.293905960502182
2.8230418134537416
0
0.00010671775666645496
0.005694532790674602
0.06097973689869984
0.029525696185988874
0.00327297684273213
0.0021754000341634183
0.0017035541636200317
0.000681396793030863
1.4195583936076999
0.5748494220361081
0.07179038963184341
0.2358263556016865
0.00018647167238801144
0.06942690301685644
0.005001202153269689
0.16047007591173026
0.08727265295005382
0.15608388911779011
0.024398552871529026
0.003337187708307506
0.15429108197371794
0.0015686502116686134
0
1.1719218281232728
0.6830328352726215
0.015039235616309349
0
1.385239536381463
1797342853623187e-20
0.0059913345402079704
0
0.0023138425208769115
0
0.131721787689219
1.0767366351438465
0
0
0
0
0.02886413672546292
0.5268699371209148
0.13355135711584182
0.3168535203703355
0.4303611993888575
0.7879841236715238
0.15871201612864716
0.019718104279006513
0.062146535552306315
0.2800819010446113
0.0031048387330586693
1.3510792153556068
9583451178057256e-22
0.015488321326942717
0.5914763066695857
0.32585438317839777
0.005718427854565038
0.0029699746848882657
0.4448964314799419
0.22793166442337115
0.008844541124872157
0.015152849068805678
0.49625208276907296
1.1901185185511964
0.23010968762194264
0.08759730956455976
0.2651397652109774
0.0003243284343398787
0.29950250393967226
0.29956883477630314
0.47019951353841916
0.6057225265966555
0.030378380508807833
1.1505107152373708
0.28443208805194076
8.80752968537115
1.9938562942521632
2.6553893628107095
0.1631563381092548
0.37904556498655917
2.4014540999714615
3.8479753312821368
0.8586611448325651
4.644984266594068
6.555038350627832
3.8956513442422604
2.3293516740051596
2.696529422527089
0.38605985234104
43.45121000803826
619.4778572252613
4.002247531115892
8615.651157072823
1.0999959513445923
23.21891056958505
1.1796177409028616
45.34477487596363
1.299974360499163
1.3970287573572238
1.0999949433458032
1.0141029601234335
1.1138425577900617
2.6105470812618643
0
0.000970328736056253
0.0005691691957369021
0
0.006784752007782268
0.007701490398371554
0.01012145575603252
0.013908059964925126
0.009012763778328286
0.009923768719525456
0.012138810839029792
0.008765755562695092
0.011436314610037761
0.009498556092141234
0.009618098877104355
0.01556478060452156
0.010468348732239802
0.008868211397669702
0.010468823242991199
0.008975788464391482
0.007949423046254131
0.011865881652806807
0.021601030139521044
0.012427842598975385
0.008151362421748805
0.0019036833070420263
0.0074866928865085485
0.02334282244165293
0.07651602917133028
0.042996225334668
0.12641132763647098
9120526938222531e-20
0.010188388546497527
0.285646190049949
4806120464096375e-21
0.07861456892011114
0.011022481144703618
0.0012707817727371793
548637306883851e-20
12044243919873566e-22
0.11183416344891862
0.0960494999846346
0.004156808030978474
0.04188767225928164
0.02058456865647834
0.0058092859740649285
0.012222384220151348
0.0004830519271766507
0.5591722804501994
15699130022420858e-25
0.08414184570411641
0.00034199871198818346
0.009701806014521343
0.011010356863636247
0.00015707946469101315
0.00017089608027019755
0.6291145667150924
0.00039361839486564266
0.05944861072087272
0.3157919135633312
13179240878143158e-22
25861707651512475e-22
0.00014474141900650626
12571586827684755e-21
0.0005947397187151009
1700328142433079e-20
1443227830902553e-22
10044048062061347e-22
19077249149199522e-21
0.0816266798894123
0.08254907585573054
4350123706281087e-20
0.0002127157775742213
0.019936068045293194
0.008213289218976863
0.09892145434737055
0.02053277825423152
27829423668314492e-21
0.15601030256476361
0.03990001968924106
557348071930396e-21
0.3873174606817047
4458964997586441e-22
0.003775436240192015
0.0009832870933765797
22994565953088625e-28
0.40166671733383735
0.6178499634457536
0.01837215943771841
0.37395609432833127
0.7377663959840273
0.007447780477646647
0.2333767569930235
22332184596879324e-26
46306330964379685e-22
0.0006297181637735956
9121273384688181e-20
0.1482577770005288
8645605944616383e-22
0.00011182381673475241
0.19042992559887253
0.0009298198623183778
0.011965557489399262
12200854743094069e-21
0.15733121268731315
0.10560870609787301
0.02162055723348944
3146981072030159e-20
0.00015346699167028565
12006680653691806e-23
0.013831743081256684
0.19217034818649964
833331456933247e-23
11103391421710433e-21
9106397462714245e-21
96509239721275e-18
10586488050552143e-21
0.46202590203642724
0.19037188825308546
0.005175928429129687
0.00155019267359559
0.04333123185867102
0.005910460288361243
6760747369976116e-20
0.029077864970714882
8324205909991958e-20
0.0007213647220554369
0.08702535162355177
9970386332909994e-22
0.6754870024602068
0.6822685078516119
0.0018307031299872269
0.0005373054350505024
5829910119902946e-24
0.0010316095650143714
10390421378179339e-24
0.010362752467747151
0.030028278675024715
0.000904535374403188
0.00033772099620119186
0.00015456782016310812
2618186184578384e-21
0.006152992398279184
0.03141234814986322
0.021845764474121208
11257176041210042e-24
0.7358608741965511
0.07147055744898721
0
0
8178429660393754e-20
6662072624289816e-20
10336390023002473e-22
7596608664311338e-22
0.00019351202128270985
0.009829133103101583
0.005413539485521514
152042338445337e-22
0.0001315120184794306
7328771310904265e-21
0.059277082615375655
0.013550747317661021
0.1100733226314207
38456369443306593e-23
0.0639877406615261
0.007735697462292155
0.00012015469215576517
0.13897952376248268
0.0002964937658343738
18549559457238267e-29
8515383138900506e-20
37361673566805152e-22
0.00012472781874483318
0.016561010794710423
0.003915792317074897
0.00016357174500911071
0.00015213301350129667
37998745217936885e-25
0.0005146847637542425
0.023372601067907974
1313513369494026e-23
0.0018084249812681933
0.0018033558850595961
4418887563028556e-20
0.11945546350927878
4337384781402912e-20
0.4809982257487218
0.0019135259131775493
0.2194866363741649
0.003311181337756006
0.0007012593581171198
0.0005695401006873318
4475276500735794e-20
0.5708563908238964
1210210356837306e-20
21567984990896483e-21
0.008356019886665471
0.0064768984676380524
21715985125323388e-24
8723599185148399e-20
0.003062928153283589
0.14987917587340405
0.031013002816179525
0.00010012053310812844
0.023452214342450452
0.0003542180049429102
0
0.1249773470320478
0.012460438448773132
0.5187003868752434
0.45248485829372137
0.48646959413208146
0.05467036457924707
0.030445668049907147
0.7099571432380264
0.5057835514009996
0.7238997403412629
0.440429006793182
0.26494393771421815
0.0007656603413529111
0.015936162214988857
0.16085301062473525
0.3713429900145717
0.15552226660950524
0.00029930220592543614
0.027618359139404733
0.3395787579672097
0.1270026293048101
0.19573459758642367
