0.3424212707142778
34.9829682893713
34.892921905653175
0
35.27522715407964
0.023212358547664364
35.24957276605757
0
35.251307282496676
0
82.78253681062704
0
25.41036787537953
0
25.380427547209056
0
27.683686343008198
2.2998163238453806
44.35224723746859
1.120306437607401
1.040566680612609
6.114588800645946
18.938618611365108
0.10193807231166305
0
0.234770035061939
0.0018604621203243805
0.31181988401020294
0.0069385082109485186
3.014822805449534
2.7141694600577893
0.291749436854565
0.09940731942669494
0.6684608633940572
0.4770050497187658
0.1668120398456253
8830347066705488e-22
0.25602669922722093
0.2774096781322692
0.006451443039137795
0.006391829457161955
0
0.6225416967838104
0
4.256495017266387
4.294240496797917
4.368500149275874
0
5.977477134635668
0
0.17866954433775117
0.08676489361373992
33.01921148713725
32.940007250966374
18.686533573527825
88.92726345423539
61.578754927304004
0.1003016767617785
0.0016706996150949761
0.00902055142413471
18.783129659601016
30.26651516164297
1.0380494797082802
0.28883911306405874
0.06217240108698365
0.3963322443748666
20.165435306502673
0
20.155383769654062
0
13.11467628704069
0.003459649775090695
0.003458187050351045
15.027665287924352
0.6149393628868218
1.2942007030755642
2.8010606169927246
0
0.00011446370316027694
0.005700949983017732
0.06012191277481306
0.030873552611591307
0.003359794330973836
0.002071688331336898
0.0016924299567699977
0.0006971342437459386
1.446135495676796
0.5636691976901684
0.06990570869653673
0.2338893152617458
0.00019468329636069084
0.06630194520594755
0.0047429286501793145
0.1119604580591953
0.08614555918285623
0.15622965622021584
0.024063617738075953
0.002294966338599721
0.111949609889039
0.0015617948618649972
0
1.160370396109938
0.666006519320077
0.015547826463661337
0
1.2746682580090098
174331798195592e-19
0.005980816382812408
0
0.0023049731309701515
0
0.13147186174372558
1.0581710268362656
0
0
0
0
0.027757677617273817
0.5170829017195746
0.09752609378098084
0.20447198280568651
0.4303879683795971
0.7438725019182212
0.16166010528074154
0.02004735052449234
0.057055766582730705
0.24627789798048522
0.002922445897257324
1.2769317113593424
9614441194940685e-22
0.013319191800433497
0.5102938853873795
0.31297901735799405
0.0027696735167063195
0.0029426815414127856
0.4104519015472366
0.22926483482803697
0.009359692595713898
0.015238132835057023
0.4731025405883667
1.0955803145541543
0.23711447178207584
0.0887582943346044
0.26130078013714547
0.00015711355125717577
0.29136729869942396
0.2914323569627775
0.4744599973825436
0.6030638991023678
0.02497810890791162
1.0085804011701487
0.28947668203759624
8.792715734465817
1.9952605213120835
2.6516668865927175
0.15823551166393288
0.3784733851612526
2.4041497459931387
3.839180449217934
0.8422024285087867
4.6525816091425
6.540066580390776
4.067411679574722
2.3390639391281565
2.6959781803930367
0.3935306092477642
43.24702020157189
619.464344511013
4.002240672265134
8385.200307598852
1.0999954415732165
23.218891392787793
1.1792393858080408
45.333507584241225
1.300543143606956
1.397025083032393
1.0999944334551337
1.011708346507888
1.1125079316794535
2.614928664544392
0
0.0009471737724897418
0.0006060694552307342
0
0.007215643471306803
0.0071866134308772485
0.00924181649279736
0.012435760386540578
0.008269857705608282
0.009224917336173165
0.010924003726664414
0.008114333908098573
0.01019955197959599
0.00867659985668673
0.008888255093674009
0.014477464116313345
0.009566653919839394
0.0082056353067231
0.009589456833008254
0.008319307101690245
0.007054307804383624
0.010987025279606454
0.020001883844688186
0.011536007919487399
0.00752277105551695
0.0019035444566382793
0.007484541934365512
0.02332181667584049
0.07628677065370239
0.042924549104652175
0.12577602802562526
9120495083549976e-20
0.010184401990243737
0.2822289080661844
4806119579567745e-21
0.0783724106049959
0.011017814018642996
0.0012707199111170078
5486371916199412e-21
1204424336437719e-21
0.11133915919477289
0.0956861179688946
0.004156145574951189
0.04181966643703408
0.020568246808943518
0.005807991516631354
0.012216643686959985
0.00048304299063614385
0.5445981496204501
1569913002147707e-24
0.08386397845607736
0.0003419942326560162
0.009698191653891223
0.011005700015425668
0.00015707851980316644
0.0001708949618439478
0.6100597226861088
0.0003936124612215906
0.059310921489163615
0.3115708682538851
1317924021301865e-21
2586170509035247e-21
0.0001447406167272508
12571580775617431e-21
0.0005947261715163019
17003270353261055e-21
14432278229264312e-23
10044047675748026e-22
19077235212630813e-21
0.08136537375127215
0.08228175675938026
43501164597427426e-21
0.00021271404477704402
0.019920761276456422
0.008210699961115356
0.09853568096917226
0.020516538677051634
27829394010860516e-21
0.15503368297941314
0.03983835059657679
557348060035105e-21
0.38079944773408325
445896492145042e-21
0.0037748898233406704
0.0009832500590538347
229945659530866e-26
0.39461854056659307
0.5995701568545931
0.01835916585022671
0.3679103838767881
0.7100490188371854
0.007445651850442686
0.23113585259266847
22332184596688344e-26
4630632275324242e-21
0.0006297029760603329
9121241524801218e-20
0.14737795444632146
8645605658387815e-22
0.00011182333787927541
0.18895876682074483
0.0009297867465568372
0.011960056076752537
12200849042711292e-21
0.1563375714407023
0.10516811696589119
0.02160254575217121
3146977279630032e-20
0.00015346608974419406
12006680598488144e-23
0.013824387873020575
0.19067133240389347
833331456667323e-23
11103386700703153e-21
9106394287183465e-21
9650888304704731e-20
10586483758874147e-21
0.45247680636327176
0.1889016536302178
0.005174901027771481
0.0015501006105564576
0.04325842720331866
0.005909120311077547
6760729866682447e-20
0.02904521534916313
8324179375063092e-20
0.0007213447914223083
0.08672785537316105
9970385952242239e-22
0.653008896733464
0.6592569852862127
0.0018305747242144369
0.0005372943782117997
5829910118601441e-24
0.0010315688006725591
10390421374045166e-24
0.010358628085926802
0.029993450254107944
0.0009045040354064631
0.00033771662822842615
0.00015456690525117637
2618185922081971e-21
0.006151540093677447
0.03137421977576493
0.021827374614780244
11257176036357367e-24
0.708315614234493
0.07127083775886466
0
0
817840404671467e-19
666205562820198e-19
10336389613873815e-22
7596608443326947e-22
0.00019351058724079243
0.009825423114332512
0.005412415512902609
15204233835681508e-24
0.00013151135615746234
7328769254136567e-21
0.059140193735313235
0.013543688490152445
0.10959404161095912
38456368876990894e-23
0.06382800792338414
0.007733400887327993
0.00012015413929173193
0.13820861669310697
0.00029649039924748745
1854955945723813e-28
8515355371135722e-20
3736166822146802e-21
0.00012472722299478191
0.016550458284675704
0.003915204494154862
0.00016357072039857994
0.00015213212718698585
379987452124077e-23
0.0005146746183739646
0.023351541492160933
13135133688333457e-24
0.0018082996824612446
0.0018032312878846922
4418880085581142e-20
0.11888937104821343
4337377577244286e-20
0.47056855687191496
0.0019133856228727264
0.21751364911931645
0.003310761097016491
0.0007012405230945003
0.0005695276772688935
447526883123175e-19
0.5555871630203756
12102097959892433e-21
21567967177619923e-21
0.008353339744966243
0.006475289084755661
21715985107264907e-24
8723570042823242e-20
0.003062568590233997
0.14897954638944813
0.030975842043635488
0.00010012014924120267
0.023431010565322697
0.00035421319979117674
0
0.12435665400612146
0.012454471714418288
0.5063787246572158
0.44336110080236496
0.47577723178596004
0.05455408385270686
0.030409860339338953
0.684675674908173
0.49413186413498567
0.6974171860414151
0.4318262820154627
0.2620249036930499
0.000765637887592413
0.015926392734530236
0.15981323052722377
0.36538727206728683
0.1545518969516777
0.0002992987752559631
0.027588917292471784
0.33465605916854163
0.1263612552397982
0.19417766467045794
