0.6168560829718057
34.65632287978251
34.548566647508665
0
34.80543293251666
0.023548210530589125
34.77978730297134
0
34.78236530975323
0
82.87873003341049
0
25.221175986397803
0
25.126852856593548
0
27.261004251955356
2.2116678127352363
43.756947971331954
1.1131647091177734
1.031598372614835
6.2246707095904314
18.663461204366538
0.12900158805270573
0
0.12537653285466113
0.0011974072820424887
0.21722972778307328
0.006909228539865078
2.10231159909084
1.8958315365396299
0.18328398201188983
0.05817284941470986
0.41479132720766443
0.2904027045134474
0.10824392777968535
8702712894491253e-22
0.12364704476613973
0.12322152316473184
0.008813680745962282
0.008732053591127947
0
0.11100202712552562
0
3.3002874385937595
3.2774728789589194
4.2676125712638155
0
5.6492468025983404
0
0.18184831493139084
0.08566641943887136
32.832538243024096
32.93979122703388
18.18931326483271
88.52507716447357
61.492978166705676
0.09017145459004254
0.002329926013501503
0.00899880917749214
18.283759764758138
29.731750295176756
0.16074927172926426
0.32310969120802835
0.08500465828802029
0.6508278972087
20.57985985826532
0
20.56906321400505
0
13.47766173209254
0.004652420201012669
0.004650503683552871
14.399226692533759
0.626612584909657
1.2943672152311232
2.6485072574013286
0
0.00016143435831842058
0.0057869320385828486
0.057380883522026235
0.03519398962679641
0.003979529337343434
0.0017862953399133581
0.0015846051970360693
0.0008752616813772832
1.5410041817418043
0.4861523120434771
0.053851369216888455
0.21764654148590096
0.0002578543118699271
0.05162791040423534
0.0036552956989362733
0.01270459175551134
0.07679161222819275
0.1576848649273516
0.02155616870931843
0.00020239567214879999
0.015505819729129403
0.0014752845502883233
0
1.0768677449585526
0.5849945461134128
0.019932073449728426
0
0.7113353258611275
13912363470798759e-21
0.005857951901182492
0
0.002222253059324492
0
0.12973065558907665
0.9287926919681364
0
0
0
0
0.01946386608917249
0.4486659994690019
0.014675846086757724
0.020384403314866507
0.42045608820654845
0.5162876451238938
0.1750918583724672
0.023015284325476008
0.04492632149497151
0.1917532448166639
0.0016417156164050344
0.7388233992023722
9703666458397327e-22
0.00793764417808976
0.30384470421112164
0.21361374481770795
12601449144437685e-21
0.0027430580245895748
0.23107800953087962
0.23081540023985117
0.011881423493065604
0.01706216703754034
0.3436227213782316
0.6377702067707286
0.2630014343120323
0.10199123148650763
0.23632425086060949
6895129527039731e-22
0.23843771263512362
0.23849080141021695
0.48328568331940214
0.5862404805038882
0.010789788970133638
0.6221274461210302
0.3347895158425442
8.691902919013156
2.0107549367880173
2.6306281283920834
0.12675352665725279
0.37457500682355477
2.4347067038269348
3.789540064952749
0.7277290006539782
4.716434579949964
6.475330545853555
4.539051041516345
2.3804156017775893
2.6921331334535292
0.43561077187678143
42.813235400574534
619.3675120174889
4.002191517512004
6904.438164998047
1.0999917882186037
23.218753959537604
1.1765313899422793
45.25284054856901
1.3028458807291343
1.3969951275773345
1.0999907792451242
0.9817630312093018
1.102989794888222
2.6800803715358783
0
0.0007922612103807315
0.0007346491082276911
0
0.008408286041845738
0.006433418516425448
0.00728389926011774
0.008471902814411257
0.006675960078148874
0.008227675218928357
0.007723274338107366
0.007273205244116948
0.006938932312604429
0.006877066731925753
0.007647303965513468
0.013071182804066427
0.007559024529447086
0.007130821801509977
0.007674261279457268
0.007313541190882975
0.0045975162199679235
0.00960473347669931
0.016466005432859615
0.010059787980632628
0.006423981078908325
0.0019025496584018826
0.007469144851039841
0.023171827498446988
0.07466372954943501
0.04241435414888767
0.12131552213426441
9120266794985803e-20
0.010155877281789323
0.2589057862545975
4806113240450654e-21
0.07665863370917742
0.010984424061376211
0.0012702766576228768
5486363655626299e-21
12044239383320584e-22
0.10785516599338534
0.09312180011981623
0.0041514010618961
0.04133551162526904
0.020451651680921123
0.005798723008649426
0.012175582023609204
0.00048297895026711875
0.4506903641688106
15699130014713253e-25
0.08189926812117586
0.0003419621324922948
0.009672328110072596
0.01097238352528317
0.00015707174827326068
0.00017088694667001918
0.48937795846649584
0.0003935699393900473
0.0583334366986212
0.2829265444701653
13179235446293997e-22
2586168673537983e-21
0.00014473486718938585
12571537402553565e-21
0.0005946290922881587
1700319101080558e-20
1443227765764224e-22
10044044907169656e-22
1907713533418633e-20
0.07951699865161774
0.08039113458031488
4350064526571191e-20
0.00021270162681034048
0.019811406145906405
0.008192167484850455
0.09581464628829672
0.02040053029677002
2782918146669858e-20
0.14821120027440557
0.03939916921419102
5573479747855268e-22
0.33718829221619506
4458964375808972e-22
0.003770976149482565
0.0009829846872231624
22994565953072114e-28
0.34759823800338235
0.48346501298434413
0.018266313673531164
0.327349962462088
0.5396383516399026
0.007430414481817739
0.215693443955703
22332184595319647e-26
4630626390680135e-21
0.000629594141500822
9121013198867897e-20
0.14122350328837735
8645603607083359e-22
0.00011181990614169742
0.1787428281304401
0.0009295494514445263
0.011920703235942479
12200808190045986e-21
0.14939775495169622
0.1020638925122543
0.0214739018188614
31469501008961985e-21
0.00015345962609565264
12006680202861884e-23
0.013771789880019144
0.18026513695597202
833331454761535e-23
11103352866876385e-21
910637152924528e-20
965063269203237e-19
10586453001899423e-21
0.38957820107512403
0.17869202824087502
0.005167543950204428
0.0015494409854220363
0.04274022789208451
0.005899526026481389
6760604427737265e-20
0.028812296739627666
8323989210548162e-20
0.0007212019713318986
0.08462535182208973
9970383224123742e-22
0.5123705484173859
0.5155457501898099
0.0018296547463670329
0.0005372151441925927
5829910109273991e-24
0.001031276703357771
10390421344416928e-24
0.010329118013798407
0.029745025897396533
0.0009042794710353539
0.0003376853260767932
0.00015456034854080932
26181840408584458e-22
0.006141141937222171
0.031102317395791074
0.02169603286419977
1125717600157987e-23
0.5388688227509649
0.06985575210963484
0
0
8178220484362038e-20
6661933824174705e-20
10336386681785582e-22
7596606859605666e-22
0.00019350031025137075
0.0097988758087707
0.005404367201966617
1520423377224079e-23
0.00013150660961430108
7328754513984953e-21
0.058168363827654626
0.013493207716563772
0.10621972111531525
3845636481839524e-22
0.06269486566825574
0.007716962040252514
0.0001201501771739368
0.13280750292969898
0.0002964662731600974
18549559457237156e-29
8515156371471191e-20
37361629913240943e-22
0.00012472295353601885
0.016475028474279032
0.003910994344723694
0.00016356337754426013
0.0001521257754188635
379987451727819e-23
0.0005146019156673795
0.02320116880095145
13135133640984714e-24
0.0018074019616955664
0.0018023385933512903
44188264975782775e-21
0.11491012062709963
4337325947790963e-20
0.40215377846311695
0.0019123805099667923
0.20388343382351262
0.003307750932102765
0.0007011055535691345
0.0005694386507000367
4475213866837402e-20
0.457474725900655
12102057765857314e-21
21567839516235106e-21
0.008334157202586037
0.006463766870759376
21715984977845793e-24
8723361192341885e-20
0.003059992956636817
0.14268828928652097
0.03071082300909273
0.0001001173982379706
0.023279610136376198
0.0003541787647779162
0
0.11999764889043159
0.01241179364863412
0.4262333376879278
0.3831403817601862
0.405723965849923
0.05372794470548869
0.030154467861207523
0.5279948871185239
0.4181219798668623
0.5339426181187235
0.37489820674151175
0.2420252907694298
0.0007654769882440084
0.01585655316729689
0.15255557295193878
0.32540963507105525
0.14777250654019222
0.0002992741899421264
0.027378833848108856
0.3014039652429496
0.12185854910139036
0.18337619366892785
