0.7189713619513505
34.481801566315305
34.3777050779749
0
34.59260255748813
0.023643604646827833
34.56714634847322
0
34.57031439316823
0
82.44691141049194
0
25.099572398745913
0
25.02834660070791
0
27.142157186126756
2.1858063121409423
43.64544447716339
1.1142711134063386
1.0296948174785165
6.346065357592032
18.637091763346575
0.132537017439055
0
0.13049355916494412
0.0012885490217945338
0.18075768051933985
0.006900163302023896
1.749126192586691
1.579138329535146
0.14838250176893214
0.04571121209927887
0.3315311975454912
0.2293395491560782
0.08860024864024837
8438737872262577e-22
0.1288719814836628
0.1285817731880008
0.00993236328822174
0.009834084821681492
0
0.04583322690652907
0
3.1569851376084657
3.120019520582629
4.230672184914388
0
5.559896743797396
0
0.1855867540965308
0.085240484064434
32.76334753468483
32.9397101121925
18.001240213115697
88.36879256998598
61.460729608670135
0.08794568424191537
0.002466834403392135
0.008990845287670093
18.09452406321727
29.738896986918437
0.06275536280390502
0.3305250132774224
0.09337152803449593
0.6999832554082267
20.808058296628865
0
20.79435122562643
0
13.609315504545382
0.005213282777897854
0.005211481806806361
14.171492108959221
0.6393230323052845
1.2938142428204604
2.5939037509005844
0
0.00017890905169181708
0.005817875227196543
0.056869263735454964
0.03528730927733002
0.0042316936831547575
0.0017784790639104894
0.001549919507406893
0.0009008811321512467
1.560188861618073
0.45793789902996535
0.04740600724158432
0.2132539936813345
0.00029306570412471547
0.04884613811390439
0.0034813284433517213
0.007536903689843532
0.07457649233017292
0.16036318581767733
0.020800660759157794
0.00010325526255339434
0.00993069979814247
0.0014610587084318103
0
1.045202359262542
0.5618440542810785
0.02204428248548833
0
0.5758544363173768
1296079253668692e-20
0.005885117610975265
0
0.002179812262616478
0
0.12907984134351716
0.8820186384917541
0
0
0
0
0.016523339193135707
0.4258182776303294
0.009590950642418565
0.01199551600358992
0.414635975223095
0.4603021697346771
0.17796112752626686
0.02470757996483007
0.04347879097794682
0.1815324711532165
0.0012700103147005733
0.5765211253964091
9693077265976993e-22
0.007254600828499527
0.27738855143774316
0.17684574123368102
15172361771817566e-22
0.002666962381231085
0.18566696382165518
0.22886061417913406
0.012548021933958724
0.018044692561647497
0.30084241410971563
0.5329080119190768
0.2642470867510971
0.10807147299360687
0.2290076785900952
8166462133961671e-23
0.2218577091410438
0.22190483718802442
0.47907304139205903
0.5803608030317118
0.009164425764675941
0.6004665193454156
0.35439601636312845
8.69033464676505
2.018421967993402
2.6273311403031263
0.11724799584467165
0.3745193181905387
2.4500922079443295
3.7815846971104254
0.6897578917547378
4.746492465979465
6.477143120486463
4.513043909442207
2.3875598456715172
2.6933632358159723
0.4488763669348692
42.89808986104491
619.3314851862963
4.002173227525416
6422.8715779252825
1.0999904288339382
23.218702821791705
1.1755253517838575
45.222861562943194
1.3033256892184486
1.3969832950264236
1.0999894195419895
0.9684023023473225
1.0994689877249246
2.7231670899306586
0
0.0007453397194217717
0.000742211749714536
0
0.00832983832611167
0.006502948228618324
0.007096077324994086
0.007815449261180342
0.006541775413227368
0.008375903677512177
0.007221323617128225
0.007458863447227172
0.006439229665387665
0.006713572083057418
0.007695092789965841
0.013395689030681782
0.007350794466856317
0.007205133828427139
0.007510535743508714
0.007419558137732551
0.004197424902032885
0.009725528282439779
0.01618491533121215
0.010147383862054446
0.006449874778112994
0.001902179633645667
0.007463423792924588
0.02311626414654988
0.07406866172381851
0.042226066037647766
0.11969648400323633
9120181851862458e-20
0.010145283843201597
0.2507282382054506
4806110881711546e-21
0.0760305599031802
0.010972025738644626
0.0012701117655623737
5486360581927851e-21
1204423790199753e-21
0.10658681096672898
0.09218527766614032
0.004149637044623482
0.04115679532764866
0.020408436368681507
0.005795278038466521
0.012160338521076145
0.00048295512345999735
0.4200422847059967
15699130012196484e-25
0.08118002097994695
0.0003419501890144757
0.009662722082903306
0.010960012453845432
0.00015706922870874476
0.00017088396437568368
0.45084234833297343
0.00039355411848584826
0.05797384806247833
0.2729538772404371
1317923367262945e-21
2586167990562589e-21
0.00014473272788476148
1257152126377729e-20
0.000594592973830008
1700316148812596e-20
14432277444945658e-23
10044043877001153e-22
19077098170247448e-21
0.07884000140237682
0.0796987905705874
4350045202758649e-20
0.00021269700635662822
0.01977086928311994
0.008185282362824347
0.09482146177109174
0.02035753203436181
2782910238091317e-20
0.1457499624046995
0.039236991673933276
5573479430647569e-22
0.3222679457071582
44589641727796124e-23
0.0037695209347556003
0.0009828859625005718
2299456595306672e-27
0.3315700315366604
0.4462555921998223
0.01823188403067253
0.3134267860798732
0.4872532054547928
0.007424752726841474
0.21021458908113022
22332184594810362e-26
4630624201047027e-21
0.0006295536497225009
912092824184011e-19
0.1389996655053099
8645602843807405e-22
0.00011181862924297164
0.17508417223219055
0.0009294611710492466
0.011906093395227897
12200792989089165e-21
0.14689488074606005
0.10093236835289253
0.02142623011256627
3146939987938877e-20
0.00015345722108662038
1200668005565211e-22
0.013752269660015727
0.17653973671152884
8333314540524045e-24
11103340277571811e-21
9106363061189777e-21
9650537582068573e-20
10586441557466523e-21
0.3684749581676247
0.1750355877952068
0.00516480910378018
0.0015491956151717971
0.04254899816685122
0.005895960038031449
6760557753375045e-20
0.028726106955810717
8323918452767868e-20
0.0007211488361913728
0.08385610287663631
997038220901007e-21
0.46815510312001585
0.47047041302315157
0.0018293125470654347
0.0005371856647496784
58299101058033125e-25
0.0010311680370996648
10390421333392468e-24
0.010318158995330402
0.029653115092246156
0.0009041959264326712
0.00033767367950520154
0.00015455790890562718
2618183340868641e-21
0.006137277344110116
0.031001747043399572
0.02164736351783492
11257175988639405e-24
0.48674257291619244
0.06933641096543601
0
0
8178152183143029e-20
6661888502314439e-20
10336385590776218e-22
759660627031411e-21
0.0001934964863946344
0.009789016062219958
0.0054013755376558364
15204233748634943e-24
0.00013150484350243826
7328749029284944e-21
0.057810843459712706
0.013474472241264517
0.1049908541417535
38456363308220227e-23
0.06227838582403193
0.007710854184172629
0.00012014870293090008
0.1308521151736802
0.00029645729651246033
18549559457236793e-29
8515082326271551e-20
3736161565902694e-21
0.00012472136493750722
0.016447049408816708
0.003909428933455169
0.00016356064540354293
0.00015212341203795808
3799874515803741e-24
0.0005145748661192076
0.023145463693755298
13135133623366578e-24
0.0018070680398408893
0.0018020065407682712
44188065580221745e-21
0.11346370966473976
43373067369884695e-21
0.37931844986124125
0.001912006649263851
0.19903269478207722
0.0033066315695195582
0.0007010553389821265
0.0005694055280874598
4475193415142064e-20
0.42556705475358647
12102042809971348e-21
21567792014517367e-21
0.008327030762751314
0.006459484771077717
21715984929689846e-24
8723283481811261e-20
0.0030590351343942005
0.14041578567784077
0.030612791125523252
0.00010011637462815704
0.023223525160273165
0.0003541659526043002
0
0.11841498796367944
0.012395950797608685
0.39976468381623864
0.3628836129289036
0.3823770988260932
0.05342374790511807
0.03005998659632076
0.4793327373453371
0.3929265921042939
0.4834287985181437
0.3556873734694312
0.23497967895387392
0.0007654171273509792
0.015830644602579224
0.1499400007431368
0.3116775834410421
0.14532656463429738
0.0002992650424339094
0.027301072287284622
0.2898928031414776
0.12022439151323118
0.1795122501253206
