0.7774201408538574
34.347787883679956
34.25194653699494
0
34.44580984304791
0.023678189788850147
34.42067710979109
0
34.42455626262069
0
81.89273666446276
0
24.985542404724143
0
24.947503669841897
0
27.059747286809554
2.17346160456295
43.61742839293758
1.120582583540198
1.0295835703325682
6.584227825441294
18.671243834243445
0.13281418936351524
0
0.1319123717057606
0.0013067951813388475
0.16042192793184384
0.006895147961641134
1.5519922023289043
1.402279012506986
0.13112470164448115
0.03960242899933713
0.28787383006271355
0.19627942894643083
0.07865649644568076
7980974051229622e-22
0.13044641698964246
0.13029985822129483
0.01074682464149354
0.01061810689268283
0
0.028007019838569635
0
3.120837523079052
3.0715433568452037
4.2096954938444195
0
5.5102979564706835
0
0.1928729886043985
0.08522661475977315
32.7238083194116
32.93966196422415
17.89270523738647
88.27406452691116
61.44216028895916
0.08907077520542235
0.0025215336544765926
0.00898660741127931
17.98480348524856
29.7864907257883
0.03737463893099417
0.33676101834334987
0.10067134068562884
0.7136025552728293
21.099351361185658
0
21.0778885436622
0
13.694093734034938
0.005606963931472506
0.005606080977478322
14.041440121377265
0.6633657335362321
1.2933010589008738
2.563160042916406
0
0.0001908489103141637
0.005851519441450312
0.05668194731554541
0.03512138824711506
0.004412966831657163
0.0017563185569912456
0.0015046719887374864
0.0009052575850888378
1.5721118182342033
0.4420216209167948
0.04466231823723702
0.21121339240057888
0.0003266496890426095
0.04786885101178811
0.003433437335990711
0.005937411474360828
0.07375075760500852
0.16610176904937815
0.02044544945176007
736446487078089e-19
0.008375109052046574
0.0014584714288725245
0
1.0269154517870942
0.5497368427511999
0.023549926313659843
0
0.5111601002594257
12770232004311043e-21
0.00605304629512699
0
0.0021453288653092845
0
0.1287046789164909
0.8556407523810174
0
0
0
0
0.015038158682973065
0.4138706494903834
0.007977884558971155
0.009534050747976076
0.41099687295379306
0.43324846569163034
0.17928018318445085
0.026433945530719316
0.04280979227006252
0.175088692657023
0.0010932357377365898
0.49832361454498375
9679080932624783e-22
0.006957236232115714
0.2659837490203586
0.1568102501877668
4381899807509186e-22
0.0026230847360982656
0.16333294653600905
0.22731489142747066
0.012923003877448457
0.018686279026343542
0.2769607648298588
0.4824753006646018
0.2634752603899869
0.1118430727922368
0.22562493770379258
23399527838800875e-24
0.213390086710832
0.21343206662343245
0.475319029609096
0.5769583877426938
0.008382411170932148
0.6052213535153509
0.3665836772742397
8.712853988766085
2.0232685151718273
2.627246750259756
0.11245324779336388
0.37539713542105113
2.459885888184398
3.781173577576498
0.6699631388852696
4.768794612439243
6.490838522191694
4.477544104625394
2.3906300063101913
2.6974854804239814
0.45678273338510567
43.034416692561344
619.3108650791435
4.002162758734145
6162.501066525865
1.0999896507496263
23.2186735516016
1.1749499024729557
45.20571111874357
1.3035564519955862
1.3969764485721319
1.0999886412753415
0.960572722787506
1.0974588065454016
2.7641308923594825
0
0.0007227959833466766
0.0007409767071099863
0
0.008221590077815283
0.006538904679810465
0.00700072621654987
0.0074709323925035405
0.006471403858313891
0.008466364252108203
0.006958490887952136
0.0075784193840321345
0.006183682356526906
0.006630445745877377
0.007732415081179005
0.013602836672993422
0.007239047855579702
0.007257700036432757
0.007428077003150742
0.007490547608225388
0.003996565166344994
0.00980754557599511
0.016052348751088043
0.010209525020671779
0.006473629156962785
0.0019019678711324425
0.007460151143848016
0.023084520751857584
0.0737301932285667
0.04211866999774232
0.11877952019961698
9120133232443981e-20
0.010139225340308727
0.24616432928947005
4806109531616155e-21
0.07567338116027209
0.010964935480775042
0.0012700173942195388
5486358822604038e-21
12044237054117408e-22
0.10586755279075503
0.09165347507122935
0.004148627693129216
0.0410548495557851
0.020383741877801984
0.005793307126294404
0.012151622029329035
0.00048294148599280445
0.4034471108864572
15699130010755934e-25
0.08077118404265365
0.00034194335299020173
0.00965722807541816
0.010952937773303834
0.00015706778657771796
0.00017088225739243554
0.43016659920570804
0.0003935450631973903
0.057769024957937225
0.26740470697251795
13179232657418824e-22
25861675996409767e-22
0.00014473150340306578
12571512026268238e-21
0.0005945723013216207
17003144589947396e-21
14432277323202314e-23
10044043287352995e-22
1907707689837176e-20
0.07845509837694062
0.07930519293855778
4350034142226733e-20
0.00021269436174489126
0.019747704115174916
0.008181344058570995
0.09425762210751276
0.020332961468620125
2782905711386494e-20
0.1443596344159266
0.03914446501821479
5573479249084123e-22
0.3140268332863242
4458964056569603e-22
0.003768688251162237
0.000982829458871454
2299456595306363e-27
0.32273061043706264
0.4262608959257351
0.018212206390499697
0.3057255616036636
0.4595901610595524
0.007421513991108871
0.2071414550954223
2233218459451886e-25
4630622947744533e-21
0.0006295304741962373
9120879614463089e-20
0.1377425784120182
864560240692328e-21
0.00011181789837779635
0.1730238283070801
0.0009294106448587795
0.011897739068446319
12200784288368735e-21
0.14548119895554792
0.10029036016796875
0.021398991403475138
3146934199495473e-20
0.000153455844523675
1200667997139213e-22
0.013741109122847707
0.17444213911170106
8333314536465123e-24
11103333071707703e-21
9106358214244765e-21
9650483143416213e-20
10586435006903605e-21
0.3569143454092351
0.17297648059602844
0.005163244382801141
0.001549055187548632
0.04243992729881154
0.005893919906368432
6760531038032367e-20
0.02867688969041193
8323877952675634e-20
0.0007211184244428223
0.08341895061786388
9970381627979003e-22
0.44458587398967264
0.4464664652399184
0.001829116707711514
0.0005371687920238464
5829910103816764e-24
0.0010311058438217298
10390421327082285e-24
0.010311891501616445
0.029600635010051266
0.0009041481106173065
0.00033766701341726116
0.0001545565125237217
2618182940208318e-21
0.006135066421445087
0.030944328956452
0.021619555285731864
11257175981232538e-24
0.4592079923126242
0.06904088960997531
0
0
8178113089124228e-20
6661862561111043e-20
1033638496630395e-21
7596605933015225e-22
0.00019349429772818995
0.00978337700214614
0.005399663913090734
15204233735123417e-24
0.00013150383262538928
7328745889952292e-21
0.057607195537715955
0.01346376013219978
0.10429388302730373
3845636244382574e-22
0.06204124712466248
0.007707360343052721
0.00012014785911129796
0.12974587252253383
0.00029645215857807477
18549559457236586e-29
8515039944544166e-20
37361607500197423e-22
0.00012472045566404386
0.016431056128982723
0.003908533204781321
0.00016355908160042571
0.0001521220593016959
3799874514959795e-24
0.0005145593841292454
0.02311363939132243
13135133613282305e-24
0.0018068769372960648
0.0018018165079249744
44187951450526054e-21
0.11264402011732016
43372957411409454e-21
0.36683626935227376
0.0019117926916351017
0.1963083380497699
0.0033059910388424977
0.0007010265987577749
0.0005693865702219493
44751817090356305e-21
0.4083154079883358
12102034249524454e-21
21567764825514724e-21
0.008322954471153679
0.006457035058049928
21715984902126328e-24
8723239002142234e-20
0.003058487030687284
0.13913137315901064
0.030556820483205748
0.00010011578873872537
0.023191484046697877
0.0003541586193764725
0
0.11751851493310583
0.012386891762748549
0.38536089727382633
0.3517746808299964
0.3696234337710815
0.053250407296572926
0.03000604065129246
0.45352511031992754
0.379194451140586
0.4566962007079744
0.3451377537694037
0.23103959353529463
0.0007653828662587531
0.01581583410352567
0.1484631280713829
0.30407998669287184
0.14394481722524194
0.0002992598067057946
0.027256662524809832
0.283502966465404
0.11929891229317134
0.17733735358203867
