0.7911934852028134
34.311132437652354
34.21768229506563
0
34.407140421978355
0.023683024864648766
34.38210028270344
0
34.38617253319699
0
81.64580829420677
0
24.946731848084735
0
24.922882432941833
0
27.037269614066496
2.1711463536507796
43.619612223313126
1.1241653963005125
1.0298365111091405
6.706131996253874
18.690440086377507
0.13278186972163616
0
0.13209476520142027
0.00130851720129169
0.15571297022142097
0.006893958535770348
1.5063181871913376
1.3612967056511873
0.12753045259608084
0.03831096111714916
0.2780185777432495
0.1883780287255541
0.07654276027196773
7767599010269442e-22
0.1306617354153028
0.13054489538209973
0.010993820076880828
0.010847487895167564
0
0.025091885021645395
0
3.1228778120015352
3.0672175668218715
4.204777108115661
0
5.4987574561925525
0
0.1965966267105271
0.08533564130163611
32.71449735295295
32.93964993636505
17.866979127738226
88.2502446019153
61.437762007693365
0.09023606960418609
0.0025364459627469863
0.008985736611395751
17.958567024924122
29.806496455773182
0.033287986743513964
0.33915159581929977
0.10345755007461671
0.7159177185620211
21.227774204715022
0
21.201372910812914
0
13.716708636025944
0.005720000075223674
0.0057197493098838
14.010450318776519
0.6755402707035595
1.2931342164724393
2.5559686783995303
0
0.00019433041101380284
0.005867259998095603
0.05666528461964091
0.035064976943696376
0.004469129738740422
0.0017403843060208256
0.0014837609919128884
0.0009057886120720116
1.5755172869663383
0.43831536093242834
0.044411272195407754
0.2107553944331822
0.00033927440861158183
0.04774333859347361
0.0034316765352342946
0.005637949655879167
0.07360851283886902
0.16910972539181549
0.02037462345889072
6823069433346236e-20
0.008156435412645225
0.0014581384279357676
0
1.0225890699285884
0.5470867814041828
0.023988553873718534
0
0.49713293185526114
12848794480392178e-21
0.006152002242339351
0
0.002134500048114172
0
0.12861598563430154
0.8494713347326273
0
0
0
0
0.014732219962456588
0.4112020008321683
0.007672495968648896
0.009090039054816116
0.4101111663499751
0.42739167579078813
0.17955893941306028
0.027126900437785772
0.04266481243561253
0.17363379039382448
0.0010553752569026427
0.4814909836002219
9675025083829432e-22
0.006894663007445983
0.2635960740055634
0.15224552510824016
32593328367944044e-23
0.0026127597286431854
0.15841334787372224
0.22691133925090265
0.013017180975709619
0.01885192562744088
0.2714028198296842
0.47141973130470516
0.2631566349909447
0.11279094375432694
0.22497930029393648
17378950295959473e-24
0.21156582726399142
0.21160574563610957
0.4743110638559753
0.576148296922572
0.008192137261233832
0.6109764504196767
0.3696590193156405
8.723469295743639
2.024479007594862
2.6275091185106993
0.11139782759735285
0.37581006583170734
2.4623406753964896
3.7817246943307343
0.6655483175436445
4.775600921937514
6.497164797085833
4.468753100315658
2.391301564538315
2.6994772429677454
0.45880687339396603
43.0870847806119
619.3060060897926
4.002160291787241
6102.698088032742
1.099989467395608
23.218666654141963
1.1748143399468778
45.201670595991466
1.3036075148607214
1.3969748291276973
1.0999884578783536
0.9587150816904605
1.0969856464651695
2.778202729525395
0
0.0007181632173770279
0.0007402541909005511
0
0.008191615913265981
0.006548080536461351
0.006980564934233512
0.007393846146059062
0.0064564230839195364
0.008488729087601026
0.006900018533066924
0.007609161644127198
0.006127224752991291
0.006612957372708606
0.007743439543051233
0.013656068337769613
0.007214585020771036
0.007272233909620646
0.007410919679756021
0.007509488701477354
0.003952772983211051
0.009829680008657304
0.01602701818907207
0.010227024224931124
0.006481161762302495
0.001901917973128503
0.00745938015922251
0.023077046829337814
0.07365065921017049
0.042093402116759444
0.11856446412247947
9120121775407585e-20
0.010137798192364314
0.2451010041428919
4806109213468782e-21
0.07558945725059904
0.0109632653420719
0.001269995156811732
5486358408022787e-21
12044236854316066e-22
0.10569876881333
0.0915286041031839
0.004148389877102325
0.04103086301467634
0.02037792701931155
0.005792842782158549
0.012149568914312655
0.0004829382724054843
0.39963292265378947
15699130010416472e-25
0.08067514254036934
0.00034194174211389005
0.009655933877784122
0.010951271303168232
0.00015706744674419314
0.00017088185514753978
0.4254340913357937
0.0003935429293661032
0.05772086423006212
0.26611356595835806
13179232418186368e-22
2586167507521046e-21
0.00014473121485777526
12571509849467663e-21
0.0005945674299887064
1700314060792598e-20
14432277294513724e-23
10044043148403525e-22
1907707188569789e-20
0.07836467062733345
0.07921272575397979
43500315358373726e-21
0.000212693738551918
0.01974224923989242
0.008180416280522105
0.09412524322487223
0.020327175780057022
27829046446781246e-21
0.1440339418422473
0.0391226930719795
5573479206299041e-22
0.312115714880091
4458964029184934e-22
0.0037684920576272706
0.0009828161443708944
22994565953062905e-28
0.32068216182217646
0.42168113180343086
0.01820757248463808
0.30393850637044767
0.45330346133649496
0.007420750994856468
0.20642384216760795
2233218459445017e-25
4630622652406217e-21
0.0006295250130514585
9120868155551289e-20
0.1374480072240991
8645602303972364e-22
0.00011181772615149376
0.17254185268278083
0.0009293987388573174
0.011895771240731219
12200782238061301e-21
0.1451500531199999
0.10013966765582678
0.021392577696217635
3146932835461268e-20
0.00015345552014101475
12006679951536425e-23
0.013738480482252081
0.1739514837712893
8333314535508645e-24
11103331373660118e-21
9106357072071703e-21
9650470315095318e-20
10586433463276416e-21
0.3542433428123771
0.17249479313282515
0.005162875728279006
0.0015490220978977415
0.04241426568725341
0.005893439255980298
6760524742627696e-20
0.02866530401699707
8323868408934086e-20
0.0007211112581584389
0.08331626874263522
9970381491060135e-22
0.43920685088373274
0.44099065610716276
0.0018290705615901473
0.0005371648160750313
5829910103348637e-24
0.0010310911886393826
10390421325595302e-24
0.01031041513290781
0.02958828170611328
0.0009041368432788733
0.0003376654425853882
0.00015455618347079994
2618182845793479e-21
0.0061345455376636045
0.030930813982490146
0.02161300753086925
11257175979487125e-24
0.45294964342229754
0.06897143413738258
0
0
8178103876719746e-20
6661856448130169e-20
10336384819148247e-22
7596605853531383e-22
0.00019349378197668058
0.00978204864129724
0.005399260650967535
1520423373193945e-23
0.00013150359441525337
7328745150174678e-21
0.05755931082646159
0.013461237084027008
0.10413031785072524
38456362240132824e-23
0.0619854974266278
0.007706537256498328
0.00012014766026766536
0.12948655307288748
0.0002964509478465057
18549559457236538e-29
851502995740087e-19
37361605577584916e-22
0.0001247202413964348
0.016427289607565093
0.003908322157892107
0.00016355871309535166
0.00015212174053370208
379987451476092e-23
0.0005145557358953703
0.0231061464274027
13135133610905967e-24
0.001806831907284717
0.0018017717299620953
4418792455612175e-20
0.11245172554134528
4337293149994304e-20
0.36395517650706294
0.001911742276409854
0.1956717967366594
0.0033058401170635602
0.0007010198263497302
0.0005693821029286445
44751789505182183e-21
0.40435297823802285
12102032232272195e-21
21567758418482596e-21
0.00832199419128969
0.006456457923072565
21715984895631038e-24
8723228520625261e-20
0.003058357885382492
0.13883041827292616
0.030543646012641434
0.00010011565067548662
0.023183940057064686
0.00035415689133729233
0
0.11730825275914368
0.01238475798233162
0.38204293457207533
0.34920678493777424
0.366680521697588
0.05320964186061494
0.02999334249244807
0.44764873099214997
0.37602900048843213
0.45061504103774364
0.34269765942098823
0.2301207798003509
0.000765374792920357
0.015812346055174873
0.1481172290145819
0.3023167601218764
0.14362112838566354
0.00029925857292968975
0.027246207969868305
0.28201783533711666
0.119081864121049
0.17682869151950176
