0.8382262780305545
34.18878258657255
34.09277426301482
0
34.268820881739
0.023693929775687454
34.243709712263964
0
34.24773454029458
0
78.64706921158152
0
24.68664488044878
0
24.795542807343114
0
26.942068911914696
2.169894549283554
43.72894947507148
1.1697095939804878
1.034038187665366
8.207511621547589
18.862985069357002
0.1329015088896085
0
0.1324614081321938
0.0013147170845920991
0.13976243507110406
0.006889701518784115
1.3514631205471903
1.222398049970876
0.11656150922265049
0.03440792384425469
0.24525539959565262
0.15557743999027343
0.07017357103627359
57925768786743e-20
0.13108717396373823
0.1310364609064691
0.012674269414759623
0.012216472964429749
0
0.017804952844870808
0
3.2904211749824284
3.13211716528394
4.1881881782636246
0
5.459953009999561
0
0.242742320137111
0.08775124118626124
32.68271279669332
32.93959731068106
17.777849730264904
88.149622729439
61.42243942629176
0.10899438908786369
0.002636461902004682
0.008984930043399383
17.862833827125947
29.949287931738134
0.023065676146547396
0.361771211839197
0.13117699416431364
0.724902953831766
22.567649170108517
0
22.448642411421805
0
13.818785511219856
0.006377135872936805
0.006388729723761075
13.896473362733307
0.8237766717136901
1.2919800200235043
2.5315630122367674
0
0.00021588251379706656
0.006063596221664554
0.056908938546246436
0.03485486048105632
0.004861454894004544
0.001543720522908095
0.0012871212843360306
0.0009092616174320476
1.5945082035220772
0.42595932296920364
0.049983060317671996
0.20911051515569298
0.00046033597417978933
0.048419856651221733
0.003532769100184288
0.0047432795270552705
0.07345285524749977
0.2069947131442344
0.020241182028255228
5276104149501228e-20
0.008541386620040534
0.0014560707971635202
0
1.0077605022049199
0.5396435336127453
0.02661903265603625
0
0.4527341701834625
15071181028170863e-21
0.007466975267351408
0
0.002069217315547959
0
0.12831225915780675
0.8285507878974702
0
0
0
0
0.013931957870550815
0.4026647524644952
0.006739742804989948
0.00783050409123635
0.40701387628751423
0.4095635950964117
0.18041053403434484
0.03422879203316015
0.042247388412370177
0.16978615331336913
0.0009367766698662167
0.4285726465074009
965914032324577e-21
0.006706250565705783
0.2565071896904018
0.13736688164840488
1175648284005877e-22
0.002578466892316412
0.14253215620435328
0.2254305562453836
0.013427777129335981
0.01953653733505903
0.25265226494073034
0.4357595724562326
0.26171298600825443
0.11658129946900461
0.22406946892690038
62583866018809935e-25
0.20667926281880475
0.2066962972363701
0.470563204826627
0.5733506443355999
0.007351725332070242
0.7045852133557464
0.3820367490849333
8.81069727306897
2.0290254834603916
2.630027097968557
0.10805689262645746
0.3791960619565834
2.471599591983036
3.787333947470808
0.6514455786656677
4.817566715535231
6.552152041890145
4.452699578063997
2.393757353164842
2.7184751842862016
0.46767639659967014
43.471992370033114
619.2894140497006
4.002151867744265
5902.825158368996
1.0999888412841736
23.218643100924293
1.174351543085757
45.187875865132995
1.303778320142175
1.396969284098228
1.0999878316201672
0.9523450848774633
1.095371451064116
2.874433865631659
0
0.0007068777185436897
0.0007369494431845084
0
0.008082404191838755
0.006610460362518706
0.006948478104979012
0.007171954816906779
0.006437087605919994
0.008594449434271303
0.006738859781420429
0.00775550132392862
0.005969918658719969
0.006588148438115914
0.007821360742367327
0.01391145693695468
0.007167573530282753
0.007359689768805278
0.007390561473287769
0.007613148503830029
0.0038316545847527366
0.009956001461224299
0.01602850216136677
0.010339404542873602
0.006540960268967558
0.0019017475928259282
0.007456748025173975
0.02305154334336303
0.0733797150236103
0.04200723234060908
0.11783302792120864
912008265238043e-19
0.010132926325432062
0.24150449547452255
4806108127069072e-21
0.07530357740259737
0.010957564121054236
0.0012699192241301227
54863569923237135e-22
12044236172040615e-22
0.10512443620645012
0.09110347952511395
0.004147577892998857
0.04094906009745129
0.02035808312000517
0.005791257434600061
0.012142560614680298
0.00048292729890748803
0.38687809321965655
1569913000925729e-24
0.08034804294474068
0.0003419362414001882
0.009651515798690518
0.010945582603139808
0.00015706628629666292
0.00017088048158117377
0.40966265809989455
0.0003935356429118369
0.0575567088970194
0.26175142632272197
13179231601262772e-22
25861671929527625e-22
0.0001447302295465245
12571502416198836e-21
0.0005945507958116717
1700312701024871e-20
14432277196548826e-23
10044042673923164e-22
19077054768583183e-21
0.0780566656360486
0.0788977835602972
4350022635630889e-20
0.00021269161050547605
0.01972363345471319
0.008177248925546733
0.09367459969713127
0.020307431395132677
27829010021182635e-21
0.14292730552339009
0.039048438135941915
5573479060197862e-22
0.3056769273207512
4458963935672609e-22
0.0037678221789599255
0.0009827706797833162
2299456595306042e-27
0.31378468813693067
0.4064099929722538
0.01819175765087749
0.29791449325975805
0.43247693737100135
0.007418146129940737
0.20399204669140406
22332184594215604e-26
46306216438941585e-22
0.0006295063648592661
912082902612008e-19
0.13644685486850366
864560195241875e-21
0.00011181713804041024
0.1709061145423535
0.0009293580837592019
0.011889054016114144
12200775236737113e-21
0.14402493770620975
0.0996267921601653
0.02137069085223082
3146928224496542e-20
0.00015345441245424816
12006679883733772e-23
0.013729508070934928
0.17228638805089186
8333314532242495e-24
11103325575221385e-21
910635317181533e-20
9650426509468066e-20
10586428192147446e-21
0.34527224910655974
0.17086002969362132
0.005161617056545997
0.0015489091097030249
0.0423267541068649
0.005891798241249508
6760503245317559e-20
0.028625776885876218
8323835819341345e-20
0.0007210867874876571
0.08296658560179848
9970381023513803e-22
0.42132452936538434
0.4227932846294843
0.0018289129920088963
0.0005371512393490794
5829910101750096e-24
0.0010310411461433207
10390421320517597e-24
0.010305375267523096
0.02954613687073202
0.000904098368976372
0.00033766007861208477
0.00015455505983627985
26181825233886136e-22
0.006132767173069159
0.030884707941974947
0.02159066340303417
11257175973526942e-24
0.4322147162804366
0.0687347859775425
0
0
8178072418562376e-20
66618355737533e-18
1033638431664548e-21
7596605582112409e-22
0.00019349202081464495
0.00977751395487267
0.005397883830865011
15204233721066945e-24
0.00013150278098585748
732874262400539e-20
0.05739609541025477
0.013452625020047425
0.10357371165533168
38456361544568516e-23
0.0617955024090958
0.007703727268340111
0.00012014698126502259
0.12860493746171936
0.0002964468135148385
1854955945723637e-28
8514995853699291e-20
37361599012307585e-22
0.0001247195097247656
0.01641443431293581
0.003907601567357713
0.00016355745474181256
0.0001521206520195922
37998745140818125e-25
0.0005145432782134666
0.023080577989377796
13135133602791322e-24
0.0018066781486451436
0.0018016188319389466
4418783271806018e-20
0.11179755491114123
4337284301838085e-20
0.3542863957159675
0.0019115701300697102
0.19351367247277473
0.0033053248059437307
0.0007009967006321133
0.000569366848417003
4475169530830585e-20
0.39110978429120463
12102025343823726e-21
2156773653996062e-20
0.008318715892192515
0.006454487529098769
2171598487345114e-23
8723192728758283e-20
0.003057916925069361
0.1378076252552413
0.03049870103590363
0.00010011517922281875
0.023158197565857547
0.00035415099054578213
0
0.11659308753869464
0.012377474384798772
0.3709267047837978
0.34057848082982806
0.3568066451092208
0.05307067239259504
0.02995002170156167
0.42815022151253285
0.36541756377015
0.43045313113015965
0.3344945970794254
0.22701069765371776
0.0007653472249745072
0.015800440972330434
0.14694212679291477
0.2963724561534541
0.142521282308117
0.0002992543599073198
0.027210538293543456
0.2770048507576934
0.11834366690325335
0.17510270017980545
