0.851183181253181
34.1812318105911
34.06701011846007
0
34.23729180376573
0.023701671573088005
34.211547970973264
0
34.214515174957
0
75.33094985497311
0
24.493754303190677
0
24.728815965024236
0
26.905717376126635
2.176130337801262
43.86086742421496
1.2207599594673293
1.0385423045975517
9.871531972298554
19.006109963539437
0.13338272164095186
0
0.1325877305393118
0.0013216597226697597
0.13527335181966516
0.006888380575837549
1.307778316397753
1.1832842549315556
0.11173137898951174
0.033154942072951436
0.2361681693242501
0.14118601859589508
0.06799164151111711
44357480652962795e-23
0.13118397818578018
0.13112729945556903
0.014136013355943479
0.013236989899704841
0
0.016446881387211208
0
3.47429446740025
3.2204768341882235
4.1838261613692
0
5.449584199328761
0
0.2947529939665011
0.09085477610922199
32.67395027232892
32.939568862622146
17.752117579917943
88.10044452110917
61.41786555552688
0.13138136463797287
0.0027162569192146365
0.008987322844251603
17.82887759702205
30.04844420971825
0.021077719257623438
0.3842305172886271
0.1603759806617245
0.7302517736530614
23.940906483435157
0
23.696642135007853
0
13.867489409596631
0.006854983824258146
0.006870516221618588
13.854816291582006
0.9862191083764659
1.2910520747607623
2.524879780541016
0
0.00023256394495770348
0.006288162978695456
0.05725519509358205
0.03481609561771236
0.0051931019899130945
0.0013668029087686702
0.0011281799080972714
0.0009128513729351589
1.6066848819386168
0.42277152379814903
0.058807629692936327
0.20853191220890493
0.0005911644468632449
0.049577071744213615
0.0036577276803172395
0.004496314792844434
0.07367203446407314
0.24953813823395452
0.02029866062836145
49001382700910805e-21
0.009707334388931513
0.001454020688537302
0
1.0036547502294983
0.5388611620381725
0.028587384724486763
0
0.4416520599650672
1789880344230464e-20
0.00895006156508304
0
0.002025076673936107
0
0.12822832829518285
0.8228320172277509
0
0
0
0
0.013719693051352337
0.40056430237575474
0.00646475407410481
0.007528737185120707
0.4061424135593007
0.40593283375919453
0.18060692651240912
0.04174832882264647
0.042200228434652765
0.16979921312405527
0.0009070265393859682
0.41525659855659036
9654234020666321e-22
0.006667686543475259
0.2551809470526701
0.13366142623044838
8860992635596883e-23
0.0025703207561982135
0.13839868451917156
0.2249963086572023
0.013628121968127035
0.01982500635356984
0.24755437021759394
0.42646893897365307
0.261224706973102
0.1181180801532468
0.22493628805936944
4729326433415192e-24
0.20646217177209272
0.2064534119471803
0.46946599135341693
0.5725703474428614
0.006932459404996807
0.8107324160732698
0.38709099134075325
8.880292108681742
2.0305407731635325
2.6317119949227963
0.10724201019315338
0.3818915400774412
2.474704025557222
3.79115982556945
0.6479833958639855
4.847450992568251
6.598945294719562
4.464957360102951
2.3946661212739433
2.735739313181105
0.47195948512972113
43.763856040183214
619.2848432434265
4.002149547036595
5848.9221678010235
1.0999886687989386
23.218636612333118
1.1742240807945818
45.184076341604026
1.303828292185615
1.3969677528073157
1.0999876590945008
0.9505843863008668
1.094927179316098
2.9483737093134055
0
0.0007072161818851903
0.0007359499967604973
0
0.008052741292813255
0.006663388287370712
0.006977998228373378
0.007149894635405551
0.006466039765323358
0.008656950368049648
0.006731730168173795
0.007839235561108923
0.005959639852119445
0.006617964538256208
0.007885824847939931
0.014059631705202197
0.007193798993318657
0.007424054526296804
0.007425207527912025
0.007683217738698132
0.003823048033124331
0.010045053798400531
0.016119201454860756
0.010426653796188727
0.006593674469076523
0.0019017006580208035
0.007456023070759193
0.02304452242839165
0.07330524880966778
0.0419835247305274
0.11763232101366128
9120071874540984e-20
0.010131584602855626
0.24052301045711316
4806107827780576e-21
0.075225011470538
0.010955994032127662
0.0012698983064930321
5486356602317682e-21
1204423598408289e-21
0.10496676428344515
0.0909867107132275
0.00414735423019985
0.04092655315860559
0.020352619787863787
0.0057908207688548985
0.012140630632534387
0.0004829242758998668
0.3834363890220329
1569913000893795e-24
0.08025816463026457
0.0003419347260429319
0.00965029903238801
0.010944015961860004
0.00015706596661044838
0.0001708801031840136
0.4054214948746784
0.00039353363561517627
0.05751156838291618
0.2605623280505712
13179231376211293e-22
2586167106293429e-21
0.00014472995810767674
12571500368433806e-21
0.0005945462134008987
17003123264273012e-21
14432277169560813e-23
100440425432102e-20
190770500530505e-19
0.07797202728403575
0.07881124141934479
43500201837466466e-21
0.00021269102426098134
0.019718508140417416
0.008176376577237396
0.09355083295100854
0.02030199545228599
27828999986427436e-21
0.1426239386462458
0.03902800666996211
5573479019948949e-22
0.30392658174227305
445896390991122e-21
0.0037676376572984963
0.0009827581552691032
22994565953059734e-28
0.31191072800091946
0.4023010264270706
0.018187403290293176
0.2962760362371629
0.426909521669241
0.007417428685274166
0.20332716722455862
22332184594150986e-26
4630621366062659e-21
0.0006295012276296376
9120818246516411e-20
0.13617233426563238
864560185557045e-21
0.00011181697602424289
0.170458221354135
0.0009293468841377297
0.011887204177368932
12200773307966964e-21
0.1437165186148681
0.09948596390812733
0.0213646652555536
3146926894427608e-20
0.0001534541073028144
12006679865055052e-23
0.013727037321692457
0.17183048327530048
833331453134271e-23
11103323977829865e-21
9106352097347337e-21
9650414441640585e-20
10586426740022617e-21
0.3428409949456373
0.17041240251119535
0.005161270363289952
0.001548877984419713
0.04230267757909068
0.005891346243998836
6760497323109131e-20
0.028614897270832454
8323826841368331e-20
0.0007210800462921588
0.08287051070051525
9970380894711067e-22
0.4165273861868718
0.4179134188501576
0.0018288695860888143
0.0005371474992035735
5829910101309718e-24
0.001031027360533958
10390421319118762e-24
0.010303987285118736
0.029534537084486678
0.0009040877701100215
0.000337658600924397
0.00015455475029148446
26181824345704066e-22
0.00613227734807061
0.030872018425468058
0.021584511955126697
11257175971884997e-24
0.42667116677091127
0.06866973535761642
0
0
8178063752283465e-20
6661829823154107e-20
1033638417821272e-21
7596605507340128e-22
0.00019349153564095608
0.009776265078988598
0.005397504597091253
1520423371807172e-23
0.00013150255689785948
7328741928079807e-21
0.0573512131209795
0.013450253480149594
0.10342089751005894
38456361352949885e-23
0.06174326372274666
0.007702953334339446
0.00012014679420958125
0.1283631205133457
0.0002964456745720787
18549559457236326e-29
8514986458611191e-20
3736159720366199e-21
0.00012471930815979423
0.016410894619562737
0.003907403077678912
0.0001635571080840011
0.00015212035214993177
37998745138947275e-25
0.0005145398463422794
0.023073539199981643
13135133600555845e-24
0.0018066357925023333
0.0018015767128651329
4418780741794026e-20
0.11161800921720541
43372818642929654e-21
0.3516681968225559
0.0019115227087867495
0.19292333126793257
0.003305182858758944
0.0007009903299412998
0.0005693626460755711
4475166935836542e-20
0.3875382763355945
12102023446149309e-21
21567730512725335e-21
0.008317812991699477
0.0064539448176575975
21715984867340865e-24
8723182868605075e-20
0.003057795457591469
0.13752718571338168
0.030486330921635506
0.00010011504934432592
0.023151110878162802
0.00035414936497418553
0
0.11639683625222101
0.012375468604111154
0.36792156334782106
0.33823918017007865
0.35413354456433893
0.053032451976280606
0.0299380984018435
0.4229294584389758
0.3625472289617965
0.425059032773161
0.33226946247114364
0.22616132072907108
0.0007653396305498554
0.015797162856826655
0.1466200429679211
0.29475551312604736
0.1422197719818451
0.0002992531992866181
0.027200719983259458
0.27563956384869104
0.11814110866408604
0.1746301795937611
