0.8649557592817055
34.22476396532467
34.06439842782564
0
34.2285794164794
0.02372855401055476
34.20046473322298
0
34.19926377261836
0
70.9913661923729
0
24.088856657826426
0
24.610353107752196
0
26.854851451268452
2.1927393494789147
44.14933044591844
1.3164153652438346
1.0484334647233546
12.827002157699127
19.301238152092328
0.13465318269187246
0
0.13287058476971828
0.0013385599894176544
0.13030538205431652
0.006886867465880952
1.259385421010862
1.1399862833682766
0.10709333224538997
0.03150811579019891
0.22617787117910534
0.12923216414221392
0.06495319523259395
30830425952649394e-23
0.13136367544683766
0.13126442339507774
0.016990878100774324
0.015371783372437529
0
0.0153543451799967
0
3.5747040919084876
3.3446624808548475
4.1794084474724045
0
5.438974412605085
0
0.3896379666518386
0.09649048525680799
32.66462587071272
32.93952336794434
17.722951737043324
88.01285696733771
61.412828582405815
0.1720978016856854
0.0028973031982532723
0.008992733845679422
17.785652658660947
30.2448209151474
0.019329015288300635
0.42814599618527854
0.21347593783543206
0.7408290397704419
26.63597495208496
0
26.24587377618292
0
13.953410203413572
0.0077355889389361596
0.00803174370401855
13.799420834511778
1.2710051640974451
1.2894005490852218
2.517793779587497
0
0.00026430112551162555
0.006691170501782449
0.05804544578616146
0.03481653091641786
0.005825762832278491
0.001091806222763512
0.0008894943689673528
0.0009208616803460854
1.6301325511599818
0.41968222055411186
0.07490120722826105
0.20771501553213714
0.0008562925181999437
0.051450178357288066
0.003857572057091515
0.004192577773010689
0.07428171635606692
0.32559548211548195
0.020499172278115846
44967883590194926e-21
0.011639168447069352
0.0014494529928426696
0
0.9992726760863663
0.5399468169917837
0.03224049397156799
0
0.43074749671094276
22930277374371775e-21
0.011574271539334224
0
0.0019377045615391248
0
0.1281389655743195
0.8167776039946026
0
0
0
0
0.013486157183987359
0.39859693552714237
0.006103951918881914
0.00720683860063978
0.40520857037971564
0.40367077839834
0.18078128280466413
0.05536242612386922
0.04226707097775124
0.1714172814148501
0.0008769082494486328
0.4017638014949641
9648778825546345e-22
0.006645592049829568
0.25459492714024456
0.13022164556061144
6560817003286817e-23
0.0025630886611031187
0.13411979624430279
0.22452300585428422
0.013976882513126112
0.02027938885015322
0.24217374369131534
0.4168378962254952
0.2606656947874623
0.12048845155990136
0.2275059495790454
35271897193575322e-25
0.2078809852933005
0.20782795441584032
0.46829059473133555
0.5717360645865743
0.006235807187909907
0.9638701229841704
0.394884548839278
9.022490758924029
2.03251183083742
2.6348349565319946
0.10647948427956035
0.38738524009867215
2.478760852306529
3.798296968628212
0.6447478724775478
4.906919620291538
6.696514833433195
4.504280689840929
2.396013393260892
2.772259121082699
0.47928857952380727
44.350975778726635
619.2799847285694
4.0021470802350905
5792.165406810303
1.0999884854552855
23.218629715268214
1.174088609549161
45.18003797727439
1.3038876202921887
1.3969661235232085
1.0999874757078683
0.9487106604814005
1.0944551368855486
3.1126032702756783
0
0.0007124462876393981
0.0007350140446774961
0
0.008024386728328151
0.006776886916548264
0.007069226299738426
0.0071853404187598256
0.006550675172539039
0.008776144003546307
0.006780851369733703
0.007996650408009212
0.005998470583649459
0.0067069401607917625
0.008022073046740606
0.014339764028385778
0.007283128476433925
0.0075558811529208006
0.007524971132302732
0.007823087102153186
0.0038505829397370004
0.010225236355018416
0.01635617609368714
0.010608052450047544
0.0067067402700692145
0.001901650769802978
0.007455252555627912
0.023037061870910272
0.07322617758330292
0.04195833932697016
0.11741935383522041
9120060418219109e-20
0.01013015860972232
0.2394841110876147
48061075096510165e-22
0.07514158945458316
0.010954325348193362
0.001269876072407512
5486356187759665e-21
12044235784292677e-22
0.10479942573096807
0.09086275505380367
0.004147116500400129
0.0409026429054357
0.020346814130540986
0.005790356649828155
0.012138579488721681
0.0004829210626058564
0.3798115828480436
15699130008598507e-25
0.08016273844350617
0.00034193311529688466
0.009649005835288344
0.010942350941798637
0.00015706562679976868
0.00017087970096656848
0.40096146878778605
0.0003935315019645685
0.05746362495726665
0.2593042947134085
13179231136992166e-22
2586167014178641e-21
0.00014472966958152086
12571498191756366e-21
0.0005945413425527407
17003119282478144e-21
14432277140873832e-23
10044042404268476e-22
19077045040662576e-21
0.07788216132200496
0.07871935527526368
4350017577510663e-20
0.00021269040111245943
0.01971306163289763
0.008175449414094552
0.09341945401406401
0.020296218896385915
27828989319959138e-21
0.1423021798922655
0.03900630070465595
557347897716625e-21
0.30207703449102535
44589638825280775e-23
0.0037674415293687032
0.0009827448424752341
22994565953059003e-28
0.30993106557593153
0.3979789272908963
0.018182775952758645
0.29454431231337963
0.42107018066287927
0.007416666151452758
0.20262280749297226
22332184594082299e-26
4630621070740876e-21
0.0006294957670424026
9120806788319254e-20
0.13588113732897658
8645601752625266e-22
0.00011181680380894317
0.1699834188728786
0.0009293349796154352
0.011885238201453048
1220077125777545e-20
0.143389407743332
0.0993364883621847
0.02135826219275126
31469255304724606e-21
0.00015345378294187413
12006679845200452e-23
0.013724411519086387
0.1713472006207325
8333314530386282e-24
11103322279878147e-21
910635095523859e-20
965040161412475e-19
10586425196482519e-21
0.34027545382515545
0.16993788160016157
0.005160901870214982
0.0015488449003949007
0.042277100379287946
0.005890865830223029
6760491028086114e-20
0.028603337285888555
8323817298216373e-20
0.0007210728807878615
0.08276850958172266
9970380757799823e-22
0.4114881200621805
0.41278808972664577
0.0018288234487690849
0.0005371435236335649
5829910100841617e-24
0.001031012707282416
1039042131763187e-23
0.010302512130141694
0.0295222120509888
0.0009040765041503869
0.00033765703021905463
0.00015455442126062206
26181823401608385e-22
0.006131756730055515
0.030858535783244344
0.0215779751772365
11257175970139689e-24
0.42085656964463214
0.06860065710966759
0
0
8178054540447115e-20
6661823710543384e-20
10336384031065212e-22
7596605427860714e-22
0.00019349101992550383
0.009774937757626181
0.005397101518658722
15204233714887936e-24
0.00013150231870328783
7328741188343753e-21
0.057303543840730733
0.013447733103285968
0.10325871046288004
384563611492683e-21
0.061687784875388306
0.007702130764185751
0.00012014659537877415
0.12810657899145922
0.00029644446393435175
18549559457236273e-29
851497647208629e-19
37361595281156984e-22
0.00012471909390607782
0.01640713292908558
0.003907192103551043
0.00016355673960387609
0.0001521200334032506
3799874513695866e-24
0.0005145361984498993
0.02306605965181701
13135133598179636e-24
0.001806590771005677
0.0018015319433525273
4418778052511997e-20
0.1114274767365274
433727927329878e-19
0.34890638546253744
0.0019114723034856919
0.19229780078674605
0.003305031982268963
0.0007009835582604187
0.0005693581792185098
4475164177481713e-20
0.38377768306837295
12102021429011084e-21
21567724106059874e-21
0.008316853358437314
0.006453367990982199
21715984860845923e-24
8723172387738717e-20
0.0030576663486721087
0.13722971737653314
0.03047318757356077
0.00010011491128978828
0.023143580440506094
0.00035414763707630195
0
0.11618859254363711
0.012373336910060284
0.36475392904396137
0.33577022802420514
0.35131411799342466
0.052991855652282684
0.029925429700009346
0.41744981355672756
0.3595209141656866
0.4193994520946696
0.32992047607658803
0.22526195717813965
0.0007653315581166701
0.01579367912007861
0.14627845703476533
0.29304644990834566
0.14189998002658524
0.00029925196560639714
0.027190287465982222
0.27419570530525106
0.11792617890648421
0.17412931042862956
