0.8691469856858965
34.248584740505265
34.07162292279675
0
34.235297819767496
0.023744150779197608
34.206251267746694
0
34.20323279113754
0
70.21762963415695
0
23.914456998536632
0
24.55909005566277
0
26.83514769486399
2.1998872160499383
44.26495013975686
1.3458753215970982
1.05251992311457
13.672330959965137
19.423043090013767
0.13522177779189753
0
0.13301030948158224
0.0013460502186102914
0.12875703252109477
0.0068864041178329175
1.2443147402770418
1.126489273685672
0.10692440334985853
0.031131167893032417
0.22308881965651106
0.12804781249899164
0.06426627803343758
2837176701962534e-22
0.1314515587577982
0.13132744626537227
0.017944974422733472
0.016227479106807018
0
0.01509712450608577
0
3.5415125565361034
3.366027693308818
4.178063873564107
0
5.43587103377645
0
0.4174106020852709
0.09805399545132652
32.661788882744105
32.939509589343764
17.713671181172383
87.97932913051969
61.41136004487507
0.18385403907127423
0.0029812190021452738
0.008994370555331808
17.773304499811605
30.330593233745095
0.018875058284662058
0.4428491616202205
0.22916128657201632
0.745175374293565
27.53853521129371
0
27.154306114857683
0
13.989351336479823
0.0080326402254371
0.007694716141105488
13.782684354168653
1.351680692734265
1.2888781700574363
2.5156409769093537
0
0.00027530506540154214
0.006803519227399143
0.058380388699553885
0.03482537957001385
0.006039569654680494
0.0010172468444924379
0.0008257925241183703
0.0009242479862808765
1.639604981268053
0.4188174668982954
0.07942097088777134
0.20741962535475555
0.0009442989210644542
0.05192311551678044
0.003908504255928011
0.00409221201136366
0.0745484148763267
0.3472751788267437
0.020590875215482345
4373693545917993e-20
0.012076118756091339
0.0014475121540370737
0
0.9979348643078987
0.5408225111687425
0.0334722957454927
0
0.427627461034755
24339016422295675e-21
0.01231943606345876
0
0.0019016855173801597
0
0.12811173454228258
0.8149395771379574
0
0
0
0
0.013491013407970008
0.3980778764641797
0.0059805292441035525
0.007105634732361845
0.4049230115758739
0.4033165188633459
0.18082700638895285
0.05936516528560564
0.04232058648555668
0.17227707948629203
0.0008680779125436096
0.39780586084059005
9647070723371304e-22
0.00664425756315985
0.25460275852821623
0.12928081268765307
5986662511970747e-23
0.0025608647545576797
0.13284172647901135
0.22437663944367991
0.014114690485202917
0.02045212285575372
0.24054746750857717
0.41395446958326065
0.2604876641473338
0.12137536670393546
0.22865299857006577
3228809354239115e-24
0.20867495750213333
0.20861302055951372
0.4679328313489573
0.5714811794213153
0.0059771186203125765
0.9902311389359344
0.3977946279866956
9.08105078832553
2.033225711768203
2.6362061565432255
0.1062779600608735
0.38964245578530665
2.480235095331637
3.801440781680169
0.6438965909417466
4.930671682658346
6.736267974092195
4.521810914082283
2.3965417077973803
2.786941653755951
0.48213609161558163
44.590068364461665
619.2785062086057
4.002146329546337
5775.00292441251
1.099988429660744
23.218627616376132
1.174047386479821
45.178809106935
1.3039070777636552
1.3969656273886686
1.0999874199002457
0.9481400527566781
1.0943115268391885
3.1876612085021514
0
0.0007151572459194917
0.0007347838131720568
0
0.0080169172249563
0.0068238717737080104
0.007109896925351008
0.007208551938998072
0.006588029795157453
0.008823496924390292
0.006807875893795985
0.008059620166979706
0.0060208396276385245
0.006746397257927463
0.008078251783108231
0.014451807682635799
0.007323542890307497
0.007609782770702217
0.007568889464890177
0.007879876134722344
0.0038669726252032583
0.010298657182351248
0.01645887901710927
0.010682505134006617
0.006753543200325274
0.0019016355882416091
0.007455018090758237
0.02303479197757267
0.07320213181468614
0.0419506779852856
0.11735462090485158
9120056931871143e-20
0.010129724695937448
0.23916884805755165
48061074128388614e-22
0.0751162211014316
0.010953817590136925
0.0012698693062797722
5486356061602716e-21
12044235723493166e-22
0.1047485547677432
0.09082506679357787
0.004147044157940773
0.04089536938720632
0.02034504770037318
0.005790215418009465
0.012137955360047727
0.0004829200847508584
0.3787153092496852
1569913000849521e-24
0.0801337211789223
0.00034193262512136275
0.009648612328123137
0.010941844298553861
0.0001570655233898275
0.00017087957856524427
0.39961397051970393
0.00039353085266121177
0.057449042902544
0.25892266088598637
13179231064193775e-22
2586166986146567e-21
0.00014472958177828838
12571497529357001e-21
0.0005945398602799015
1700311807075139e-20
144322771321439e-21
1004404236198618e-21
19077043515309154e-21
0.07785483416418937
0.07869141404816463
4350016784389667e-20
0.00021269021147827887
0.019711404467929242
0.008175167283671554
0.0933795098297958
0.020294461319793372
27828986073974812e-21
0.14220440744556503
0.03899969761165809
5573478964146757e-22
0.30151642319735183
44589638741949276e-23
0.003767381846377654
0.000982740791204649
22994565953058785e-28
0.30933111841293326
0.39667287858912265
0.01818136801003165
0.2940193312330553
0.4193090733813594
0.007416434115184327
0.20240894366028706
22332184594061394e-26
46306209808695094e-22
0.0006294941053035559
9120803301400608e-20
0.13579264486471276
8645601721297321e-22
0.00011181675140099277
0.1698391911614766
0.0009293313568999746
0.011884639986552004
1220077063386787e-20
0.1432900102606896
0.09929104503451688
0.021356314014267547
31469251153981584e-21
0.00015345368423353787
12006679839158364e-23
0.013723612543017948
0.17120039954466065
8333314530095225e-24
11103321763163023e-21
9106350607675778e-21
9650397710500001e-20
10586424726757431e-21
0.3394985334498073
0.16979373933436032
0.005160789736815554
0.0015488348325117152
0.04226931987813561
0.005890719640031522
6760489112406233e-20
0.02859982031557566
8323814394077403e-20
0.0007210707002188989
0.08273749385484788
9970380716135435e-22
0.40996672058476924
0.41124087668119674
0.0018288094086401515
0.0005371423138067967
5829910100699165e-24
0.0010310082480936274
10390421317179383e-24
0.010302063257664246
0.029518462357516723
0.0009040730757578474
0.00033765655222853464
0.00015455432113115316
2618182311430424e-21
0.006131598306036985
0.030854433957879797
0.021575986319040792
1125717596960856e-23
0.41910286648041084
0.06857964923488849
0
0
8178051737132928e-20
666182185037457e-19
10336383986285758e-22
7596605403673797e-22
0.00019349086298491806
0.009774533867247939
0.005396978861107818
15204233713919056e-24
0.00013150224621677175
73287409632296834e-22
0.05728904514450475
0.013446966204084155
0.10320940472167484
3845636108728458e-22
0.061670911627414476
0.007701880459730076
0.00012014653487129129
0.12802861090698467
0.00029644409551797513
1854955945723626e-28
8514973433021654e-20
37361594696106495e-22
0.0001247190287051528
0.016405988354738978
0.003907127902847515
0.00016355662746936084
0.000152119936403424
379987451363535e-23
0.0005145350883402204
0.02306378398113385
13135133597456518e-24
0.0018065770704320814
0.0018015183194600357
4418777234118712e-20
0.11136955908176331
43372784848161157e-21
0.34807023243778074
0.001911456964571276
0.19210784420021734
0.0033049860693903587
0.0007009814975373756
0.0005693568198859699
447516333806843e-19
0.38264053016134747
1210202081516217e-20
2156772215640454e-20
0.008316561347919627
0.0064531924631856695
21715984858869408e-24
872316919823786e-19
0.0030576270597452164
0.13713932053281713
0.030469188957061848
0.00010011486927751566
0.02314128928823358
0.00035414711124967925
0
0.11612529446277521
0.012372688272696747
0.3637953881112638
0.3350224672475015
0.35046058232406824
0.05297950767887161
0.029921575465687546
0.4157963984736679
0.3586049790913841
0.41769214865184906
0.3292089412671054
0.22498897621872652
0.000765329101556808
0.01579261911305804
0.14617466473132448
0.2925283226461237
0.1418028047573575
0.00029925159017783146
0.027187113470237424
0.2737578177909834
0.11786084981217278
0.1739771728412454
