0.869929935017165
34.25324444037812
34.0733978066963
0
34.23704156911128
0.023747470819082586
34.20783304536557
0
34.20448761741158
0
70.10480895718645
0
23.87982459846881
0
24.548593472280636
0
26.831170432135625
2.201283356781467
44.28714782318638
1.3510227509000365
1.0533150217712777
13.816059554721013
19.44680569978055
0.135335401293055
0
0.13303981302129783
0.001347551585977121
0.12846674804935634
0.006886318187401857
1.241490221012856
1.1239587243096014
0.10694175650628553
0.031073091705070503
0.22251122259498862
0.12792102615396564
0.06416263510884541
2799531521330977e-22
0.13147035204591143
0.13134087688343107
0.018115494831679024
0.016391521657069575
0
0.01505265836415349
0
3.533461139957673
3.368567681127477
4.177810641451181
0
5.435298551371381
0
0.42216221415301075
0.09831381557105859
32.66125906728692
32.9395071649247
17.711923278394625
87.9729103943712
61.4110899907337
0.1858528713766294
0.0029983331797009804
0.008994648275939604
17.771126683823184
30.347932541482656
0.018794313799900222
0.44547616579567684
0.23185824519385687
0.7460306211048959
27.69980202025031
0
27.319895204593372
0
13.9964861226037
0.008086267299403095
0.008920880710303425
13.779671437357965
1.3653664853038285
1.288786106697742
2.5152390053981395
0
0.0002773105949300643
0.006822262324028727
0.05844591882337729
0.03482723179395346
0.006078068883815785
0.0010048121456300223
0.000815195049634563
0.0009249163730627665
1.6414469783435883
0.4186594474505382
0.0801791490677362
0.20736260659405667
0.0009599802298060541
0.05199883655383308
0.003916699584709882
0.004073323403790353
0.07460045908763974
0.35094339202400343
0.02060892370036451
43507992179751304e-21
0.012141633889699115
0.001447128179215312
0
0.9976847495271324
0.5410135087414176
0.03369445192666327
0
0.42705390213892014
24575901430606267e-21
0.012445769234403088
0
0.0018946345351451791
0
0.12810664538177816
0.8145964036460226
0
0
0
0
0.013497778455737497
0.3979856563079491
0.005957154860288491
0.007086505654027007
0.4048696026013212
0.4032598604086155
0.1808352593642092
0.06005243605090719
0.042332105163354575
0.1724519193069053
0.0008664465281156987
0.39707452473540267
9646749194018316e-22
0.00664426191521204
0.2546113864892049
0.12910747920898893
5884980821490594e-23
0.002560433929561167
0.1326042306643974
0.2243491786008952
0.014141526324419583
0.020485607425156146
0.2402444091664936
0.4134180686687476
0.2604540062169055
0.12154633129234083
0.228878539212821
31759571484261278e-25
0.20883420072971137
0.20877121801526935
0.46786598149544767
0.5714335135185931
0.00592757826005873
0.993379128318589
0.39835540557932425
9.092473651323692
2.03336590825828
2.6364875566710886
0.1062421188552617
0.390082405064657
2.4805248822180874
3.8020864897826576
0.6437455048046418
4.935236287379839
6.743948484274397
4.525229582860462
2.396647404867627
2.789750211912332
0.48268717155447893
44.6365230141853
619.278230011506
4.002146189312635
5771.802498778399
1.099988419237948
23.218627224288973
1.1740396858931672
45.178579549381105
1.3039107673997508
1.3969655346912933
1.0999874094750093
0.9480334399947277
1.0942847016031592
3.202900158781835
0
0.0007157029124110168
0.0007347444539873728
0
0.008015595718281747
0.00683299253846867
0.007117846255728001
0.007213208046550982
0.006595321504206456
0.00883261700496599
0.00681324445657185
0.008071818464263383
0.006025295135892941
0.006754108207828928
0.008089154655753862
0.014473493704532032
0.007331450331346662
0.007620235014478478
0.007577461326726592
0.007890880751187507
0.003870273142712521
0.01031288838394965
0.01647892431724011
0.01069694667392162
0.006762630527750741
0.0019016327522370928
0.0074549742919582515
0.023034367970996995
0.07319764077846787
0.041949246950119444
0.11734253231387662
9120056280598001e-20
0.010129643639979218
0.23911000082156442
4806107394753698e-21
0.07511148307162151
0.010953722740119905
0.0012698680423255191
5486356038035749e-21
12044235712135407e-22
0.10473905446673025
0.09081802810571404
0.004147030644021838
0.040894010788378905
0.020344717736316284
0.005790189035336026
0.012137838772163647
0.0004829199020811758
0.3785108689917762
15699130008475914e-25
0.08012830172285285
0.00034193253355335046
0.009648538820112344
0.010941749656782568
0.0001570655040721613
0.00017087955569986191
0.39936275121372844
0.00039353073136708875
0.05744631928669321
0.2588514314030698
13179231050594547e-22
25861669809099865e-22
0.00014472956537605887
1257149740561634e-20
0.0005945395833817578
17003117844392678e-21
14432277130513092e-23
10044042354087562e-22
1907704323036287e-20
0.07784973032999266
0.0786861955381809
4350016636229338e-20
0.00021269017605335503
0.019711094913790705
0.008175114580886928
0.09337204988053356
0.020294133009515953
27828985467603112e-21
0.14218615034185506
0.038998464233311464
5573478961714628e-22
0.30141181262021866
4458963872638239e-22
0.0037673706972976124
0.0009827400344018591
22994565953058745e-28
0.30921917304528473
0.39642937543292067
0.01818110500892945
0.2939213650042594
0.4189809041094809
0.007416390770050735
0.20236901748496358
2233218459405749e-25
4630620964080933e-21
0.0006294937948800294
9120802650020859e-20
0.1357761202657428
864560171544505e-21
0.00011181674161083725
0.1698122620217789
0.0009293306801538834
0.011884528239315692
12200770517317734e-21
0.14327144978060344
0.09928255821949925
0.0213559501010997
31469250378594885e-21
0.00015345366579416265
1200667983802966e-22
0.013723463294061274
0.17117299005976264
8333314530040854e-24
1110332166663716e-20
9106350542748704e-21
9650396981276771e-20
10586424639009624e-21
0.33935359624777445
0.16976682614403485
0.005160768789811105
0.0015488329517705569
0.042267866586833694
0.005890692331120936
6760488754544384e-20
0.028599163369762894
8323813851564789e-20
0.0007210702928746558
0.082731701196598
9970380708352246e-22
0.4096831370884232
0.4109524903728486
0.001828806785861418
0.0005371420878033072
5829910100672554e-24
0.001031007415089255
10390421317094856e-24
0.010301979407429074
0.029517761942307954
0.000904072435312463
0.00033765646293676
0.00015455430242630093
2618182306063389e-21
0.0061315687118166555
0.03085366776970686
0.021575614807250874
1125717596950934e-23
0.41877607389660915
0.0685757255355416
0
0
8178051213455058e-20
666182150288256e-19
10336383977920654e-22
7596605399155518e-22
0.00019349083366737333
0.009774458419653968
0.005396955948159898
15204233713738062e-24
0.0001315022326758066
7328740921176859e-21
0.05728633709703897
0.013446822946994326
0.103200196687173
38456361075705604e-23
0.0616677601026571
0.007701833702073017
0.00012014652356808919
0.12801405120458345
0.0002964440266953645
18549559457236258e-29
8514972865304024e-20
37361594586815126e-22
0.00012471901652518448
0.016405774549390583
0.003907115909840474
0.0001635566065218864
0.00015211991828320968
3799874513624045e-24
0.0005145348809645184
0.02306335889540614
13135133597321435e-24
0.0018065745110841418
0.0018015157744365464
4418777081237349e-20
0.11135874301121826
4337278337522257e-20
0.34791425569245915
0.0019114540991723597
0.19207237983621886
0.0033049774926259944
0.0007009811125810982
0.0005693565659538526
44751631812603896e-21
0.3824284761455476
12102020700491062e-21
21567721792195808e-21
0.008316506799524
0.006453159673939873
2171598485850018e-23
872316860241774e-19
0.0030576197203649206
0.13712244039539465
0.03046844204672334
0.00010011486142934201
0.023140861310695957
0.0003541470130218099
0
0.11611347377796659
0.012372567106636298
0.36361660563704423
0.3348829652052782
0.3503013661360041
0.052977201313213984
0.029920855523777042
0.41548825611906
0.35843413509811806
0.4173739841524527
0.329076191978501
0.2249380182190308
0.0007653286426557484
0.01579242110449116
0.14615528379509965
0.2924316345810702
0.14178465914056668
0.0002992515200452981
0.027186520587519945
0.27367609500536805
0.11784864990965259
0.17394876725314704
