0.8719320241247616
34.26517393809861
34.078488649326026
0
34.242112303466655
0.023756486220045673
34.21252459583351
0
34.20838884048383
0
69.85472931878473
0
23.789043278508515
0
24.520407128125175
0
26.820527933341705
2.2049002094111247
44.34412544708809
1.3635694947528154
1.05537307617728
14.160867541091399
19.508416512282313
0.13563458817536098
0
0.13312031556721812
0.0013515178688473716
0.12772347574322374
0.006886099570540959
1.2342592647452095
1.117479074018283
0.10703199853092221
0.03094200272189491
0.22103450785460715
0.12769374087225302
0.06393261750628515
2713571999292448e-22
0.13152213823465522
0.13137791876754396
0.018535924842218367
0.016812166544488954
0
0.014943770993322758
0
3.5116385780322665
3.3730329990957233
4.177159600933085
0
5.433844965968833
0
0.4335972446199647
0.09892740419203898
32.65990452235879
32.93950121930552
17.707438897650714
87.95643387489973
61.41040555641451
0.19064402001651895
0.0030439298638711165
0.008995310818227038
17.7657591232072
30.393973276917347
0.018593551551304346
0.4519498181321375
0.2383699984425813
0.7482665848661637
28.097234741022746
0
27.731903390429583
0
14.015189103256114
0.008219402274857351
0.008136779112912376
13.772158378754527
1.3981641303274135
1.2885606794811495
2.5142113880617742
0
0.000282315819802781
0.0068666493889307945
0.05861594682258888
0.03483204083936999
0.006173458568367079
0.000975350737652869
0.0007901071012887882
0.0009266655879946802
1.646216657389185
0.418259968154463
0.08197986794059876
0.20721468539555246
0.000998572121156126
0.05217350739317516
0.003935673147507456
0.004025011370353391
0.07473494518086592
0.3597087188163446
0.020655780430596963
4292460178305851e-20
0.012285589120773805
0.0014461218288215846
0
0.9970449161932413
0.5415371814399215
0.03424557460338445
0
0.4255995690417484
25140038216996272e-21
0.012748314124459932
0
0.001876305403845282
0
0.12809362847125896
0.8137191048317786
0
0
0
0
0.013522902142058514
0.3977567319230556
0.005897202468906008
0.007037269554867248
0.4047329410176633
0.4031219606595667
0.1808560230673606
0.06171059902452178
0.042363422483756095
0.17291523888094665
0.0008623012340596096
0.39521604581385994
9645923529564123e-22
0.006644588743728447
0.2546416250617937
0.12866493802286302
5632505103020143e-23
0.0025593064671256163
0.13199872081911887
0.22427878941964266
0.014211177755542218
0.020572418461028245
0.23947058820206704
0.4120494949551346
0.260367370339062
0.1219880258201149
0.22946444571708888
30446463909065747e-25
0.2092499733707514
0.20918528914192386
0.4676949837484565
0.5713115525097813
0.005799974824306294
0.998904392702006
0.39980420141790846
9.122090943409315
2.0337342992286103
2.6372436726098023
0.10615308642377079
0.3912225807430253
2.481286730281809
3.803822280046274
0.643370695585744
4.946951196047601
6.763720470605452
4.534052458445431
2.3969277992086773
2.7969276937862313
0.48411208574041414
44.756686220957256
619.2775237451565
4.00214583071938
5763.626716172293
1.0999883925856921
23.218626221678228
1.174019994860561
45.17799255031681
1.3039202670394405
1.3969652976308256
1.0999873828165045
0.9477607921728544
1.0942161094605227
3.2433891469493163
0
0.0007171365486445832
0.0007346492961536181
0
0.008012325914420092
0.006856537678897066
0.007138395516350866
0.0072252906557957654
0.006614161412683436
0.008856071346564439
0.006827162783592038
0.00810331991582058
0.006036848603236169
0.006774044766778116
0.008117301967378735
0.014529458925889808
0.007351892110456262
0.007647214359913406
0.007599609612266856
0.007919282180214763
0.0038788981026617853
0.010349616736006909
0.016530763358678015
0.010734223661676413
0.006786093765355805
0.0019016255002752302
0.007454862294692783
0.02303328377420215
0.07318615794905518
0.04194558785497462
0.11731162609616595
9120054615219864e-20
0.01012943637376788
0.23895958769292705
48061073485079136e-22
0.0750993687580179
0.010953480201741235
0.0012698648102586892
5486355977772373e-21
12044235683092352e-22
0.10471476505181612
0.09080003187343658
0.0041469960876182365
0.04089053690432017
0.02034387400561461
0.005790121572432663
0.012137540648982642
0.0004829194349746581
0.3779885941435131
15699130008426573e-25
0.08011444523371805
0.00034193229940380175
0.009648350854444935
0.010941507650899228
0.0001570654546747366
0.00017087949723053295
0.3987210733463474
0.00039353042120460473
0.05743935528323688
0.25866937874518064
13179231015819791e-22
2586166967519464e-21
0.00014472952343372992
12571497089197623e-21
0.0005945388753227863
1700311726556812e-20
14432277126342924e-23
1004404233388991e-21
19077042501723343e-21
0.07783668077610417
0.07867285279769826
43500162573668076e-21
0.00021269008546788496
0.01971030337130642
0.008174979815510665
0.09335297666528566
0.020293293507530286
27828983917042837e-21
0.14213947554295878
0.03899531052417171
5573478955495401e-22
0.3011444766973802
44589638686576107e-23
0.0037673421880016307
0.0009827380991750362
2299456595305863e-27
0.3089331004203109
0.39580739020070704
0.018180432502964906
0.2936710028169669
0.418142906158274
0.00741627993284288
0.20226695759856259
2233218459404751e-25
4630620921150664e-21
0.0006294930010930101
9120800984370118e-20
0.13573387416072868
8645601700480136e-22
0.00011181671657631725
0.16974342061358055
0.0009293289496405939
0.011884242493898628
1220077021928599e-20
0.14322399948807224
0.09926085978218552
0.021355019562584007
3146924839584436e-20
0.00015345361864262558
1200667983514344e-22
0.013723081655149433
0.17110292089402845
833331452990182e-23
11103321419809722e-21
910635037672291e-20
9650395116571574e-20
10586424414628655e-21
0.3389832569408177
0.16969802550236562
0.005160715226361946
0.0015488281425152135
0.04226415058549088
0.005890622499754542
6760487839451652e-20
0.02859748355438988
8323812464299451e-20
0.000721069251250862
0.08271689056524323
9970380688449765e-22
0.4089588741499133
0.4102159737078233
0.0018288000791396284
0.0005371415098875109
5829910100604508e-24
0.0010310052850068642
10390421316878706e-24
0.010301764996092797
0.029515970977776928
0.000904070797623967
0.0003376562346078015
0.00015455425459590965
26181822923392806e-22
0.006131493036731197
0.030851708627287533
0.021574664839098506
11257175969255628e-24
0.41794158708645934
0.06856569321791228
0
0
8178049874352256e-20
6661820614306665e-20
10336383956530147e-22
7596605387601771e-22
0.00019349075869914896
0.00977426549435681
0.005396897357628895
1520423371327524e-23
0.00013150219805004883
732874081364308e-20
0.057279412898613456
0.013446456629516016
0.1031766544479621
38456361046096863e-23
0.061659702033404616
0.007701714138799416
0.00012014649466454062
0.12797682794518747
0.0002964438507083156
1854955945723625e-28
851497141358665e-19
3736159430734485e-21
0.0001247189853796471
0.01640522783784688
0.003907085242546024
0.00016355655295686097
0.0001521198719478026
3799874513595137e-24
0.0005145343506820084
0.023062271939234776
1313513359697601e-23
0.0018065679665613783
0.0018015092665428676
441877669030261e-19
0.11133108988488875
4337277960875392e-20
0.34751572350093735
0.0019114467720460252
0.1919817232589719
0.003304955560980393
0.0007009801282057547
0.0005693559166215106
44751627802847e-18
0.3818867645946044
12102020407264198e-21
21567720860873325e-21
0.008316367314795734
0.006453075828924642
21715984857556024e-24
8723167078839163e-20
0.0030576009528278285
0.13707928544278306
0.030466532196625394
0.00010011484136068609
0.02313976696020832
0.0003541467618422731
0
0.11608325243542258
0.01237225727684917
0.36315983831585485
0.33452650698881725
0.3498945614051421
0.05297130413460263
0.02991901463048049
0.4147013397944666
0.3579976379555532
0.4165615036767736
0.3287369805826943
0.22480776539233488
0.0007653274691956068
0.015791914785705338
0.14610573625704265
0.29218453769087405
0.14173826932624234
0.00029925134070863226
0.027185004578827023
0.27346723162728137
0.11781745913585172
0.17387615207471271
