0.8743772548678296
34.27934358526014
34.0856565254326
0
34.24934875481547
0.02376840345738784
34.21936809363989
0
34.21438823603364
0
69.61386331082986
0
23.67502360304736
0
24.483354636827446
0
26.806538047283567
2.2093467003730107
44.413182517386325
1.3776191151858457
1.05790360102667
14.53714486041019
19.584403162311492
0.13601374244712686
0
0.13322865074087353
0.0013565806332094903
0.12681444864937727
0.006885834919053208
1.2254179076640124
1.1095540502505858
0.10719452760603423
0.030813484326516507
0.21923278125123485
0.12754871973110488
0.06371529929431388
262628984015512e-21
0.13159308540269574
0.13142889166310992
0.019014188417497434
0.01732145733131152
0
0.014819665509127163
0
3.484373618462061
3.3748205420434787
4.176357335755841
0
5.432089300383698
0
0.4461343450866579
0.09957728299705577
32.65825067401402
32.93949447497295
17.701941342894475
87.9363879649017
61.40957836218313
0.19585938613893827
0.003102757482364454
0.008996022785005928
17.75959522858755
30.453150606458216
0.01835926547681825
0.45929618895640506
0.24555234312104451
0.7510734434573207
28.5483309015115
0
28.206639245385617
0
14.038688357850186
0.008372641714674157
0.009214922752720891
13.763369926740337
1.4339010068414786
1.2883068571411305
2.5129568455004097
0
0.00028812494000128537
0.006913917545431435
0.05882568598416811
0.03483774146270682
0.006282829971951801
0.0009439402712899995
0.0007633760982716536
0.0009288634680556583
1.6520905389215712
0.41778031930935805
0.08390544324394583
0.20703066820312374
0.001042372372073601
0.05235071711450093
0.003955074185545419
0.003966242635853433
0.07489923594522661
0.36919539863872936
0.02071345508503531
4221679800958077e-20
0.012417198268671882
0.00144485427426072
0
0.9962630021719843
0.5422374751335046
0.034879039173002904
0
0.42384586607080543
25747354283915386e-21
0.01307746583892861
0
0.0018535902276471104
0
0.12807772365015516
0.8126480485204692
0
0
0
0
0.013567111349971512
0.3974905262162189
0.005824007517010218
0.00697652799893483
0.4045658629883829
0.4029572436574789
0.180880826588367
0.06353738731032743
0.042404766855708764
0.1735065771997384
0.0008572901026793532
0.39296901693063163
964490836238755e-21
0.00664552116537268
0.2546914096382922
0.1281216172827509
5338241314288271e-23
0.0025578771871594586
0.13126266826788324
0.22419249282680886
0.014297419939435832
0.020679897077497875
0.2385277743651505
0.4103837681227356
0.26026045624090777
0.12253163757725095
0.23018732807445438
2891365140729372e-24
0.20976372955910066
0.20969886741298494
0.46748597795643626
0.5711624523471134
0.00564346331787389
1.0010073780444708
0.4015877564666704
9.1586234681767
2.0342033299636477
2.6382377241429715
0.10604942572177693
0.39262792388607115
2.4822574529399106
3.8061058929956415
0.6429353302069843
4.961133890868984
6.787776745588623
4.544798402853301
2.397289935376061
2.805540015466109
0.4858653148942295
44.904328102496805
619.2766611551764
4.002145392755275
5753.657017062807
1.099988360034237
23.21862499715007
1.173995945870344
45.17727563545045
1.3039319760304047
1.396965008055063
1.099987350257418
0.9474277448614415
1.094132340989544
3.295385636841901
0
0.000718934611153727
0.0007345439963672912
0
0.008008547854927939
0.006885317707850866
0.00716349867027971
0.007239967194842107
0.006637163903509232
0.008884587509570815
0.006844127977080193
0.00814191707796209
0.006050915600885643
0.0067984139622848955
0.008151718757872533
0.014597940752014309
0.007376850042319239
0.007680205241800684
0.007626656253140384
0.007954014888235248
0.003889555819254155
0.010394523453583673
0.01659422112307354
0.010779799877199651
0.006814785055647383
0.0019016166432044243
0.007454725510277904
0.023031959670928918
0.07317213595810976
0.04194111929006743
0.1172738901501146
9120052581227982e-20
0.010129183237085648
0.2387760105238973
4806107292026104e-21
0.07508457571726217
0.010953183987295657
0.0012698608628185855
5486355904170328e-21
12044235647620914e-22
0.10468510706792816
0.09077805719934173
0.004146953882904117
0.040886294512399494
0.0203428435713482
0.005790039178382384
0.012137176549263832
0.0004829188644795758
0.37735169663620743
15699130008366305e-25
0.08009752500498726
0.0003419320134278991
0.00964812128949602
0.010941212086787276
0.00015706539434372596
0.00017087942581965225
0.3979387651621038
0.00039353004239120704
0.05743085101510427
0.25844720429880946
1317923097334801e-21
25861669511650897e-22
0.00014472947220791843
12571496702742916e-21
0.0005945380105434574
1700311655862678e-20
14432277121249738e-23
1004404230922172e-21
19077041611807055e-21
0.0778207458061847
0.07865655984922786
43500157946470356e-21
0.00021268997483231403
0.019709336672230075
0.008174815224231276
0.09332968707689727
0.020292268237604803
27828982023282264e-21
0.1420824905454614
0.0389914591202111
5573478947899612e-22
0.30081829036706925
4458963863795912e-22
0.003767307368761662
0.0009827357356110194
2299456595305851e-27
0.3085840675765671
0.3950490586221183
0.018179611178531677
0.29336551482715334
0.41712169932114584
0.007416144565216914
0.20214237763467593
22332184594035312e-26
4630620868718225e-21
0.0006294920316108338
9120798950045292e-20
0.13568229514944063
8645601682202897e-22
0.00011181668600067382
0.1696593797308465
0.0009293268361005273
0.011883893511020106
12200769855288024e-21
0.14316606788312436
0.09923436505385105
0.021353883114030924
31469245974232756e-21
0.00015345356105460502
12006679831618384e-23
0.01372261555882384
0.17101738155294405
8333314529732011e-24
111033211183496e-19
9106350173949034e-21
965039283913373e-19
10586424140583295e-21
0.3385314950667888
0.16961403437470635
0.005160649807953613
0.0015488222688013929
0.04225961252899499
0.005890537213063223
6760486721812813e-20
0.028595432063167288
8323810769977647e-20
0.0007210679790764982
0.08269880535101222
9970380664142078e-22
0.4080760397677901
0.4093182270747263
0.0018287918879879728
0.0005371408040568974
5829910100521401e-24
0.001031002683458823
10390421316614716e-24
0.010301503133086901
0.029513783749247503
0.0009040687974541514
0.00033765595574080835
0.000154554196178778
26181822755774833e-22
0.006131400613018275
0.030849316017786572
0.021573504662097624
11257175968945756e-24
0.41692465063920425
0.0685534423418426
0
0
8178048238853254e-20
6661819529053882e-20
10336383930405076e-22
7596605373490722e-22
0.000193490667137526
0.009774029872213777
0.005396825799555056
15204233712709986e-24
0.00013150215576025146
73287406823078175e-22
0.05727095723604973
0.013446009245004309
0.10314790866354295
3845636100993455e-22
0.06164986182249855
0.007701568113954483
0.00012014645936350115
0.1279313803857616
0.00029644363576850254
18549559457236237e-29
8514969640547042e-20
37361593966016725e-22
0.000124718947340379
0.016404560142093537
0.003907047787690905
0.00016355648753579708
0.00015211981535655342
37998745135598285e-25
0.0005145337030277122
0.023060944466091037
13135133596554132e-24
0.0018065599735086152
0.0018015013182263878
44187762128385726e-21
0.11129732534106714
4337277500861698e-20
0.3470295995588332
0.0019114378231744568
0.191871058831359
0.003304928775190184
0.0007009789259510252
0.0005693551235672014
44751622905572526e-21
0.3812261916039526
12102020049134626e-21
21567719723412333e-21
0.008316196959744653
0.006452973427163645
21715984856402887e-24
872316521803265e-19
0.003057578031447534
0.13702659701266423
0.030464199783432164
0.00010011481685004695
0.023138430456805945
0.00035414645506699554
0
0.11604635258234809
0.012371878879980383
0.36260274855590263
0.33409166509682503
0.3493983554590896
0.05296410256720453
0.0299167664282069
0.41374226914391216
0.3574652477037402
0.4155713342431735
0.32832316254437444
0.2246487847640265
0.0007653260360046883
0.015791296420533712
0.14604524467044466
0.2918830316771011
0.1416816321968078
0.0002992511216778033
0.027183153132026416
0.27321235472360195
0.11777937580614031
0.1737875053994253
