0.8780550357458964
34.29853512618465
34.0978871651331
0
34.26175658024127
0.023787731871418454
34.23138037944194
0
34.22546820067086
0
69.35380078479761
0
23.500943540069766
0
24.422286350751946
0
26.78321854805015
2.215899499201908
44.51304229164232
1.3960395933174157
1.0616452046893157
15.012740818803062
19.697414614643854
0.13660237956857824
0
0.13341242290129757
0.0013645553530253279
0.12544656906826582
0.00688544195133467
1.2121173205177411
1.0976279264531803
0.10745344199262805
0.030673771584417753
0.21653030392484945
0.12746147263614704
0.06349672528304437
25247706852087264e-23
0.13171688156741557
0.13151886788075176
0.019653108885655187
0.01805922345804649
0
0.014649671816455665
0
3.445947014895549
3.3712376215801525
4.17513583880913
0
5.42948683742081
0
0.4620705167683877
0.10035858680773806
32.655764246858524
32.93948541025403
17.69365521598776
87.90698072408136
61.40835162699884
0.2024111042921957
0.003196124916834232
0.008996890866994605
17.751094851705563
30.546811086636
0.018028552825147072
0.4690516360774537
0.2547740496450482
0.7553916147284886
29.147635004769548
0
28.848310000373104
0
14.074594477707638
0.008581137239736355
0.008440189905803966
13.75095738936304
1.4789979803928046
1.2879715113272643
2.5110710359226878
0
0.0002961111279836111
0.006971310990817686
0.05913708809712028
0.034845019986260634
0.006430649343809225
0.0009056377916013594
0.0007307550700154474
0.0009322451647679034
1.6608186910533214
0.4170737021962503
0.0862447555127917
0.2067493663593307
0.0011006786031771678
0.05254926034063818
0.003977197538016016
0.0038790815293913545
0.07513822160431984
0.3809941870682624
0.020798289911642048
41163942029767423e-21
0.012532342519219742
0.0014428970657238435
0
0.9950861815969319
0.5433853426150966
0.03573887737077918
0
0.4212500905008342
26497361331473467e-21
0.01349150452290935
0
0.001819539674795661
0
0.12805378740625487
0.8110379066879564
0
0
0
0
0.01365428248742082
0.39711709098639786
0.0057150705607602915
0.006884020488621323
0.4043142369083398
0.4026874156711622
0.18091730789867802
0.06587926873644828
0.04247161087638692
0.1744295145597697
0.0008498606469849148
0.3896367824337411
9643367614554914e-22
0.00664775712923703
0.2547834125084171
0.12728603543869058
49230545953469244e-24
0.0025556191341684575
0.13016272132198642
0.22406202419279247
0.014426961814316719
0.020841870195862453
0.23711458599092733
0.4078897531360862
0.2600973908512221
0.12334353623177571
0.2312572087185374
2674391916927088e-24
0.21051587992328386
0.21045437529915526
0.46717111348568835
0.5709378968255919
0.005409978965363895
0.9957578562120433
0.4042540364876154
9.21297609544255
2.034946718372167
2.639873055104116
0.1059037210899227
0.39471664113215055
2.4837975309356524
3.809866229146588
0.6423256141239605
4.981581649112384
6.82270921221962
4.560333073140427
2.3978740600886583
2.817743685847179
0.4884746422976253
45.12276420152862
619.2753637678395
4.002144734029798
5738.694427948454
1.0999883110748025
23.218623155382794
1.1739597756037068
45.1761973718105
1.3039497484191458
1.3969645724237223
1.0999873012865056
0.9469267169345306
1.094006360011032
3.377327945712016
0
0.0007216509568903087
0.0007344084222852157
0
0.008003308105288666
0.006927399386843529
0.007199963851610773
0.007260588773603749
0.0066705691451981715
0.008926032969742844
0.0068683446277749815
0.008198753320462724
0.006070901907308659
0.006833866871949577
0.00820209138514736
0.014698549864123342
0.007413028347436066
0.007728529379194332
0.00766595410435694
0.008004926869471546
0.00390511807828896
0.010460304463003745
0.016686943823988623
0.010846521420524603
0.006856769670825503
0.0019016033216903787
0.007454519782638418
0.023029968279639847
0.07315105106045956
0.041934399183753766
0.11721715577053438
9120049521977077e-20
0.010128802515502138
0.23850016445696245
4806107207073913e-21
0.07506233154040166
0.010952738477218121
0.0012698549256434258
54863557934682234e-22
12044235594269638e-22
0.10464051541167246
0.09074501592132037
0.004146890405167646
0.04087991451688611
0.020341293831666624
0.005789915254754905
0.012136628940947443
0.00048291800642034845
0.3763957830280905
15699130008275668e-25
0.08007208264571063
0.0003419315833026001
0.009647776019655677
0.010940767554802697
0.00015706530360213385
0.0001708793184132511
0.396765013946925
0.0003935294726327107
0.057418062431808525
0.2581133992572213
13179230909467785e-22
25861669265670814e-22
0.00014472939516110923
1257149612149075e-20
0.0005945367098633081
17003115495342588e-21
1443227711358926e-22
10044042272119213e-22
19077040273317047e-21
0.07779678475194127
0.07863206058356878
4350015098687479e-20
0.00021268980842956313
0.019707882785282474
0.008174567674832213
0.09329466901174524
0.02029072626467672
2782897917494746e-20
0.14199682454284748
0.03898566708265314
5573478936475067e-22
0.300328350814474
4458963856483614e-22
0.0037672549990401304
0.0009827321806727405
22994565953058316e-28
0.3080598426698658
0.39391121533396645
0.01817837592478288
0.29290663998949007
0.41559043466549
0.007415940968443771
0.20195514601110987
2233218459401697e-25
4630620789856537e-21
0.0006294905734514581
9120795890293622e-20
0.13560475397861183
8645601654712771e-22
0.0001118166400129982
0.16953305530480817
0.0009293236572123467
0.011883368638112877
12200769307812202e-21
0.14307897922774915
0.09919452863241891
0.021352173937795715
314692423319769e-19
0.00015345347443863964
1200667982631648e-22
0.013721914550437054
0.17088880552513733
8333314529476613e-24
11103320664934625e-21
9106349868964374e-21
9650389413724941e-20
10586423728401846e-21
0.33785315029461394
0.16948778471162387
0.005160551416113315
0.0015488134344082123
0.04225278792408949
0.005890408938839024
6760485040814034e-20
0.028592346768432485
8323808221611706e-20
0.0007210660656504432
0.08267161149690706
9970380627581787e-22
0.40675178890137687
0.40797165807938995
0.0018287795680496288
0.0005371397424449942
58299101003964025e-25
0.0010309987705792564
1039042131621766e-23
0.01030110928718581
0.029510494325146693
0.0009040657890812424
0.00033765553630773956
0.00015455410831577827
26181822503666865e-22
0.006131261604562745
0.03084571773198104
0.021571759800381157
11257175968479695e-24
0.41539977198673894
0.06853502037535864
0
0
817804577896047e-19
666181789676575e-19
10336383891111322e-22
7596605352266815e-22
0.00019349052942316605
0.009773675492382757
0.005396718173496668
15204233711859806e-24
0.00013150209215376121
7328740484771326e-21
0.057258241738107625
0.013445336378582353
0.10310468827616834
38456360955544155e-23
0.06163506448337854
0.007701348488614323
0.00012014640626853633
0.1278630547880832
0.00029644331248579426
1854955945723624e-28
8514966973784618e-20
37361593452637793e-22
0.00012471889012694837
0.01640355593684721
0.003906991453908502
0.00016355638913845042
0.00015211973023979386
3799874513506723e-24
0.0005145327289164391
0.023058948006854152
131351335959196e-22
0.0018065479515209772
0.0018014893635243756
4418775494702719e-20
0.11124656062542786
43372768089722526e-21
0.34629971882720645
0.0019114243635875003
0.19170473268431354
0.0033048884880853076
0.0007009771176881558
0.000569353930765706
44751615539764625e-21
0.38023479937329235
12102019510485235e-21
21567718012599554e-21
0.0083159407416014
0.006452819411532596
21715984854668498e-24
872316241926333e-19
0.003057543556573063
0.13694738843285645
0.030460692023497927
0.00010011477998451496
0.023136420416967757
0.000354145993658178
0
0.11599087496883988
0.012371309769076485
0.3617664593810695
0.33343869972195744
0.34865335534082564
0.05295327280043118
0.02991338530866894
0.4123039417545226
0.3566659898411273
0.4140864875666222
0.3277017349325633
0.22440987958998146
0.0007653238804004323
0.015790366406008168
0.14595430867839365
0.2914301334515353
0.141596489006325
0.0002992507922419583
0.02718036867700389
0.2728294510941084
0.11772211926249501
0.17365426032250564
