0.8854919165633827
34.323417705026856
34.124049529277265
0
34.288114606010026
0.023828537645572398
34.257734849751365
0
34.2514575888831
0
69.06610675657957
0
23.16112674782173
0
24.2808951561483
0
26.726464042695568
2.2276401801727457
44.685918437285586
1.4240142499548665
1.0684555748114424
15.690321398848312
19.90755835518872
0.13780220098941884
0
0.1338572738359865
0.001381494448568862
0.122687233153581
0.006884664903382214
1.1852959046922438
1.0735673434169806
0.10765840366405993
0.03050007943475928
0.2111089527893612
0.12718628234617818
0.06327657311118254
23954121668299554e-23
0.13203411901571585
0.13175706379972607
0.02065393307072105
0.019368910184412207
0
0.014356562337406268
0
3.38681213240995
3.349942374725288
4.172617429171725
0
5.424340261893437
0
0.4849594977773309
0.1013426925042045
32.65073996583926
32.93947061678634
17.67696401408799
87.85280296967865
61.40591034260382
0.21155645001839504
0.0033922378066870837
0.00899798105898509
17.736206458986864
30.74318998639868
0.01743209910693167
0.4840043073497507
0.2683455619884874
0.7641543302246753
30.067755351535776
0
29.85662206191973
0
14.145039624089767
0.008920402410371536
0.008925887936396152
13.72848579271723
1.543147230077784
1.287450698978244
2.507261818885067
0
0.0003092750991315384
0.007045696948158784
0.05971116243595885
0.034850677633654306
0.006667322383332687
0.0008547137430722936
0.0006870841326279788
0.0009390929737861044
1.6770737514053025
0.4156864241558491
0.08918270791471825
0.20617686061158186
0.0011912952401574213
0.05275987107872411
0.004002497451114284
0.0037106393607626124
0.07555306936940796
0.3970192941958226
0.02094917346409232
39087358490568774e-21
0.012531916760265407
0.0014389069817216163
0
0.9927048467721639
0.5458370063557648
0.03713007781908684
0
0.416128772510204
27504063607518317e-21
0.014074912955531921
0
0.0017551256712682922
0
0.1280053333543818
0.8077847058331022
0
0
0
0
0.013856513845134106
0.39645092937136917
0.005503971485180112
0.006693812245501423
0.40380430775625353
0.40192208081825087
0.18098972123732804
0.0693168586880012
0.04261397266404115
0.17631735837578763
0.0008352318373422653
0.38307228243850266
9640201791358978e-22
0.006653786222743182
0.25498318850103896
0.12547175771241692
4174705344795119e-23
0.0025507010141971828
0.1279638737188791
0.22379576158104095
0.014675177490262765
0.021157067813308974
0.23427456593103982
0.40288564749943034
0.25975949859691155
0.1248943981655297
0.23319943247040834
22801005293073526e-25
0.21180238854606515
0.2117571297843035
0.4665314878951834
0.5704827152997785
0.004960305141700769
0.9631414995451747
0.4093643153564102
9.31416047825453
2.0365706899164153
2.6436259027244247
0.10564272052321134
0.3985982957641385
2.4871673643648355
3.8185099513136462
0.6412415399396604
5.016803581922688
6.883757584511049
4.5867873005500135
2.3991837060220704
2.837733767402934
0.49338636143236114
45.52525704893332
619.2727403150634
4.002143402014159
5708.557200625421
1.0999882120734024
23.21861943112555
1.1738866387181297
45.17401708178058
1.3039859691726665
1.3969636911993546
1.0999872022618966
0.9459132216485524
1.0937516568069106
3.546823158140102
0
0.0007267613861496098
0.00073421442158396
0
0.007994223986658984
0.007002039408008808
0.007262723363572411
0.007290876247058767
0.006728121347344595
0.00899901346794179
0.006906700063816766
0.008302089004939955
0.006101895745202725
0.006895205670476623
0.00829175232048685
0.014880377866433044
0.0074747747440378435
0.007814856567664721
0.007733775272942223
0.0080961638518545
0.003931394839527785
0.010577897080244938
0.01684991112770196
0.010965464195831482
0.006931409329182154
0.0019015763843967112
0.0074541037958826975
0.023025941991683077
0.07310843362165413
0.041920813673331926
0.11710251641331902
9120043335835599e-20
0.01012803269796064
0.23794334644079343
48061070352911615e-22
0.07501737148150785
0.010951837661799715
0.0012698429201016123
5486355569616294e-21
12044235486387439e-22
0.10455040416625441
0.09067823953486633
0.004146762049113449
0.040867016500150864
0.02033816044688564
0.00578966467554065
0.012135521691691568
0.0004829162713340871
0.3744702123682931
1569913000809239e-24
0.08002066006432
0.0003419307135431959
0.009647077883499834
0.0109398687170142
0.0001570651201127312
0.0001708791012258024
0.39440212661570084
0.00039352832052036283
0.05739221119873146
0.25743972520736397
13179230780294884e-22
2586166876827181e-21
0.00014472923936404152
12571494946134484e-21
0.0005945340797524897
17003113345264228e-21
14432277098098922e-23
10044042197093833e-22
19077037566742093e-21
0.07774835538299732
0.07858254366499069
43500136913804106e-21
0.00021268947194514378
0.019704943192322383
0.008174067125397805
0.09322389874191901
0.02028760858241612
27828973415299482e-21
0.1418237561723263
0.038973957569143125
5573478913373372e-22
0.299340075531837
44589638416973355e-23
0.0037671491038795595
0.000982724992232575
22994565953057925e-28
0.3070025213114867
0.39162037399465194
0.018175878361157978
0.2919809361398917
0.4125112022681322
0.007415529290267007
0.20157707262707059
22332184593979878e-26
4630620630389469e-21
0.0006294876249018046
9120789703139538e-20
0.13544809250774376
8645601599124707e-22
0.00011181654702087563
0.16927790062947629
0.0009293172291811181
0.011882307357715576
1220076820075545e-20
0.14290303814529387
0.09911402382699222
0.021348718211887288
31469234966932914e-21
0.00015345329929170102
1200667981559544e-22
0.013720497143151711
0.17062910583075558
8333314528960168e-24
11103319748079319e-21
9106349252251601e-21
9650382487172193e-20
10586422894925292e-21
0.33648561234069635
0.16923278095203242
0.005160352462632014
0.0015487955704393986
0.04223899118346315
0.005890149562666569
6760481641649346e-20
0.02858610897741161
8323803068535534e-20
0.0007210621965062678
0.08261664982788244
9970380553652823e-22
0.40408712287423515
0.40526226678390476
0.0018287546560215554
0.0005371375957543996
5829910100143642e-24
0.0010309908583481916
10390421315414767e-24
0.010300312933102398
0.02950384386497275
0.0009040597058481662
0.00033765468816914954
0.00015455393064720108
26181821993876587e-22
0.00613098052367854
0.03083844288138814
0.02156823192767365
11257175967537266e-24
0.41233331813031643
0.06849778424080509
0
0
817804080478671e-19
6661814596099343e-20
10336383811654996e-22
7596605309349722e-22
0.0001934902509497566
0.009772958936321616
0.00539650054822852
1520423371014065e-23
0.0001315019635344777
7328740085330646e-21
0.05723253821657496
0.013443975870936003
0.10301734718696513
3845636084556074e-22
0.061605153473968825
0.0077009044009557935
0.00012014629890470071
0.12772500433175682
0.000296442658773382
18549559457236235e-29
8514961581297792e-20
37361592414528646e-22
0.00012471877443512663
0.016401525510294803
0.003906877543234652
0.00016355619016828358
0.00015211955812441177
37998745133993364e-25
0.0005145307591610465
0.023054911472961327
13135133594636506e-24
0.001806523641973129
0.0018014651900334748
4418774042552733e-20
0.11114397947907423
4337275409895399e-20
0.3448285062177192
0.0019113971470995394
0.19136884319034977
0.0033048070245917903
0.0007009734611943424
0.0005693515187964309
4475160064528786e-20
0.37823796494889217
12102018421276501e-21
2156771455314679e-20
0.008315422664219937
0.00645250798607746
21715984851161375e-24
8723156759844111e-20
0.003057473845741182
0.13678735977468529
0.030453600177950662
0.00010011470543836218
0.02313235642700931
0.0003541450606402134
0
0.11587877410654786
0.01237015904370209
0.3600812787083561
0.3321222281408997
0.3471517326996256
0.052931380576630785
0.029906549477531002
0.40941074431849106
0.3550552580537458
0.41110015392343824
0.3264487309562492
0.22392756285620638
0.0007653195215481121
0.015788485980849684
0.14577059898991232
0.2905164691019483
0.14142447634096514
0.0002992501260872519
0.027174739071606755
0.2720568164051649
0.11760642521560159
0.1733851360721586
