0.8880765857415011
34.3264491353064
34.1322931140498
0
34.29628606800621
0.023842132528853897
34.266151228490244
0
34.26023817246112
0
69.01086984054795
0
23.052153433081898
0
24.226952207747793
0
26.703411394935166
2.231014167418792
44.733808093267314
1.4312257482590256
1.0704657624651568
15.855064287823197
19.971986502519968
0.13820634851618896
0
0.1340327684043896
0.0013875011895876192
0.12173240839884714
0.00688439961293256
1.1760164861942832
1.0652406936194136
0.10756915328987103
0.030447515906416308
0.20924184439479734
0.1269581471229669
0.06321704730323924
2366469595994032e-22
0.1321656651055486
0.13185915684502134
0.020921810917833687
0.019754647295911306
0
0.014267448867048197
0
3.3719960512104783
3.3405577125260004
4.171729830381552
0
5.4225784737493425
0
0.49056124430659925
0.10154247514005658
32.64899473311985
32.939466382645094
17.67121361590356
87.8360713844347
61.405070241691014
0.21370664526047642
0.003459528356926807
0.008998189269306392
17.731560475629635
30.81050306079849
0.017244902765271033
0.4878676118395815
0.27177812193132656
0.7671276881750139
30.306142466566556
0
30.122006442912635
0
14.167879831070728
0.009015102136347252
0.009008008301806158
13.721348605433974
1.558740714544928
1.2873106102570364
2.505939235378355
0
0.0003129651486184045
0.0070615891357777155
0.0598848032387304
0.0348489904339766
0.006732076871641429
0.0008431588643103979
0.0006770299621210223
0.0009414089601725214
1.6820792909512232
0.41521388660716707
0.08974430299920153
0.20598003719928262
0.001215282933979824
0.05279113615265526
0.004007152226244441
0.003655177028437448
0.07566833645168154
0.40062449394391925
0.020992371902863512
3838448342781319e-20
0.012480419058075806
0.0014375490948362925
0
0.9918770418194159
0.546663047896621
0.03751571768593414
0
0.41438191736875485
27727846820442013e-21
0.014214662719414347
0
0.0017350077384489966
0
0.12798847796841475
0.8066549106896476
0
0
0
0
0.013920707350524348
0.3962429361454692
0.005434463108180583
0.006627132958761661
0.40362676200261094
0.4015603730927923
0.1810148676264211
0.07018413672825906
0.04266311135044607
0.17695472975325233
0.0008302698691871428
0.3808445782981585
963908597743636e-21
0.0066559437448738
0.25504492712019633
0.1247918485427666
3940646310016335e-23
0.0025489021383945294
0.127207318031841
0.2237024671765521
0.014754280188371507
0.021259805699157468
0.23329268992030414
0.401158291450952
0.2596395530404494
0.12539037040928996
0.2337727075939069
21557051064112837e-25
0.212143529855326
0.21210549726278916
0.4663079542788952
0.5703241690359994
0.004814370664375989
0.9475479502782381
0.4110059987809766
9.345230542016115
2.0371652072593553
2.6450410990049833
0.10556089525452868
0.39978845824128034
2.488402593049859
3.821774137561941
0.640904133427348
5.026585150697534
6.900990953532268
4.5939132238936375
2.39967185498501
2.8428729658917318
0.49492501902685654
45.64769443737715
619.2718285432679
4.002142939075585
5698.120187063633
1.0999881776657174
23.218618136769475
1.173861221244915
45.1732593521183
1.3039985679730006
1.39696338483045
1.0999871678461448
0.9455608768711615
1.093663149232955
3.604041082322355
0
0.0007283254113662232
0.0007341698192711317
0
0.00799148238348557
0.007023486750517357
0.007279845872641412
0.007296634897221567
0.006743867448063046
0.009019912211632312
0.006915549529990679
0.008332912608087927
0.0061087069942637965
0.006912086015919175
0.00831766021935247
0.014934191147520478
0.007491375612661166
0.007839950726965752
0.007752382866950161
0.00812282071677971
0.003938195795315629
0.010612123777651158
0.016895923054197702
0.010999926662036934
0.006952930408116063
0.0019015670224975666
0.007453959226170458
0.023024542830294266
0.07309362785307996
0.041916093094155935
0.1170627000538832
9120041185858709e-20
0.01012776516351599
0.23775013031288453
4806106975588501e-21
0.07500175203330148
0.010951524603021616
0.0012698387476324025
5486355491817123e-21
12044235448893254e-22
0.10451910440481807
0.09065504307866686
0.0041467174402207655
0.04086253477995548
0.02033707155993441
0.0057895775899060135
0.012135136893659667
0.0004829156683106912
0.37380329447212407
15699130008028687e-25
0.08000279601000733
0.00034193041126102594
0.009646835259869115
0.010939556345499197
0.0001570650563415021
0.0001708790257429168
0.3935842105527422
0.00039352792010741096
0.05738322939359412
0.2572060034583291
13179230735401163e-22
25861668595402046e-22
0.00014472918521720268
12571494537642403e-21
0.0005945331656668306
1700311259800998e-20
14432277092715297e-23
10044042171018947e-22
19077036626078883e-21
0.07773153093854451
0.07856534148768056
43500132022744943e-21
0.00021268935500095686
0.019703921646878307
0.008173893167881204
0.09319931528623747
0.020286525151985105
2782897141354863e-20
0.14176365610482333
0.0389698887808696
5573478905344438e-22
0.29899736502605717
4458963836558401e-22
0.0037671123009805287
0.0009827224939206324
22994565953057787e-28
0.30663590235558724
0.39082732156903927
0.018175010419573222
0.29165989565529254
0.41144637398522277
0.007415386217906194
0.20144583998248822
22332184593966987e-26
4630620574967092e-21
0.0006294866001440406
9120787552810718e-20
0.13539368760081
8645601579805215e-22
0.000111816514701716
0.16918931221991101
0.0009293149951454828
0.011881938534584326
12200767816000689e-21
0.14284194094176228
0.09908605988727999
0.021347517314032914
3146923240723085e-20
0.00015345323841987088
1200667981186937e-22
0.01372000456110895
0.17053894030549285
8333314528780678e-24
11103319429428587e-21
9106349037914642e-21
9650380079867412e-20
10586422605252633e-21
0.33601162533659146
0.16914424491046243
0.005160283318647327
0.0015487893619103251
0.04223419721605335
0.005890059419806302
6760480460278629e-20
0.028583941367553437
8323801277597649e-20
0.0007210608517998261
0.08259755659603192
9970380527958994e-22
0.40316511850451586
0.40432484425990933
0.0018287459979884739
0.0005371368496795047
5829910100055795e-24
0.0010309881084864525
10390421315135722e-24
0.010300036176665129
0.029501532865281753
0.0009040575916454328
0.00033765439340121975
0.00015455386889898283
26181821816700258e-22
0.006130882837743387
0.03083591492720037
0.021567005959517577
11257175967209728e-24
0.41127288907949394
0.06848484765413373
0
0
817803907602587e-19
6661813448961438e-20
1033638378404015e-21
7596605294433998e-22
0.00019349015416711909
0.009772709911371214
0.005396424915170299
15204233709543155e-24
0.00013150191883319945
7328739946506051e-21
0.05722360772467288
0.01344350306217165
0.102987009340361
38456360807336275e-23
0.06159476137750825
0.007700750065406304
0.0001201462615906928
0.1276770601546003
0.0002964424315776188
1854955945723623e-28
8514959707153392e-20
37361592053736432e-22
0.0001247187342267508
0.016400819899519727
0.003906837954644859
0.00016355612101676045
0.00015211949830619027
37998745133620165e-25
0.0005145300745792919
0.02305350875125508
1313513359419057e-23
0.0018065151933276647
0.0018014567886736178
4418773537861778e-20
0.111108349814885
43372749236498714e-21
0.3443186549546006
0.0019113876881685153
0.1912522435085044
0.0033047787126302243
0.0007009721903936028
0.0005693506805249832
4475159546875117e-20
0.3775464286059924
12102018042724775e-21
21567713350822835e-21
0.008315242615290284
0.006452399754465285
2171598484994248e-23
8723154792928089e-20
0.0030574496182895023
0.13673178601863997
0.030451135811570565
0.00010011467953004771
0.023130944164713747
0.00035414473637274775
0
0.115839839109931
0.012369759137064276
0.35949743848053345
0.3316659099338595
0.34663136341135437
0.052923774109045585
0.02990417406747317
0.4084099822046912
0.35449715734384407
0.4100673124173867
0.3260143754183986
0.22376017775032075
0.0007653180066457911
0.015787832496266415
0.14570680531281063
0.290199598578692
0.1413647427181433
0.0002992498945672105
0.027172782789498327
0.27178880185493165
0.11756624267214374
0.17329170031754587
