0.9131136692715597
34.19720964715253
34.125817492653454
0
34.28453421059969
0.023903243016037575
34.260520635370504
0
34.26613630159416
0
68.78268483794601
0
22.33322959050239
0
23.64384539355209
0
26.38565618890973
2.242043526044683
44.85397610117284
1.4621676223943822
1.078914526611708
16.55186067446476
20.355215874736942
0.1411819551476956
0
0.13605991723334748
0.0014432392767258439
0.11265959743394742
0.006881906154907428
1.0878496144000651
0.9860981504630127
0.10262155095453951
0.029257954981477426
0.1917032005607516
0.12052210773117646
0.06133736809091468
22493165791849478e-23
0.13389352724324982
0.13334694693500562
0.022360005423486956
0.021946276934127658
0
0.013598305958177221
0
3.3042870291728796
3.2645086738433604
4.162975320242466
0
5.4056170985749
0
0.5145099892946249
0.10181228967366175
32.63210391629655
32.93943729116309
17.61758911359149
87.72122316787188
61.39700255964842
0.2214068150757313
0.003976440163268175
0.008997961709167022
17.69095857952327
31.31773307712928
0.015813155419829545
0.5052487631978676
0.2883853752988392
0.7913631692793983
31.39460508974754
0
31.339487869377113
0
14.332381633388204
0.009580882769307863
0.009578368622209262
13.661072628498973
1.6250671278937054
1.2865001770544302
2.4931630514263023
0
0.0003339477490692481
0.0070986677968807544
0.0608454984002661
0.034739773418057084
0.007094787306727211
0.0008010879921251981
0.000637174319992582
0.0009600762564557461
1.7127177031499694
0.41075844651495086
0.08888968822209185
0.2042406218800666
0.0013395864111721229
0.05265089175952275
0.004012439223805342
0.0032007061937909843
0.07605776604476384
0.41048104388424017
0.021162752694048277
32162904145552476e-21
0.011524743209463048
0.0014264368900250963
0
0.9838672769435538
0.5514295302592944
0.03977055021801908
0
0.3980706370462615
2831086035561324e-20
0.014770607543149045
0
0.0016077539092072335
0
0.1278249406537604
0.7957394495559771
0
0
0
0
0.01396170246146919
0.3945336992733687
0.0048684912219346494
0.005992964278210194
0.4018995205953754
0.3955905698894015
0.18126922783388086
0.07436056747666636
0.043044319299986485
0.18182862680226075
0.0007852673834855997
0.3606118085103238
9627876282102132e-22
0.006664646701876955
0.25509812980094565
0.11704861442085998
22327418958812404e-24
0.0025303253452282804
0.12006208264297341
0.22277915835031514
0.015302986003730177
0.02204394147919396
0.22388080622230985
0.38474672059505566
0.25841351509261545
0.1289841759556757
0.23651847607472987
12312562870402396e-25
0.21255931236514522
0.2125782486414845
0.46409531937456416
0.5687787682156045
0.003730909722282791
0.7868324008615833
0.42308059418067334
9.531308960252755
2.0431823342836672
2.659656611040622
0.10488397844175416
0.40689952487860376
2.500938244161571
3.855614455076645
0.6381467798051408
5.061225530549672
6.966531638662871
4.610429555068317
2.404725443708944
2.851456982333895
0.5051716879330227
46.3708568847963
619.2629964934238
4.0021384547010825
5598.001767629867
1.0999878443666076
23.218605598649788
1.1736150366334601
45.165920060600854
1.3041180443825777
1.3969604145012042
1.099986834468895
0.9421453402944753
1.092806167682239
4.021388421503829
0
0.0007368916091679645
0.0007341320544925812
0
0.00797119648266906
0.007112580196702577
0.007323002225697762
0.007230662830623311
0.0067853164595286005
0.00910897575538764
0.006885722902802584
0.008494953327389584
0.006073051492072435
0.006959113139333528
0.008429916110405111
0.015206066715094845
0.007525332303561189
0.007953363893374041
0.007802952987378325
0.008247464097000305
0.003941578587591381
0.010768276429676983
0.017060080488573038
0.011152321817903673
0.007044685230625707
0.0019014763383640588
0.007452558958429235
0.02301099388223927
0.07295036295705365
0.04187039345708942
0.1166777083701457
9120020359563545e-20
0.010125173985919214
0.23588659295390677
4806106397262881e-21
0.07485061833521678
0.010948492539286803
0.0012697983306123532
5486354738194868e-21
12044235085695905e-22
0.10421639555455232
0.09043065136506291
0.004146285349188017
0.040819146840188954
0.020326526784717993
0.0057887340796060486
0.01213141007694709
0.00048290982700360184
0.36740417981925577
15699130007411604e-25
0.07982995739698978
0.00034192748313844305
0.009644485337534465
0.010936530937593884
0.00015706443860591762
0.00017087829455965112
0.38574852026747763
0.000393524041422238
0.05729629747900127
0.25495294984207356
13179230300526247e-22
25861666920853252e-22
0.0001447286607105356
12571490580676204e-21
0.0005945243112063908
17003105359535203e-21
14432277040565385e-23
10044041918437652e-22
19077027514097592e-21
0.07756874482224303
0.07839890282186414
4350008464423151e-20
0.00021268822219340104
0.01969402891674196
0.00817220827386686
0.09296151641360276
0.020276033210081063
27828952023065506e-21
0.14118279748882254
0.03893049736366918
5573478827570039e-22
0.2956978504711682
44589637867787526e-23
0.0037667558185472414
0.0009826982936881068
2299456595305646e-27
0.3031071336219136
0.38322784873826604
0.018166605018173677
0.2885682647124405
0.40127284592634355
0.007414000452405553
0.20017903403058612
22332184593842137e-26
4630620038103574e-21
0.0006294766736425088
9120766723106509e-20
0.13486780981833169
8645601392661822e-22
0.00011181620163408767
0.16833357311535133
0.00092929335484474
0.011878366424004227
12200764088972287e-21
0.14225145706326736
0.09881558780754657
0.02133588799439575
31469207612008666e-21
0.00015345264876999304
12006679775775805e-23
0.013715233949748022
0.1696679904303357
8333314527041999e-24
11103316342734226e-21
9106346961683094e-21
9650356760902245e-20
10586419799261996e-21
0.33145464294492677
0.1682890108896891
0.005159613585052587
0.001548729222634926
0.042187787332502794
0.005889186298483883
6760469016628533e-20
0.02856295274538119
8323783929222758e-20
0.0007210478260740205
0.08241283318368785
9970380279068916e-22
0.3943420518580201
0.3953557392869718
0.001828662131776288
0.0005371296226807907
582991009920484e-23
0.0010309614716009939
103904213124327e-22
0.010297355686894055
0.02947915612119556
0.0009040371121158132
0.0003376515380668056
0.00015455327075976615
26181820100434803e-22
0.006129936657581209
0.030811437952000722
0.021555133900154257
11257175964036931e-24
0.401140875225679
0.06835966036840015
0
0
8178022329944382e-20
6661802336916087e-20
10336383516541634e-22
7596605149948868e-22
0.00019348921665893675
0.009770297993554583
0.005395692330355691
15204233703755362e-24
0.000131501485823198
7328738601744919e-21
0.05713717224145384
0.013438923935257589
0.10269359578727622
3845636043706482e-22
0.06149418627150755
0.007699255213259957
0.00012014590013925813
0.12721356667166628
0.00029644023079461197
18549559457236157e-29
8514941552777924e-20
37361588558827157e-22
0.00012471834473832465
0.01639398638463614
0.0039064544900327906
0.00016355545116370358
0.00015211891886233948
3799874513000503e-24
0.0005145234432436969
0.023039925332103403
13135133589870878e-24
0.0018064333553276524
0.001801375408701028
4418768649041969e-20
0.11076380427162637
4337270213506421e-20
0.33941869813287956
0.0019112960641471661
0.1901264404953718
0.00330450447385917
0.0007009598805644281
0.000569342560450151
4475154532488655e-20
0.3709127756723968
12102014375783692e-21
2156770170419642e-20
0.008313498725352232
0.006451351434209799
2171598483813537e-23
8723135739897317e-20
0.003057214942589518
0.13619462337810737
0.030427274392657154
0.00010011442856263507
0.02311726837340656
0.0003541415952853039
0
0.11546336140908245
0.012365886004457342
0.35389068440293164
0.32727798517249346
0.34163086729183034
0.05285014859780449
0.029881173791425422
0.39884156115409564
0.3491361678947155
0.4001957588179904
0.32183667408619326
0.22214521974193768
0.0007653033322978692
0.015781503744349015
0.14509029415154767
0.28714798090954824
0.14078742143635709
0.00029924765189619397
0.027153840031881968
0.2692062352564268
0.11717771372699323
0.17238921224565518
