0.9173712342448991
34.15010324937427
34.10415823696759
0
34.261361173929245
0.02389660873308617
34.238631546815746
0
34.24674496389269
0
68.73861504869146
0
22.259624815037537
0
23.543087188125828
0
26.31612667201457
2.240801754766361
44.82592873209618
1.463838166845292
1.0787569741250786
16.606572568332727
20.389015024366557
0.14148529476773306
0
0.13642260261274372
0.0014517561650535238
0.11115242306115412
0.006881490521715087
1.0732019570415252
0.9729471191285545
0.10129872234890594
0.02890994152610399
0.18882291223749173
0.11889902016731313
0.06073962556191847
2238465366618956e-22
0.134236599998561
0.13366860367229694
0.022511862969424375
0.02214718277139007
0
0.013506109911365544
0
3.2990467703003628
3.25620105699041
4.161476456039772
0
5.402683313523152
0
0.5164192217712477
0.1017478726295311
32.62923321787563
32.939433203270454
17.608829324894913
87.70629586595956
61.39563168278175
0.2217850698269528
0.004038428692024794
0.008997761080464689
17.683994130122873
31.374174378388524
0.015620299735084196
0.5065042632909443
0.29001721146704035
0.7945568610843009
31.47649062891363
0
31.42695802594847
0
14.352415519656063
0.009647547551775826
0.009645750356456487
13.651471860179512
1.6303466843843333
1.286403070426435
2.4909968859282756
0
0.000336145961257819
0.007097215300433578
0.06091498432828204
0.034709175251864656
0.007134164562389586
0.0007989187123103696
0.0006344423048355709
0.0009625051234375343
1.715607532621393
0.41001253382561786
0.08824453473485823
0.20397978668401912
0.001352395710085993
0.052598381200038666
0.004011069019759094
0.0031354092919623944
0.07603802050453663
0.4104046543116838
0.02116041425399072
31211864931022607e-21
0.011350607191442715
0.0014249673108844218
0
0.9825074829502526
0.5515838532248541
0.04002950833079541
0
0.3953855932108376
2829829039981081e-20
0.014808605964580014
0
0.0015951289831270697
0
0.1277971071720199
0.7938894971394498
0
0
0
0
0.013865361909049653
0.3942570300334162
0.004787695963157785
0.005890372830419826
0.4016045555420722
0.3942759168816353
0.18131461251551959
0.07476984038196265
0.04308855726171404
0.1823958583472816
0.0007781270376918686
0.3573965846782814
9625899860231096e-22
0.006663322708279862
0.2550032307906373
0.11560355313445447
2024569611814397e-23
0.002527086275994444
0.11887740855220405
0.22261870487387703
0.015366551083201865
0.02214832144555756
0.222292666672437
0.3820162685646716
0.25819391485577925
0.12943738147908937
0.23662258181118062
11169151323412414e-25
0.21225918293994372
0.21228290202442474
0.46370926398958484
0.5685141845976114
0.003600528517344463
0.7648077358681377
0.4246265678488023
9.547975406853645
2.0441858714994976
2.6620551527581893
0.10477433473007952
0.4075351066063033
2.503033687525735
3.861188931345914
0.6377012745491756
5.060015096651925
6.965296380323139
4.606823504538489
2.405572031835972
2.8485057285494166
0.5063103370964056
46.43583575704965
619.2614946127327
4.0021376921321
5581.152456515178
1.0999877876889854
23.21860346653874
1.173573177989261
45.164672130094885
1.304137704972097
1.3969599089422011
1.0999867777779826
0.9415641473806768
1.0926605044721476
4.068378168189453
0
0.0007374369011448301
0.0007341655996373462
0
0.007968219068796219
0.00711275218071632
0.007314997354230329
0.007204514826509809
0.006778480915951897
0.009110137737647652
0.006866388162080531
0.008505168014135056
0.006054499614294135
0.006952511926335771
0.008431538025369669
0.015220767072892227
0.007515254221860567
0.007956317186355122
0.007795346676564447
0.008251824989576825
0.003934349336840518
0.010772738891208259
0.017052498206419957
0.011155392023989418
0.007045593346987286
0.0019014609179250892
0.007452320868571385
0.02300869067210598
0.07292602866083411
0.04186262717576997
0.11661236647300324
9120016818049364e-20
0.010124733421203225
0.2355711540648578
480610629891841e-20
0.07482494831018112
0.01094797701928799
0.0012697914578116741
54863546100411455e-22
12044235023934065e-22
0.10416500709481241
0.09039254876738641
0.004146211876433279
0.04081177329008064
0.020324734185938227
0.005788590652605591
0.012130776444310402
0.0004829088336942795
0.366326958162904
1569913000730667e-24
0.07980060329890451
0.00034192698521264936
0.009644085789355623
0.01093601654914594
0.00015706433356000313
0.00017087817022198756
0.38443166379225835
0.0003935233818542458
0.05728152778308983
0.2545717854731161
13179230226575614e-22
2586166663609565e-21
0.00014472857151817914
12571489907792814e-21
0.0005945228055153578
17003104128630295e-21
14432277031697273e-23
10044041875486113e-22
1907702596460236e-20
0.07754109691967091
0.07837063496560331
43500076587503565e-21
0.00021268802955967282
0.01969234714864603
0.008171921791593088
0.09292113903460941
0.020274249591528935
2782894872570829e-20
0.14108425931390398
0.03892380280144426
5573478814344475e-22
0.29514040026397
44589637783137065e-23
0.003766695201938541
0.0009826941784892324
22994565953056236e-28
0.3025111181171647
0.3819503360350464
0.018165176063438853
0.28804580162497
0.39956803246505684
0.007413764828252926
0.19996440713681218
22332184593820907e-26
4630619946809748e-21
0.0006294749856529597
9120763181012619e-20
0.13477858753264457
8645601360838021e-22
0.00011181614839691315
0.16818848556769408
0.0009292896749540222
0.011877759092171718
1220076345518989e-20
0.14215128818327122
0.0987696674383245
0.021333911054794416
3146920339557424e-20
0.00015345254850004665
12006679769638082e-23
0.01371442287062607
0.16952032822208377
8333314526746336e-24
11103315817840836e-21
9106346608619228e-21
9650352795509518e-20
10586419322102363e-21
0.33068589794180797
0.16814400883741074
0.005159499705263875
0.0015487189961620376
0.04217990039032885
0.005889037836768517
6760467070633684e-20
0.028559385156212112
8323780979129027e-20
0.0007210456110681162
0.08238146202583478
997038023674507e-21
0.3928610128650693
0.3938504558863362
0.0018286478706796589
0.0005371283937367585
5829910099060135e-24
0.0010309569420575977
1039042131197305e-23
0.010296899938055755
0.029475352636747745
0.0009040336296106587
0.0003376510525185735
0.0001545531690462096
26181819808583265e-22
0.006129775773835217
0.030807277566979232
0.021553115702480526
11257175963497396e-24
0.39944292594460873
0.06833839500293272
0
0
817801948227067e-19
6661800447310662e-20
10336383471053417e-22
759660512537912e-21
0.00019348905723578827
0.009769887905293843
0.005395567763941137
15204233702771146e-24
0.00013150141218983485
7328738373067834e-21
0.057122486850732346
0.013438145408278255
0.10264378393665505
3845636037410003e-22
0.061477099783929665
0.007699001041989429
0.00012014583867442108
0.1271349169970064
0.00029643985655230306
18549559457236142e-29
851493846562376e-19
37361587964516616e-22
0.00012471827850580005
0.016392824626281718
0.003906389285483364
0.00016355533725522555
0.0001521188203279258
3799874512939029e-24
0.0005145223155912191
0.02303761626318796
13135133589136314e-24
0.0018064194391154266
0.0018013615703734356
4418767817696957e-20
0.1107053205621074
43372694125453585e-21
0.33859242328978445
0.0019112804838866421
0.18993565764920048
0.003304457841722464
0.0007009577872950976
0.0005693411796400543
44751536797910103e-21
0.369796372889201
12102013752219165e-21
21567699723684073e-21
0.008313202212633554
0.00645117318392178
2171598483612757e-23
8723132499926787e-20
0.003057175037695137
0.13610348884783988
0.03042321861039483
0.00010011438588559974
0.023114943604739056
0.00035414106114503677
0
0.11539946307455141
0.012365227497534985
0.35294599087902795
0.32653761350469707
0.3407877364395962
0.05283763874693312
0.029877264346558137
0.39723689547837443
0.3482326291702799
0.3985408979304154
0.3211315993434623
0.22187175743637513
0.0007653008369477692
0.01578042779024522
0.14498571602334667
0.28663225395688136
0.14068948256800404
0.0002992472705308608
0.02715062012317948
0.26876951664581233
0.11711177209528136
0.17223621208427894
