0.9235172987039508
34.07102802493531
34.0616258654276
0
34.21647808440431
0.02387769636882632
34.19559461023385
0
34.20728637603413
0
68.65809248955594
0
22.166636439813317
0
23.40022491078154
0
26.209572100140498
2.2380640728002237
44.77048484698474
1.4656802505594262
1.0780433548837356
16.682934107608762
20.429736752853813
0.14182162499313797
0
0.1369344403762902
0.0014633995512126163
0.10899554377540306
0.006880893254701186
1.052238843485554
0.9541250851963798
0.09928021586480702
0.028352437512457293
0.1847167784335425
0.11643066994398871
0.05977388568296502
22220316085173993e-23
0.13473627021600143
0.13414999413073853
0.022722548824696535
0.022401771919514063
0
0.013380711856730993
0
3.2928708183733497
3.246015081897064
4.1593132079528425
0
5.398403846235
0
0.5190878448940639
0.1016514158983622
32.62508965778976
32.93942733707798
17.596326640958452
87.68495464776323
61.39365030232435
0.22229256485171814
0.004119061498882714
0.008997464714448242
17.67370626387206
31.44357687332418
0.015361288084445061
0.5081028593029249
0.29232648478007545
0.7987316690565367
31.58196036260192
0
31.536397404095794
0
14.379124373732266
0.00974052032202252
0.009738797485952853
13.63764890990779
1.6377202855002193
1.2862651977542017
2.487873191758642
0
0.00033911610563705784
0.007094869484799332
0.060991062151954316
0.03466161573910618
0.007188450648766377
0.0007963205917381039
0.000630908623709624
0.0009656698272211897
1.7191794237416875
0.40893978746037934
0.08726224244141752
0.20361983837874725
0.0013704126339420116
0.05252271155783245
0.004009218210484328
0.0030453974398021682
0.0759918977422832
0.41024528470311117
0.021149443080971466
2989006230432698e-20
0.011109002761447776
0.0014230433224964156
0
0.9805455004968591
0.5515426958661833
0.04038945228202367
0
0.39155022465063716
2827518884339315e-20
0.014861049258547558
0
0.0015792453257659268
0
0.12775692529173513
0.7912226205394266
0
0
0
0
0.013691185416958714
0.3938503540327316
0.004676340346970702
0.005745934677075738
0.4011781240331581
0.392311725078977
0.18138087654948198
0.07534986990238116
0.043142963537136994
0.18309574086264957
0.0007680594045916961
0.3528609030026722
962301189209345e-21
0.006660124100239724
0.254823053797965
0.11349598261025987
17570283604442855e-24
0.0025224082895554745
0.11718179409424828
0.22238536142568818
0.015450067252532894
0.022290998414461968
0.2200043528229631
0.37810659126535373
0.2578714596546981
0.13005102571666244
0.23668042560656744
9696534668698994e-25
0.21173220805235926
0.211760617728435
0.46314667416735295
0.568131290081703
0.003433948836922199
0.7367543372756062
0.42672277520057933
9.568179815110094
2.0456028272090765
2.665391436749573
0.10461347002975396
0.4083053471410046
2.5059942594902385
3.868952116144968
0.6370459685535708
5.056772367133973
6.960722109270508
4.600148449965013
2.4067638941950453
2.843596795743639
0.5077990882871077
46.51561514240084
619.25932655934
4.002136591315776
5556.918815820763
1.0999877058712562
23.218600388701873
1.1735127550206585
45.162870724253246
1.3041657226604406
1.3969591789122249
1.0999866959410696
0.9407249984404349
1.092450264649405
4.128899980958474
0
0.0007379632877108606
0.0007342219885839709
0
0.007963912535654583
0.0071093289360070755
0.00729976076002219
0.0071633261047989415
0.006765275620724515
0.00910850499834319
0.006835147898360382
0.00851565550887389
0.006024834456302484
0.006939465454198814
0.008429634757766721
0.01523428835893087
0.007496899063824789
0.007956611476619182
0.00778048047458688
0.008254025454370225
0.003922095496861024
0.010773810783420221
0.01703291276542671
0.01115427135229528
0.007043336515694676
0.0019014386577661888
0.0074519771842105845
0.0230053662491189
0.07289091488024182
0.04185141859783504
0.11651810584369098
9120011705651961e-20
0.010124097471966497
0.2351165418923918
4806106156951947e-21
0.07478790753081398
0.010947232876359198
0.0012697815365545896
5486354425043143e-21
12044234934776944e-22
0.10409086928950487
0.09033757357014711
0.0041461058161586985
0.0408011314530294
0.02032214673498525
0.005788383612921993
0.012129861813872895
0.00048290739979301947
0.36477748863589166
15699130007155192e-25
0.07975824783685634
0.000341926266426536
0.00964350904546942
0.010935274039541322
0.00015706418191970215
0.00017087799073286166
0.3825386228363322
0.0003935224297280611
0.05726021350715403
0.25402255542870245
13179230119823194e-22
25861666225030018e-22
0.00014472844276346538
12571488936443128e-21
0.0005945206319617967
1700310235174133e-20
1443227701889559e-22
10044041813482848e-22
19077023727808164e-21
0.07750120280251516
0.07832984650183557
4350006495710957e-20
0.000212687751481004
0.019689919663268808
0.008171508254014848
0.0928628826625589
0.02027167510200367
2782894396576518e-20
0.14094213450920925
0.0389141408075974
5573478795252537e-22
0.2943375386010078
44589637660938777e-23
0.0037666076997485026
0.0009826882379696405
2299456595305592e-27
0.3016527984565006
0.38011367299013565
0.018163113475092724
0.2872932610187239
0.3971197928077901
0.007413424703085552
0.1996549854323175
2233218459379025e-25
46306198150213365e-22
0.0006294725489412123
9120758067778371e-20
0.13464989361115068
864560131489835e-21
0.00011181607154572758
0.1679792630393973
0.000929284362824607
0.011876882425006664
12200762540284956e-21
0.14200681245846783
0.09870341611388551
0.021331057540450706
3146919730888533e-20
0.00015345240375414944
1200667976077789e-22
0.013713252111184
0.1693073951077157
8333314526319527e-24
11103315060124056e-21
9106346098949217e-21
9650347071217058e-20
10586418633292277e-21
0.329579309437376
0.16793490952561546
0.005159335317015585
0.0015487042337203872
0.04216851769065946
0.005888823529488557
6760464261467965e-20
0.02855423590138963
8323776720483883e-20
0.0007210424135789281
0.08233619683492091
9970380175647921e-22
0.39073284436626277
0.3916875866445489
0.0018286272840803844
0.000537126619683239
5829910098851246e-24
0.0010309504034101734
10390421311309514e-24
0.010296242071343319
0.029469862931766237
0.0009040286024177551
0.0003376503516002062
0.00015455302221637225
2618181938727711e-21
0.006129543535414356
0.030801272778707055
0.021550202639699284
11257175962718539e-24
0.3970044967640619
0.06830770876909548
0
0
8178015371475214e-20
66617977195466e-18
10336383405388295e-22
7596605089911136e-22
0.00019348882709861674
0.009769295947296983
0.0053953879495111665
1520423370135037e-23
0.00013150130589548832
7328738042958003e-21
0.057101294216724795
0.013437021634862364
0.10257191998903058
38456360283206353e-23
0.06145244273091163
0.007698634144475355
0.00012014574994609475
0.12702146696782213
0.00029643931631068133
1854955945723612e-28
8514934009123341e-20
37361587106591765e-22
0.0001247181828950216
0.016391147699782452
0.003906295160509663
0.0001635551728212693
0.00015211867808737696
3799874512850287e-24
0.0005145206877578682
0.023034283384236076
1313513358807592e-23
0.001806399350371538
0.001801341594059358
44187666175981006e-21
0.11062095008527478
43372682563076403e-21
0.3374031896554281
0.0019112579930186532
0.18966058813691639
0.00330439052644286
0.0007009547655393817
0.0005693391863592079
4475152448868287e-20
0.3681906987026387
12102012852064367e-21
21567696864689494e-21
0.008312774196412919
0.006450915877037641
21715984833229184e-24
872312782282642e-19
0.003057117433373565
0.13597203793191698
0.03041736478551808
0.00010011432427863072
0.023111588066386392
0.00035414029008118143
0
0.11530728414840254
0.01236427696296944
0.3515867120090486
0.3254717931746152
0.33957429232921366
0.05281958520799879
0.02987162171759898
0.3949318389612202
0.34693243635662774
0.3961640633757152
0.32011650281042375
0.22147759091324204
0.0007652972347663437
0.015778874711788786
0.1448348838086214
0.28588940269757
0.14054822176594797
0.0002992467200067265
0.027145972654617673
0.2681403349288543
0.11701664662076741
0.17201558613667667
