0.9268700450642687
34.02247124520202
34.03285913514874
0
34.186369878284026
0.023862779802776915
34.166486655516735
0
34.180104231024245
0
68.6048629037303
0
22.120385031570155
0
23.323863210255375
0
26.148782794352222
2.236217984410965
44.734516732270684
1.4665452884161592
1.0774721249558814
16.725934440805602
20.449198880017605
0.141956928980156
0
0.13720459760287196
0.001469414106769881
0.10782828305591666
0.006880568679267357
1.0408933946765946
0.9439380250190392
0.09814288658686235
0.028026312200687378
0.18250229549908942
0.11504183963977999
0.059206692372658624
22122687758851124e-23
0.13500727338268384
0.13441720659603226
0.022837026881569186
0.02252968464161351
0
0.013316015260147133
0
3.2900599209088903
3.241197211648879
4.158133867943525
0
5.396046744171772
0
0.5205908589152958
0.10160137053997761
32.62282950557328
32.93942411791666
17.589567497212247
87.67354124806577
61.392567994727365
0.2225884728538839
0.0041598989210516035
0.008997306546398274
17.66796998101358
31.476459188228517
0.015228939286307034
0.5089328501964263
0.29361413626491895
0.8008094260188238
31.637090023166706
0
31.5921856813874
0
14.392907118047736
0.009790814585935186
0.009789139519784558
13.6300999479955
1.6418678040539114
1.2861893602316943
2.4861708255689092
0
0.00034069071212228203
0.007093768903720301
0.06102426172506839
0.03463439575179315
0.007217682518649736
0.0007950072631323532
0.0006290545409730962
0.0009672410301272509
1.720922027419622
0.4083566354401562
0.08671997740995657
0.2034310816310976
0.001380374163424601
0.0524831103122388
0.004008405516646097
0.00299811499220052
0.07596180901628447
0.41020704242344963
0.021140967982464506
2919340130307185e-20
0.010982727486516934
0.0014220840507560032
0
0.9794756072180463
0.551411523946579
0.040583922877817084
0
0.38947809010751894
28264589456205407e-21
0.014890780619528662
0
0.0015713749658217199
0
0.12773500543048924
0.7897696790896158
0
0
0
0
0.013582698355408972
0.39362364975501585
0.00461780324357771
0.005669019930114638
0.4009451835206162
0.39122015974355323
0.18141729401834744
0.07567383595792564
0.04316841752076405
0.18342400364585382
0.0007626828910189934
0.35043756368446444
9621419298942023e-22
0.006657811106371471
0.2547062275247812
0.11234178043950657
16259814953382756e-24
0.002519858592520289
0.11626394161226501
0.22225722264831096
0.015492688543022689
0.02236600266256099
0.21875799235656132
0.375989750334296
0.2576928885729412
0.1303719937024321
0.23668057940201595
897427318678284e-24
0.21141296830037756
0.21144301895375317
0.4628371445384719
0.567921936128629
0.0033526375093034626
0.723237987821915
0.4278188918241353
9.57788709683816
2.0463585095131243
2.6671430754813423
0.10452397402495368
0.40867531062259893
2.507574029937448
3.8730322502097194
0.6366803653271412
5.054568255097882
6.957367772930996
4.596044865150489
2.407396877424971
2.8408127904001743
0.5085583648476588
46.554526775134256
619.2581438653569
4.002135990808384
5543.7434818384245
1.0999876612387796
23.21859870970788
1.1734797949322449
45.16188806766603
1.3041808288556807
1.3969587805630712
1.099986651298128
0.9402671599743695
1.0923355935440575
4.159515376867655
0
0.000738155226698533
0.0007342553337442612
0
0.007961533917531464
0.007106242388050653
0.007290247054738759
0.007139765820332688
0.006756978955619956
0.009106539253397522
0.006817041177417323
0.008519968899727602
0.006007737551484981
0.006931196312630551
0.008427199000186587
0.015239124912600972
0.0074856406435448945
0.007955465696076858
0.007771102075598793
0.008253877519104863
0.003914837931035426
0.01077262743311343
0.017019380665517926
0.011151831187640415
0.007040931684004284
0.0019014265147123594
0.007451789707259723
0.02300355294197742
0.07287176705100955
0.041845305459336984
0.11646671774738428
9120008916783659e-20
0.01012375057144005
0.23486891584910946
48061060795076685e-22
0.07476770910488205
0.010946826959456445
0.0012697761244314391
5486354324124684e-21
12044234886140749e-22
0.1040504485399716
0.09030759808573956
0.004146047960245721
0.04079532738263142
0.020320735390638372
0.005788270673598877
0.01212936290189088
0.00048290661758576607
0.36393500034725146
15699130007072563e-25
0.07973515193981444
0.00034192587432137233
0.009643194439819506
0.010934869013564746
0.00015706409919829704
0.0001708778928196313
0.38150988051020523
0.00039352191033363354
0.05724858967658878
0.2537234440183189
1317923006158857e-21
25861666000789162e-22
0.00014472837252638864
12571488406561126e-21
0.0005945194462675607
17003101382428758e-21
14432277011912126e-23
10044041779659378e-22
19077022507612216e-21
0.07747944877190704
0.07830760489180577
43500058612601894e-21
0.00021268759978615778
0.019688595569204565
0.008171282673498979
0.09283111856300451
0.020270270827214044
27828941369163737e-21
0.1408646642145383
0.038908871093810464
5573478784837674e-22
0.2939004896933026
4458963759427826e-22
0.0037665599671897845
0.0009826849973654246
22994565953055736e-28
0.30118560260219734
0.37911547867696704
0.01816198840899066
0.2868835708851601
0.395790580369056
0.007413239167610558
0.199486394340567
22332184593773533e-26
4630619743129296e-21
0.0006294712196918923
9120755278453562e-20
0.13457974145778698
8645601289837749e-22
0.00011181602962257536
0.16786523956441152
0.0009292814650118675
0.011876404220616766
12200762041194192e-21
0.14192806125614166
0.09866729401634013
0.02132950107760867
31469193988529484e-21
0.000153452324793714
12006679755944559e-23
0.0137126134910491
0.1691913505009363
8333314526086701e-24
11103314646781166e-21
9106345820918585e-21
9650343948553434e-20
10586418257538748e-21
0.32897721491964527
0.16782095316637008
0.005159245643609971
0.0015486961807039783
0.04216230959662173
0.005888706625776934
6760462729037387e-20
0.028551427317125833
8323774397346622e-20
0.0007210406693190734
0.08231151465631185
997038014231875e-21
0.38957676863639945
0.3905127286164088
0.0018286160539597452
0.000537125651919829
5829910098737294e-24
0.001030946836522931
10390421310947546e-24
0.010295883215470057
0.02946686866780357
0.0009040258600400279
0.00033764996924207265
0.00015455294211912555
26181819157449938e-22
0.006129416850487943
0.03079799759347599
0.021548613697603816
11257175962293661e-24
0.3956805873695359
0.06829097489698743
0
0
8178013128991551e-20
6661796231521508e-20
10336383369567246e-22
7596605070562957e-22
0.00019348870155635144
0.009768973042760873
0.005395289861270517
1520423370057532e-23
0.00013150124791077902
73287378628794355e-22
0.057089736714329736
0.013436408643610282
0.10253273862016887
38456360233622855e-23
0.06143899620397911
0.007698434005180881
0.0001201457015438358
0.12695962140043854
0.0002964390216032971
18549559457236099e-29
8514931578053896e-20
37361586638584264e-22
0.00012471813073831192
0.016390232990084325
0.0039062438152481314
0.00016355508312079127
0.0001521186004936353
3799874512801878e-24
0.0005145197997588835
0.023032465465047836
1313513358749747e-23
0.0018063883918330128
0.0018013306968517528
4418765962930994e-20
0.11057495216265271
4337267625567265e-20
0.33675621122092625
0.0019112457241121689
0.18951070263099712
0.003304353805788955
0.0007009531171436
0.0005693380990053302
4475151777386426e-20
0.36731772654209777
12102012361019965e-21
2156769530507639e-20
0.008312540718104904
0.0064507755176034754
21715984831648088e-24
8723125271417332e-20
0.003057086010034507
0.13590038352498082
0.03041417193391667
0.0001001142906713615
0.023109757788327603
0.0003541398694580002
0
0.1152570305639319
0.012363758466619017
0.3508474183494315
0.3248918435787598
0.3389141674693509
0.05280973940264051
0.029868544050132024
0.39368004846530796
0.3462252143146077
0.3948734546144519
0.3195641096613039
0.22126286397166475
0.0007652952697435526
0.015778027554692306
0.14475266931903646
0.2854849809787586
0.14047122222991212
0.00029924641969012947
0.02714343774430715
0.2677977304357433
0.11696478719447995
0.17189535139092718
