0.9307948166338738
33.96072255051008
33.99422786827049
0
34.146131972415546
0.02384123483662628
34.12741707451398
0
34.14326801192399
0
68.53370500262209
0
22.068598164515357
0
23.23600790200841
0
26.07559652562225
2.233832874415332
44.688620121744705
1.4675321373226182
1.0766873573600722
16.77913221946485
20.470464715022807
0.1420743522412875
0
0.13751026717085357
0.0014761463075462337
0.10647019984091004
0.006880189771122024
1.0276926402473872
0.9320847599931651
0.09679125524562447
0.02762917823944362
0.1799325269978416
0.1133918740454303
0.058515205587970145
2199880157044992e-22
0.13532006557048068
0.13473084745755293
0.02297309538907628
0.02267417170635414
0
0.01324361022372446
0
3.287187870333403
3.2360964935777927
4.1567542958823855
0
5.393267599594691
0
0.5224496868255911
0.10154774159407799
32.62018390514905
32.93942030939
17.581701723593703
87.6595758676339
61.39129958891604
0.22297571070463362
0.00420586486688069
0.008997128861166414
17.661142769989393
31.511387411746412
0.015081548765647238
0.5099081660599678
0.2951788248560375
0.8030789490708165
31.702004807428686
0
31.656873276304854
0
14.408574879109612
0.009850096002703524
0.009848469596742532
13.62123884679253
1.6469904595953244
1.2860988616375675
2.4841794843119267
0
0.00034253061797530793
0.007092828214436568
0.06105850434665453
0.03460169141991574
0.007252141627118838
0.0007934636635576251
0.0006268704919769158
0.000968954940363735
1.7228469054562945
0.4076759361636225
0.08609136869583577
0.203216301096893
0.001392393773491662
0.05243944626824512
0.00400773122696547
0.002944179321797541
0.07592495804531012
0.41025038500628397
0.02112977094931815
28398871039921504e-21
0.010840073574737355
0.0014210344306921298
0
0.9782234407775321
0.5511800970604497
0.040813169055910196
0
0.38707045751025015
2825672446689341e-20
0.014928037886367429
0
0.0015625933933855758
0
0.127709346172636
0.7880705572500946
0
0
0
0
0.01344676828630615
0.3933532944900277
0.004550949017938875
0.005580679829773586
0.400672211805711
0.3899339128343915
0.1814600742934344
0.0760680227423849
0.04319487241683741
0.18376556068265498
0.0007564893836811475
0.34764504062748836
9619539749778438e-22
0.006654662116569281
0.2545554730118223
0.11099108443952022
1484708977916703e-23
0.0025168778459034834
0.11519580168435642
0.22210646916165835
0.015540840625138469
0.022452161080798387
0.21730063092130272
0.37352602110599126
0.2574814965752555
0.1307402157023841
0.23666354375324483
8195186635195032e-25
0.21102185274698018
0.21105310815118977
0.46247246507848294
0.5676764262787185
0.003265027798940964
0.7089172068688238
0.4290747655526009
9.58852645018247
2.04722707549621
2.669130359597201
0.1044174206986205
0.40908071901054144
2.509390491309732
3.8776647695945625
0.636244068582459
5.051821461579533
6.953059454503007
4.591023830595846
2.408121782852678
2.837609495544128
0.5094180449538471
46.59770167401742
619.2567593901833
4.002135287846184
5528.359934744148
1.0999876089913831
23.218596744254288
1.173441212569973
45.16073778334716
1.3041983573433544
1.396958314153036
1.099986599038482
0.9397311475277518
1.0922013732418054
4.194141693847464
0
0.0007383211958457799
0.0007342958162827314
0
0.007958708381711331
0.007101985175266989
0.007278496091520759
0.007111661113355117
0.0067467046369505375
0.009103693876697383
0.006795323936810439
0.008524284262570604
0.005987284982708378
0.006920923895733748
0.008423622662132505
0.015243466542178633
0.0074718219377887815
0.007953447394436167
0.00775947551979558
0.008253005099165071
0.0039060732683842605
0.010770325068371485
0.017002058748450604
0.011148025218167894
0.007037508662138844
0.0019014122999830027
0.007451570250123058
0.02300143044097511
0.07284935872587764
0.041838150468736554
0.11640659091937926
9120005652096676e-20
0.010123344499955366
0.2345793726767171
4806105988850319e-21
0.07474407147674322
0.010946351806600594
0.0012697697889540336
5486354205988131e-21
12044234829206538e-22
0.1040031513890588
0.09027252100270655
0.004145980234334165
0.040788534105966265
0.020319083375822063
0.005788138468054403
0.012128778894649367
0.00048290570192467436
0.36295124360150266
15699130006975835e-25
0.07970812405793029
0.0003419254153181797
0.009642826171105045
0.010934394903576457
0.00015706400236352382
0.0001708777782011119
0.3803091347112218
0.0003935213023241559
0.05723498565651962
0.25337374747273994
13179229993418303e-22
258616657382897e-20
0.00014472829030593202
12571487786273904e-21
0.0005945180582803841
17003100247738038e-21
14432277003737194e-23
10044041740065158e-22
19077021079233953e-21
0.07745399095844961
0.07828157657694597
4350005118563406e-20
0.00021268742221019625
0.019687045679382557
0.008171018613717988
0.09279394886930069
0.020268627087182415
27828938329546247e-21
0.140774030507111
0.038902703200110224
5573478772645888e-22
0.29338969856836344
44589637516244516e-23
0.0037665040915604714
0.000982681203882587
2299456595305553e-27
0.3006396158485797
0.37795030831548365
0.018160671479485482
0.2864047241032894
0.3942402371133743
0.007413021983099625
0.19928922011793135
2233218459375396e-25
4630619658971475e-21
0.0006294696636576975
9120752013232185e-20
0.1344976668036167
8645601260501463e-22
0.00011181598054676963
0.167731860426218
0.0009292780728034086
0.01187584445236181
1220076145695162e-20
0.1418359294849722
0.09862502578067688
0.021327679204822984
31469190101675144e-21
0.0001534522323615805
12006679750286593e-23
0.013711865951211856
0.16905560811553347
8333314525814147e-24
11103314162916244e-21
9106345495452066e-21
9650340293121203e-20
10586417817676456e-21
0.32827379199707263
0.16768765250501558
0.0051591406726529945
0.0015486867537840487
0.04215504347646283
0.005888569779612911
6760460935153256e-20
0.02854813990025134
8323771677850622e-20
0.0007210386274695629
0.08228263075453834
9970380103303155e-22
0.38822779525111967
0.3891418997915715
0.00182860290791179
0.0005371245190447224
58299100986039005e-25
0.0010309426610907418
10390421310523821e-24
0.010295463149678578
0.02946336392723432
0.0009040226497850476
0.000337649521648868
0.00015455284835622606
26181818888411047e-22
0.006129268554675751
0.03079416405849673
0.021546753808707332
112571759617963e-22
0.3941364085600475
0.06827139120146135
0
0
8178010503909733e-20
666179448961904e-19
10336383327634624e-22
7596605047913709e-22
0.0001934885545949312
0.009768595059774824
0.005395175040075898
15204233699668038e-24
0.0001315011800331035
7328737652076961e-21
0.05707621031307358
0.01343569110304392
0.10248689137887412
3845636017557971e-22
0.06142325925035917
0.007698199725946468
0.00012014564488350236
0.12688726237371972
0.00029643867661510216
1854955945723608e-28
8514928732211037e-20
3736158609072816e-21
0.00012471806968296915
0.016389162283028023
0.0039061837106275396
0.00016355497811622528
0.0001521185096613713
3799874512745207e-24
0.0005145187602568556
0.023030337565815125
1313513358682032e-23
0.0018063755636997005
0.0018013179405125613
441876519656869e-19
0.11052113065337552
43372668872139165e-21
0.33600042523260754
0.0019112313620594785
0.18933539505443284
0.0033043108205986693
0.0007009511875134721
0.00056933682613638
4475150991340538e-20
0.3662984424494382
12102011786196575e-21
21567693479371714e-21
0.008312267413478125
0.006450611214775584
2171598482979723e-23
8723122284703277e-20
0.003057049225846653
0.1358165518507594
0.030410434763172078
0.00010011425133023855
0.023107615423497766
0.0003541393770712826
0
0.11519823084312239
0.012363151535196288
0.34998396566514123
0.324214259279478
0.33814304629767666
0.052798216097486396
0.029864941692599484
0.39221972506525127
0.34539916174288643
0.3933679907503785
0.31891868146075064
0.22101176609981407
0.000765292969466925
0.015777035918585442
0.14465648718208723
0.2850122860626897
0.14038113909341451
0.0002992460681357227
0.027140470643739
0.26739722895342377
0.1169041090267018
0.17175470969154635
