0.9346560611264019
33.89465174386806
33.951005509319785
0
34.10130251379895
0.023815755042730896
34.083741708459065
0
34.10177913071003
0
68.45407033694174
0
22.01886806739149
0
23.151211945416353
0
26.001766705284552
2.231321513905855
44.64050568886283
1.4685453536058095
1.0758294066113032
16.83552668054904
20.490492212594045
0.1421486340203348
0
0.13779799086004207
0.0014824428351645485
0.10514281073774942
0.006879818054406079
1.0147896410161288
0.9204985226738938
0.0954482208721226
0.027225603749485336
0.17742780156935192
0.11175231630579557
0.05781254071913063
21865374899528018e-23
0.1356207123754069
0.13503757491553717
0.02311075041484186
0.022813914165997894
0
0.013175948895289847
0
3.284752272926946
3.231555612602728
4.155398289236606
0
5.390513389865558
0
0.5244192650382946
0.10150186470481018
32.61758128844506
32.939416505545374
17.57400542820599
87.64534518184215
61.39005009383547
0.22341455260244847
0.004250043841068043
0.008996964679935375
17.654310121036268
31.542744255247843
0.014944147981084007
0.5108983104838308
0.2967993116368464
0.8051551757389491
31.767905087746115
0
31.72172907149063
0
14.423676976295768
0.009909362667140927
0.009907781553513021
13.612485107104924
1.6524098527443405
1.2860072448589954
2.4822219229659437
0
0.00034436270614635555
0.007092386917652137
0.06108941114481735
0.034568852659640006
0.0072866776929502225
0.0007918770861275613
0.0006246588601893048
0.0009705214152089528
1.7246709150750819
0.4070084518372129
0.08548690873430947
0.20301092491016365
0.0014047531006481778
0.0524002152823602
0.004007436798707455
0.002892446221096071
0.07588897554683367
0.41041258185027746
0.02111810871440199
27638556207491752e-21
0.010705168595765433
0.0014200720460050638
0
0.9769917482690432
0.5508866277463568
0.04104254161663399
0
0.3847208681424402
28255465992583784e-21
0.014968183706837355
0
0.0015541998660502203
0
0.12768410302053118
0.7864007619881415
0
0
0
0
0.013306006450799534
0.3930818681806979
0.004486709234782804
0.005495544457748188
0.4004033514516524
0.3886665097128564
0.18150223940443236
0.07647680707399575
0.04321777528683949
0.18406133075587558
0.000750499065388523
0.34494318299646715
9617674724495731e-22
0.006651159741050006
0.25439467460206333
0.1096658401924626
13575021952476703e-24
0.002513950737027494
0.11415154159668305
0.22195737027933962
0.015587052932097938
0.022535874504362292
0.21586855584204404
0.37111714547705626
0.25727108137877547
0.13109817723061545
0.23663670962681146
7493410966372083e-25
0.21062683911371427
0.21065864742551865
0.4621112519192302
0.5674344249033442
0.0031860017383808685
0.6963060412368905
0.4302930022372211
9.598567265610118
2.0480647338048965
2.6710192633232057
0.10431063397939551
0.4094632408367872
2.511143010775327
3.882071356524676
0.6358057234334433
5.049101979851223
6.9486979450788695
4.5859970008631485
2.408817867311253
2.8346187402527048
0.5102466273738795
46.63895829545497
619.2553973274009
4.00213459626238
5513.267046752195
1.0999875575896754
23.218594810614054
1.1734032559468393
45.159606146333125
1.3042154435872526
1.3969578551915525
1.0999865476247215
0.9392037522309324
1.0920693415461111
4.227764946171453
0
0.0007384428778012184
0.0007343366607928853
0
0.007955877677399033
0.007097443978190891
0.007266623336126825
0.007083783432710399
0.00673630624070794
0.009100623393666173
0.006773720438644243
0.008528141763864303
0.005966974555927493
0.006910512148186788
0.008419723368239087
0.015247042835103688
0.007457897763641036
0.007951107095239005
0.00774770798149923
0.008251780114778747
0.003897344625447245
0.010767578550301091
0.016984235021411324
0.011143781221577746
0.007033822941017919
0.0019013983154395802
0.007451354351467112
0.022999342486276476
0.07282731983028555
0.04183111248400079
0.11634746760674189
9120002440253661e-20
0.01012294501711321
0.23429486443111616
4806105899660367e-21
0.0747208237441477
0.010945884364782802
0.0012697635560546818
5486354089763761e-21
12044234773193877e-22
0.10395664077882266
0.09023802497939742
0.004145913605726307
0.040781851890437926
0.020317458231883204
0.005788008405359965
0.012128204367696755
0.00048290480108633636
0.36198600515049645
15699130006880668e-25
0.07968154259476984
0.0003419249637450989
0.009642463876980348
0.010933928487679843
0.0001570639070961944
0.000170877665437904
0.3791315123770311
0.0003935207041569487
0.05722160498830175
0.2530301815170007
13179229926351456e-22
25861665480039113e-22
0.00014472820941635646
12571487176026797e-21
0.0005945166927625862
17003099131413703e-21
14432276995694587e-23
1004404170111182e-21
19077019673975787e-21
0.07742895337268102
0.07825597800372805
43500043878881736e-21
0.0002126872475086567
0.01968552099542468
0.00817075883638454
0.09275739533454862
0.020267010083104418
27828935339128885e-21
0.14068492072021832
0.03889663609520983
5573478760651442e-22
0.2928880415147596
44589637439473823e-23
0.0037664491211532886
0.0009826774718160534
22994565953055324e-28
0.30010343240602244
0.37680749222384735
0.018159375959229285
0.28593440798899333
0.3927209142951773
0.007412808320186446
0.1990954275772928
22332184593734702e-26
463061957617585e-20
0.0006294681328135128
9120748800863427e-20
0.1344169694703512
8645601231640018e-22
0.00011181593226533497
0.16760074360646998
0.0009292747355139457
0.01187529377036549
12200760882165733e-21
0.14174534733843058
0.09858345937661277
0.0213258869730651
31469186277734624e-21
0.0001534521414256249
12006679744720213e-23
0.013711130550960281
0.1689221691582463
8333314525546006e-24
1110331368688327e-20
9106345175253617e-21
9650336696857824e-20
10586417384933873e-21
0.3275832225711802
0.16755661279746267
0.005159037402859486
0.001548677479505981
0.04214789618904854
0.005888435151569498
676045917030573e-19
0.028544906063486766
8323769002373753e-20
0.0007210366186754479
0.08225422426382975
9970380064919073e-22
0.38690521492701746
0.3877979554036327
0.001828589974740419
0.0005371234045088731
5829910098472664e-24
0.0010309385532593714
10390421310106959e-24
0.010295049899874108
0.02945991632182498
0.0009040194915029714
0.00033764908130106867
0.00015455275611104573
26181818623726863e-22
0.006129122662708193
0.03079039303947322
0.02154492418096883
1125717596130699e-23
0.39262310500870407
0.06825212997162357
0
0
8178007921318795e-20
6661792775911769e-20
10336383286380734e-22
7596605025631066e-22
0.0001934884100123646
0.00976822320916298
0.005395062079782917
1520423369877543e-23
0.00013150111325414276
7328737444686581e-21
0.05706290598009855
0.0134349852141149
0.10244180623495873
38456360118476074e-23
0.06140778095149793
0.007697969245756421
0.00012014558914030963
0.12681611480791968
0.0002964383372113416
18549559457236066e-29
8514925932432445e-20
3736158555173975e-21
0.00012471800961590855
0.016388108974889667
0.003906124579773917
0.00016355487481134833
0.00015211842029938795
3799874512689457e-24
0.0005145177375824487
0.023028244300995076
13135133586154137e-24
0.001806362943293822
0.0018013053907379845
4418764442610996e-20
0.11046820587363829
4337266160811814e-20
0.33525852781459525
0.0019112172325789411
0.18916308329227352
0.003304268531720284
0.0007009492891218773
0.0005693355738730987
44751502180178686e-21
0.36529841686702796
12102011220677411e-21
21567691683218384e-21
0.008311998541379362
0.006450449575467369
21715984827976316e-24
8723119346333727e-20
0.003057013037486369
0.13573412755539818
0.03040675853108265
0.00010011421262591339
0.02310550792919022
0.0003541388926550954
0
0.11514041213850781
0.012362554456752122
0.34913656269720617
0.32354902152383896
0.3373861187970033
0.05278688176439337
0.02986139806746927
0.39078832497341814
0.3445884031064774
0.39189249573039686
0.3182849723953908
0.22076501062079765
0.0007652907064297465
0.01577606039410218
0.14456192423292608
0.2845480060503171
0.1402925704339866
0.0002992457222720434
0.027137551885715653
0.2670037945676564
0.11684444372508146
0.1716164567369333
