0.941405624280133
33.76561522542266
33.8628637585996
0
34.01031680674906
0.023760927886812926
33.994818571787455
0
34.01671082642658
0
68.29104168076707
0
21.93142170225761
0
23.00672316225091
0
25.869229373824083
2.2267310509288176
44.55212247594061
1.4705931192317059
1.0742234920721232
16.946194433712222
20.52521812864734
0.14218536426860207
0
0.1382649949904071
0.00149267418743717
0.10284305436770712
0.006879170708903677
0.9924332353996744
0.9004228555049161
0.09308702098626907
0.02649794201165638
0.17310445064110985
0.1088682795080527
0.05654798473397249
21601546060004502e-23
0.1361227428469775
0.13556157574709454
0.023364287296454418
0.023059943551555967
0
0.013066523713254145
0
3.281317540410123
3.22452664880609
4.153031373830207
0
5.3856552250764995
0
0.528282184372978
0.10144196802898917
32.61303219752357
32.93940968596463
17.560632803310103
87.6189058883849
61.38786179449251
0.22435362850119905
0.004327319627285226
0.008996709512087241
17.642101940105483
31.592519034091204
0.014721270594989263
0.5127637689542488
0.29987431067652154
0.8084573504951956
31.891744109123838
0
31.842298578764776
0
14.44980776097738
0.01001644037778608
0.010014933620077745
13.597072546807308
1.6630142229231248
1.2858390723579751
2.4788037308753323
0
0.0003476798507318686
0.007093046012153127
0.06114228189163158
0.03451043814664051
0.007349464501900966
0.0007888058854999525
0.0006205371892886246
0.000973012215220255
1.7278282968245002
0.4058474687572983
0.08448040748145756
0.20266423062758204
0.001428007236664794
0.05234297609626094
0.00400802201173472
0.002804779949962313
0.07583174959379405
0.41103859300234963
0.021097986549096174
26358265808930023e-21
0.010482026359624266
0.0014185354976662963
0
0.9748389870344503
0.5502627312770811
0.04145773788395205
0
0.3806595923182727
2827251958548631e-20
0.015048768231157228
0
0.0015395626061490033
0
0.1276399795547631
0.7834863090643918
0
0
0
0
0.01304932887226044
0.3925945944266338
0.00437749493562629
0.005350863171669428
0.39993263348417424
0.386464113780776
0.181575888215977
0.07725372178927345
0.043251560423292326
0.1844968554551999
0.0007402654854672256
0.3403253373838636
961437715131592e-21
0.006644256915920316
0.25409052770017176
0.10736561240109566
11603761756568759e-24
0.002508849634719867
0.1123417265424317
0.22169488994047942
0.015666872181859165
0.022681547376073096
0.21336930778349436
0.36694179546082833
0.25689754613153976
0.13172319362739712
0.23658685980152488
6405770440495662e-25
0.20993300188451527
0.2099645346994181
0.4614741407277416
0.5670102750886504
0.0030626479041978923
0.6774506392113456
0.43241155654212726
9.615986911881715
2.0494902518357456
2.6741692923271514
0.1041193744488764
0.4101266713241245
2.5141269718859194
3.8894272781574064
0.6350180554657371
5.0447030682871
6.94148821026199
4.5773634934481375
2.409995046849626
2.830015400911295
0.5116895835583007
46.71150451532072
619.2530164108331
4.002133387354875
5486.983156294326
1.0999874677380612
23.21859143055734
1.1733369096589308
45.15762808135138
1.3042449492546686
1.3969570526775525
1.0999864577520388
0.938281724639214
1.091838584785338
4.287797560461438
0
0.0007386111559900187
0.0007344095954575138
0
0.007950798397489658
0.007089499123109501
0.007245980650386274
0.007035329908927525
0.006718207518289886
0.009095378291663297
0.006736179861436333
0.008534954018107584
0.005931712912449488
0.006892397323005611
0.008412981211321183
0.015253426001307635
0.007433651758820781
0.007947090496527304
0.007727255632755383
0.008249714170409138
0.003882288740078155
0.010762873255391542
0.016953209768915418
0.011136455112059204
0.007027448070968016
0.0019013738703143556
0.0074509769696141336
0.0229956931383966
0.07278881123816439
0.04181881273367706
0.11624419052072185
9119996825865138e-20
0.010122246747816501
0.2337983646058025
48061057437538456e-22
0.07468020342426479
0.010945067311379862
0.0012697526608461175
5486353886600323e-21
12044234675282186e-22
0.10387538888537035
0.09017775662554058
0.004145797139631702
0.04077017382037655
0.020314617747098473
0.005787781059159043
0.012127200143910468
0.00048290322639981206
0.36030490269446064
1569913000671432e-24
0.07963509874434622
0.00034192417438418094
0.009641830609430406
0.010933113227457743
0.0001570637405663821
0.00017087746832484773
0.3770817471011015
0.00039351965854615744
0.057198222719666354
0.2524307371755919
1317922980911673e-21
25861665028609867e-22
0.00014472806801922903
12571486109297892e-21
0.0005945143058068922
17003097180047785e-21
14432276981635873e-23
10044041633020291e-22
1907701721754555e-20
0.0773852064116037
0.07821125108690027
43500031106477664e-21
0.0002126869421258336
0.01968285608890969
0.008170304758190758
0.0926935333163382
0.020264183824673647
2782893011179664e-20
0.14052928978166818
0.03888603289900013
5573478739684813e-22
0.2920131902993973
4458963730527654e-22
0.0037663530332740086
0.0009826709480936205
22994565953054972e-28
0.2991684645438965
0.3748181111434787
0.018157111575625905
0.2851141365126514
0.3900791451055041
0.007412434846241198
0.1987571253129877
22332184593701033e-26
4630619431446789e-21
0.0006294654568640885
9120743185555885e-20
0.1342760245520628
8645601181189409e-22
0.00011181584786808957
0.16737179387083062
0.0009292689018675953
0.0118743312241943
12200759877424025e-21
0.1415871461392597
0.09851084221389893
0.02132275446364708
3146917959338097e-20
0.0001534519824671656
12006679734990012e-23
0.013709845145522322
0.1686891670599734
833331452507729e-23
11103312854764393e-21
910634461553782e-20
9650330410492273e-20
10586416628487801e-21
0.3263795752448643
0.16732779763150235
0.005158856889342671
0.0015486612679424352
0.04213540544155216
0.005888199825384292
6760456085304098e-20
0.02853925410635799
8323764325567571e-20
0.000721033107260704
0.08220459247721906
9970379997822633e-22
0.38460412014582834
0.38545984142422984
0.0018285673674155523
0.0005371214562746525
5829910098243262e-24
0.0010309313726947844
10390421309378269e-24
0.010294327567520219
0.02945389078023624
0.0009040139707642443
0.0003376483115622031
0.00015455259486402785
2618181816105154e-21
0.00612886764781703
0.030783802302069497
0.021541726313752466
11257175960451654e-24
0.38999175028457894
0.06821847385505196
0
0
8178003406879705e-20
6661789780304683e-20
10336383214267777e-22
7596604986680381e-22
0.0001934881572782618
0.009767573237910809
0.005394864627718129
1520423369721514e-23
0.0001315009965227368
732873708216242e-20
0.05703965708278528
0.013433751389636253
0.1023630437759953
3845636001865733e-22
0.061380733820580846
0.0076975663765242175
0.00012014549169971483
0.12669184268030811
0.00029643774392502746
18549559457236046e-29
8514921038343522e-20
37361584609572997e-22
0.0001247179046170795
0.016386267925449647
0.0039060212195411127
0.00016355469423169662
0.0001521182640922728
3799874512591997e-24
0.0005145159499239212
0.02302458567261881
1313513358498963e-23
0.0018063408826838427
0.0018012834535917174
44187631246722105e-21
0.11037575274533638
43372648910409555e-21
0.3339656027330418
0.0019111925341034454
0.18886225408635152
0.003304194610880335
0.000700945970692728
0.0005693333848885433
44751488662285785e-21
0.36355689709446004
1210201023213419e-20
21567688543492586e-21
0.008311528566334101
0.006450167035172833
21715984824793332e-24
8723114209984105e-20
0.0030569497802513494
0.13559016771085058
0.030400333442130695
0.00010011414496970856
0.023101824431957244
0.0003541380458836699
0
0.11503941311981744
0.012361510816222854
0.34766020368673395
0.32238944407461173
0.3360670556870916
0.05276707487748003
0.02985520472168524
0.38829873301407536
0.34317574259984895
0.3893265695992003
0.31718025416256335
0.2203343366662518
0.0007652867505936621
0.015774355294946907
0.14439677400568485
0.2837382473932082
0.14013788413579015
0.0002992451176936379
0.027132450569105862
0.26631745012898134
0.1167402202428146
0.17137505394764277
