0.9575710736361808
33.37135375412277
33.581188534161605
0
33.72181984827443
0.023572486939349636
33.71196795697305
0
33.744109542567394
0
67.76567769930604
0
21.69233797994731
0
22.675534242451754
0
25.540552880885315
2.216165211768486
44.339008665563746
1.4782210065180574
1.070580163266407
17.290545613304005
20.620622072435214
0.14182159548770082
0
0.13916016806161755
0.001513313490227153
0.09743902352812767
0.006877632062218605
0.9398918909029848
0.8532383470668619
0.08745256234609759
0.024692703170060448
0.1630251600020706
0.10197295879875386
0.0534411299753097
20791545095491118e-23
0.13715253652735393
0.13669127482541815
0.02406556639155468
0.023705986822801044
0
0.01285456070021172
0
3.2769422140884155
3.210897602070156
4.147383644118843
0
5.373845173383357
0
0.5403017031431825
0.1014313205430653
32.60213859037754
32.93939222298984
17.5288609379231
87.54219380995052
61.38259614579796
0.22772495375831814
0.0045352985801706235
0.008996309581991713
17.611616954688667
31.702469657033344
0.01427161050929966
0.5183205307757932
0.3088457377893548
0.8150968233402706
32.25728588604414
0
32.195043709164295
0
14.514556063649184
0.01029911260470164
0.010297776554356614
13.559408888944603
1.6958249823060392
1.2853812867162784
2.4706359894762517
0
0.00035664854948666227
0.007104012658566718
0.061303434357232796
0.03436938021908326
0.007518382895449612
0.0007791156401385158
0.0006087463676802775
0.0009780399590499011
1.7362297861336962
0.40310328684642244
0.0824325428695134
0.2018806840244283
0.0014949537675259016
0.05228563018162553
0.00401712392065927
0.0026064074996699003
0.07575890057430329
0.41464314057186513
0.02106417327898502
23527056517081556e-21
0.010009502440571534
0.0014154091935330605
0
0.9696825608080207
0.5485534889532327
0.042559933303598536
0
0.3711755741045554
28438023265471744e-21
0.015309902833808979
0
0.0015005482343833014
0
0.1275343104494819
0.7765290600075823
0
0
0
0
0.012420362703736964
0.3913727199836333
0.004128032756849424
0.005024365948452207
0.39880131363806115
0.381382720996824
0.18174986596594436
0.07952568922611396
0.04331056048844235
0.18524836682230741
0.0007169233733102556
0.3297827149875241
9606289362164437e-22
0.006625284238982962
0.25330003065132667
0.10199198731032745
795692496353398e-23
0.0024967312147054243
0.10808708246301149
0.22105685230664107
0.015866927752300884
0.02304149279227074
0.2074061527699474
0.35712168843816006
0.2559742339803229
0.13328805934103594
0.23660682855422027
43949559718294e-23
0.20840598253004422
0.2084320811756042
0.4599199920205058
0.5659884564899349
0.0028254202645996837
0.6458501298232253
0.43765775494863185
9.663581129671774
2.0527319314822905
2.681040274720786
0.1036418760205353
0.41193786554387946
2.5209199370809405
3.9055036276409303
0.6330398675159205
5.038651470066737
6.931210000230741
4.559995420405825
2.4126368320305986
2.8236725473591266
0.5153811779790782
46.91190689925308
619.2473140662337
4.002130491978893
5424.540597812578
1.0999872525402055
23.21858333520051
1.1731780231362812
45.152890895990474
1.304313913311488
1.3969551294385343
1.099986242503724
0.9360729155620625
1.0912861121378763
4.4582138680075865
0
0.0007392112873419165
0.0007345929766715986
0
0.007938037927634822
0.0070763191386978815
0.007203095678947086
0.006926332422743443
0.006680647707547017
0.00908878007959373
0.0066528754442150605
0.008558740533517432
0.0058532702361441275
0.006855151577233891
0.008404142517255615
0.015282086688721223
0.00738219756398281
0.007944350546803543
0.007685188048573614
0.008251868641549415
0.0038504724092803776
0.010760878107917751
0.01689367642448682
0.011128443090108664
0.0070183582657886365
0.0019013153246276524
0.007450073204048051
0.022986955171449094
0.07269666452264076
0.041789369085544835
0.11599721070342728
9119983379214372e-20
0.010120574563259847
0.23261350286106017
48061053703520746e-22
0.07458300603570238
0.010943110686697429
0.0012697265668052294
5486353400016529e-21
1204423444078012e-21
0.10368104574124593
0.09003357532404628
0.00414551821239863
0.04074221801153401
0.020307816297089738
0.0057872365930400375
0.012124795329445503
0.0004828994549891631
0.35631027380976826
15699130006315898e-25
0.0795239740616781
0.000341922283843468
0.009640314079687897
0.010931160896691461
0.00015706334172213983
0.00017087699623282985
0.3722174266679988
0.00039351715428156
0.05714226017348945
0.25100081347631054
13179229528335301e-22
25861663947420434e-22
0.00014472772936852528
12571483554443717e-21
0.0005945085890001114
17003092506456315e-21
14432276947964757e-23
10044041469938605e-22
19077011334307015e-21
0.07728053131065786
0.07810423239739772
43500000516120384e-21
0.00021268621072464286
0.019676475007451226
0.008169217326985842
0.0925407601587843
0.020257416435148157
2782891759214969e-20
0.14015724761693904
0.03886064960811891
5573478689468976e-22
0.2899284991806225
4458963698386916e-22
0.003766122909272819
0.0009826553237170866
2299456595305412e-27
0.2969410079926198
0.3700960677725415
0.01815168944238999
0.2831591107108179
0.3838240349891205
0.007411540439051099
0.19794921432157425
22332184593620416e-26
463061908481544e-20
0.0006294590479140947
9120729736704048e-20
0.13393905690835856
8645601060358366e-22
0.00011181564573387478
0.16682472165792403
0.0009292549302211999
0.01187202620827152
12200757471031406e-21
0.14120896599401722
0.09833713886317379
0.021315253860177817
31469163584116494e-21
0.00015345160175654087
12006679711685846e-23
0.01370676704263322
0.16813242436903866
8333314523954694e-24
11103310861809655e-21
9106343274998256e-21
965031535443468e-19
10586414816772152e-21
0.32351474595780016
0.1667810465590669
0.005158424578579917
0.00154862244134778
0.04210550469440001
0.005887636248842507
6760448696618656e-20
0.02852572201278752
8323753124457268e-20
0.0007210246973641428
0.08208584426350604
997037983712421e-21
0.37914840111714626
0.3799171256760981
0.0018285132231861958
0.0005371167902115317
5829910097693832e-24
0.0010309141751846465
10390421307633033e-24
0.010292597761291546
0.02943946439896848
0.000904000748531175
0.00033764646801674503
0.0001545522086722365
2618181705292732e-21
0.00612825692101032
0.03076802298119955
0.021534069235028364
11257175958403098e-24
0.3837610350755138
0.06813793369000833
0
0
8177992594643951e-20
6661782605722188e-20
10336383041554625e-22
7596604893392084e-22
0.00019348755197223138
0.009766016708937833
0.005394391752217698
15204233693478192e-24
0.00013150071694719318
7328736213903936e-21
0.05698401363078724
0.013430796795770425
0.10217465093264903
3845635977958776e-22
0.061316003381391704
0.007696601575770705
0.00012014525832626592
0.12639470129466052
0.0002964363229875442
18549559457235988e-29
8514909316833907e-20
37361582353049443e-22
0.00012471765314142256
0.01638185938587435
0.0039057736791418968
0.00016355426173767033
0.00015211788997120012
37998745123585836e-25
0.0005145116684419507
0.02301582548756307
13135133582200573e-24
0.0018062880478155548
0.0018012309144143273
441875996816246e-19
0.11015463859744415
4337261849895056e-20
0.3308892356284062
0.0019111333816535466
0.1881437008007246
0.0033040175745020967
0.0007009380229980352
0.000569328142225098
44751456286456974e-21
0.359419573876651
12102007864537531e-21
21567681023736907e-21
0.008310403067032974
0.006449490391200316
21715984817169966e-24
872310190825216e-19
0.0030567982821933155
0.13524599909364748
0.030384950639442895
0.00010011398293082198
0.023093004709308276
0.0003541360178435251
0
0.11479787683918313
0.012359011617360804
0.34414960162412145
0.31962908182156713
0.3329287801571638
0.0527196668730413
0.029840376655028793
0.38240036119329196
0.33981586956794574
0.38324917959424615
0.3145499774729098
0.2193062695842869
0.0007652772763054288
0.01577027226963819
0.14400199985742587
0.28180820231159776
0.13976809788613792
0.0002992436697113232
0.027120236628563717
0.2646807945284609
0.11649097901685923
0.17079826513039564
