0.9658306348398709
33.10769452206918
33.3915143951511
0
33.52871177790303
0.023439557174011798
33.52254211014812
0
33.56121460556736
0
67.41089636466918
0
21.538560069697287
0
22.509934461230433
0
25.369429962122066
2.2117582054801175
44.23938206123739
1.4843279371417302
1.0692193507827206
17.519994060672182
20.683166567265584
0.14139012024905942
0
0.13947658807959973
0.0015219032029216237
0.09473254667228388
0.006876851739662684
0.9135732427008653
0.8296017812715766
0.08460244972873397
0.02375244024829243
0.1580186559576575
0.0984768458847592
0.05184990989672257
20267813242009577e-23
0.13755928227591416
0.13716867529371995
0.02449085685707315
0.02408821684479478
0
0.01277669646515182
0
3.2768920902971734
3.205070943669786
4.144511669632807
0
5.36775419264238
0
0.5483223061597267
0.10151590702130009
32.596573375184434
32.939382526624954
17.512680764405275
87.49183485795088
61.37988942793233
0.2302013332679583
0.004669255699245538
0.008996249886843503
17.59541250338578
31.762147772662015
0.014085417055012334
0.521948938778644
0.3145283975726047
0.8180528435747825
32.49379406517953
0
32.42269507545655
0
14.550653251326423
0.010462184118509755
0.010460944749579398
13.539644251153666
1.7175814987504854
1.2851094003690182
2.4664730347180757
0
0.0003620176612372779
0.007115998805409721
0.0614256490291882
0.03429869668250343
0.007617979696702101
0.000772535921890401
0.0006014191566078534
0.0009803014687105782
1.7414994321565038
0.40172562392102923
0.08163585689194443
0.2014955675921511
0.0015369562833996541
0.052313567881133165
0.004027358454818289
0.002510204498916123
0.07577367408045936
0.41780201154346086
0.02106131576631111
22199635397290113e-21
0.009800488955833648
0.0014139923977827297
0
0.9670466071433212
0.5477428213024486
0.043199821150162056
0
0.36646631463856566
2860533702846274e-20
0.015489147337713463
0
0.00147624986926651
0
0.12748031806387305
0.7729868699633333
0
0
0
0
0.01210738922994148
0.39073096520252554
0.004005561133778846
0.0048673977752402
0.39822109797854804
0.3789533663223937
0.18183622620389456
0.08096657348167759
0.04333461854633861
0.1855500331646454
0.0007056009233335701
0.32466427737686954
9602055779617468e-22
0.006615158016403885
0.2528943822090569
0.09934205209743978
6556925144534528e-24
0.0024906051879682507
0.1059565680201911
0.22072585948183937
0.015981518066847174
0.023239488393983862
0.2043734729025669
0.3521998397504918
0.255487420558941
0.1341625356059632
0.23677240349041606
3624156093455177e-25
0.2077757408393422
0.20779695146748567
0.4591114578543128
0.5654630320639917
0.0027265254793183476
0.6355396286610056
0.4405534183880105
9.694517100631108
2.054318920077746
2.684281669956564
0.10339196404979945
0.41311397501906727
2.524249509762954
3.9131028053533363
0.6319999592190852
5.039203809448573
6.932015807319933
4.554133675510058
2.4139154802814673
2.8235554253951367
0.5175334003602274
47.04152005632869
619.2444005353115
4.002129012618713
5392.91105262177
1.0999871425872088
23.218579198966736
1.1730968500941352
45.15047067427955
1.304348334685762
1.3969541461542156
1.0999861325249418
0.9349441459923418
1.0910039401244278
4.573157239979234
0
0.0007398607195968988
0.0007346974324171907
0
0.007931347102404979
0.00707563996148281
0.007187639604124052
0.006877103584058045
0.006667205243387133
0.00909119436920618
0.006616493795643097
0.008578507609863697
0.005818708638466783
0.006842220569653097
0.008406990482338584
0.015310262989308538
0.007362459492626607
0.007949874724206354
0.007670502696867689
0.008260125813389148
0.0038380820782607274
0.010769202969754142
0.016878199392358954
0.011133964786800104
0.007019924108155196
0.0019012854120391874
0.0074496114771388025
0.022982491883611806
0.07264962819386203
0.04177433317544268
0.11587122166451208
9119976508801503e-20
0.010119720285310378
0.2320104303304255
4806105179566496e-21
0.07453339292382306
0.010942111105534192
0.0012697132345447445
5486353151401829e-21
12044234320963828e-22
0.10358188861005897
0.08995999645589496
0.004145375704794703
0.04072794169397145
0.020304342048929294
0.005786958423746277
0.012123566799628022
0.0004828975280391228
0.35428638747746855
15699130006112328e-25
0.07946725597798904
0.0003419213178962087
0.00963953931732139
0.010930163509013175
0.00015706313793738649
0.00017087675502303165
0.36975632719173973
0.0003935158747608479
0.05711368785504057
0.2502733389289276
13179229384873075e-22
2586166339499842e-21
0.00014472755633892318
12571482249068858e-21
0.0005945056680808448
1700309011853588e-20
14432276930760867e-23
10044041386613788e-22
1907700832833072e-20
0.07722710336711719
0.07804960889453819
4349998488631707e-20
0.00021268583702409964
0.01967321546157969
0.008168661771661197
0.09246279958735892
0.02025395958320635
27828911195373903e-21
0.13996753706060702
0.03884768668704404
5573478663811739e-22
0.2888691002408301
4458963681964954e-22
0.0037660053353351115
0.0009826473407070714
22994565953053688e-28
0.29580932259744824
0.36770640109361186
0.01814891968718937
0.2821653918061227
0.3806668732146703
0.007411083493046359
0.19753768941924402
22332184593579223e-26
46306189077079165e-22
0.000629455773355721
9120722865166569e-20
0.13376721348583645
8645600998621052e-22
0.0001118155424557288
0.16654589163526437
0.0009292477916409352
0.011870848658077908
12200756241511353e-21
0.14101612902204053
0.09824850527962772
0.021311422526598615
3146915540435941e-20
0.00015345140723693656
12006679699778833e-23
0.013705194586081043
0.16784867236940706
8333314523381117e-24
11103309843531161e-21
9106342590064167e-21
9650307661714243e-20
1058641389109579e-20
0.32206071286364224
0.16650237999035464
0.005158203708063542
0.0015486026036956508
0.04209023542291213
0.005887348316336261
6760444921452999e-20
0.028518810413083615
8323747401377137e-20
0.0007210204004564748
0.08202523737904223
9970379755017094e-22
0.376390802858492
0.37711597229242094
0.0018284855593976772
0.000537114406152781
5829910097413107e-24
0.001030905388413904
10390421306741324e-24
0.010291714047741167
0.0294320961234399
0.0009039939928490932
0.0003376455260810524
0.0001545520113520974
26181816486743273e-22
0.006127944900256654
0.03075996383047812
0.0215301579842626
11257175957356412e-24
0.3806160436750158
0.06809681927600617
0
0
8177987070254757e-20
6661778939949978e-20
10336382953308717e-22
7596604845727439e-22
0.0001934872426984043
0.00976522151307033
0.005394150157603594
15204233691568844e-24
0.00013150057410132767
7328735770276711e-21
0.05695560416776676
0.013429287428888138
0.10207852752631061
3845635965743776e-22
0.061282956418771545
0.007696108667957344
0.00012014513908680565
0.12624314923313354
0.0002964355969775613
18549559457235955e-29
8514903327861795e-20
37361581200103232e-22
0.00012471752465285598
0.016379607348183715
0.0039056472071123723
0.00016355404075997493
0.0001521176988184466
3799874512239322e-24
0.0005145094808788781
0.02301135085253394
13135133580775538e-24
0.0018062610530085695
0.0018012040706824005
4418758355378873e-20
0.11004183375522082
433726029605533e-19
0.3293283542452865
0.0019111031590568494
0.18777761969880935
0.0033039271233441577
0.0007009339622443258
0.000569325463561647
44751439744387055e-21
0.3573238613551194
12102006654839849e-21
2156767718160023e-20
0.008309828064190177
0.006449144694693195
2171598481327489e-23
8723095622822204e-20
0.0030567208788000854
0.13507048721730783
0.03037709396786804
0.00010011390013890973
0.023088499667378953
0.0003541349816428689
0
0.1146746623117006
0.012357734873822935
0.3423696035579167
0.31822784040713803
0.3313366416352585
0.05269546071015961
0.029832803257982973
0.3794213228870191
0.3381118966002639
0.38018071573753154
0.31321449694761144
0.2187828428570707
0.0007652724355657801
0.01576818650005377
0.14380071107597875
0.2808271399321917
0.13957953641545204
0.0002992429298831522
0.02711399817044129
0.263848449388069
0.11636383738677071
0.17050431087357426
