0.9785719927406806
32.575254854562836
33.01566941244884
0
33.14767134524766
0.02316855901449077
33.14923332055489
0
33.201446333506645
0
66.71007977241382
0
21.231797293695173
0
22.249190852572166
0
25.102895397845796
2.207370146563689
44.11019712866652
1.4980137248401453
1.0683502691596036
17.968328840642563
20.8089547507681
0.1403494247082576
0
0.13974813718977014
0.0015328634274849918
0.09062536577120063
0.006875654407273014
0.8736262940404397
0.793725563022905
0.0802193475329081
0.022277529543396665
0.15047283646998647
0.09308954011413192
0.049408880040509445
19281908333813863e-23
0.137995553948289
0.1377343243928236
0.025268073503237853
0.024777027928592633
0
0.012702612811788784
0
3.280465057061808
3.196957111598501
4.1401044562255
0
5.358350578788631
0
0.5640383709387604
0.10180639738914504
32.587989061843025
32.93936617589288
17.487675327497193
87.3881247589974
61.37568441710563
0.23534888310869811
0.0049452246692776505
0.008996418027290147
17.569551483961703
31.869883352125967
0.013853991899779206
0.5289510816926499
0.3252622221083945
0.822424213774281
32.94690749311106
0
32.857956733736586
0
14.613061972044747
0.010746645382662361
0.01074559375498655
13.508204218361556
1.7599207580406875
1.2846230202838418
2.4600646878717907
0
0.00037175451295131247
0.007145867416976844
0.06169953772153064
0.034194386453146784
0.007795209756594251
0.0007596223621192342
0.0005879565328447989
0.0009836892283403209
1.751722278061719
0.3996413398249263
0.08083913708406766
0.2009058422319634
0.0016157392459902086
0.05246062802688779
0.004053480134141862
0.002367418129965966
0.07589104302605137
0.4248017463796539
0.021085995719329356
20298906905901347e-21
0.009523101457835038
0.0014118602101654938
0
0.9629769820639623
0.5468022630074695
0.04432249703180968
0
0.35939088597449176
2900705768561144e-20
0.015846200706103104
0
0.0014294232983091256
0
0.12739700916663166
0.7675391452855241
0
0
0
0
0.011649161867344078
0.38974540942476293
0.0038216006350682845
0.004636592972000135
0.39732315395729256
0.375515255507491
0.18196432346887823
0.08368857062686491
0.043371759069911094
0.18602030802269454
0.0006888981043030797
0.3171085308777797
9595394094429387e-22
0.0066002014207313725
0.25231162611335406
0.09540640604444285
486002911602213e-23
0.0024812719069912566
0.10272753083404837
0.22020882498442482
0.016186803195315427
0.023576792407227345
0.19971787112654021
0.3447302671274284
0.25471733745665004
0.13567036351047607
0.23735459783859592
26913913449952247e-26
0.20711620970581018
0.20712683083859296
0.4578467351789811
0.564647945089718
0.002592082950034397
0.6256600074683943
0.4454940576217583
9.756297899645546
2.056723807046968
2.689115420982238
0.1030087793018837
0.41546008974342136
2.529301070901238
3.924454468017915
0.6304031870797587
5.046509236627603
6.944338504770728
4.55081463699571
2.4158463192009028
2.8282467123053143
0.5214186916663638
47.29742318533567
619.2399060933825
4.002126730530333
5344.480013520485
1.0999869729716238
23.218572818334447
1.1729716420132785
45.146737448148045
1.304400547640117
1.3969526285227791
1.0999859628695827
0.9332027369979632
1.0905687992070805
4.816207173092648
0
0.0007416954038260109
0.0007348924379798245
0
0.007921213562975954
0.007086773175887016
0.007176481844770788
0.006813332081064159
0.006657799301269222
0.009106143361459275
0.006572182657506202
0.008624355725935163
0.005775833783918762
0.006834307311751119
0.008426052635229138
0.015380816606178243
0.007344897545171579
0.00797219035051298
0.007661221275449939
0.008287134178349951
0.0038263319103413996
0.010800667558533893
0.016884140306262528
0.011161640955171616
0.007034698054521554
0.001901239269228076
0.0074488992644516725
0.022975608429496197
0.07257712872645915
0.04175114910048147
0.11567713686458987
9119965910380682e-20
0.010118402601137633
0.231083183909621
480610488525701e-20
0.07445692349951853
0.010940569311474942
0.0012696926682179519
5486352767884033e-21
12044234136132916e-22
0.10342911285777519
0.08984661018851679
0.004145155879432586
0.04070592858206945
0.020298983772540306
0.005786529340667239
0.012121671890031003
0.00048289455550402515
0.3511868235281184
156991300057983e-23
0.07937984089468642
0.00034191982781274803
0.00963834427610975
0.01092862509807587
0.00015706282357562677
0.0001708763829288275
0.36599166292979507
0.0003935139009557581
0.05706963966319012
0.24915525549097012
13179229163565492e-22
25861662542821633e-22
0.00014472728942053825
12571480235372772e-21
0.0005945011622427748
17003086434884572e-21
1443227690422182e-22
1004404125807532e-21
19077003691254835e-21
0.07714475682495424
0.07796542053887864
43499960775493016e-21
0.00021268526054774508
0.019668188282376254
0.008167804835430281
0.09234266489479058
0.020248628133786126
2782890132758748e-20
0.13967538937643478
0.03882769831546697
5573478624232391e-22
0.2872424377359949
44589636566321185e-23
0.0037658239707168625
0.0009826350260895374
22994565953053017e-28
0.29407201557751944
0.3640502800605391
0.018144647838395877
0.280639296797711
0.3758474286756967
0.007410378654604037
0.19690454039460503
22332184593515672e-26
463061863449846e-20
0.000629450721992429
9120712265010903e-20
0.13350255680130393
864560090338389e-21
0.0001118153831370624
0.1661166767687602
0.0009292367796373287
0.011869032375564295
12200754344830327e-21
0.14071917132438747
0.09811193405532881
0.021305513588296448
3146914278611305e-20
0.00015345110716773896
12006679681410845e-23
0.013702769238145474
0.16741188994620806
8333314522496307e-24
11103308272715365e-21
9106341533471775e-21
9650295794787834e-20
10586412463129796e-21
0.31983049939126884
0.16607341643921192
0.005157863007505436
0.0015485720022504633
0.04206669160990458
0.005886904173731799
6760439097814013e-20
0.028508151730570086
8323738572851417e-20
0.0007210137720143185
0.08193183177999398
9970379628357083e-22
0.37217616050540925
0.37283530889664684
0.0018284428855264725
0.000537110728478672
5829910096980053e-24
0.0010308918339193079
10390421305365755e-24
0.010290350963028641
0.029420733296487485
0.0009039835715030476
0.0003376440730380981
0.00015455170696275147
26181815613336896e-22
0.0061274636021991236
0.030747535769336164
0.02152412580679858
11257175955741773e-24
0.3758149906388023
0.06803344403820771
0
0
8177978548233097e-20
6661773285063246e-20
1033638281717888e-21
7596604772199045e-22
0.0001934867656076224
0.009763994955617424
0.005393777490326949
1520423368862344e-23
0.00013150035374485367
7328735085928876e-21
0.05691180695829747
0.013426959383169526
0.10193042302912156
38456359469006807e-23
0.06123201246556858
0.007695348360795091
0.00012014495514595398
0.12600971840525999
0.00029643447702409155
1854955945723592e-28
8514894089166538e-20
3736157942154632e-21
0.0001247173264441826
0.01637613391868524
0.0039054521169596002
0.00016355369987611934
0.00015211740394300525
37998745120553474e-25
0.0005145061063202672
0.02300444990053175
1313513357857725e-23
0.0018062194110915388
0.0018011626618100252
4418755867469059e-20
0.10986804534431588
43372578990733895e-21
0.3269349362902817
0.0019110565380354688
0.18721429239260937
0.003303787596505189
0.000700927698093723
0.0005693213314286275
4475141422628398e-20
0.354114914325908
12102004788737185e-21
2156767125464767e-20
0.008308941131773573
0.00644861145295417
2171598480726626e-23
8723085926805997e-20
0.0030566014786814325
0.134800185800048
0.030364978099154036
0.00010011377242264853
0.023081551826593213
0.000354133383185762
0
0.1144848485207185
0.012355765603354125
0.33964178260180994
0.3160782962047756
0.32889549730418566
0.0526581416127588
0.029821124159460533
0.37487125082469824
0.33550005676330696
0.37549535501609244
0.31116547023463326
0.21797784369363313
0.0007652649682077861
0.01576496949278932
0.14349075079117884
0.2793204280957966
0.13928915663756358
0.0002992417886135797
0.02710437741919649
0.2625695881271186
0.11616797835079225
0.17005184324695877
