0.9793981910523193
32.533802392643935
32.9869175765709
0
33.11858708922467
0.023147537621428755
33.12077298980985
0
33.17407260300304
0
66.65664563822332
0
21.20810097129517
0
22.23173921606384
0
25.085478483817436
2.2072164325467463
44.10311392026318
1.4991240145526479
1.0683609228190336
18.00222672798345
20.81865581791587
0.14026355400868795
0
0.1397557912736675
0.0015334863383813689
0.09036172292816916
0.006875576990716339
0.8710617089414263
0.7914223615433122
0.07993419998798794
0.02218038366524324
0.14999056361893714
0.09273863462419782
0.04925098091549212
19209299439749253e-23
0.13801503787452363
0.13776302692249193
0.025324701457700535
0.024826743479657513
0
0.012699902600069837
0
3.2808823292979077
3.196452552369487
4.139819834111252
0
5.357742322359742
0
0.5652293073836888
0.10183345879621022
32.58743243973056
32.939365043518414
17.48604922708211
87.37988734592732
61.375410198614055
0.2357506085039345
0.004967232036633673
0.00899644240073796
17.567834324726004
31.87778399943948
0.013841307382276085
0.529476323520415
0.32605964602382326
0.8227096231360841
32.980754427651895
0
32.89040954125678
0
14.617465556872274
0.010766749381281547
0.010765712310959524
13.50611591468315
1.7631139860907257
1.2845880905307758
2.4596497089595344
0
0.00037246043347429175
0.0071483899579163285
0.06172180814224989
0.03418789935156264
0.0078078943158715435
0.0007586489672421693
0.000586978386469841
0.0009839123502220707
1.7524957528212275
0.39950814808590546
0.08080921631374578
0.20086738207478216
0.0016215674116932843
0.052475465302675064
0.004055706832717147
0.0023583706408641207
0.07590337044557216
0.4253595757102766
0.021089101428260135
20181592235881408e-21
0.009507167527592704
0.0014117194637524207
0
0.9627129108103283
0.5467594662124481
0.04440213493640012
0
0.35894026165944193
2904039976739967e-20
0.01587346565588725
0
0.0014258893675632932
0
0.12739160574910707
0.767186581094015
0
0
0
0
0.011620666005338736
0.3896825298828934
0.003809847499941545
0.004622060287204128
0.39726480825012195
0.37530770842008354
0.18197237204932587
0.08389074277711502
0.043374356333015486
0.18605384833043154
0.0006878463474869997
0.3166325642318425
9594956722584256e-22
0.006599287962797145
0.25227673379669796
0.0951581778042231
4766375038296297e-24
0.002480672759524888
0.1025205645299081
0.22017503332733315
0.01620166378526324
0.023600386290731572
0.19941704965733917
0.3442509749266515
0.25466662202865187
0.13577651390101328
0.23740948621569288
2639973911673427e-25
0.2070897609248112
0.20709954775392053
0.45776404297236484
0.5645948978596129
0.0025838929815685586
0.6252455806745579
0.4458396521499471
9.761045115906306
2.0568793296166556
2.6894272811807496
0.10298433990241578
0.4156402220160542
2.529628034029832
3.9251876930283878
0.630301364565335
5.047298321396736
6.94568493132172
4.550887790453937
2.415971316117876
2.828777287352073
0.5217004061748729
47.31694124502595
619.2396146577277
4.002126582551051
5341.35461799458
1.0999869619731024
23.21857240458994
1.172963523504478
45.14649538216387
1.3044039016220654
1.3969525300810988
1.0999859518684831
0.9330898140775924
1.0905405889993762
4.8357978350728725
0
0.0007418601704760466
0.0007349072115304355
0
0.007920578309980894
0.007088122594420506
0.007176405596748152
0.006809805879788337
0.006657768129887094
0.009107681366741413
0.00656990467889442
0.008628122204672076
0.005773577684221372
0.006834409264649027
0.008428041826587818
0.015386786033269977
0.007344416284045479
0.007974345706159555
0.007661301594674155
0.008289618662085553
0.003825941326735183
0.010803664254615724
0.016886057228983346
0.011164419227393987
0.007036290352458575
0.0019012362771906243
0.007448853084211598
0.02297516215122387
0.07257243008267765
0.041749646200803105
0.11566456289431958
911996522313902e-19
0.01011831716338675
0.23102318581008477
480610486617286e-20
0.07445196763946728
0.010940469343159875
0.001269691334630271
5486352743015276e-21
12044234124147775e-22
0.10341921407751421
0.08983926272576742
0.004145141625518949
0.04070450157865074
0.02029863637025609
0.005786501518379936
0.012121549027080845
0.0004828943627541276
0.35098677473257633
15699130005777937e-25
0.07937417588772192
0.0003419197311902693
0.009638266790188211
0.010928525349110634
0.0001570628031912313
0.00017087635880084606
0.3657488752500599
0.00039351377296703897
0.05706678458331606
0.24908292737909998
13179229149215064e-22
25861662487563236e-22
0.00014472727211254768
12571480104797037e-21
0.0005945008700682033
17003086196022582e-21
14432276902500928e-23
10044041249740396e-22
19077003390569164e-21
0.07713942019306332
0.07795996458054315
43499959212055554e-21
0.00021268522316687035
0.019667862345229468
0.008167749271515755
0.09233488029348474
0.020248282470697602
2782890068772264e-20
0.13965646647087515
0.03882640254823586
5573478621665915e-22
0.2871372755239169
44589636549894405e-23
0.003765812210643844
0.0009826342275680291
22994565953052977e-28
0.29395971486348166
0.3638144621769483
0.018144370870120483
0.28054062441016453
0.3755370324067842
0.007410332952501703
0.19686355472628564
22332184593511552e-26
4630618616782516e-21
0.0006294503944441391
9120711577656749e-20
0.13348541353977908
8645600897208349e-22
0.0001118153728062394
0.16608888305731542
0.00092923606558146
0.011868914610463533
12200754221842294e-21
0.14069993705684922
0.098103084812515
0.021305130486735567
31469141967897934e-21
0.00015345108771012633
12006679680219795e-23
0.013702611984140509
0.1673836065781916
8333314522438932e-24
11103308170857678e-21
9106341464958294e-21
9650295025291503e-20
10586412370535034e-21
0.3196864181733661
0.16604563898923713
0.0051578409159568775
0.0015485700179567528
0.04206516539389384
0.005886875374985737
6760438720187192e-20
0.02850746071843218
8323738000376412e-20
0.0007210133422029157
0.08192577867766564
9970379620143964e-22
0.371904502037756
0.3725594178362314
0.001828440118424056
0.0005371104900051053
5829910096951972e-24
0.0010308909550002599
10390421305276556e-24
0.010290262581642656
0.029419996638858418
0.0009039828957473136
0.00033764397881745894
0.00015455168722500437
26181815556701893e-22
0.00612743239429988
0.03074673005976346
0.021523734715725072
11257175955637074e-24
0.37550577108396294
0.06802933658259659
0
0
817797799563297e-19
6661772918378958e-20
103363828083517e-20
7596604767431183e-22
0.00019348673467127448
0.00976391542626643
0.005393753326046237
15204233688432447e-24
0.00013150033945611098
7328735041553151e-21
0.05690896814296725
0.01342680843772728
0.10192082678987877
3845635945678822e-22
0.061228710527519006
0.007695299062167966
0.00012014494321853632
0.12599459676900032
0.000296434404402177
18549559457235917e-29
8514893490094597e-20
37361579306217895e-22
0.00012471731359158607
0.01637590871368106
0.003905439466905393
0.00016355367777193266
0.00015211738482217508
3799874512043418e-24
0.000514505887501762
0.023004002487902266
13135133578434706e-24
0.0018062167109037324
0.0018011599767334464
4418755706143533e-20
0.10985678572027473
4337257743643971e-20
0.3267803398206391
0.0019110535149896395
0.18717782249791606
0.0033037785492554604
0.0007009272919042048
0.0005693210634863754
44751412571593214e-21
0.35390783166003764
1210200466773197e-20
21567670870321483e-21
0.008308883622956406
0.006448576877045342
2171598480687664e-23
8723085298079645e-20
0.0030565937364827145
0.13478267711040642
0.03036419262680615
0.00010011376414104396
0.023081101374248236
0.000354133279535947
0
0.11447255112219565
0.012355637919170066
0.339465652488007
0.3159394138860192
0.32873782654201233
0.052655722612604754
0.02982036699997517
0.3745780976761127
0.3353313933337556
0.3751935395551392
0.3110330672466028
0.21792574684982624
0.0007652644839982879
0.01576476091241176
0.14347067486411472
0.2792230067044513
0.1392703481734195
0.00029924171460945186
0.0271037536908078
0.2624868762039706
0.11615528949014411
0.17002254500597608
