0.9879595580160043
32.03668887126096
32.648003751997415
0
32.77626144235596
0.02289765452943691
32.78618617841272
0
32.85291537361462
0
66.028819799434
0
20.926329440877026
0
22.0440314262442
0
24.903407184458246
2.206834545392138
44.040977332399386
1.512672261559902
1.069093490282026
18.397266727840282
20.9331692116957
0.1392096074503755
0
0.13975508352228969
0.0015393712828438127
0.08764739857671426
0.00687477593639692
0.8446550099252194
0.7677078653368872
0.07695597587003533
0.021156647893594362
0.1450397982276839
0.08907086615248598
0.0476132094737587
18382211955755134e-23
0.1381469893945699
0.13799709850302339
0.025968254155500844
0.025386940638259893
0
0.012688325304932808
0
3.2868831546169726
3.1912234734100973
4.136880790161085
0
5.351464896560162
0
0.579138209903061
0.10218915999167649
32.58166452223531
32.939352645645855
17.469144112072172
87.27780162445212
61.37255418865232
0.240531237550508
0.0052382781316521075
0.008996818883564567
17.549695063288485
31.968263108235952
0.01372663839427227
0.535556154297414
0.3352498168929279
0.8257593360445213
33.371363055491365
0
33.26418580623925
0
14.66632024025194
0.010989812674837977
0.010988950364353147
13.484016285683408
1.8002543042986818
1.2841958082149294
2.4553535556332022
0
0.0003804464300477645
0.0071798973609880495
0.06199351579590626
0.034123363109026195
0.007949958806990095
0.000747384709238369
0.0005759399221315994
0.0009863096013056334
1.7615132892872145
0.39814417512495465
0.0806931167622053
0.20046405233316533
0.001688524380326271
0.05267662699900964
0.00408360034282346
0.0022659602799830155
0.07607207384882439
0.4320464779670561
0.021134731403542013
19007141092558345e-21
0.00935886648614974
0.001410205527637451
0
0.9599748706903449
0.5464874414404394
0.04528822414113172
0
0.35433162975770915
29451703267185396e-21
0.016193246220864307
0
0.001384700209523703
0
0.12733559900684518
0.7635380569955685
0
0
0
0
0.011335133783617989
0.3890455966881806
0.0036890773754286454
0.004474285555470921
0.3966593742045187
0.3732893456561773
0.18205358843958905
0.08621980692863229
0.043404030548336664
0.18644569969617558
0.000677168947640236
0.3117993866841174
959038635382555e-21
0.0065904395343957135
0.2519445247182292
0.09264100459195211
3894930366736219e-24
0.0024745202448836746
0.10039331361378921
0.21982300387587783
0.016370037388609027
0.02386076288679956
0.19630842717215616
0.33932012577808573
0.25413564234370667
0.13695238115955757
0.23813274737994033
21619619616053664e-26
0.20696217407867018
0.206961860740121
0.4569026700054238
0.5640437932298418
0.0025013111527755582
0.6224768166373137
0.4496505872940535
9.81695176214864
2.058499426040823
2.692691877991488
0.10273668128758523
0.4177600884709607
2.533036365680511
3.9328698222379948
0.6292707291024244
5.0581590040407285
6.964330193363291
4.554163159565767
2.4172781130901178
2.836130882991946
0.5248890048607515
47.545538940549584
619.2365947037024
4.002125049136309
5309.075535802987
1.099986848002435
23.218568117219515
1.1728793998757132
45.14398708292909
1.304438475069904
1.3969515097640113
1.0999858378710792
0.931919662183168
1.090248307527952
5.078361622877941
0
0.0007439946921900581
0.0007350823350385312
0
0.007914280518911083
0.007107691439723564
0.007181329772382366
0.006778548020803932
0.006662558423752933
0.009128601755224614
0.006551497340345253
0.008674237087420001
0.005754758752763569
0.006840903635897398
0.008455340141516972
0.01546105290523362
0.007345233504099101
0.00800296911152742
0.007668154823135815
0.008321875737071481
0.003825137798977886
0.010843209701300996
0.016919521434825436
0.011201940161507362
0.007058419724316672
0.0019012052728891035
0.007448374564646469
0.0229705381639751
0.07252375893356477
0.04173407579300573
0.11553434728321677
9119958101694383e-20
0.010117431868851993
0.23040238004337807
4806104668415966e-21
0.07440063263287602
0.010939433488946394
0.0012696775155928489
5486352485316183e-21
1204423399995338e-21
0.1033166950769939
0.08976316101217502
0.004144993924174599
0.04068971739567599
0.020295036811615395
0.00578621322160956
0.012120275949879963
0.00048289236541421566
0.34892049313617474
15699130005566931e-25
0.07931549682345361
0.00034191872995466066
0.009637463889599516
0.010927491767702557
0.00015706259196087793
0.00017087610877814026
0.36324248309041246
0.00039351244670389907
0.057037207616141554
0.24833467216273636
1317922900051071e-21
2586166191495567e-21
0.00014472709276098535
1257147875172393e-20
0.0005944978424576358
17003083720848057e-21
14432276884668402e-23
10044041163370875e-22
19077000274755303e-21
0.07708414180385595
0.07790345043082773
43499943011152074e-21
0.00021268483581305729
0.019664485184105004
0.00816717352030572
0.09225425205121758
0.02024470093160046
2782889405721164e-20
0.13946053130949576
0.03881297788304088
5573478595071157e-22
0.2860498104675437
44589636379674177e-23
0.003765690350658194
0.000982625953036355
22994565953052525e-28
0.2927985357672245
0.36137980615776927
0.018141501073140602
0.27952018545269414
0.37233564574122846
0.007409859387312086
0.19643934825352324
22332184593468856e-26
4630618433203473e-21
0.0006294470002798342
9120704455046409e-20
0.1333078983828073
8645600833215146e-22
0.00011181526575455564
0.16580114814694308
0.0009292286663075209
0.011867694354505848
12200752947395713e-21
0.14050077929823204
0.09801143271948724
0.021301161054743896
3146913348925701e-20
0.00015345088608342296
12006679667877696e-23
0.013700982567266887
0.1670908052009924
8333314521844398e-24
11103307115371373e-21
910634075499674e-20
9650287051494678e-20
10586411411034524e-21
0.31819721203372275
0.16575807233727533
0.005157612000877755
0.0015485494561343549
0.04204935344873212
0.005886576960213667
6760434807082158e-20
0.028500301185674877
832373206818482e-19
0.0007210088883561447
0.08186308055387415
9970379535036643e-22
0.3691011251323592
0.3697125254084939
0.001828411444950387
0.0005371080188616322
5829910096660989e-24
0.0010308818473659942
10390421304352261e-24
0.010289346786309331
0.029412364210745903
0.0009039758933507155
0.0003376430024705249
0.00015455148269544894
2618181496982942e-21
0.006127109016070886
0.03073838224737505
0.021519682506299737
11257175954552142e-24
0.37231646547925706
0.06798678823198104
0
0
8177972269391954e-20
6661769118664376e-20
1033638271688127e-21
7596604718024863e-22
0.000193486414097893
0.009763091352382111
0.005393502933366557
15204233686453324e-24
0.0001315001913910614
7328734581715787e-21
0.056879559642442026
0.013425244386129591
0.10182144024387321
38456359330174835e-23
0.061194505126793454
0.007694788230481608
0.00012014481962237247
0.12583800767166292
0.0002964336518685711
1854955945723589e-28
851488728229605e-19
3736157811114294e-21
0.00012471718040839067
0.01637357523995332
0.0039053083848616154
0.00016355344872049846
0.00015211718668533023
37998745119198e-22
0.0005145036200304187
0.022999366747987016
13135133576957598e-24
0.001806188730814665
0.0018011321532304158
4418754034430186e-20
0.10974017731688686
4337256133028215e-20
0.3251826523448683
0.0019110221893723696
0.18680032619167636
0.003303684799826525
0.0007009230828347553
0.0005693182869788707
4475139542509014e-20
0.35176908207244867
12102003413832063e-21
2156766688779437e-20
0.00830828771913899
0.006448218599834471
21715984802839234e-24
8723078782991508e-20
0.0030565135101622586
0.13460137953484674
0.03035605447312498
0.00010011367832409012
0.023076434140946542
0.0003541322054807064
0
0.11434519875000296
0.01235431488695875
0.33764589663341676
0.3145038524376794
0.3271084280051862
0.05263066259543654
0.029812522170057174
0.37155380138159594
0.33358862547842916
0.37208026393890914
0.3096643716635729
0.21738663289404409
0.0007652594664616497
0.01576259968924241
0.14326280610236664
0.2782154890283759
0.13907559748983025
0.0002992409477528796
0.027097291235643153
0.2616313175827119
0.11602388447360332
0.16971924299873947
