0.9892405888819821
31.94985166572795
32.58988679432189
0
32.717639248193386
0.02285449219369312
32.72896302605096
0
32.79811212065813
0
65.92152593500869
0
20.877592394424386
0
22.014593208186174
0
24.875838015417322
2.2069935171284443
44.033608748703244
1.5150640868240435
1.0693142942084846
18.464168103498228
20.952770684851856
0.13902267032126828
0
0.13974156487295317
0.0015401668118965955
0.08724386996599537
0.006874656216922109
0.8407286820788894
0.7641820105563937
0.07650495644688834
0.02100012356319631
0.1443060131905141
0.08851504139164665
0.04736739796742684
18245534547449813e-23
0.13815513038145802
0.1380216612683175
0.026074672715199976
0.025478696221276742
0
0.012689321558935917
0
3.288078635262676
3.190423535689795
4.136442845844312
0
5.350530853391471
0
0.5814993571147491
0.10225585920213177
32.580801461051
32.9393506714824
17.466604169968484
87.25911213089984
61.37212423370765
0.2413567161087439
0.005287046786381726
0.008996897441180717
17.546920249133674
31.983328568250403
0.013712138927811231
0.5365784092384024
0.3367905655154386
0.8262367047842708
33.43684536550277
0
33.326703569170256
0
14.674196516142315
0.011025783305563398
0.01102495153220169
13.480626778945119
1.806531525063745
1.28413175505287
2.454711352092559
0
0.00038176005937148346
0.007185573205720708
0.06204139664031211
0.034114192121198275
0.007973087372298036
0.0007454949717280668
0.0005741322488519194
0.0009866867268698604
1.7630394066344541
0.39794281851573765
0.08071000412964946
0.20040267930146277
0.001699714834827648
0.05271508281852502
0.004088628115093124
0.0022523297635796665
0.07610442292803642
0.4332057136813265
0.021143918042486755
18837785363807603e-21
0.009339537203343013
0.001409967119372386
0
0.9595648932505144
0.5464771500860658
0.04543152571062329
0
0.35365181188322475
29524933145789833e-21
0.016247720773756955
0
0.0013777246916064582
0
0.12732721604100217
0.7629928908665318
0
0
0
0
0.011294010773172549
0.38895322541981014
0.003671146785769325
0.004452594691451604
0.39656865511739164
0.37301013080261264
0.18206536938275342
0.08661008051579702
0.04340901799945036
0.1865131744916025
0.0006756058626741345
0.3110916767965477
958969654933096e-21
0.0065892296062900505
0.25190014993723675
0.09227345435808199
3778856204428078e-24
0.0024736097450229503
0.10007775416592293
0.219770039433772
0.016397794483986764
0.023902544746323053
0.19584471565934428
0.3385878997667354
0.2540553485797333
0.13714171053040436
0.23826815938404353
20983591576772152e-26
0.20696882265795494
0.20696675324186103
0.4567731147438467
0.5639611092744683
0.0024892055661698714
0.622300446508122
0.450261393253772
9.826501452468667
2.058744152920692
2.693189266591034
0.10270073344050391
0.41812191865568316
2.5335516093595603
3.9340413574562594
0.6291214180007637
5.060245561783333
6.967929182737286
4.555090589269185
2.417476590037326
2.837545963201221
0.5254135788334959
47.58438143792307
619.2361428315317
4.00212481969267
5304.262447768597
1.0999868309490912
23.218567475703587
1.1728668130396678
45.1436117799973
1.3044436237219428
1.3969513570592806
1.0999858208137483
0.9317445741644685
1.0902045804088396
5.122176508886696
0
0.0007443901981123917
0.0007351126217018781
0
0.00791339449743731
0.007111598562537346
0.007183064593711719
0.006774786192233974
0.006664168503212649
0.009132599119709928
0.006549646452958637
0.00868238074844833
0.005752734125738515
0.006842825718786062
0.008460595238240661
0.0154743403916492
0.007346369455399879
0.008008353081440503
0.007670231729787932
0.008327842663569673
0.003825581366379931
0.01085061386621502
0.01692690974021371
0.011209082967684001
0.007062716404632265
0.0019012006337823942
0.007448302966769726
0.022969846360305773
0.0725164791143291
0.04173174650416115
0.11551487583249548
9119957036118484e-20
0.010117299409562356
0.23030963293821166
4806104638825752e-21
0.07439295445960208
0.010939278503299212
0.0012696754478736633
5486352446756864e-21
12044233981370267e-22
0.10330136397972452
0.08975177951619717
0.0041449718241867795
0.04068750571144785
0.020294498267280636
0.005786170085217193
0.012120085471801184
0.0004828920665544653
0.34861236497674486
1569913000553536e-24
0.07930672045126642
0.0003419185801407857
0.009637343757944259
0.010927337122105729
0.0001570625603546643
0.00017087607136746327
0.3628689336733438
0.0003935122482565326
0.05703278335556222
0.24822290479554066
1317922897826019e-21
2586166182927683e-21
0.00014472706592476577
12571478549264638e-21
0.0005944973894398817
17003083350489596e-21
14432276882000137e-23
1004404115044747e-21
19076999808538472e-21
0.07707587394801557
0.07789499778566111
4349994058702365e-20
0.00021268477785365978
0.019663979911917564
0.00816708737457822
0.09224219376532546
0.020244165083103227
27828893065093423e-21
0.13943123733213827
0.03881096955980739
5573478591091804e-22
0.28588744850427283
44589636354204257e-23
0.0037656721171798386
0.0009826247149304294
22994565953052456e-28
0.2926251843666527
0.3610169144119707
0.018141071706629496
0.27936781751658535
0.3718589776649754
0.0074097885307138
0.19637595322788504
22332184593462466e-26
4630618405734681e-21
0.0006294464924151696
9120703389296088e-20
0.13328135723572637
8645600823639892e-22
0.00011181524973650193
0.16575813748440596
0.0009292275591648231
0.011867511779320127
12200752756701246e-21
0.14047100372938237
0.09799772625260504
0.021300567175248166
31469132220604575e-21
0.00015345085591419457
12006679666030958e-23
0.013700738775517566
0.16704703762736897
8333314521755438e-24
11103306957439764e-21
9106340648765733e-21
9650285858382055e-20
10586411267465196e-21
0.3179749806983852
0.16571508681211616
0.005157577749361374
0.0015485463795078974
0.042046988030588324
0.005886532309938026
6760434221567405e-20
0.028499230064864208
832373118055584e-19
0.0007210082219327859
0.0818537032088937
9970379522302098e-22
0.36868347936842283
0.369288422187628
0.0018284071545988751
0.0005371076491072804
58299100966174494e-25
0.0010308804846044853
1039042130421396e-23
0.010289209763556113
0.029411222346615317
0.0009039748455920718
0.0003376428563807142
0.00015455145209186945
26181814882016133e-22
0.006127060630698863
0.030737133365469117
0.021519076242886688
11257175954389805e-24
0.37184158753104435
0.06798042404368275
0
0
8177971412579186e-20
6661768550116141e-20
1033638270319462e-21
7596604710632233e-22
0.000193486366130786
0.00976296805281207
0.00539346546829898
1520423368615719e-23
0.00013150016923621431
7328734512910672e-21
0.056875160578035745
0.013425010373942212
0.10180657744803427
3845635931122977e-22
0.061189388642337535
0.00769471179803923
0.00012014480112878285
0.12581459410777376
0.0002964335392677009
18549559457235884e-29
8514886353428236e-20
37361577932324775e-22
0.00012471716048030205
0.016373226112643403
0.003905288771532921
0.00016355341444773314
0.00015211715703828614
3799874511901303e-24
0.0005145032807512554
0.022998673186081654
1313513357673658e-23
0.001806184544212372
0.0018011279900576604
44187537842930365e-21
0.10972273993862453
4337255892033049e-20
0.3249442643585542
0.0019110175021881057
0.1867439072232484
0.0033036707723991623
0.0007009224530370498
0.0005693178715333165
4475139285947241e-20
0.3514501761634305
1210200322621198e-20
21567666291891908e-21
0.008308198558177214
0.006448164992798368
2171598480223512e-23
8723077808144213e-20
0.003056501506139694
0.1345742730983124
0.030354836954957398
0.00010011366548337053
0.023075735867533014
0.000354132044770913
0
0.11432615530056402
0.01235411693483446
0.3373744482434079
0.31428961221500157
0.3268653179353366
0.05262691390994967
0.02981134853160085
0.37110338318929
0.33332863661323353
0.37161665400623106
0.3094600934516392
0.21730608046980693
0.0007652587156942656
0.015762276332537885
0.14323172877091936
0.27806504791937775
0.13904648052463467
0.0002992408330088795
0.02709632439590045
0.2615035410630638
0.11600423523026662
0.16967390670818233
