1.0103668844062492
29.70482258220444
31.178593957373927
0
31.298269809980322
0.021794456427247304
31.34964846296125
0
31.487410084181622
0
63.3414588579187
0
19.670616402795247
0
21.43569138626473
0
24.395011599979625
2.222220988650976
44.00520725907427
1.5758653086230643
1.0794679295322274
20.019681942119593
21.410230464670168
0.13417881416553065
0
0.13886485310593646
0.0015505016149135007
0.08066270041478346
0.006872680751195997
0.7766651871573245
0.706667391050679
0.06855765906290757
0.01817610827990415
0.13241688751563946
0.07872011941008969
0.04319161796818048
15320185294162084e-23
0.13775074124827938
0.13795567240161602
0.028427512330584756
0.02743925888850713
0
0.01283018368244417
0
3.3247432549454445
3.1725436875961033
4.12932525968362
0
5.33548910086897
0
0.6368937286372607
0.1041695279282846
32.566565488116005
32.93931098224418
17.42405640806988
86.67227915856883
61.36487221773001
0.26141839709200126
0.006730714716457123
0.00899952298364033
17.497623853023686
32.31421831521147
0.013579877831025518
0.5597883875870757
0.3719502443375301
0.8358069468879205
34.91246883897641
0
34.72361773366494
0
14.83409022943063
0.011763720019191595
0.011763647125154557
13.419733439666393
1.9515922446473335
1.28277235240717
2.444143573383751
0
0.00041011518692909906
0.007337309761851504
0.063224826870119
0.03399060031344323
0.008459252393756318
0.0007035911247691406
0.0005361965782474608
0.0009942916427140972
1.7978135721722603
0.3947524984236875
0.08293304472633788
0.19931447527853613
0.00195321499996759
0.05381396087815026
0.004219935645336713
0.0020330389793449376
0.0770091645277797
0.46114070719411154
0.021422110576503794
1627601731754677e-20
0.009167614562095184
0.0014051489388394777
0
0.9527886652967177
0.5479490700019747
0.04839422599860329
0
0.34284057346974806
31407293922163734e-21
0.01752978803022235
0
0.001217043472441553
0
0.12718880443932476
0.7540300348322703
0
0
0
0
0.010684053766616445
0.3876273937486039
0.0033778571572760725
0.004108280749613991
0.3950681416143837
0.3695650651953197
0.18224168667259436
0.09549639658134995
0.04352712357642659
0.18822258560039837
0.0006511272861294513
0.3000040747880471
9578102167799445e-22
0.006575848365159435
0.2514726079378212
0.0866182818870821
2290930722445639e-24
0.0024592072216683527
0.09497787761977809
0.21888593599627537
0.01699901920140916
0.024747356981453247
0.18826130435226676
0.32671886363423963
0.2527006938527496
0.14099085330906888
0.2419722003128236
12853270920312185e-26
0.20846619194626356
0.20842031376237982
0.45461623081546054
0.5625890277407046
0.002287030935581819
0.629258566993455
0.46254062423432957
10.048475501944528
2.0629972255557405
2.7022205445343817
0.10218139767983936
0.42651016792619717
2.5425252733815564
3.9553681253298096
0.6269891677448355
5.118281639698189
7.0689688931947305
4.593316578396667
2.421009190126683
2.8766079788339756
0.5366346603700295
48.47596373843558
619.2286907674571
4.00212103579347
5225.513163302122
1.0999865497115813
23.218556896058605
1.1726592549949593
45.13742287042557
1.3045281714623047
1.3969488374222665
1.099985539510278
0.9288572776161846
1.089483701470543
6.423040661260828
0
0.0007551320964838892
0.0007358573105364503
0
0.007902564743676494
0.0072287399950726645
0.0072649095446490584
0.006760548506064568
0.00673838780659286
0.009244167977359954
0.006566681997772491
0.008883848067728987
0.005760833957806857
0.006925297057092844
0.00861008466464803
0.015810573158067037
0.0074191625427145495
0.00815624748692777
0.0077605487502343746
0.008487479906297177
0.003862577258795534
0.01105255433210429
0.017176520826632385
0.011408901198959948
0.007186465731578141
0.0019011241289530313
0.007447122299866283
0.02295844039021929
0.0723965283225509
0.041693351464392965
0.1151942326457106
9119939463045946e-20
0.010115115189201425
0.2287854551102992
4806104150834725e-21
0.0742664430440051
0.010936722853006483
0.0012696413482859298
548635181085062e-20
12044233674904308e-22
0.10304885696912199
0.08956428802868162
0.004144607376213295
0.04065104875307082
0.020285618850719042
0.00578545874189079
0.012116944608268624
0.00048288713789474314
0.34356989540544414
1569913000501468e-24
0.07916212369755271
0.0003419161094742688
0.009635362806308246
0.010924787078756364
0.00015706203911739177
0.0001708754544053547
0.35676360617280434
0.00039350897554911365
0.056959869535976954
0.24638691648191105
13179228611312701e-22
25861660416292627e-22
0.00014472662335230252
12571475210380019e-21
0.0005944899184854958
17003077242673595e-21
1443227683799605e-22
10044040937319356e-22
19076992119861595e-21
0.07693965130740568
0.07775573203869296
4349990060919816e-20
0.00021268382201061607
0.019655649018911824
0.008165666821594801
0.09204356006885023
0.020235330109806878
27828876703445506e-21
0.1389490182433317
0.038777864007219005
5573478525465755e-22
0.28322308715243233
4458963593416355e-22
0.0037653714300142195
0.000982604296762428
22994565953051337e-28
0.2897810939125715
0.3550845239500358
0.018133992215685516
0.27686696671610356
0.36408537781748046
0.007408620087165888
0.19533341143343477
22332184593357096e-26
46306179527293564e-22
0.000629438116954777
9120685813347032e-20
0.13284441166262864
8645600665728275e-22
0.00011181498557291233
0.16505042838399459
0.000929209300760039
0.011864501220789353
12200749611837823e-21
0.13998086500746318
0.09777196044602134
0.021290775518200297
3146911129845702e-20
0.0001534503583750986
12006679635575205e-23
0.013696718876199904
0.16632689002069684
8333314520288343e-24
11103304352889383e-21
9106338896842767e-21
9650266182023512e-20
10586408899772286e-21
0.3143323278413265
0.16500779080806702
0.005157012918606501
0.001548495641784009
0.04200799760058495
0.005885796002664138
676042456547819e-19
0.028481571334761313
8323716542114922e-20
0.0007209972316097701
0.08169921028166935
9970379312288626e-22
0.36186358141058234
0.36236402071856794
0.0018283364011328364
0.0005371015512895915
5829910095899413e-24
0.0010308580106967323
10390421301933149e-24
0.010286950297270432
0.029392397530897486
0.0009039575665124271
0.00033764044712976035
0.0001545509473896321
2618181343383143e-21
0.006126262731834902
0.030716544575941175
0.021509080430123634
11257175951712597e-24
0.3640968609094916
0.06787555404766966
0
0
8177957282347304e-20
6661759173832275e-20
10336382477479344e-22
7596604588715664e-22
0.00019348557507640316
0.009760934865689392
0.005392847645553549
15204233681273453e-24
0.0001314998038670655
7328733378201815e-21
0.05680266185826314
0.013421151718260584
0.10156177829907316
3845635899879465e-22
0.06110507111476404
0.007693451411471155
0.00012014449613963389
0.12542909384660503
0.0002964316823012372
18549559457235808e-29
8514871034892411e-20
37361574983320785e-22
0.0001247168318339659
0.016367469505513738
0.003904965329850368
0.0001635528492347776
0.0001521166681108418
379987451159626e-23
0.0005144976855148555
0.02298723823131156
13135133573091622e-24
0.0018061155016883869
0.001801059333913359
4418749659124099e-20
0.10943556833783767
4337251917630273e-20
0.32103796724482403
0.0019109402045066367
0.1858159200143989
0.0033034394457549317
0.0007009120667237738
0.0005693110201999334
4475135054825842e-20
0.3462324008042701
12102000132050162e-21
21567656464487494e-21
0.008306728285995742
0.006447280989315472
2171598479227229e-23
872306173133261e-19
0.003056303546961326
0.13412803011409644
0.030334765129512577
0.00010011345371912674
0.023064223243188183
0.00035412939441391983
0
0.11401255470305037
0.012350852837770614
0.33292916558239566
0.3107774158802135
0.32288199549898283
0.0525651304478592
0.02979199997530358
0.36375351351379376
0.32907010297269707
0.3640537506936011
0.3061105818167924
0.21598193608783542
0.0007652463344176236
0.01575694460792462
0.1427201839657251
0.275595728306563
0.1385671724017443
0.00029923894069887287
0.027080384600910987
0.25940527518108225
0.11568066659384998
0.16892798139930357
