1.0135742513402395
29.14644411379841
30.849085775888074
0
30.967600877468936
0.021546030376615233
31.029835128830335
0
31.186025558437684
0
62.74420700624351
0
19.385530294536377
0
21.32361713746824
0
24.3146883835826
2.2276368327606706
44.01931357262605
1.5903480466930486
1.0826177560894505
20.365999743904922
21.509740364075412
0.13299240438543355
0
0.13858990511598482
0.0015516455399672633
0.07967069325753641
0.006872379339807915
0.7670020152513151
0.6979961281597138
0.06719563277396023
0.017681155514297234
0.13063698537067203
0.07704571586806437
0.0425160669060554
14729441216689602e-23
0.13757815850878824
0.13785188171844404
0.02893389457958953
0.02784422716785864
0
0.012876655401134484
0
3.334341817544552
3.1678713572110238
4.128270377220951
0
5.33329425080477
0
0.6493623202658629
0.10466815082101844
32.564403242999425
32.9393031647365
17.41743440909125
86.48362253106777
61.36372947591983
0.26604948806322837
0.007154217942813354
0.009000255485282818
17.48925027223523
32.382675094029224
0.01357927192305417
0.5648211950663916
0.37969506058561225
0.8377079307352385
35.23026991694833
0
35.0214526285182
0
14.864858082664476
0.011909863411763448
0.011909964325860846
13.409228900225612
1.9836778448294035
1.2824935327589237
2.4425429546711803
0
0.00041600051848748133
0.007375226191341672
0.06349277199658224
0.03397810602095743
0.008557798044303127
0.0006948484245960974
0.0005286474500863211
0.0009958021786602123
1.8052388770959251
0.3942949462658222
0.08373618733064045
0.1991297125856743
0.0020087516544036238
0.05408920972460702
0.004251354847697672
0.0020003007779831614
0.07722742429592676
0.4674689146517698
0.021492480652053753
1592399580151501e-20
0.009174430644513471
0.001404189319806031
0
0.9517566257580161
0.5485355813747681
0.048985619747106725
0
0.3412719315812907
3185688718278907e-20
0.017817709904535798
0
0.0011820961300385608
0
0.1271677533358877
0.752673770929615
0
0
0
0
0.010603782715157276
0.3874741852508921
0.0033331710035316526
0.004057868461526289
0.39483969169328464
0.36928952720109903
0.18226471726432567
0.09744844233670098
0.043553762379316255
0.18863049890251363
0.0006476286569019476
0.29841889377889397
957630659297614e-21
0.006575314154421019
0.25147816362384245
0.08583786745772973
21228175956440404e-25
0.002457176354767608
0.09422106989986384
0.21874999734606643
0.017123085816601
0.024910756205415618
0.18712222189240238
0.3249507801329363
0.2524901712081389
0.141737531580962
0.24286269852918044
11938842040282342e-26
0.20900276386094183
0.2089469329489089
0.45428628659553383
0.5623793067022665
0.0022540878865532567
0.6322820852807883
0.464897096954714
10.096630365993574
2.06370122128503
2.70381310586478
0.10212031559693889
0.42832435728549784
2.544014563488983
3.959140026391422
0.6267458035947692
5.132192059398543
7.093350390889167
4.604138702757367
2.421614386373371
2.8859038360150264
0.5389106823223825
48.66729236798485
619.2275594125434
4.002120461327087
5213.660203339579
1.0999865070144716
23.218555289870974
1.1726277470120325
45.13648335234503
1.3045410523807268
1.3969484546884816
1.0999854968031542
0.9284189841613883
1.0893743002270644
6.803565629116317
0
0.0007577143147380923
0.0007360278909361899
0
0.007901849867732432
0.007258299239904541
0.007289160166862647
0.006768857367471039
0.0067602409047452456
0.009271118018941024
0.006579742109646206
0.008929473633019889
0.005771176973091091
0.006949107741104274
0.008646790257538672
0.01588779085159642
0.0074422196367223414
0.008191880856407508
0.007786709818803498
0.008525372980535281
0.003874735898844812
0.011101016978855327
0.017242901553654467
0.011457521930801325
0.007217048899558484
0.001901112514357702
0.007446943068904298
0.022956709245829664
0.07237833490417835
0.04168752546839825
0.11514563089084837
9119936795127704e-20
0.010114783624915816
0.22855493999298218
4806104076748561e-21
0.07424725506392858
0.010936334909682004
0.0012696361714105812
548635171430816e-20
12044233628377045e-22
0.10301057568384216
0.0895358575783341
0.004144552048993908
0.04064551676154089
0.020284271128872957
0.00578535075431108
0.012116467837589868
0.0004828863896363803
0.34281075753439516
1569913000493563e-24
0.07914019426765097
0.0003419157343824262
0.00963506209638995
0.010924399986498768
0.0001570619599839727
0.00017087536073915802
0.35584572776007595
0.0003935084786932749
0.05694880800721077
0.24610936894231983
13179228555603209e-22
25861660201775198e-22
0.0001447265561616404
1257147470347494e-20
0.0005944887842630471
1700307631539304e-20
14432276831315403e-23
10044040904962521e-22
1907699095257686e-20
0.07691899122272167
0.07773461067365457
43499894539819475e-21
0.00021268367689613379
0.019654384542115943
0.008165451176678053
0.09201344117870354
0.02023398913272386
2782887421944206e-20
0.13887595432312622
0.03877284043455767
5573478515502493e-22
0.282820764048094
4458963587039351e-22
0.0037653257821759255
0.0009826011969395973
22994565953051167e-28
0.2893517313168994
0.3541924393548647
0.018132917658086972
0.27648925314389283
0.36291949312499944
0.007408442711684191
0.19517561873622044
22332184593341103e-26
4630617883954676e-21
0.0006294368454129284
9120683144992082e-20
0.13277820051188108
8645600641754337e-22
0.00011181494546799148
0.16494324940947253
0.0009292065288239457
0.011864044228456567
12200749134388786e-21
0.1399066024575619
0.09773773047788994
0.021289289355060158
31469108122084785e-21
0.00015345028283949593
1200667963095145e-22
0.013696108683405078
0.16621782991769637
833331452006561e-23
11103303957469956e-21
9106338630868111e-21
9650263194787645e-20
10586408540312249e-21
0.3137829654283623
0.16490067430913216
0.005156927172138503
0.001548487938993571
0.04200208128589059
0.005885684225496559
6760423099504386e-20
0.028478891365980943
8323714319727956e-20
0.0007209955630877546
0.08167578087356064
9970379280404652e-22
0.3608392816370376
0.36132417988082494
0.0018283256596722834
0.000537100625532829
58299100957904e-22
0.0010308545987798862
10390421301586878e-24
0.010286607311398256
0.029389540625333246
0.000903954943253723
0.0003376400813618915
0.00015455087076653357
26181813213969896e-22
0.006126141604943941
0.030713420018509317
0.021507563284745887
11257175951306148e-24
0.3629352540842972
0.06785964697116964
0
0
8177955137115863e-20
6661757750338107e-20
10336382443211544e-22
7596604570206449e-22
0.00019348545497982998
0.00976062622686673
0.00539275385468936
1520423368053201e-23
0.0001314997483972814
7328733205931796e-21
0.056791663279176556
0.01342056599911035
0.101524664709445
38456358951361155e-23
0.06109228029917727
0.007693260079259823
0.00012014444983664243
0.12537067105944366
0.0002964314003800013
18549559457235798e-29
8514868709254472e-20
3736157453560683e-21
0.0001247167819393788
0.016366595721824136
0.00390491622769358
0.0001635527634250466
0.00015211659388264528
3799874511549948e-24
0.0005144968360586032
0.022985502688401167
1313513357253825e-23
0.0018061050199722158
0.0018010489108549186
441874903284661e-19
0.10939203607972732
4337251314241889e-20
0.3204490381202422
0.00191092846954572
0.18567543795791494
0.00330340432745847
0.0007009104899005469
0.0005693099800465462
44751344124627996e-21
0.3454470465900105
12101999662298576e-21
21567654972504027e-21
0.00830650509392021
0.006447146791643684
21715984790759747e-24
8723059290574402e-20
0.0030562734941752515
0.1340604115792845
0.03033171901152971
0.0001001134215693916
0.02306247591367724
0.00035412899204187437
0
0.11396501953535686
0.012350357362174541
0.3322594288300359
0.31024764134351795
0.32228151158675467
0.05255575690630082
0.02978906360062861
0.36265046522885713
0.32842835210558946
0.3629190960437374
0.3056052428732858
0.21578161288418002
0.0007652444547256903
0.015756135310073742
0.14264268179259107
0.2752227615112074
0.13849454906230435
0.000299238653411855
0.027077965461784304
0.2590881945646031
0.11563162179433553
0.16881502305630008
