3409791671308001e-20
35.925556931165325
143.00472844576106
0
5570.307313208792
0.37617191619916984
193.58713647258426
0
84.09698421111656
0
773.79276806628
0
23.596907663562202
0
34.20352943410903
0
27.374971432959832
15.465680136680064
270.76019225418923
884.9788207372325
3.164195158618868
61.26182180332918
20.597998932512954
1.1179388206260996
0
6.460684315213282
0.6544901508475854
8.375046232495514
0.006428922757039237
2.8854777355545584
59.71957986515665
22.29304581313526
402.9173687606832
0.3704724562947327
49.26692536710616
2.774454571756399
8388680816874647e-20
45.45261495993768
61.55061275657372
87.05566921689119
46.3026770222545
0
4.724364900884952
0
267.323271314814
29.578765575521622
4.3647546787060865
0
10.701782808587277
0
2.0523257637096752
11.594570835625925
27.797901573420365
26.74844990455233
18.413279678899023
14.454882561308587
1705.8610584056978
2.0755324537014306
0.038802491823678426
0.4798594931716124
10.528712699665466
51.67609544850024
1.808371149855059
3.4039509306876323
0.0005400812673920474
0.0008573478366559069
295.9617051444689
0
268.40717950372886
0
8.70755658663112
0.028601544900846484
308.1447764729689
6.755984598450116
3.5615233648175635
1.0089037470829778
2.887209538538917
0
7593968463095382e-20
8.681693038290007
0.10562044494370958
0.001976946960709927
0.047676023071654285
0.00834224773187475
0.0006539750900095004
0.0017396180695543003
0.237493868785188
0.6789358079757434
1.0935123951208252
0.058776880737570765
0.010732659103313993
0.10508771392146353
0.020861118923922877
2.300419128767727
0.032933179022236775
3.43899195686087
0.017176483653749047
0.03633014388859168
10.878857234844407
0.0003984574271187217
0
1.2635202628295983
1.5562196400438844
0.22613128737781898
0
2.742733890498086
0.042948487375153555
0.056405091504039336
0
0.0018171212980791838
0
0.13422421927606573
1.2392629964399533
0
0
0
0
2.4847562332358275
0.5656941513222898
1.2162174388813576
5.881088365128082
0.2960793094603726
1.3718138528686865
0.09905346533003771
0.4009054170656966
0.0022547558228912176
5.532407616055192
0.0036939775794301434
1.621292612904466
904635811113568e-21
0.033878217326457384
1.8329860533412028
0.3205439352248911
0.5900061877721287
0.23001351101281342
0.8726660199462531
0.19961909283706147
0.0006150561139530894
0.023695884350040903
1.0000981297173563
2.33779794363482
0.13310359602027413
0.11135319298668475
0.3211417546860437
0.032159678437689215
0.4023067260182604
1182.231238187127
0.31731792097463674
0.6327011195225
0.15862464646018182
43.75636757497927
0.29260691234637065
9.654698085921654
1.9907905746355916
2.8135749585629797
0.18422065067927806
0.4115466436931832
2.3965332873684515
4.230883373822597
0.9232439710361686
5.052429175461123
5.179731937766699
5.975959617058942
1.8329884268153684
3.6919756767962726
0.3153066727146302
40.73228881298508
619.5851747678449
4.002301998993738
10685.454423498932
1.0999999995460765
23.219062856803586
1.182626644808391
45.43435009545085
0.9212677988931024
1.3270357402444903
87.44518679300663
0.2049363320288745
1.1244980859611498
35.50478496740856
0
0.0011443883285832937
10720104472070344e-23
0
25727346668280655e-48
0.03025369426488036
0.04918142608270386
0.08368439319957374
0.04016941141964118
0.039859459121664075
0.06444467338125993
0.04914000285186304
0.07047290614299358
0.04700153173564878
0.04320608192436107
0.06683435814253222
0.051098282547541306
0.03931920141300973
0.045602949927341464
0.03925238113681867
0.04975059883937252
0.052739188840389695
0.07379375500378665
0.048247191264048604
0.03728977727283746
0.0019047863045849687
0.007503795973722489
0.023510306378038588
0.0783612460461405
0.04356968568731882
0.13157162893204155
9120779906288568e-20
0.01022010201122946
0.31429435436220776
4806127488315116e-21
0.0805643493125274
0.011059613951024458
0.0012712731347567841
5486382222177143e-21
12044248331178587e-22
0.11584402761516423
0.09898461223283497
0.004162072472455842
0.042431660569353026
0.020714644275080882
0.00581957575858519
0.012268066773104658
0.00048312289984314276
0.6896471349359402
15699130029915704e-25
0.08638138022504736
0.00034203428531424755
0.009730556214174848
0.011047407819386476
0.0001570869684299574
0.00017090496216923888
0.8031623535353055
0.0003936655182564712
0.06055343663317865
0.35140716531718735
13179246160026784e-22
25861727990188465e-22
0.00014474779021912945
12571634888425426e-21
0.0005948473105972077
17003369342092835e-21
14432278942424976e-23
1004405112985072e-21
19077359822548758e-21
0.08373177768086698
0.08470297381686825
4350181252872297e-20
0.00021272953855290823
0.02005804035424032
0.008233880025867486
0.10203906334048822
0.020662197062946485
2782965918501494e-20
0.1639874527254219
0.04039314715382953
5573481663932112e-22
0.4432000028507619
4458965602197345e-22
0.003779778251026142
0.0009835812396228644
2299456595310469e-27
0.46229650267174216
0.7842601504391324
0.018475671044349294
0.42563066244906744
0.999965902664614
0.00746470593697163
0.25196107889252595
22332184598395921e-26
46306396170660646e-22
0.000629838785347691
9121526394163831e-20
0.1554336866708895
8645608217613134e-22
0.00011182761949151693
0.20252672604382163
0.000930082882862892
0.0120093352063336
12200900011030843e-21
0.16544944434402406
0.10917367794413867
0.02176412406506786
314701118837536e-19
0.0001534741542280175
12006681092074735e-23
0.013890291313450714
0.20450040959375906
8333314590450043e-24
1110342891221364e-20
9106422680257716e-21
9651207218710447e-20
10586522131658994e-21
0.5453721503838436
0.20246095236045267
0.005184094466881563
0.0015509239581394175
0.043913754786840044
0.005921112100377326
6760886368625451e-20
0.02933844829079781
83244166319975e-18
0.0007215230146195723
0.08942434483813358
997038935586674e-21
0.8837630762992227
0.8959499646092688
0.0018317231448839342
0.0005373932476236173
5829910130238452e-24
0.0010319333397318788
10390421411009595e-24
0.010395563335030531
0.03030629756127419
0.0009047842819897585
0.00033775568512351713
0.00015457508584798774
2618188269114119e-21
0.006164537609267738
0.03171678261149229
0.02199235303335051
1125717607974606e-23
0.9962596104471078
0.07307656873834355
0
0
8178633066421573e-20
6662207595050122e-20
10336393271972915e-22
7596610419191331e-22
0.00019352340966424445
0.009858644618048801
0.005422473459981974
15204233914830798e-24
0.00013151727822471087
7328787644114879e-21
0.06037545290509586
0.013606933600779242
0.11395455608207848
3845637394052922e-22
0.06527048319447097
0.007753959237568541
0.00012015908264630308
0.14525609070105636
0.0002965205019091755
18549559457239282e-29
8515603651306224e-20
3736171601518826e-21
0.0001247325498122454
0.01664504953585805
0.0039204634668824866
0.0001635798818673793
0.00015214005207799303
3799874526184522e-24
0.0005147653372816506
0.023540514912894196
13135133747406164e-24
0.0018094203116091364
0.0018043456410185728
4418946943334006e-20
0.12404766859015168
4337441991444809e-20
0.5724639745809776
0.0019146403508630272
0.23580337556793116
0.0033145204450462434
0.0007014089486364067
0.000569638767077576
4475337406217494e-20
0.7079975541377737
12102148106494832e-21
21568126450093453e-21
0.00837733396155589
0.006489693097304253
21715985268729384e-24
8723830613445552e-20
0.0030657850121182505
0.15721889093560698
0.03130969079604932
0.00010012358152188568
0.023621280285107196
0.00035425616589652325
0
0.13001765566130508
0.012507923037378505
0.627814779739773
0.5319312841915435
0.5803693401772941
0.05560261497679776
0.030731524981092696
0.9468560736144377
0.6086171703270326
0.9732239674571851
0.5151181722251691
0.2893092884258898
0.000765838674387614
0.016013956604718646
0.1693539276552807
0.422218074394414
0.16344762881341424
0.0002993294509313885
0.02785328074044205
0.38133104020906594
0.13221284637390682
0.20855001555603067
