1.0258486949574657
25.891597339077894
29.032236876719374
0
29.146697299948578
0.02018292677957063
29.276332840438748
0
29.546050621821585
0
59.46811959560713
0
17.834199055353988
0
20.784287828970648
0
23.971946738828372
2.2625960838581354
44.121863192694406
1.6698320084947862
1.10207875128304
22.188495746219342
21.996990776716853
0.12621854643921276
0
0.13696938756650937
0.0015548675188351258
0.07586307964231209
0.0068712143865436665
0.7298848129260778
0.664708785016547
0.06111735778079016
0.015460270926816604
0.12383177417010527
0.06962281911251211
0.0396885974303641
11934914342729766e-23
0.13650626738859828
0.1371291972896485
0.03158832906527491
0.02987774158066
0
0.013142671486114477
0
3.3882474862914704
3.135491278063867
4.124353552753019
0
5.325247878695861
0
0.7158401701208149
0.10762496420500015
32.55612256108311
32.939264659517306
17.39137486812624
84.8794119523629
61.359145632519756
0.2910605460451098
0.010296649660533785
0.009004656517326787
17.4528531723287
32.71036455437032
0.013637112551569233
0.5906070060603767
0.42046918609166567
0.8469607196157142
36.85051114629841
0
36.52437391309642
0
15.003470808180655
0.01261527080616726
0.0126162432012353
13.362978373990908
2.1513982037633768
1.2811078388436952
2.4364263313198506
0
0.00044516092872018816
0.0075953974893777
0.06483072906176615
0.033951784961105916
0.009041211395062771
0.0006523230053853293
0.0004929985862004966
0.001003115356081536
1.8411977678863316
0.3926378959023868
0.08883577220148688
0.19833779302228402
0.0023005881969627396
0.055584315180764565
0.004420042975741394
0.0018743829479986591
0.07833431812795308
0.5007586639340981
0.021859754416404528
14654333657301216e-21
0.009333877017207781
0.0013995265740140233
0
0.9477950872259991
0.552090700196918
0.05185784605161146
0
0.3354843544408253
34313689942878804e-21
0.019338888271193427
0
0.001008580580455094
0
0.1270870516828625
0.7474938382931835
0
0
0
0
0.010323909673103782
0.38707682875683375
0.0031584957605414157
0.0038680099238235727
0.3939642789380198
0.36905257430322735
0.18233939734475635
0.10769356980741233
0.043691870328449255
0.19082702353815886
0.0006348003688727815
0.29260679150901187
9569351497444744e-22
0.006579077885466671
0.2517886880134667
0.08306790581689964
158483636425704e-23
0.002450161522957429
0.09136853294370927
0.21822572409248497
0.017717833939325228
0.025662006820167955
0.18279962590788398
0.31826563936864927
0.25167326293235853
0.1451659179843403
0.2474252181820333
9022220187194728e-26
0.21214333663659907
0.2120421339345645
0.45302179223718575
0.5615732445571899
0.002114145084728542
0.6511539636131031
0.4756432982193047
10.332180520742831
2.0666388367187722
2.7108284974738814
0.10195596091147609
0.43717033132044236
2.550242098201875
3.975795709348512
0.6261302733420343
5.202442051207714
7.217157589439487
4.662695637209751
2.424213743163984
2.9326220739814084
0.5496231117756428
49.5953050666112
619.2232297891638
4.002118262871805
5168.547273624495
1.0999863436146402
23.21854914306687
1.1725071752504335
45.13288804110199
1.3045910159765874
1.3969469895074058
1.0999853333649998
0.9267418516098246
1.0889557281540037
9.591887609510403
0
0.000770988295926293
0.0007369035907671428
0
0.007902839127608847
0.007412940022079499
0.00742339539340332
0.006836656345641496
0.006880885608203635
0.009408340393703038
0.00666602049014673
0.009157399492453854
0.005842232028925263
0.007079842143953369
0.008836586043588618
0.01627576476805789
0.007572489539818344
0.008374643008934122
0.007930398508686393
0.008718466681895718
0.003944157605322029
0.011349144668204846
0.01759728603576058
0.011707901187323021
0.007375634621447331
0.0019010680664986303
0.007446257200215201
0.022950085442578975
0.07230875175952348
0.04166523717171599
0.11495982356261789
9119926585136263e-20
0.010113514844243934
0.22767491255240857
48061037932242775e-22
0.07417386933734726
0.01093485039577443
0.0012696163599451105
54863513448446886e-22
12044233450319386e-22
0.10286420629391298
0.0894271389008085
0.0041443403211281786
0.04062435304040336
0.020279114287199737
0.00578493750949819
0.012114643431709036
0.00048288352609724485
0.33992103262976286
15699130004633106e-25
0.07905632745701391
0.00034191429892724523
0.009633911380240607
0.010922918729165666
0.00015706165714443805
0.00017087500228346752
0.3523548086059895
0.00039350657725495473
0.05690649588979337
0.24505009210231793
13179228342405575e-22
25861659380827003e-22
0.0001447262990263993
1257147276357305e-20
0.00059448444366664
17003072766734088e-21
14432276805748886e-23
10044040781134425e-22
19076986485433297e-21
0.07683997726969836
0.0776538331732003
43499871312598235e-21
0.00021268312155069488
0.019649546199696298
0.008164625966240905
0.09189826859245354
0.020228858096722594
27828864713278834e-21
0.1385966967850675
0.03875362146649888
5573478477373555e-22
0.28128636382248556
4458963562634852e-22
0.00376515109513968
0.0009825893341525664
22994565953050505e-28
0.28771444839995813
0.3507991245780446
0.01812880596437281
0.2750485141898319
0.3584920858362965
0.007407763943213757
0.19457292986724356
2233218459327988e-25
4630617620757193e-21
0.0006294319793053221
9120672933329384e-20
0.13252511818412507
8645600550007199e-22
0.00011181479198846337
0.1645337229151116
0.0009291959208302143
0.011862295502693044
12200747307213768e-21
0.13962276684957506
0.09760684463690661
0.021283602836155907
3146909596625939e-20
0.00015344999376861194
1200667961325657e-22
0.0136937737551182
0.16580112207275285
8333314519213229e-24
11103302444218392e-21
9106337612995586e-21
9650251762783902e-20
1058640716467557e-20
0.3116894344995573
0.164491386323117
0.005156599037574079
0.001548458461127837
0.041979447520589935
0.005885256479097203
6760417489293974e-20
0.028468637579405074
8323705814762196e-20
0.0007209891777675095
0.08158617966352336
9970379158386174e-22
0.3569460425440366
0.35737224344421187
0.0018282845531867487
0.0005370970827196277
5829910095373219e-24
0.0010308415416376009
1039042130026172e-23
0.010285294826087947
0.02937860994558963
0.0009039449042353622
0.000337638681588982
0.00015455057753386127
2618181237257012e-21
0.006125678080102811
0.03070146541833933
0.02150175822849282
11257175949750688e-24
0.358523965474454
0.0677988057560519
0
0
8177946927420419e-20
666175230269515e-19
1033638231207027e-21
7596604499372539e-22
0.00019348499537653603
0.009759445170626801
0.005392394936493703
1520423367769455e-23
0.00013149953611722173
7328732546662507e-21
0.05674959189639688
0.013418324715333529
0.10138275795596027
38456358769835366e-23
0.06104335516931165
0.007692527903761823
0.00012014427263741914
0.1251473410089217
0.00029643032148306064
18549559457235763e-29
8514859809152449e-20
37361572822226453e-22
0.0001247165909953062
0.01636325222323512
0.003904728321733035
0.00016355243503562525
0.00015211630981513494
3799874511372719e-24
0.0005144935852421106
0.022978862056832663
13135133570420512e-24
0.0018060649074952938
0.0018010090228536826
44187466361126944e-21
0.10922560004011944
43372490051034675e-21
0.3182051951176677
0.0019108835610633786
0.1851387999518063
0.00330326993482455
0.0007009044555043881
0.0005693059994456146
44751319541702545e-21
0.34245795107451904
12101997864581338e-21
21567649262753853e-21
0.00830565100364778
0.006446633249213614
2171598478497133e-23
872304994991292e-19
0.003056158486294438
0.13380195330504455
0.03032006448505727
0.00010011329853395047
0.02305579018773677
0.00035412745218705156
0
0.11378328764608907
0.012348461383765589
0.32970879774887224
0.30822854672829697
0.31999378427582403
0.05251990023601381
0.02977782890462206
0.3584599570302693
0.3259839397997609
0.35860939299943667
0.30367902752774534
0.21501669992572847
0.0007652372612750028
0.01575303854885778
0.14234647311456033
0.2738000909572798
0.1382169743079269
0.0002992375539803883
0.027068709525054958
0.2578783175019665
0.11544412161120034
0.1683834339481176
