1.0463303077066746
12.182706465192567
21.48680398197766
0
21.59535100301518
0.014691774913443268
22.013234241292405
0
22.77911312122378
0
45.64837295383889
0
13.147839327189784
0
19.17070147455918
0
23.144466724512647
2.408408971333305
44.237284422585496
1.985309333784382
1.1805005054741746
29.130975680560667
23.05121723080568
0.0958081806125133
0
0.13006960844165996
0.0015500313553725412
0.06925155463083525
0.006869163034580317
0.6652612757165866
0.6068917329334346
0.043451133012297055
0.00938771870066096
0.11209592481512211
0.048739603176563825
0.032791480857184876
5003784919680533e-23
0.13193188404048647
0.13389249438313014
0.04263765233778302
0.03742789618315222
0
0.014133013276777618
0
3.586937409193328
2.983100482305141
4.11890497242381
0
5.31354955872477
0
0.9834809824545241
0.1224546809656108
32.542243322967586
32.939121066784836
17.342191419906303
68.41762145100144
61.34942663864311
0.39283832117875817
0.03632336233289172
0.00902670821936297
17.35050545703719
33.4983249616572
0.01407686493371972
0.6818575361909139
0.581598547923131
0.8753865532548205
42.52516682833262
0
41.6596900681857
0
15.2468156650055
0.014861778931875683
0.014863350081924534
13.230239192484252
2.774616953479887
1.2763734326496756
2.4262491056719866
0
0.0005364911385465215
0.008673243069534589
0.06776522666426307
0.033939182049121684
0.010631881311725629
0.0005307652706969445
0.00039632897475853126
0.001025126656906413
1.917764819365315
0.3904279117654002
0.11131539225704219
0.19646089438387457
0.0034619230597663477
0.06040438977782232
0.004984689063183338
0.0016423627664869276
0.08053162306826671
0.625106650819449
0.02266329721349468
12483903868076121e-21
0.010449471997475137
0.0013852646876304881
0
0.9411303763530894
0.5627785886958573
0.06114969908416211
0
0.32690424628719883
4415586040631126e-20
0.025134313924398088
0
0.0006101485068351969
0
0.12695184082095023
0.7388911593540382
0
0
0
0
0.009583253333413812
0.3872984941029935
0.0028200051123380156
0.0035526948349134564
0.3925017589453481
0.37018723615755916
0.1823817240695778
0.1476977982739581
0.04416657619689871
0.1988556388054631
0.0006156674795364845
0.28394764226913194
9557461715250053e-22
0.006621412080642669
0.2543996648207913
0.07840491544235578
9673443438680045e-25
0.0024455907753398714
0.08676298518892149
0.21733710221955507
0.019017638494224637
0.027236625153562354
0.17572326742379535
0.30734847540301513
0.2502726406001916
0.15216991445421876
0.25757901134615374
56542897510954406e-27
0.21971185681741762
0.2196115388273531
0.4509296690665266
0.5602160395226119
0.0017772888250774887
0.7267375080257866
0.49752439830747236
10.84207420463887
2.0726737345772954
2.7267957013308104
0.10200589528616368
0.4561611345722397
2.5630980380111197
4.013934837335511
0.6265819680818213
5.342674275560793
7.468417823826118
4.791422292442213
2.4298353827191272
3.022267873243718
0.5718634502724665
51.54797439896508
619.2160052790468
4.002114594446729
5094.137535277884
1.0999860709593967
23.21853888627472
1.172306012134183
45.126889402915296
1.3046810112321938
1.3969445431038612
1.0999850606458061
0.9239442409891814
1.0882576398974275
30.127753224112045
0
0.0008017576962065354
0.0007394659954393347
0
0.007922789258199909
0.007751352928005888
0.00772652956901524
0.007013345556673795
0.007151658728109454
0.009690864247286067
0.006876991453169246
0.009647111369743314
0.006017803228396863
0.007374326876980042
0.00924915863615184
0.01710627778917285
0.00786949296084796
0.008769794187592226
0.008252641158112427
0.00913422791424171
0.004110564535421434
0.01188452794789643
0.01838782502098715
0.012249978595831264
0.007721226462246256
0.0019009939013905728
0.007445112873758195
0.022939036962534055
0.07219279153681597
0.041628072584127325
0.11465044558251455
9119909548373949e-20
0.010111398061943591
0.2262140025389178
4806103320124699e-21
0.0740515765289133
0.010932373726931496
0.0012695833024536276
5486350728343664e-21
12044233153205461e-22
0.10262043156931097
0.08924602054162833
0.004143987047880601
0.04058906296694119
0.020270512299957535
0.005784248018893924
0.012111599768896832
0.00048287874792257365
0.3351532587252656
15699130004128286e-25
0.07891658187836119
0.0003419119036844663
0.009631991556616773
0.010920447492890997
0.00015706115181594345
0.00017087440415207195
0.34660580865526197
0.0003935034044616729
0.05683596223277821
0.24329268303219725
13179227986655746e-22
25861658010961084e-22
0.00014472586996157883
12571469526578162e-21
0.0005944772008496651
1700306684530576e-20
14432276763087603e-23
10044040574510068e-22
19076979031386602e-21
0.07670831219713321
0.07751923155032935
434998325547835e-19
0.00021268219488298216
0.019641475405600895
0.008163249173773797
0.09170640803134475
0.02022029914786766
27828848850933356e-21
0.1381319665372413
0.038721573159225496
5573478413750133e-22
0.27874451647431814
44589635219125585e-23
0.003764859623618986
0.0009825695397648383
22994565953049386e-28
0.28500301594098965
0.34520913532877834
0.018121947108492496
0.2726611371745756
0.35122427210051155
0.007406631462276051
0.1935714006379636
22332184593177717e-26
4630617181575697e-21
0.0006294238596131718
9120655893778354e-20
0.13210388877493398
8645600396914371e-22
0.00011181453588703827
0.16385263373851747
0.0009291782201900214
0.01185937808492702
12200744258319267e-21
0.1391504292517423
0.09738883358112137
0.021274117471775995
3146907568258805e-20
0.00015344951141493425
12006679583730208e-23
0.013689878489454653
0.16510811188870733
8333314517790913e-24
11103299919148592e-21
9106335914534262e-21
9650232686929158e-20
10586404869235243e-21
0.3082271406775486
0.16381069307997265
0.005156051545998164
0.0015484092744670263
0.04194170709452292
0.005884542794076328
6760408127889625e-20
0.028451535932637592
8323691623065775e-20
0.0007209785231003681
0.08143688641033779
9970378954781417e-22
0.35054293326155556
0.35087389184600304
0.0018282159633681754
0.0005370911710961242
5829910094677092e-24
0.0010308197543517235
10390421298050517e-24
0.010283105135030906
0.02936037964017964
0.0009039281529881402
0.00033763634588652823
0.00015455008823568836
26181810968577846e-22
0.00612490470265874
0.03068152786797705
0.02149207517477981
11257175947155179e-24
0.35128217236199494
0.0676974051726399
0
0
8177933228422496e-20
6661743212556716e-20
10336382093242844e-22
7596604381176347e-22
0.0001934842284670823
0.009757474732552063
0.005391796084855725
1520423367295983e-23
0.00013149918189924275
73287314465803274e-22
0.05667945933594445
0.013414585655636097
0.10114640833299153
38456358466934404e-23
0.06096180402103402
0.007691306322467796
0.00012014397695650344
0.12477556924092252
0.0002964285212025175
18549559457235682e-29
8514844958117688e-20
37361569963213645e-22
0.00012471627237927073
0.016357674652503745
0.0039044147946903332
0.00016355188707376647
0.00015211583581024925
3799874511076988e-24
0.0005144881608493433
0.02296778551269404
1313513356688677e-23
0.0018059979762438422
0.001800942466154437
44187426368324065e-21
0.10894844202503332
4337245151988265e-20
0.3144959592963019
0.0019108086273775362
0.18424679600341554
0.003303045694235733
0.000700894386392553
0.0005692993573224597
44751278521709635e-21
0.3375277056525203
1210199486484121e-20
2156763973524659e-20
0.00830422603101337
0.0064457764234694005
21715984775312556e-24
8723034363745114e-20
0.0030559665893189836
0.1333717887627163
0.030300627259689926
0.00010011309323257747
0.023044638441135638
0.00035412488274047077
0
0.11348068776433777
0.012345298328675938
0.3254962364941202
0.304888621483069
0.31621249374304117
0.05246012286483933
0.02975909168810272
0.35157504661577205
0.3219455384019088
0.35153170151748775
0.3004918634437215
0.2137463688676416
0.0007652252581547043
0.01574787252806068
0.14185357670983015
0.27144252249945844
0.13775504040437134
0.00029923571943538954
0.027053271753897212
0.2558720359213207
0.11513192822577241
0.1676657229198336
