1.0468499633150778
11.694721167412958
21.172800904439494
0
21.280987984321367
0.014467674023837414
21.707357139252863
0
22.489016359273155
0
45.05198702660832
0
13.006437310857905
0
19.113583762002865
0
23.11645565337645
2.4139668300141586
44.23194110415072
1.9986979822202808
1.1834781822809175
29.42381095605431
23.075895826272163
0.09449701334062315
0
0.1297673593981835
0.0015495126867988282
0.06907438312121102
0.006869107587935237
0.6635254559778534
0.60534208870328
0.042796196359979596
0.009180532889186546
0.1117825359406592
0.04798367076891809
0.032547832202026936
48123857487346936e-24
0.13173305424455373
0.13375242121157924
0.043148510127613685
0.03776285644995002
0
0.014173801242503123
0
3.594289711227387
2.977502926435434
4.118805440040939
0
5.313282274446665
0
0.9953097251454033
0.12315236577022833
32.54188886389782
32.939114564737245
17.340752856018945
67.64388962664604
61.349106003874255
0.3973202348856146
0.03750579971251822
0.009027795908609004
17.346394297592052
33.51991276132787
0.014097600472123478
0.6856096253779241
0.5886816598869159
0.8764661849721225
42.75731633744093
0
41.86786580378218
0
15.251111290621132
0.014950431061278174
0.01495188417532111
13.224888969834293
2.800396176689205
1.276180001864494
2.4259913155639943
0
0.000539962781904785
0.008723751191170784
0.06783330833348308
0.033937913836906
0.010695680851603367
0.0005266491236467825
0.0003931335954110671
0.0010259502235214222
1.9195472780375666
0.3903866550987254
0.11226090712118596
0.196397897247059
0.003513669320415121
0.0605725323053835
0.00500538782153151
0.0016355229630181385
0.0805704753965467
0.6302804628270346
0.022680423180731678
12419001677256511e-21
0.010496804191454344
0.0013847234651086946
0
0.9409604497816587
0.5630779703226937
0.06152003860636803
0
0.32671244819463385
4457659215512471e-20
0.025377577718159277
0
0.0006003340920337723
0
0.12694840629424722
0.7386737892034174
0
0
0
0
0.009546361495943958
0.38731787308321564
0.00280960209373071
0.0035444686787402886
0.39246466043600947
0.370192269001906
0.18238049746075405
0.14943959896487427
0.044185596921711756
0.1991868128635967
0.0006152268246633821
0.28374858809099984
9557155621725378e-22
0.006623447696198234
0.25453036981842564
0.07826219256685225
9551222915437643e-25
0.002445734353411883
0.08664845652932687
0.21731433871962155
0.019049366603746024
0.027275463867797167
0.17554537635426143
0.30707403900883573
0.25023653085538483
0.1523365585207411
0.25781170486404703
5586209216196796e-26
0.2198775190355716
0.21977879772928766
0.45087734041778665
0.5601814100205461
0.0017658955432226038
0.7295291589986722
0.4980497674311165
10.854032553092857
2.0728432896153817
2.727261661423712
0.10201220134455699
0.4566039544557731
2.5634602854212103
4.015052361327979
0.6266164252300989
5.345349220614587
7.4732888783080655
4.794089670730669
2.4299973402828843
3.0238342768739512
0.5723849948737939
51.592344945138066
619.2158219812378
4.002114501372184
5092.263625679032
1.0999860640416401
23.21853862604139
1.1723009087105707
45.12673721697206
1.304683510017714
1.3969444810120788
1.0999850537264264
0.9238732787435006
1.0882399339321227
30.961891463624728
0
0.0008025108371913954
0.0007395506103704079
0
0.00792360683124644
0.0077585423518418215
0.007732803864609491
0.007016439554752254
0.007157222368497024
0.00969650997501626
0.006881040512774862
0.00965795873740414
0.006021086389356078
0.007380471673909244
0.009257987392739695
0.01712438506700797
0.007875568662730963
0.008778280591072322
0.00825930099908454
0.009143185513813473
0.004114340943232304
0.01189601262362897
0.01840471432458905
0.012261575111810067
0.007728620751616699
0.0019009920197251022
0.007445083842411197
0.022938756711783793
0.07218985183618659
0.04162713008256758
0.1146426069425229
911990911612085e-19
0.010111344361106512
0.22617705879785874
4806103308121307e-21
0.0740484763630235
0.01093231089665484
0.0012695824637363967
5486350712701917e-21
12044233145667143e-22
0.10261425408362917
0.08924143001552541
0.004143978085090244
0.04058816799274753
0.02027029409943182
0.0057842305263376016
0.012111522555606756
0.0004828786266922438
0.3350331655316944
1569913000411548e-24
0.07891303949502733
0.0003419118429130374
0.009631942852191374
0.010920384800424392
0.0001570611389948655
0.00017087438897642245
0.3464611727681996
0.000393503323962494
0.0568341738038109
0.2432482587079955
13179227977629729e-22
25861657976205103e-22
0.00014472585907544382
12571469444449751e-21
0.0005944770170874292
17003066695068427e-21
1443227676200521e-22
10044040569267635e-22
19076978842263976e-21
0.07670497455208015
0.07751581949997222
43499831571428e-18
0.00021268217137179656
0.019641270678064354
0.008163214245075627
0.09170154539533097
0.020220082038946693
2782884844847704e-20
0.13812019578123916
0.038720760380469156
5573478412135892e-22
0.2786803248658789
44589635208793604e-23
0.003764852228752151
0.0009825690375505603
2299456595304936e-27
0.28493455539436496
0.345068471911318
0.018121773120656236
0.2726008354070907
0.3510418038521377
0.007406602731435856
0.19354605719758308
22332184593175127e-26
4630617170432867e-21
0.0006294236536032393
9120655461454498e-20
0.13209321885571618
8645600393030127e-22
0.00011181452938928893
0.1638353899958479
0.0009291777710971093
0.011859304074088708
122007441809633e-19
0.13913846599942345
0.09738330858443388
0.02127387686589902
31469075167954746e-21
0.00015344949917676763
1200667958298107e-22
0.013689779673924613
0.16509056669512856
8333314517754827e-24
11103299855083006e-21
9106335871441225e-21
9650232202940667e-20
10586404810995771e-21
0.3081397981030634
0.16379345934959272
0.005156037655901508
0.0015484080265326865
0.041940749993039796
0.005884524687720654
6760407890374012e-20
0.028451102166545957
8323691262997051e-20
0.0007209782527742148
0.08143310212582758
9970378949615594e-22
0.3503819776765121
0.3507105631112283
0.0018282142231537317
0.0005370910211083761
582991009465943e-23
0.0010308192015748131
10390421297994414e-24
0.010283049584667494
0.029359917251495046
0.000903927727982699
0.00033763628662573713
0.00015455007582132772
26181810932956023e-22
0.006124885081942502
0.030681022184669813
0.02149182955490131
11257175947089325e-24
0.3511003502963301
0.0676948344298608
0
0
8177932880854408e-20
6661742981923603e-20
10336382087690797e-22
7596604378177496e-22
0.0001934842090092401
0.009757424744144826
0.005391780891770245
15204233672839702e-24
0.00013149917291210354
7328731418669253e-21
0.056677681073729835
0.013414490802474035
0.10114041888763771
38456358459249264e-23
0.06095973633850426
0.0076912753312615234
0.00012014396945455258
0.12476615109770046
0.00029642847552628204
1854955945723568e-28
8514844581320378e-20
37361569890675315e-22
0.00012471626429541547
0.0163575331641658
0.003904406840268922
0.00016355187317100564
0.00015211582378390608
3799874511069485e-24
0.0005144880232234189
0.022967504550171797
13135133566797112e-24
0.001805996278109043
0.0018009407775224351
441874253536347e-19
0.10894141917994841
4337245054227799e-20
0.314402413833005
0.001910806726212442
0.18422422023899956
0.003303040005043901
0.0007008941309228318
0.0005692991888007742
4475127748095861e-20
0.3374035440249395
1210199478873238e-20
2156763949351653e-20
0.008304189880057244
0.006445754685729931
21715984775067495e-24
8723033968296172e-20
0.0030559617207019207
0.1333608927171596
0.03030013426419901
0.0001001130880237153
0.023044355571302248
0.00035412481754920015
0
0.11347302073433
0.012345218086779882
0.3253900592180322
0.3048043539612873
0.3161171390197101
0.05245860709002002
0.02975861644437997
0.3514020949261565
0.3218437302471461
0.35135395647200146
0.30041143591795294
0.21371423608178483
0.0007652249536162532
0.015747741478796467
0.14184109326114497
0.2713829715169796
0.13774334040822975
0.00029923567288980677
0.027052880184231895
0.2558213364747378
0.11512401830577508
0.16764755313910085
