1.0478892745318844
10.723617930760941
20.52622870231648
0
20.633583533761826
0.0140069719747627
21.075952100377112
0
21.88785077762132
0
43.81650898013588
0
12.722174896570932
0
18.996691914943213
0
23.05905466100551
2.425429829668908
44.21925831385756
2.026605187107065
1.189619780392193
30.03250907897977
23.124524295410183
0.09178968031440793
0
0.12913607010830977
0.0015483792869312887
0.06871792055589497
0.006868995992657686
0.6600324310480002
0.6022242140404225
0.04145554755128501
0.008760720800217007
0.11115218234858619
0.04643954200441209
0.03204641096532965
4435286819502111e-23
0.1313172609504249
0.1334595510818059
0.044224190280356346
0.03846716582082375
0
0.014258924684503536
0
3.6092470923585855
2.9659994751854812
4.118615676331016
0
5.312751669624129
0
1.020046685841544
0.1246154929446465
32.54117937675734
32.93910086750008
17.33782959400147
66.06279063397444
61.34844794801133
0.4066836825748489
0.03990914144727841
0.009030098968944885
17.337808006213226
33.56293230875815
0.014141212126069773
0.6934149059471812
0.6034900347803515
0.8787034756719934
43.2400347961945
0
42.30073403912187
0
15.259248907202867
0.015134340699846842
0.015135514930269673
13.21371358520005
2.85385828909887
1.2757774288202213
2.425475790680593
0
0.0005471443229912076
0.0088296703986723
0.067967263428794
0.033935165151243285
0.010828226651564318
0.0005182902229361903
0.00038665544521015636
0.0010276541448842652
1.923059070637859
0.3903071996996904
0.11422076410481022
0.1962685432334304
0.003622119837486549
0.06091632476278013
0.005047938725813131
0.001621610666346997
0.08064373914981224
0.6410098413184538
0.02271370960585584
12286845986152295e-21
0.010593795975982732
0.001383601856573536
0
0.9406204978130934
0.5636726694480401
0.06228910666271831
0
0.3263339541584114
4545175224532129e-20
0.02588280827903515
0
0.0005809197994131282
0
0.1269415378771851
0.7382392231817768
0
0
0
0
0.009468193330972775
0.3873581793556659
0.0027883638462335597
0.003527940742533322
0.3923904677645793
0.3701958367283725
0.18237753115441555
0.15307667291689606
0.04422512735854927
0.19987758491703286
0.000614353435457152
0.28335415446277107
955654280172138e-21
0.006627716050176451
0.2548062100005502
0.07797126147707782
9311097018057715e-25
0.002446084595230664
0.0864197049211288
0.21726878004692207
0.01911215921707268
0.02735249187790157
0.17518970748184043
0.30652543150879724
0.2501642303410672
0.1526659689903584
0.25826880504455596
5452207927780225e-26
0.22020049839242986
0.2201050936975874
0.45077285073402534
0.5601121226869699
0.001742569393300051
0.735172221555261
0.49908955758070395
10.877600508712613
2.0731840065975065
2.7281992991917208
0.10202538130101549
0.4574763388923857
2.564188367470515
4.017301877536818
0.6266879290074615
5.350495189517386
7.4826708718201695
4.799266390977196
2.430323247562431
3.0268140816644684
0.5734140201359597
51.679519855333204
619.2154553857822
4.0021143152231025
5088.51787421502
1.0999860502061274
23.218538105574734
1.1722907019299962
45.12643284662527
1.3046885552316743
1.3969443568255666
1.0999850398876685
0.9237313572652599
1.0882045228607053
32.63319105274474
0
0.0008040004597337889
0.0007397225283863227
0
0.00792528191253611
0.007772531197956388
0.007744961151843923
0.007022265096741111
0.007167993980268032
0.009707428622641734
0.006888788079436811
0.009679184536559833
0.006027340816357995
0.0073923930842564895
0.00927518543708835
0.01715975425827323
0.007887319900181303
0.008794821857285964
0.008272205087717182
0.0091606542025264
0.004121753372380229
0.011918395146840342
0.01843758670725238
0.012284166630128431
0.00774302324663286
0.0019009882563997486
0.007445025780056813
0.022938196220554864
0.07218397279403801
0.04162524514346517
0.11462693127028416
911990825161471e-19
0.010111236960287956
0.22610318941496108
4806103284114522e-21
0.0740422764206034
0.010932185237184812
0.0012695807863035969
5486350681418425e-21
12044233130590505e-22
0.10260190022784937
0.08923224967167281
0.004143960159567685
0.04058637810356135
0.020269857705426778
0.0057841955413836564
0.01211136813050334
0.00048287838423167546
0.33479310822567054
15699130004089866e-25
0.07890595520538074
0.00034191172137021196
0.009631845444079402
0.010920259416570904
0.0001570611133527128
0.00017087435862512748
0.34617208203515487
0.00039350316296418573
0.05683059711470134
0.24315943439325174
13179227959577695e-22
2586165790669315e-21
0.0001447258373031763
12571469280192929e-21
0.0005944766495631279
17003066394593765e-21
14432276759840423e-23
10044040558782767e-22
1907697846401873e-20
0.0766982996976392
0.07750899584980099
4349982960471706e-20
0.00021268212434943318
0.019640861229393007
0.00816314438812764
0.09169182089679824
0.020219647828098146
27828847643564428e-21
0.13809665727824352
0.038719134874137626
557347840890741e-21
0.27855198599333053
44589635188129637e-23
0.0037648374390620546
0.0009825680331227743
229945659530493e-26
0.28479768363186914
0.3447873170026953
0.01812142514999504
0.27248027187820817
0.350677151694189
0.007406545270089812
0.19349538027069857
22332184593169944e-26
4630617148147209e-21
0.0006294232415835768
912065459680685e-19
0.132071881602612
8645600385261642e-22
0.0001118145163937914
0.1638009079544779
0.0009291768729119363
0.011859156053797717
12200744026251372e-21
0.1391145425802661
0.09737225953136212
0.021273395662308646
31469074138688156e-21
0.00015344947470043727
12006679581482794e-23
0.013689582045004325
0.16505548190108646
8333314517682652e-24
11103299726951834e-21
9106335785255155e-21
9650231234963756e-20
1058640469451683e-20
0.3079651871980878
0.16375899732787427
0.005156009875820453
0.0015484055306670237
0.04193883585559566
0.005884488475176445
676040741534281e-19
0.0284502346542019
8323690542859648e-20
0.0007209777121222124
0.08142553408435386
9970378939283952e-22
0.35006028818599233
0.35038413369059057
0.0018282107427298135
0.0005370907211330056
5829910094624106e-24
0.0010308180960218816
10390421297882209e-24
0.010282938484840933
0.029358992495971844
0.000903926877972416
0.0003376361681041861
0.00015455005099260946
26181810861712374e-22
0.006124845840698589
0.030680010843058735
0.021491338323565392
1125717594695762e-23
0.350736988447129
0.06768969323716319
0
0
8177932185718276e-20
66617425206574e-18
10336382076586701e-22
7596604372179793e-22
0.00019348417009356156
0.009757324768098636
0.005391750505727719
15204233672599445e-24
0.00013149915493782695
7328731362847103e-21
0.056674124716672526
0.013414301098161996
0.1011284410609149
3845635844387897e-22
0.060955601183835285
0.007691213349223605
0.00012014395445065228
0.12474731694386587
0.00029642838417383207
18549559457235677e-29
8514843827725806e-20
37361569745598654e-22
0.00012471624812770654
0.016357250191161382
0.003904390931474717
0.00016355184536548747
0.00015211579973122257
3799874511054478e-24
0.0005144877479716806
0.022966942635438217
13135133566617797e-24
0.0018059928818442348
0.0018009374002631812
44187423324256036e-21
0.10892737484783271
4337244858706873e-20
0.31421540637221546
0.0019108029238879283
0.18417907700845562
0.003303028626689635
0.0007008936199836687
0.0005692988517575527
4475127539945665e-20
0.3371553577738151
12101994636514722e-21
21567639010056422e-21
0.008304117578617124
0.0064457112104709165
2171598477457737e-23
8723033177398341e-20
0.0030559519834910654
0.13333910329648888
0.03029914829728037
0.00010011307760599179
0.023043789842051993
0.00035412468716669495
0
0.11345768822828875
0.012345057604552432
0.32517780856003575
0.3046358887828535
0.31592651582779274
0.05245557567176982
0.02975766597970285
0.3510564467474774
0.32164021051117025
0.3509987359553764
0.3002506454406414
0.21364998500104293
0.0007652243445397148
0.015747479383539698
0.14181612965939652
0.2712639087433043
0.1377199433970215
0.000299235579798663
0.02705209706190395
0.255719967716918
0.1151082000960511
0.16761121948454946
