1.051007208182304
7.938973361484911
18.45875059149667
0
18.56255670595652
0.012540059816137296
19.041775074854876
0
19.927623150587888
0
39.79588354239884
0
11.86323526434688
0
18.62463641163717
0
22.875244805978973
2.4627504042456403
44.165319195866076
2.1197890834452346
1.2096206220572199
32.04428735979189
23.263907636951725
0.0830715608075434
0
0.127017120325144
0.0015441350233347502
0.06763028005066332
0.0068686553980755625
0.6493700586273071
0.5927105463010535
0.03722715421453226
0.00747439257761963
0.10923042008326736
0.0415959869754779
0.030426103610730785
3370487510250299e-23
0.12991308729550302
0.13246969112218665
0.04792196682184287
0.04088596329383083
0
0.014545847519806128
0
3.655550552122257
2.929087802322399
4.118128052856633
0
5.3111909269769795
0
1.1032762410429506
0.12957175909985105
32.539045892929536
32.93905366848938
17.32864577986556
61.13573485218307
61.346330732298114
0.4380861544709529
0.04727764046586479
0.00903813170721347
17.30886933764692
33.69012615307484
0.014291027855689071
0.7193552741060788
0.6532816614402035
0.886098214905714
44.84248250508827
0
43.739560550463196
0
15.279765149242571
0.015741399345669396
0.015741375006139983
13.176025074693108
3.0293964459867326
1.2744359415804607
2.4239296416256306
0
0.0005706821496157796
0.00918851833391197
0.0683494425330659
0.03392513487940256
0.011267502343152817
0.0004924001063142138
0.00036667632766494343
0.0010332601881891676
1.933123539272152
0.3900949289369644
0.12063609983510504
0.19585102138329352
0.0039896226998143635
0.062007451261031604
0.005185079175429609
0.00157785167223311
0.08082445272344223
0.6761761377193629
0.022805028925242363
11870276367312383e-21
0.010898472214762369
0.0013798938838957286
0
0.9395998910667205
0.5654112370574589
0.06483514838472838
0
0.3252417058592627
4834921128158733e-20
0.027548280877427476
0
0.0005246990211911476
0
0.12692094058057599
0.7369370036873021
0
0
0
0
0.009196237831269601
0.38749038862229807
0.0027208988313617475
0.003477652331373117
0.3921679283323172
0.37015024237163324
0.18236411002627848
0.1652622115199994
0.04435660437392808
0.202199273819109
0.000611799793695502
0.2822017640540696
9554699329963833e-22
0.006642214779389785
0.2557593979009108
0.0770517529300125
8624095826013949e-25
0.00244769108815276
0.0857358123506237
0.2171318516003395
0.019294426916652948
0.027577573250997134
0.17412332917533624
0.30488152144677144
0.24994668868223113
0.1536196271834022
0.2595665785258141
5066926669921963e-26
0.22109571606671918
0.22101169582205396
0.45046082583306785
0.559904035421529
0.001668226894946576
0.7521536048592086
0.5021108601791546
10.945189027211068
2.074217267589303
2.7310510315702534
0.10206906368006548
0.4599756678946349
2.5663975849238043
4.024149732602606
0.6269213250302268
5.364200082166045
7.507740605671368
4.813429871511714
2.431314927410904
3.0344660609162153
0.5763765380725874
51.92722500783484
619.2143556007181
4.002113756775909
5077.297143446948
1.0999860086995903
23.218536544174828
1.172260082121469
45.125519747902366
1.3047041021795536
1.3969439842428208
1.0999849983713967
0.9233056174496951
1.0880982965183885
37.56089033029543
0
0.0008083153986782009
0.0007402591099623415
0
0.007930610591027936
0.007811095495492263
0.007778024706834475
0.007036608981528725
0.007197216367342004
0.009736989923429392
0.00690898866875464
0.009738739608233876
0.006043399601900471
0.007424949355583225
0.009322769599062346
0.017258468354505764
0.007919091586803121
0.00884067956185692
0.008307300833479725
0.009209163011559315
0.004142761112637378
0.011980422676247993
0.018528277072139752
0.012346695140138192
0.007782860261761037
0.0019009769664683886
0.007444851595710528
0.022936514829037816
0.07216633854012292
0.04161959083825976
0.11457991711288656
9119905658096786e-20
0.010110914764676987
0.2258817259891085
4806103212094167e-21
0.07402367970782775
0.010931808267440887
0.0012695757540184954
5486350587567947e-21
12044233085360595e-22
0.10256484758356876
0.08920471430606633
0.004143906383465246
0.040581008909580614
0.020268548579780932
0.005784090587791421
0.012110904867006757
0.0004828776568507008
0.33407396784704546
15699130004013023e-25
0.07888470615209602
0.00034191135674199497
0.009631553225653988
0.01091988327364804
0.0001570610364262798
0.00017087426757127493
0.3453062563526032
0.0003935026799696561
0.05681986839784551
0.242893156011689
13179227905421595e-22
2586165769815728e-21
0.00014472577198639328
12571468787422477e-21
0.0005944755469915875
17003065493169803e-21
1443227675334606e-22
10044040527328164e-22
19076977329283033e-21
0.07667827861918261
0.07748852850315577
4349982370458478e-20
0.00021268198328240547
0.019639632934591304
0.00816293482087048
0.09166265358817455
0.020218345251497787
27828845228826737e-21
0.13802606583517288
0.038714258764566314
5573478399221962e-22
0.278167323885319
44589635126137747e-23
0.0037647930703403614
0.000982565019845577
2299456595304913e-27
0.2843874627061122
0.3439452260068539
0.018120381278100922
0.27211890112798043
0.34958546638806676
0.00740637288872642
0.1933434290897857
22332184593154398e-26
4630617081290235e-21
0.0006294220055262073
9120652002864397e-20
0.13200789052093972
8645600361956186e-22
0.00011181447740730786
0.1636975053683736
0.0009291741783616265
0.01185871200400963
12200743562115596e-21
0.13904279700027106
0.09733911989329244
0.021271952116843927
31469071050888595e-21
0.00015344940127146964
12006679576987966e-23
0.013688989175361405
0.16495027224962194
8333314517466132e-24
11103299342558328e-21
9106335526696949e-21
9650228331033608e-20
1058640434508001e-20
0.30744194793039503
0.1636556547613191
0.005155926536475339
0.0015483980430941746
0.04193309396740416
0.005884379838880895
6760405990249404e-20
0.028447632275876204
8323688382447811e-20
0.0007209760901686377
0.08140283417971812
9970378908289022e-22
0.34909699070968125
0.34940666727393704
0.001828200301497814
0.0005370898212078994
5829910094518133e-24
0.0010308147793702013
10390421297545592e-24
0.010282605192563252
0.029356218404161895
0.000903924327946363
0.00033763581253978267
0.00015454997650647854
26181810647981423e-22
0.006124728118475318
0.03067697701824284
0.02148986469692405
112571759465625e-22
0.34964915765253385
0.06767427200168848
0
0
8177930100310234e-20
6661741136858984e-20
10336382043274414e-22
7596604354186684e-22
0.00019348405334657293
0.009757024846106244
0.0053916593486276025
15204233671878673e-24
0.0001314991010150119
7328731195380657e-21
0.056663456984350005
0.013413732001322232
0.10109251609111297
3845635839776811e-22
0.060943197402781604
0.007691027406106818
0.0001201439094389626
0.12469083153937557
0.00029642811011665115
18549559457235664e-29
8514841566942492e-20
3736156931036867e-21
0.00012471619962459228
0.016356401301519104
0.0039043432054810287
0.00016355176194896134
0.0001521157275731949
3799874511009458e-24
0.0005144869222173493
0.022965256973721763
13135133566079854e-24
0.0018059826930881312
0.0018009272685234191
4418741723612061e-20
0.10888525271381777
43372442721441475e-21
0.3136550511206965
0.0019107915169597849
0.1840437136787286
0.003302994491862013
0.0007008920871684146
0.0005692978406290856
4475126915495132e-20
0.33641189384382414
12101994179861758e-21
21567637559676157e-21
0.008303900678073748
0.006445580786453258
21715984773106998e-24
872303080470528e-19
0.0030559227720446513
0.13327375639278333
0.030296190589020555
0.00010011304635282774
0.023042092737630346
0.00035412429601946733
0
0.11341170313944018
0.01234457617038715
0.32454188692648783
0.30413105170533317
0.31535533566601615
0.05244648246803562
0.02975481476780977
0.35002154080495124
0.3210304231590268
0.3499352277313048
0.2997687901878648
0.21345734763431848
0.0007652225173130083
0.01574669312394196
0.14174126521216698
0.2709070337462473
0.13764977620592062
0.0002992353005254054
0.02704974783093567
0.2554161023829599
0.11506075850635661
0.16750226576084723
