8590866536583496e-20
34.32929204626377
142.87481313997975
0
2827.046649333722
0.4795973442295856
206.21466514947343
0
85.5834540466046
0
818.1017932674845
0
27.340629198918673
0
34.198273228617836
0
27.41358189200402
15.854799025826688
281.0606208199969
733.061757777258
4.49101173177386
61.20494116790843
17.404618668463197
1.1163592268188358
0
6.459648329857931
0.6534320614177145
8.231832124034916
0.006445012989494319
2.905675861353599
58.887406224443346
21.865935037086572
162.22903440669114
0.3790399612232047
48.3535993712078
2.5165306122084337
4213729478339544e-20
45.393716089681085
61.48944538502571
83.11377739254046
46.394616344755576
0
4.729605216488448
0
262.0119461891669
31.80402830253684
4.6993015425797715
0
11.565540285796368
0
2.9547279215529514
11.559598454573262
28.966789764556005
28.045093814791336
18.40671973727299
38.1781451767094
1656.600281995451
2.0716761948180578
0.04544265309888278
0.45075725505439806
10.821482982981166
51.65264538751317
1.8104737998666547
3.3969952946725837
0.0013348222115038494
0.002122946901518064
321.9849521300944
0
269.4120488940588
0
8.04266120026605
0.029128979630948123
304.128105088863
7.053257373375693
4.673152134658894
1.0104215497882145
2.95810285730301
0
6892442714736299e-20
8.1390550525643
0.08858380780838616
0.001922905665369577
0.04758881797963812
0.008296222927038018
0.0006487121859678438
0.0017388250769474302
0.20469571061505384
0.6789117246509629
0.9457791823122162
0.08198164647211567
0.010868108211031308
0.0946288984383744
0.018530475321310635
2.2981881493374243
0.028306263487006336
3.4308353116817414
0.01445214274740892
0.030477569881766402
10.86036815053848
0.0004383202117336473
0
1.2636086272758185
1.5555676451314233
0.2256940238659361
0
2.7425798337012295
0.036972428875466555
0.0557700173562464
0
0.002885330895263123
0
0.1342237023151369
1.2392298991828257
0
0
0
0
2.053246594789207
0.5657442691987885
1.2154199230006528
5.880084588727999
0.2961609247758501
1.2507570081932315
0.09916611491093974
0.399777960707094
0.0032518677395505595
5.526403881891979
0.003695147616721763
1.6215496408806327
9046514656353152e-22
0.03490513366087791
1.8356219047186348
0.28096986699598187
0.5543771490681956
0.2128159258898531
0.8725685696212178
0.19962780085166906
0.000496625298635753
0.020183256871527444
0.999862086899889
2.3326734604610255
0.133127585787749
0.09630077398652671
0.2701156660604192
0.02721520252235595
0.33211686187886796
1102.341669086247
0.32914393916629503
0.6326935010216024
0.15816102355097844
43.60482043324046
0.25657245174867205
8.070970589966839
1.9907923640983987
2.8134203480197733
0.18424809057612537
0.35024808461603735
2.396536702677267
4.230496096373328
0.9233300922632408
4.315035831094255
4.28203079521432
5.110915614968605
2.048758126376665
3.031953050415843
0.27457879252662476
34.876028137401526
619.5851564817727
4.002301989713577
10685.06245863292
1.0999999988563536
23.21906283085718
1.1826261315058832
45.434334818792365
1.03801533651508
1.3655494126288925
83.22193626444094
0.20865561997742874
1.1244962618033207
39.31547454186598
0
0.0009902966391505863
2501384428096772e-22
0
11544363280550405e-41
0.024225305870440656
0.03937985946592355
0.06732649384679683
0.03233477405665182
0.03383067996823489
0.05171425533326252
0.03934794473438485
0.056594594630808855
0.03763483062623499
0.03464700399707467
0.053515462662219127
0.040914478006222464
0.03157756207453673
0.03659150571278604
0.03155615417452401
0.04006965600918642
0.04236665451171269
0.05909334778968696
0.0388033324165162
0.02985824875128056
0.0019047861166046449
0.007503793056416868
0.02351027774044451
0.07836092790281743
0.04356958733403229
0.13157073203035846
9120779863187909e-20
0.010220096599571177
0.3142892364345142
4806127487118346e-21
0.08056401302871519
0.011059607613789013
0.0012712730510235993
5486382220617619e-21
1204424833042701e-21
0.11584333232261275
0.09898410459311935
0.004162071574946126
0.042431567286874805
0.02071462204326685
0.005819574003886546
0.012268058975303192
0.00048312288775011317
0.6896224929222652
15699130029914417e-25
0.08638099362629048
0.00034203427925304
0.00973055130853982
0.01104740149613171
0.00015708696715145893
0.00017090496065592424
0.8031289317678677
0.00039366551022722805
0.06055324665764408
0.35140076734506465
13179246159126873e-22
2586172798672321e-21
0.00014474778913359457
12571634880236937e-21
0.0005948472922643198
1700336932711359e-20
14432278942317064e-23
10044051129328033e-22
19077359803692452e-21
0.08373141443491017
0.08470260209553562
4350181243067594e-20
0.00021272953620827195
0.020058019509478338
0.008233876513265305
0.10203852388805344
0.020662174943566987
27829659144888045e-21
0.1639860594348735
0.040393062619055724
5573481663771165e-22
0.4431898258231285
4458965602094334e-22
0.0037797775108202717
0.000983581189499485
2299456595310469e-27
0.4622854297373021
0.7842282833089184
0.018475653358725776
0.4256212763054253
0.9999140950246777
0.0074647030499814795
0.2519577897122074
22332184598395678e-26
4630639615955099e-21
0.0006298387647945281
9121526351056116e-20
0.15543243494072873
8645608217225865e-22
0.00011182761884360189
0.2025246009149446
0.0009300828380437876
0.012009327733972607
12200900003318184e-21
0.16544802609960807
0.109173060416871
0.021764099523498504
31470111832441916e-21
0.00015347415300765078
12006681092000043e-23
0.013890281317073743
0.20449824284298806
8333314590446448e-24
11103428905826086e-21
9106422675961201e-21
9651207170450904e-20
10586522125852334e-21
0.5453567402034802
0.2024588286116896
0.00518409307447616
0.0015509238335156478
0.04391365487403109
0.005921110283914747
676088634494297e-19
0.029338403694967655
8324416596094772e-20
0.0007215229876471314
0.08942393052211944
9970389355351688e-22
0.8837226098854599
0.8959083744513895
0.0018317229710480064
0.0005373932326611132
58299101302366875e-25
0.0010319332845593154
10390421411004e-21
0.010395557735959694
0.030306249974557442
0.0009047842395756873
0.0003377556792130037
0.00015457508461004987
26181882687589623e-22
0.006164535640380233
0.0317167304922334
0.021992327974373196
11257176079739494e-24
0.9962081861386237
0.07307629205920037
0
0
8178633031765344e-20
6662207572053916e-20
10336393271419367e-22
7596610418892341e-22
0.00019352340772386416
0.009858639582412844
0.005422471936579147
15204233914818823e-24
0.000131517277328551
732878764133207e-20
0.060375264044704266
0.013606924008088415
0.1139538832856761
38456373939763004e-23
0.06527026246833757
0.0077539561225049075
0.00012015908189824898
0.14525499752757437
0.0002965204973537461
18549559457239282e-29
8515603613735405e-20
37361716007956018e-22
0.00012473254900616292
0.016645035181290575
0.003920462670549503
0.0001635798804810077
0.00015214005087875053
3799874526183776e-24
0.0005147653235526646
0.02354048620165961
13135133747397224e-24
0.0018094201419806464
0.0018043454723402229
44189469332168717e-21
0.1240468713346556
4337441981697445e-20
0.5724469953417358
0.0019146401609327116
0.2358004947172921
0.0033145198758509713
0.000701408923146839
0.0005696387502655926
4475337395840503e-20
0.7079715833034558
12102148098906531e-21
21568126425991906e-21
0.008377330325491584
0.0064896909152366115
21715985268704953e-24
872383057401486e-19
0.0030657845251470567
0.1572176102872879
0.031309640006128396
0.00010012358100249684
0.023621251376523326
0.00035425615939440745
0
0.13001677982086798
0.012507914931682483
0.6277943583557395
0.5319166242301557
0.5803518887538839
0.05560245479598268
0.03073147604962975
0.9468096230307691
0.6085979787601288
0.9731748937438032
0.5151044243543459
0.28930495186297617
0.0007658386440001502
0.016013943318015887
0.16935244168194385
0.4222088381586215
0.16344624468081168
0.00029932944628924295
0.027853240545382164
0.38132350621036765
0.1322119407087734
0.2085477621416426
