9236454599115859e-20
34.169157053826225
142.858497827594
0
2547.066974544179
0.4868166640334006
206.94266152442054
0
85.77215533254481
0
817.9102494565551
0
27.562655840481373
0
34.19770737064051
0
27.418423264093256
15.895037395113611
281.93585166677485
719.2413957292983
4.625057065996461
61.15417844153231
17.119429447170628
1.1161583678147855
0
6.459519206816611
0.6532965884463381
8.213868000059787
0.006446949615116012
2.9081450710307357
58.78264367476467
21.750797898532692
143.2024736480571
0.3800930053647276
48.06248212893252
2.4987765852449146
3784028591588819e-20
45.38637280849237
61.48182115729005
82.63752147306725
46.40539393660456
0
4.7302330424950965
0
261.35258178915456
31.962286103252794
4.715308514027554
0
11.667953276211742
0
3.0160005236046636
11.556260769116147
29.098167214159457
28.191831233717636
18.40592161365812
40.9924905935284
1650.2922281876172
2.070976085454556
0.04627610251270583
0.44690687974050713
10.867855210415959
51.64928643358689
1.8107354621229916
3.395763458061245
0.0014335366271729247
0.00228074819783446
323.35431879704043
0
269.5175852745347
0
7.97713693650612
0.029210548976011833
303.64505284060283
7.092247670857639
4.749583897439337
1.010062748175962
2.9614166846382415
0
682332165996395e-19
8.0761475110994
0.08710172686999731
0.001917643714164056
0.04757304510045153
0.008290585253004175
0.0006480640381024233
0.0017387220601631978
0.20179540166569937
0.6789087728939667
0.9325552634994146
0.08350390126944551
0.010873167094480303
0.09363017317424414
0.01832215879687363
2.2979058521804636
0.02789760870815118
3.4295228555537727
0.014215900128187818
0.029973847124319015
10.857565494067604
0.0004404817027956828
0
1.263619351064235
1.5554610600083763
0.22561535829762736
0
2.7425609533284336
0.03622716994705956
0.055691377178527866
0
0.0029677660050633522
0
0.13422364152152705
1.2392259055724844
0
0
0
0
2.0188718575157503
0.565749757810636
1.2153200804914759
5.879959485352417
0.2961710912300881
1.2392195885338253
0.09918058182045052
0.3995943076197238
0.003359615735129431
5.5256334199876616
0.0036952957456050277
1.6215816325695318
9046534055634067e-22
0.03506900525776468
1.8359647467862326
0.2774206151745954
0.5508636711899875
0.21049622315410363
0.8725562601743595
0.1996288857939522
0.00048686009347743395
0.019872366484954506
0.999833245861518
2.332129301079472
0.13313056657972497
0.09494670928565728
0.26566330337332006
0.026780613943161124
0.3261163310460844
1092.3588069702282
0.3304835523109642
0.6326925714066852
0.15810299966653713
43.582995043309204
0.2532986771239214
7.933703185212433
1.9907907395896056
2.8133977040849825
0.18425109394197686
0.3448307348493876
2.3965333702580986
4.230439383444301
0.9233395284341753
4.24964185107883
4.205295337214484
5.033965976141431
2.0563206343109637
2.975855538520784
0.2708888453462334
34.35597617606286
619.5851542032359
4.002301988557222
10685.013618840892
1.0999999987704105
23.21906282762413
1.1826260675458173
45.43433291524401
1.0471296477289296
1.3675632946297804
82.68535912792356
0.2091168493590432
1.1244960345047228
39.72151684024355
0
0.0009764309493884974
26663847251374197e-23
0
3418391046318289e-40
0.023726475696786077
0.03856877313844649
0.06596570704067461
0.03168290750200962
0.03329924137711323
0.05065827766111409
0.038537391273453125
0.05544235376274298
0.03685973613359354
0.033937601404718035
0.052413338960142594
0.04007176293278174
0.030934871971233752
0.03584419106011207
0.030916525747819737
0.03926348099005847
0.04150530384835228
0.05787691964665911
0.03801881734105451
0.02924329190714218
0.0019047860931813497
0.007503792692905951
0.02351027417205828
0.0783608882606451
0.04356957507873223
0.13157062027231298
912077985781735e-19
0.010220095925251457
0.31428859872074705
4806127486969222e-21
0.08056397112615425
0.011059606824137766
0.0012712730405900223
54863822204232945e-22
12044248330333359e-22
0.11584324568594603
0.09898404133883257
0.004162071463111902
0.042431555663421855
0.020714619273072353
0.00581957378524228
0.012268058003658145
0.00048312288624326064
0.6896194224647553
15699130029914256e-25
0.08638094545425652
0.0003420342784977829
0.009730550697273122
0.011047400708222523
0.00015708696699215157
0.0001709049604673576
0.8031247673445058
0.00039366550922674385
0.060553222985775965
0.35139997013362734
1317924615901474e-21
25861727986291423e-22
0.00014474778899833146
1257163487921661e-20
0.0005948472899799496
170033693252471e-19
14432278942303617e-23
10044051129262904e-22
1907735980134286e-20
0.08373136917274208
0.08470255577729684
4350181241845878e-20
0.00021272953591611846
0.020058016912117366
0.00823387607557746
0.10203845666975879
0.02066217218738239
27829659139888033e-21
0.1639858858246726
0.040393052085608894
557348166375111e-21
0.4431885577305244
44589656020814983e-23
0.003779777418586897
0.0009835811832538592
2299456595310469e-27
0.4622840500123998
0.7842243125944769
0.018475651155009064
0.42562010675908474
0.999907639719482
0.007464702690248022
0.2519573798667569
2233218459839565e-25
4630639615816667e-21
0.0006298387622335004
9121526345684678e-20
0.15543227896954304
8645608217177609e-22
0.00011182761876286842
0.20252433611472936
0.0009300828324591013
0.01200932680287906
12200900002357147e-21
0.16544784938005175
0.10917298347010325
0.02176409646549711
3147011182604821e-20
0.00015347415285558693
12006681091990736e-23
0.013890280071475252
0.204497972856521
8333314590446e-21
11103428905030165e-21
9106422675425834e-21
9651207164437522e-20
10586522125128795e-21
0.5453548200477845
0.20245856398344203
0.00518409290097545
0.0015509238179868981
0.04391364242440704
0.005921110057574386
6760886341992015e-20
0.02933839813810702
8324416591621111e-20
0.0007215229842862294
0.0894238788963887
997038935528751e-21
0.8837175676960118
0.8959031922432015
0.001831722949387174
0.0005373932307967097
58299101302364675e-25
0.001031933277684536
10390421411003303e-24
0.010395557038287435
0.030306244045017732
0.00090478423429068
0.00033775567847652385
0.00015457508445579658
26181882687147078e-22
0.006164535395046963
0.03171672399791684
0.02199232485190022
11257176079738677e-24
0.996201778596377
0.0730762575836569
0
0
8178633027447004e-20
6662207569188473e-20
1033639327135039e-21
7596610418855085e-22
0.00019352340748208298
0.009858638954947384
0.0054224717467555
1520423391481733e-23
0.00013151727721688494
7328787640985318e-21
0.06037524051178821
0.013606922812791225
0.11395379945212897
3845637393966753e-22
0.06527023496480028
0.007753955734352354
0.00012015908180503765
0.14525486131322077
0.0002965204967861166
18549559457239282e-29
851560360905389e-19
37361716007054842e-22
0.00012473254890572096
0.016645033392639928
0.003920462571322408
0.0001635798803082588
0.00015214005072931887
3799874526183683e-24
0.0005147653218419638
0.02354048262409741
1313513374739611e-23
0.0018094201208440819
0.0018043454513220506
4418946931956226e-20
0.12404677199295829
43374419804828746e-21
0.5724448796781655
0.0019146401372664376
0.23580013575123693
0.0033145198049263757
0.0007014089199707102
0.0005696387481707347
4475337394547478e-20
0.7079683472732478
12102148097960992e-21
2156812642298873e-20
0.008377329872419742
0.006489690643340027
21715985268701912e-24
8723830569101598e-20
0.0030657844644679947
0.15721745071277843
0.031309633677453826
0.00010012358093777837
0.023621247774370434
0.00035425615858421103
0
0.130016670687145
0.01250791392167224
0.6277918137948221
0.5319147975533278
0.5803497142552664
0.05560243483667747
0.030731469952528106
0.9468038352134037
0.6085955874364888
0.973168779084958
0.5151027113260027
0.2893044115099171
0.000765838640213719
0.016013941662426475
0.1693522565230841
0.42220768729120917
0.16344607221172883
0.0002993294457108082
0.027853235536879017
0.3813225674465563
0.13221182785876412
0.2085474813565492
