0.00011546950895628111
33.68603422410744
142.7999261049165
0
1708.667131106368
0.5060307313687297
208.80186840487926
0
86.44585799577429
0
812.6356309818343
0
28.149734072884055
0
34.19576763967216
0
27.43579301660774
16.028289187967793
284.67761779484306
678.0264871836
5.065137028235066
60.9487876938349
16.29710801711945
1.1154345131999435
0
6.45905702565885
0.6528074336715619
8.149364251986093
0.006453717563555885
2.9168685831075027
58.405774080118896
21.265650790499283
90.63809412890674
0.3838160985886803
46.81804993763561
2.4539855137307
25011370340474902e-21
45.36008434481558
61.45453031143517
80.95409180092264
46.44277148314616
0
4.732448768004389
0
258.9996477533424
32.43847222113128
4.75794612283137
0
12.025197489535783
0
3.191732983810249
11.544643340472305
29.54531330262155
28.692785086732076
18.403105683507388
50.5919766442636
1625.197351182554
2.06824304017501
0.0492407387884275
0.43232776748239443
11.041553561544859
51.63671285172052
1.8116712780766921
3.3910068984366926
0.0017871939573362414
0.0028473440517977917
327.00432221597265
0
269.88181813188567
0
7.778364170339082
0.029512551652836012
301.93561611591133
7.235117880764022
4.975901939145806
1.0085046834096665
2.970232792513258
0
662140572182444e-19
7.857120495793346
0.08283991962985145
0.0019024293569805688
0.04751191136544251
0.00827049410639052
0.0006457524305988749
0.0017383483241374153
0.19345964373788113
0.6788982796261833
0.8942991549930149
0.08785794468842074
0.010884167081782182
0.09071919626487858
0.017728094719939136
2.29689085311602
0.02672233429414314
3.4245180955901335
0.013538981656899249
0.02853617121480551
10.847013402683773
0.00044654918915436125
0
1.2636571737598508
1.5550477910492724
0.2253107606005668
0
2.7424937337487987
0.03356484468173286
0.05541077139971653
0
0.0032001233544709075
0
0.13422342853430985
1.2392117688168582
0
0
0
0
1.925346447840269
0.5657684334560534
1.2149623676941828
5.879511702142762
0.2962074701100578
1.2050352964676365
0.09923281440555153
0.3988924815903966
0.0037251878326620158
5.522849404626881
0.003695828326722734
1.6216960624366763
904660330582019e-21
0.03568454567766005
1.837207650930768
0.2671933354471042
0.5403209777968965
0.2018463385447303
0.8725119402318359
0.1996327684754334
0.00045935671557165316
0.01897340183888657
0.9997307519838088
2.3304412814906628
0.1331412208988245
0.09101137936801758
0.2528488918254481
0.02552663609079853
0.30895534673465685
1056.6229534187355
0.33505922770254276
0.6326892771553428
0.15789505516174454
43.501849692951474
0.2437748925195675
7.539457254115602
1.9907825692496994
2.8133124810339156
0.18426131079302904
0.3291767216552164
2.396516650777739
4.230225948035316
0.9233716429354897
4.060486054717416
3.985980952648906
4.811026495915452
2.079346573701579
2.815704433057857
0.26014192497289346
32.85233555983459
619.5851460485765
4.002301984418741
10684.838827849126
1.099999998462829
23.21906281605336
1.1826258386390485
45.43432610263201
1.07452318678676
1.3730512938776192
80.7474033681505
0.21076355348938067
1.1244952210264834
41.072165408798874
0
0.0009361364412288599
32399758927905207e-23
0
8790171309473533e-39
0.02231343133578365
0.036271091387707226
0.06210465158088317
0.029833496380348146
0.031764541385541085
0.04766472397415332
0.03624077738382069
0.05217492565218904
0.03466403523876385
0.0319270412509509
0.04929125411710797
0.03768447845994254
0.029112525517896448
0.033725911861866874
0.029102268415598403
0.03697549397245606
0.039062736177460776
0.054431205509859734
0.035794633291740596
0.027501229025383475
0.0019047860093516775
0.007503791391936212
0.02351026140115871
0.07836074638536646
0.04356953121824471
0.13157022030201768
9120779838596648e-20
0.010220093511927748
0.3142863164163831
4806127486435524e-21
0.08056382116118097
0.011059603998053934
0.001271273003249276
5486382219727827e-21
1204424832999819e-21
0.11584293562235218
0.09898381495828122
0.004162071062868217
0.042431514064250955
0.020714609358821235
0.0058195730027359865
0.012268054526236536
0.0004831228808503836
0.6896084337107776
15699130029913688e-25
0.0863807730514963
0.0003420342757947922
0.009730548509609941
0.011047397888373358
0.00015708696642200624
0.00017090495979249617
0.8031098634590583
0.00039366550564610915
0.060553138266559725
0.3513971170069769
13179246158613425e-22
25861727984746096e-22
0.00014474778851423806
1257163487556496e-20
0.0005948472818044128
1700336931856712e-20
1443227894225549e-22
10044051129029816e-22
19077359792933908e-21
0.08373120718408648
0.084702390009075
4350181237473477e-20
0.00021272953487052983
0.020058007616420195
0.008233874509135822
0.10203821610244405
0.0206621623232713
2782965912199347e-20
0.16398526449231335
0.040393014387459306
5573481663679339e-22
0.4431840193813165
44589656020355605e-23
0.003779777088492721
0.0009835811609013782
2299456595310469e-27
0.4622791121461669
0.7842101019620381
0.018475643268125445
0.42561592109388224
0.9998845371573907
0.0074647014027974384
0.2519559130755881
22332184598395536e-26
4630639615321232e-21
0.0006298387530678334
912152632646083e-19
0.15543172076526396
8645608217004908e-22
0.00011182761847393122
0.20252338842359222
0.0009300828124720574
0.01200932347058726
12200899998917697e-21
0.1654472169196554
0.10917270808562
0.021764085521213845
314701118031658e-19
0.00015347415231136536
12006681091957426e-23
0.013890275613601455
0.20449700660438147
8333314590444395e-24
11103428902181644e-21
910642267350981e-20
965120714291622e-19
1058652212253932e-20
0.5453479480544515
0.20245761690775738
0.005184092280033486
0.0015509237624110291
0.0439135978684537
0.005921109247524525
6760886331430833e-20
0.029338378250656955
8324416575610317e-20
0.0007215229722578908
0.08942369413321079
9970389355057825e-22
0.8836995224307065
0.8958846458744586
0.0018317228718651836
0.0005373932241241929
5829910130235682e-24
0.0010319332530803757
1039042141100081e-23
0.010395554541387301
0.030306222823786744
0.0009047842153761586
0.00033775567584073507
0.00015457508390373916
2618188268556325e-21
0.006164534517023353
0.03171670075540635
0.02199231367687962
11257176079735749e-24
0.9961788469694087
0.07307613419920468
0
0
8178633011992084e-20
6662207558933331e-20
10336393271103533e-22
7596610418721748e-22
0.00019352340661677185
0.009858636709310427
0.00542247106739536
15204233914811988e-24
0.0001315172768172431
7328787639744324e-21
0.060375156289867137
0.013606918534940789
0.11395349942059933
38456373939325824e-23
0.06527013653243531
0.007753954345192628
0.0001201590814714435
0.14525437381646847
0.00029652049475462647
18549559457239282e-29
8515603592299212e-20
3736171600382962e-21
0.0001247325485462491
0.016645026991236433
0.0039204622161983955
0.0001635798796900075
0.00015214005019451764
379987452618335e-23
0.0005147653157195333
0.023540469820357963
13135133747392123e-24
0.0018094200451983947
0.0018043453761000781
4418946927444497e-20
0.12404641645942818
4337441976136045e-20
0.5724373079900154
0.0019146400525671687
0.23579885105144385
0.003314519551094225
0.0007014089086036575
0.000569638740673444
4475337389919866e-20
0.7079567659600203
12102148094576994e-21
21568126412240675e-21
0.008377328250920295
0.006489689670248941
21715985268691016e-24
8723830551517515e-20
0.0030657842473035997
0.15721687961260197
0.03130961102775933
0.00010012358070615732
0.02362123488262337
0.00035425615568459765
0
0.13001628010901503
0.012507910306945404
0.6277827071456115
0.5319082601076909
0.5803419320049499
0.05560236340434229
0.030731448131609797
0.9467831214731585
0.6085870292009328
0.9731468956360436
0.5150965806124137
0.2893024776476364
0.0007658386266624535
0.016013935737235904
0.1693515938593614
0.42220356847542845
0.16344545496330432
0.00029932944364064704
0.027853217611945327
0.3813192077219731
0.13221142398044894
0.20854647645736304
