0.00018503908823989357
32.92225233565217
142.62243508078402
0
495.16635411481076
0.5281168579581085
210.8075068671854
0
88.42405267533226
0
771.7505853531966
0
28.915203160960374
0
34.19037383092761
0
27.48841048444408
16.36017530673519
290.797738486556
606.0500107018687
6.127770970038869
60.213573396683195
15.10700859977653
1.1132278004175638
0
6.457664793486861
0.651312231690588
7.953191492636113
0.00647237957732912
2.9419128203818867
57.25285411779514
19.392007459895897
24.370455849161335
0.3944791759290105
42.005942459348795
2.4217158952134588
6770850054164578e-21
45.280857782566166
61.372314528396565
75.98164305586202
46.54429882857368
0
4.738942155673634
0
251.93120697132812
33.441504964647585
4.821213803180298
0
13.015595859306357
0
3.489252702336921
11.507960197620138
30.69534349259616
29.99216931993189
18.395041384450927
75.12583250987248
1517.2789405631731
2.0578157508503803
0.05809486060557879
0.37966979628992714
11.624838309635576
51.59563594250907
1.8144825631311927
3.3747045665359408
0.0028576782495312973
0.004577213447259556
332.0627713175605
0
270.9207221726619
0
7.440120165877096
0.03049714284939197
296.89256239044306
7.704049910640534
5.411875589296871
1.0027105858599867
2.9833843218678826
0
634310660902923e-19
7.234126464691189
0.07667983667005508
0.0018851659874531597
0.04730110122900344
0.008210104618832313
0.0006388267826208594
0.0017371962086484415
0.1818498245088889
0.6788672057136408
0.8389812347010311
0.0954388669585893
0.010881524565262115
0.0866327382630022
0.016973185446601525
2.293814747299717
0.02507259344759377
3.406515166848976
0.012582405698223402
0.026537339853420192
10.81035966394757
0.000457296880599364
0
1.2637654742707767
1.5536182126723608
0.22426215924498646
0
2.742292927837967
0.025682778756360873
0.054561590341269686
0
0.003540411674778519
0
0.13422281343817377
1.2391700759914586
0
0
0
0
1.82384698867556
0.5658190501145726
1.2138849029956496
5.878162939414916
0.296316952407433
1.152787971846767
0.09939188105313895
0.39635980675491317
0.004708830800815069
5.514328297377749
0.003697440744671317
1.622039990681819
9046810303897725e-22
0.03776996580702054
1.8410186674199354
0.2530366990134029
0.5237486158678542
0.1723522759097615
0.872376283458162
0.1996444572183532
0.00042217021439023075
0.017659538404817217
0.999426367029082
2.3275159325880788
0.133173192019173
0.08521002558198555
0.23430262480418046
0.02370036755185776
0.2844094380947798
949.4667679237662
0.3470060907854044
0.6326796373024576
0.15726779126829854
43.22891365822059
0.22990542914306863
6.971072030298167
1.9907443463025247
2.8130321435122614
0.18428898707377006
0.30635753306389474
2.3964386010456917
4.229523947950672
0.9234587247515078
3.784408227694419
3.673856919628731
4.483385421407108
2.1365016079256756
2.587385289076852
0.24425493535489498
30.6699726810272
619.5851214947087
4.002301971957678
10684.312545385807
1.0999999975366934
23.219062781213506
1.1826251493957267
45.43430558970546
1.1277912262135572
1.3816728768089737
74.76256217549835
0.21568445491166346
1.1244927716342974
44.33975407860672
0
0.0008768091223608157
4868417320199137e-22
0
5764311572937116e-36
0.02032447890476636
0.0330360491785945
0.05665143398113114
0.027224202214304327
0.029527387887666127
0.04344431044133774
0.03300412354474249
0.04756499294184207
0.03157277341731396
0.029094003101564205
0.04489599715393151
0.0343232328065388
0.02654258693195558
0.030741094093825753
0.026542242010066334
0.03374369012812991
0.03561760818408474
0.04958210598972615
0.03266515239031868
0.02504858861892018
0.0019047857569386136
0.007503787474687522
0.023510222947725857
0.07836031919716353
0.04356939915356629
0.13156901598952575
9120779780722668e-20
0.010220086245357536
0.3142794444450994
4806127484828544e-21
0.08056336961485443
0.01105959548865434
0.001271272890815429
5486382217633759e-21
12044248328988984e-22
0.11584200201869228
0.09898313332431787
0.004162069857725432
0.04243138880842895
0.020714579506809876
0.005819570646592029
0.01226804405564538
0.00048312286461230623
0.6895753473750841
1569913002991198e-24
0.08638025394486516
0.0003420342676560245
0.009730541922508341
0.011047389397746481
0.00015708696470528546
0.00017090495776047273
0.8030649891844884
0.0003936654948647351
0.06055288317575078
0.35138852631635636
13179246157405056e-22
2586172798009307e-21
0.0001447477870566217
12571634864569761e-21
0.000594847257187683
17003369298453545e-21
14432278942110576e-23
1004405112832798e-21
1907735976761436e-20
0.08373071943438044
0.08470189087907391
4350181224308076e-20
0.00021272953172223822
0.020057979626886473
0.008233869792545529
0.10203749175210568
0.020662132622232498
2782965906811252e-20
0.16398339366038725
0.04039290087766912
5573481663463234e-22
0.4431703545872452
4458965601897239e-22
0.0037797760945716776
0.0009835810935975426
2299456595310469e-27
0.4622642444349298
0.7841673149731905
0.018475619520556305
0.42560331820746045
0.9998149780304362
0.007464697526255213
0.2519514965849283
22332184598395187e-26
4630639613829464e-21
0.0006298387254697987
9121526268577378e-20
0.15543004001134061
8645608216484898e-22
0.00011182761760393464
0.20252053493038052
0.0009300827522906073
0.012009313436984954
12200899988561434e-21
0.16544531258133516
0.10917187890074947
0.021764052567756393
3147011173426633e-20
0.00015347415067270157
12006681091857138e-23
0.013890262190848716
0.20449409722435183
8333314590439564e-24
11103428893604683e-21
910642266774062e-20
9651207078115081e-20
10586522114742345e-21
0.5453272568460709
0.2024547652676614
0.005184090410363287
0.0015509235950708108
0.04391346370971798
0.005921106808446279
676088629963087e-19
0.029338318369165037
8324416527401441e-20
0.0007215229360402859
0.08942313780930279
9970389354366235e-22
0.8836451899434931
0.8958288046464986
0.0018317226384446932
0.0005373932040330905
5829910130233317e-24
0.001031933178996682
103904214109933e-22
0.010395547023166711
0.03030615892625786
0.0009047841584240983
0.00033775566790431385
0.00015457508224148137
26181882680794305e-22
0.0061645318732746575
0.03171663077177111
0.021992280028667738
11257176079726931e-24
0.9961098024963663
0.07307576268701578
0
0
817863296545696e-19
6662207528054861e-20
1033639327036024e-21
7596610418320269e-22
0.00019352340401129994
0.009858629947648564
0.005422469021826734
15204233914795894e-24
0.00013151727561391236
7328787636007661e-21
0.06037490269641915
0.01360690565424204
0.11395259602347622
3845637393829695e-22
0.0652698401511982
0.007753950162401985
0.00012015908046698373
0.14525290596232227
0.00029652048863776267
18549559457239282e-29
8515603541850486e-20
3736171599411839e-21
0.00012473254746387096
0.01664500771647694
0.003920461146911955
0.0001635798778284385
0.00015214004858421875
3799874526182346e-24
0.0005147652972847538
0.023540431268043623
13135133747380117e-24
0.0018094198174274962
0.0018043451496049933
441894691385958e-19
0.12404534594587768
4337441963047639e-20
0.5724145100661766
0.0019146397975357285
0.23579498283284173
0.0033145187867998495
0.0007014088743771997
0.0005696387180989288
44753373759860196e-21
0.7079218955013531
12102148084387694e-21
21568126379878026e-21
0.008377323368549757
0.006489686740249996
21715985268658207e-24
8723830498571432e-20
0.0030657835934166625
0.15721516002925456
0.03130954282910294
0.00010012358000874095
0.023621196065316496
0.0003542561469537944
0
0.13001510407629352
0.012507899422925387
0.6277552876113531
0.5318885761924645
0.5803185000989467
0.055602148320478745
0.03073138242841234
0.9467207546574012
0.6085612608819442
0.9730810070353954
0.5150781213322484
0.28929665482152456
0.0007658385858592804
0.01601391789636294
0.1693495985791833
0.42219116686823494
0.1634435964280605
0.0002993294374073437
0.02785316363962398
0.3813090916920947
0.1322102079009263
0.20854345071185024
