1.0544148356414658
5.336548158383761
16.06103103074446
0
16.15884326586282
0.010850056954168727
16.651927550056914
0
17.574383273988172
0
34.993159374167256
0
10.934009395223233
0
18.181580638913267
0
22.652882240563926
2.508711411744828
44.08031238017953
2.2383157742489894
1.2342764461093434
34.54659689767299
23.40294519641948
0.07285827297111244
0
0.12429626207167542
0.001537831962860278
0.06640712537973283
0.006868273049206166
0.6373740604658362
0.582010821772712
0.0324049011135331
0.006078394302734172
0.10707267363951721
0.036115860697168274
0.02845807591721166
2371764343698484e-23
0.12807883566625175
0.1311695498112917
0.0528642893058211
0.04414258410098425
0
0.014923396535095428
0
3.706657430595832
2.885501726430134
4.117753721398632
0
5.309536718969875
0
1.2101079572176376
0.13598852120004887
32.53670434352746
32.93899014495066
17.317761669345515
55.68320805283249
61.34376154783999
0.47813967830300197
0.055213797275163005
0.009049102082780605
17.27114717214354
33.82417897859706
0.014493177526887228
0.7522001409858085
0.7171475948760141
0.8955133907625124
46.86808599152195
0
45.568927022204264
0
15.294808598852985
0.016503225982608595
0.01650119786464991
13.126784692177509
3.245369794813945
1.2727232838450688
2.422240518007597
0
0.000599934627019893
0.009653445787765643
0.06872694858880656
0.03391082243423338
0.011822378233303083
0.0004634331606236923
0.00034445982587700337
0.001040342483147471
1.943168833673949
0.38991178578883734
0.12845005817207253
0.19533692519749382
0.004468039383765878
0.06329766960866366
0.0053515629818328145
0.0015261721421269993
0.08094426157514766
0.7190687966335066
0.02288764913454209
11377580066724056e-21
0.011235746084466555
0.001375169614176326
0
0.938483286959503
0.5671960443700148
0.06804613752997836
0
0.32412823375498095
5196242087355196e-20
0.029609764696579617
0
0.0004677076258092639
0
0.1268984517071286
0.7355165706515349
0
0
0
0
0.008829570402057478
0.3876509440956723
0.0026400177565677556
0.0034211861917151634
0.39192478740411685
0.3699900687955121
0.18234049540386124
0.1807944346941299
0.04452518138994899
0.20522614401584965
0.0006091329320463251
0.2810000531364976
9552676136752046e-22
0.006661302609533863
0.25704449919072514
0.07595899536367476
7927465814710385e-25
0.002450532619820001
0.08499218402768781
0.216981770325969
0.019480587451268162
0.027810710277930556
0.17295815465827402
0.3030875339768779
0.2497078605005684
0.15459129294329427
0.26083577034932054
4673036558812549e-26
0.22192552089768292
0.22185662381919094
0.4501225468891581
0.5596762320207568
0.001579718827134263
0.7692600080471184
0.5052109708423276
11.01267614417986
2.0753604184852317
2.734213851637052
0.10212270318775424
0.4624675494519496
2.568843834970177
4.031755390262893
0.6272032783155761
5.375880437890547
7.529245463463952
4.826238031139584
2.4324176834105726
3.0404150206519134
0.5793622165434428
52.17011416169171
619.213153634532
4.002113146442295
5065.062167017961
1.099985963336595
23.21853483770208
1.1722266182764753
45.124521832376786
1.3047218772099554
1.3969435770034897
1.0999849529977588
0.9228403648976765
1.0879822122483385
42.54692083475115
0
0.0008127015991363673
0.0007408790719779482
0
0.007936904702677947
0.007846510653665695
0.00780743154432684
0.007046172541235035
0.007223064634544757
0.009763142813214862
0.006925093341801542
0.009795582587163497
0.006055648103454137
0.007454192338605089
0.009366834976733436
0.017351668789653406
0.007946950902331157
0.008883341270532568
0.008338527403398691
0.00925446089758973
0.004163250800989737
0.012038080239839415
0.018611646330413158
0.01240465592737424
0.007819722144101657
0.0019009646276423164
0.0074446612321890674
0.022934677356835433
0.07214707077731614
0.04161341205802878
0.11452855682389486
911990282361047e-19
0.01011056264493244
0.22563993400727198
4806103133382251e-21
0.0740033604770393
0.010931396287507505
0.0012695702541959564
54863504849976245e-22
12044233035928278e-22
0.10252436760303053
0.08917463028907949
0.0041438476117095354
0.0405751416647817
0.020267117917200973
0.005783975884916991
0.012110398580985105
0.00048287686188847474
0.3332897771742155
1569913000392904e-24
0.07886148934876935
0.00034191095823584393
0.009631233866736116
0.010919472197308435
0.0001570609523524923
0.00017087416805747186
0.3443624614928306
0.0003935021520997614
0.05680814516963793
0.24260247062445975
1317922784623373e-21
2586165747024591e-21
0.00014472570060092358
12571468248867701e-21
0.0005944743419801324
17003064507992694e-21
14432276746248294e-23
10044040492951046e-22
1907697608911672e-20
0.07665640331710873
0.07746616567326517
4349981725625965e-20
0.00021268182910864894
0.019638290604173873
0.008162705788429415
0.09163078689441806
0.02021692174572164
27828842589730893e-21
0.1379489568605065
0.038708930307648645
5573478388636616e-22
0.27774752949894116
44589635058386054e-23
0.0037647445798249285
0.000982561726608992
2299456595304895e-27
0.28393980303662897
0.3430272465711168
0.018119240486633065
0.27172450275657806
0.348396236730068
0.007406184495634534
0.19317749627208855
22332184593137397e-26
4630617008221437e-21
0.00062942065462691
912064916791411e-19
0.13193798935169646
8645600336485371e-22
0.00011181443479852325
0.163584570081816
0.0009291712334638861
0.01185822671563256
12200743054856006e-21
0.1389644277039372
0.09730291408054649
0.021270374560546246
314690676761954e-19
0.00015344932102010153
1200667957207552e-22
0.01368834125031152
0.16483536404404764
8333314517229492e-24
11103298922450024e-21
910633524411556e-20
9650225157294168e-20
10586403963176288e-21
0.30687111007149626
0.1635427850032997
0.005155835455436047
0.001548389859876508
0.041926819487317066
0.005884261111251153
6760404432747901e-20
0.028444788377322262
8323686021308184e-20
0.0007209743175200996
0.08137803241646341
997037887441429e-21
0.34804722265540744
0.3483415007577036
0.0018281888902170692
0.000537088837670573
5829910094402316e-24
0.0010308111545736048
10390421297177702e-24
0.010282240945750153
0.029353186865397646
0.0009039215410002243
0.0003376354239395668
0.00015454989509972478
26181810414392284e-22
0.006124599461019126
0.03067366165745552
0.021488254268077746
11257175946130671e-24
0.34846411258394855
0.0676574219646991
0
0
8177927821143129e-20
666173962448926e-19
1033638200686701e-21
7596604334521799e-22
0.0001934839257524553
0.00975669706827098
0.005391559723691165
1520423367109093e-23
0.00013149904208213935
7328731012354552e-21
0.056651800386941356
0.013413110056104422
0.10105326785196563
38456358347372983e-23
0.06092964404687693
0.007690824191763129
0.00012014386024516096
0.12462912720755535
0.0002964278105965278
18549559457235647e-29
8514839096105706e-20
37361568834700557e-22
0.00012471614661497272
0.016355473590129666
0.0039042910458315537
0.00016355167078207803
0.0001521156487108514
3799874510960255e-24
0.0005144860197419528
0.022963414835106277
13135133565491927e-24
0.001805971557738893
0.0018009161954874802
441874105823246e-19
0.10883923555205217
43372436310827295e-21
0.3130437749078778
0.0019107790502677067
0.18389588723374564
0.0033029571858988233
0.0007008904119398875
0.0005692967355565884
4475126233025681e-20
0.33560122795697084
12101993680780222e-21
21567635974538107e-21
0.008303663631321604
0.006445438247482534
21715984771500024e-24
8723028211561025e-20
0.003055890846820329
0.1332023745962935
0.03029295840403802
0.00010011301219587726
0.02304023809459297
0.0003541238685304177
0
0.11336146679450967
0.0123440500266282
0.32384830268738507
0.3035802659125719
0.3147322669262604
0.052436546198307635
0.029751698956229325
0.3488939684857016
0.32036530128336604
0.348776591744104
0.2992430491143737
0.21324701056505527
0.0007652205203197945
0.01574583385620029
0.14165949014941037
0.2705175376822701
0.13757313051835013
0.00029923499530457704
0.027047180561272297
0.2550844172191813
0.11500893138035809
0.16738326991507435
