1.0628762907976221
1.5658377852959833
10.353102730424009
0
10.428292563554795
0.006883920024937174
10.837221949284473
0
11.621715262891131
0
23.011779989876516
0
8.837146536332554
0
16.93165093177278
0
21.991039403539343
2.6427484560305983
43.75101579779049
2.5965353881344297
1.3064716554798959
41.65425208640351
23.677773855136444
0.04813634537068898
0
0.11578452298413208
0.0015126955646180696
0.06320094773699775
0.006867284586910348
0.605940027311263
0.5539607783887541
0.021190425522799067
0.003149253665427182
0.10144229153991785
0.023514514727175095
0.022909019690244965
8157869516345473e-24
0.12198893384954711
0.12672115362443367
0.0694828578008309
0.05567361017816232
0
0.01625153272626155
0
3.819612519135256
2.7744100281412245
4.11763775909031
0
5.305645841253787
0
1.5359676525559298
0.15575063415261228
32.530838536426266
32.938770009843175
17.285585590302027
43.484815496249674
61.33628752256447
0.5983163703890726
0.07217256187136317
0.009087709035805896
17.147685218346275
34.11926505710465
0.015231892889804338
0.8515150353978493
0.9118617631162141
0.9260114854444514
52.97891709504013
0
51.223227032775334
0
15.297729937600694
0.01878242558086006
0.0187741237224918
12.963702310094325
3.846087582594275
1.267362216440329
2.4180489289792746
0
0.0006863196157019348
0.011089665260135311
0.06945170755339
0.0338596533165556
0.01350615425903898
0.0003961951122883983
0.00029336627045719487
0.0010628904129306024
1.9631175736400763
0.3896964352084176
0.14923806901806355
0.19374680051634155
0.005978251890862798
0.06684741366526041
0.005836356754564658
0.0013789142004981573
0.08083070430863211
0.8323796457614737
0.023001978718185517
9984182488811878e-21
0.011858175840698891
0.0013598190959456702
0
0.9357064077938627
0.5707827053057314
0.07776035109464821
0
0.321755144917196
6229542007247695e-20
0.0353954365483994
0
0.000351857428299865
0
0.12684278824510425
0.7320041977143029
0
0
0
0
0.007611521312149398
0.3880894737540739
0.00240379468686697
0.003271381545306103
0.39132143308749706
0.369039398008749
0.1822323160379162
0.22748370674867
0.045077773131189755
0.2154107396856742
0.0006031786535448183
0.2783274723006939
9547615928235502e-22
0.006726005742651914
0.261523047625573
0.07282449160176988
6418263224292786e-25
0.0024632471777111774
0.08316052383048098
0.21660718065483936
0.019870361668973324
0.0283177152627168
0.1700593672725664
0.29864088765088787
0.24911022119889673
0.15663058591105525
0.2632047859044095
38072391324134233e-27
0.22321212330047566
0.22318309986448956
0.44929624296032167
0.5591088896752255
0.0013371661650324143
0.7891834713117077
0.5118252285028848
11.146392571913621
2.0782121497595964
2.742080725107622
0.10227057746177373
0.46739404203850377
2.5749551258638737
4.050721453473258
0.6279701249085403
5.3890229111637815
7.554012029475924
4.844703515987778
2.435191692829397
3.043919147848452
0.5854578879496471
52.62777188202858
619.2101690510577
4.002111630927704
5034.808930991975
1.0999858506960762
23.21853060037245
1.1721435285753756
45.12204401096644
1.3047700046344097
1.396942565613103
1.099984840330819
0.921685309245833
1.0876940174716496
52.09076875965402
0
0.0008217490707469761
0.000742545553321077
0
0.00795413238569822
0.007900219782296014
0.007846359278428907
0.007039444175334126
0.007256494368525515
0.009797888992320166
0.0069350594976661396
0.00989419266556091
0.006059421522587469
0.00749467674133304
0.009435853495487702
0.017508071571991534
0.007981424020059961
0.008951338477416228
0.008380003754541041
0.009327661404573364
0.004201547575412176
0.012129716376859726
0.018738200300773923
0.012495841196167867
0.007877267274636598
0.0019009339895386635
0.0074441885629516116
0.022930115379406823
0.07209924937778424
0.041598073539886864
0.11440112399642634
9119895785321762e-20
0.01010968835196416
0.22504066074884077
4806102937933265e-21
0.0739529300581059
0.010930373370247357
0.0012695565977293242
5486350230306004e-21
1204423291318326e-21
0.10242392113114056
0.08909997275072135
0.004143701679591557
0.040560576419668024
0.020263565885952923
0.005783691076873556
0.012109141517341698
0.0004828748879291668
0.33135051002456395
1569913000372049e-24
0.07880386941646252
0.0003419099687101044
0.009630440914702745
0.01091845152353428
0.0001570607435896718
0.00017087392095571614
0.3420300714545081
0.0003935008413528969
0.05677904576496944
0.2418821753323763
13179227699264777e-22
25861656904320814e-22
0.00014472552334433115
12571466911586324e-21
0.0005944713498354457
17003062061706766e-21
1443227672862388e-22
10044040407589471e-22
1907697300966905e-20
0.07660211189613245
0.07741066459672971
43499801244474175e-21
0.00021268144628138974
0.01963495786993336
0.008162137107416381
0.09155170683702173
0.02021338748219701
27828836036612134e-21
0.13775767435495642
0.038695702425973276
5573478362352224e-22
0.27670787869389396
445896348901523e-21
0.0037646241760767737
0.0009825535492447226
229945659530485e-26
0.2828312674584163
0.340758399571932
0.018116408106140708
0.27074764518449274
0.3454607344211954
0.007405716718830147
0.192766085261774
22332184593095185e-26
46306168267848396e-22
0.0006294173002311502
9120642128473314e-20
0.13176457828604407
8645600273238976e-22
0.00011181432899702783
0.16330447810606216
0.0009291639210499178
0.011857021785442953
12200741795283466e-21
0.13877002043318684
0.09721306991420832
0.02126645784779771
31469059296520635e-21
0.0001534491217486899
12006679559877454e-23
0.013686732524911266
0.16455038234883154
8333314516641896e-24
11103297879282193e-21
9106334542439792e-21
9650217276609182e-20
10586403014873977e-21
0.3054582459246996
0.1632628554363036
0.005155609299722398
0.0015483695403747883
0.04191124343079098
0.005883966309889629
6760400565328705e-20
0.02843772794273006
832368015838231e-19
0.0007209699158881527
0.08131648001001886
9970378790300184e-22
0.34545418201781036
0.3457106144045002
0.0018281605552562061
0.0005370863954639235
5829910094114732e-24
0.0010308021539224507
10390421296264197e-24
0.010281336542913496
0.029345660627095895
0.0009039146207915347
0.000337634459011109
0.00015454969295938733
26181809834368783e-22
0.006124280004305078
0.030665430858371756
0.021484255945698284
11257175945058397e-24
0.345538875252512
0.0676155999000744
0
0
8177922161762482e-20
6661735869136394e-20
10336381916464052e-22
759660428569206e-21
0.00019348360892478624
0.00975588321311037
0.005391312353690789
15204233669134902e-24
0.00013149889574646303
7328730557883775e-21
0.056622866342725064
0.013411565833123513
0.10095587671441414
384563582222372e-21
0.06089600283975318
0.007690319614911776
0.00012014373809247416
0.12447604163999541
0.00029642706686157946
18549559457235616e-29
8514832960791811e-20
3736156765357254e-21
0.00012471601498726623
0.016353170224210383
0.003904161531595628
0.00016355144440646766
0.00015211545288851212
3799874510838078e-24
0.0005144837788186531
0.022958841272977384
13135133564032059e-24
0.001805943907930453
0.0018008887004062545
44187394060336075e-21
0.10872505475264051
4337242039268159e-20
0.31153106609383713
0.0019107480946662953
0.18352933371648691
0.003302864553552918
0.0007008862522093345
0.0005692939915683205
44751245383911574e-21
0.3335967070201685
12101992441514548e-21
21567632038493752e-21
0.008303075051504015
0.00644508432362384
21715984767509748e-24
8723021772546577e-20
0.0030558115749684564
0.13302529226123694
0.030284934079938968
0.00010011292738105046
0.023035633489368657
0.0003541228070376749
0
0.11323682149686948
0.012342743659829892
0.32213247186252375
0.30221692335238004
0.31319044776619653
0.05241188165851538
0.029743963517857828
0.3461097848307711
0.3187196950003417
0.3459161534813771
0.2979415691513725
0.21272561995943148
0.0007652155616228916
0.015743700417431745
0.14145663904327893
0.26955280275912613
0.13738299666968112
0.0002992342374142867
0.027040806846123464
0.25426267363905763
0.11488034074729102
0.16708815763097445
