1.0653011134629145
1.0590629586386828
8.954887452318289
0
9.022835991699298
0.005928064102137804
9.390515438895843
0
10.098043984939617
0
19.98238746059394
0
8.311019355193078
0
16.54038942526268
0
21.769941607866617
2.685128592007642
43.61926055900211
2.7098398280100735
1.3294121824821208
43.74865415715879
23.739211614349852
0.04198181730117336
0
0.11296284217510402
0.0015025434814477528
0.06223947065600666
0.0068669944178492235
0.5965248206943276
0.5455480622932861
0.018491225416623604
0.002525150788696448
0.09976303353122232
0.020505285969686503
0.021245820193490486
57983621993055725e-25
0.11983257519698827
0.12508193312393737
0.07526509379862485
0.05996781807383433
0
0.01676204933982979
0
3.845777424015398
2.743299800051428
4.117818521730727
0
5.304584547624532
0
1.6391172861548304
0.1620463449984924
32.52914365637567
32.93869009242968
17.274694677393548
40.50705681992465
61.33391387988332
0.6356826682920551
0.07613291227188268
0.00910180600673161
17.105028889583203
34.19098252551861
0.015523370253429945
0.8829054007623074
0.9735035601924524
0.9367237505925572
54.90849562040781
0
53.05988156426806
0
15.290992548103045
0.01949912112981365
0.019489352173180936
12.9064007221661
4.019974716038663
1.2655844290859273
2.4168483438256696
0
0.0007132964504211984
0.01154897047300982
0.06960696299874872
0.03384154833038888
0.014043727816227942
0.0003797007748179879
0.00028092790952469307
0.0010706777557626928
1.9676154799564047
0.3896953625157673
0.15484384550025318
0.19320209252509962
0.006471362510537582
0.06792596470248884
0.00599210312971097
0.0013320573206646747
0.08069062928739629
0.8621564107936969
0.02301166458483961
9548203231366642e-21
0.011923848051458907
0.0013544036163335234
0
0.9349096768314933
0.5715273784848185
0.08085184259925161
0
0.3211753688322095
6537152305279684e-20
0.03707811658376893
0
0.00032524565258848314
0
0.12682690038090555
0.7310019834484839
0
0
0
0
0.007200791035921072
0.3882177090703049
0.002327238060449087
0.0032252775630639105
0.3911486331043329
0.3686355957339374
0.18218692335634823
0.24205887971188764
0.045274129334962374
0.21909277283274328
0.0006016784983247939
0.2776576262868403
9546156747605405e-22
0.006749432864692906
0.2631627530327249
0.07182495687316547
6038445875791485e-25
0.002468410644910068
0.08263894888069842
0.2164993322752863
0.01996381177766021
0.028444717227233372
0.1692258071944569
0.29736838128921383
0.24893781485524788
0.15712304827606796
0.2636921075562524
3586725418292174e-26
0.2233918965844674
0.2233724409156437
0.4490630017310977
0.5589458725645431
0.0012661431449981395
0.7861877628808279
0.513449757814209
11.176374737556511
2.0790212348888697
2.744293256322313
0.10231391556347963
0.46849671372082585
2.5766911402909907
4.056067915900439
0.6281941964816481
5.3891371255616844
7.554460887896238
4.846839809146766
2.43598417296927
3.042430261373624
0.5868829293364057
52.7231220339674
619.209313753348
4.002111196622592
5026.172536504429
1.0999858184163724
23.21852938606929
1.1721197184150964
45.12133395989718
1.304784860350056
1.3969422757280368
1.0999848080435446
0.9213543599079542
1.0876114426941619
54.0883801356178
0
0.0008238715658153254
0.0007430501000987643
0
0.007959356504295958
0.007907394925009597
0.007849355762209468
0.007030303375748473
0.007258724721616644
0.009800761297069192
0.006930772629053818
0.009912136031489141
0.0060541480004252515
0.007498596570937272
0.00944593265991881
0.017534839896494795
0.007983013194070993
0.008961719184309073
0.008383267837269717
0.009339207492199918
0.0042096082836247835
0.012143605172188168
0.018755101304433742
0.012509320205589454
0.007885597727604521
0.0019009252095833803
0.007444053114350083
0.02292880820817739
0.07208555091104038
0.04159367898055706
0.11436463136359364
9119893768340852e-20
0.01010943781734164
0.2248692189438743
4806102881922909e-21
0.07393848440953481
0.010930080247658186
0.0012695526841848964
54863501573183235e-22
12044232878007879e-22
0.10239515405325995
0.08907858945770739
0.0041436598603672966
0.04055640338093479
0.02026254808527691
0.005783609461228225
0.012108781301182968
0.0004828743222476623
0.33079685188600216
15699130003660724e-25
0.07878736487508452
0.0003419096851394975
0.009630213688275291
0.010918159043808976
0.00015706068376398263
0.0001708738501431467
0.3413645889096785
0.0003935004657293384
0.056770709416098526
0.24167615283618257
13179227657147474e-22
25861656742142097e-22
0.00014472547254745799
12571466528357918e-21
0.0005944704923710229
1700306136066789e-20
14432276723573199e-23
10044040383127166e-22
19076972127183285e-21
0.07658656054276536
0.07739476683102764
43499796655933494e-21
0.0002126813365736476
0.019634002903310167
0.008161974146225501
0.09152905722977306
0.02021237477240357
27828834158667004e-21
0.13770290690888123
0.03869191250862625
5573478354819834e-22
0.2764106611241212
4458963484194109e-22
0.003764589672350704
0.0009825512058473165
22994565953048373e-28
0.2825143899196209
0.3401109805991965
0.018115596504633777
0.2704683523562724
0.34462406819596547
0.007405582672180942
0.19264834767277839
22332184593083085e-26
4630616774790052e-21
0.0006294163389559521
912064011116225e-19
0.13171492542608743
8645600255114282e-22
0.00011181429867721837
0.16322429981734804
0.0009291618255217805
0.011856676507828748
12200741434324296e-21
0.1387143587565285
0.09718733831872624
0.021265335557527153
31469056895134416e-21
0.00015344906464297668
12006679556381823e-23
0.013686271542867728
0.1644688052202753
8333314516473509e-24
11103297580338713e-21
910633434135863e-20
9650215018220621e-20
10586402743116368e-21
0.3050545580234678
0.16318272360953856
0.005155544491481247
0.0015483637174079972
0.04190678082392799
0.0058838818305688295
6760399457032071e-20
0.028435704937503577
8323678478228146e-20
0.0007209686545052351
0.08129884935044639
9970378766195372e-22
0.3447146548944525
0.34496034361917577
0.0018281524353088655
0.0005370856955960396
5829910094032317e-24
0.001030799574595381
10390421296002412e-24
0.010281077380350024
0.029343504167885292
0.0009039126376579094
0.00033763418248939367
0.00015454963503151907
26181809668149846e-22
0.0061241884597805565
0.030663072542635682
0.021483110272523222
11257175944751116e-24
0.3447051178759596
0.0676036196015437
0
0
8177920539938801e-20
6661734792954901e-20
10336381890557025e-22
7596604271698783e-22
0.00019348351813069828
0.009755649996895651
0.005391241466276194
15204233668574358e-24
0.00013149885381067252
73287304276448286e-22
0.056614577358009635
0.01341112333363711
0.10092798437331037
3845635818637669e-22
0.060886365610357936
0.0076901750230272195
0.00012014370308686289
0.12443220615933107
0.0002964268537277372
18549559457235606e-29
8514831202578712e-20
3736156731509342e-21
0.00012471597726637502
0.01635251020205444
0.0039041244171339516
0.00016355137953343908
0.00015211539677120788
37998745108030655e-25
0.000514483136632849
0.02295753078252858
13135133563613697e-24
0.0018059359843262232
0.0018008808211419768
4418738932558516e-20
0.10869235573195309
4337241583097552e-20
0.3110989140364495
0.0019107392237262177
0.18342442421467667
0.00330283800812363
0.0007008850601483673
0.0005692932052184324
4475124052755162e-20
0.33302447621636627
12101992086374772e-21
21567630910530737e-21
0.008302906388244808
0.006444982902265039
2171598476636624e-23
8723019927301229e-20
0.0030557888581931565
0.13297458869801726
0.03028263491900263
0.00010011290307544362
0.0230343141045338
0.000354122502843343
0
0.11320112682029647
0.01234236931616156
0.32164243947610216
0.3018273563952314
0.31274999840283296
0.052404815611905436
0.029741747122622324
0.34531601722726796
0.31824966923341613
0.3451007629329725
0.29756964500559
0.21257643875274826
0.0007652141406012948
0.015743089085258708
0.1413985610062241
0.26927697078509144
0.13732855794368864
0.0002992340202239186
0.0270389805898033
0.2540276726864047
0.11484351668499204
0.16700368244408031
