1.0686958651943237
0.6032251999587221
7.235053474993505
0
7.293206309678973
0.004762709950118236
7.601928043269318
0
8.196957295661312
0
16.22343085300292
0
7.630921870904127
0
15.973450802037101
0
21.435570780645122
2.746742026352131
43.401615308891756
2.871039090024123
1.3628707105157845
46.59489694311237
23.81456890086757
0.034341096003347775
0
0.10881262914298229
0.0014858607909263787
0.06086631816670731
0.00686658601341477
0.583091178851744
0.5335324828126333
0.015189386187263265
0.0018183993782270118
0.09737308022132131
0.01683388536137426
0.018946702913152744
35419416701376595e-25
0.11653205175130377
0.1225015580922694
0.08390928465203241
0.06668953264730847
0
0.017593710576321513
0
3.876755286550765
2.7001659368869206
4.118215389344786
0
5.303137634628477
0
1.7852304031636541
0.1710078654706827
32.526761149225244
32.93856647545773
17.258006503713766
36.72416381498867
61.33045873647773
0.6880194726848499
0.08105820753155416
0.009123620988169979
17.040964947943607
34.2807635667212
0.016003838463414542
0.9272586341114102
1.0608394890914559
0.9531175574278031
57.63578795155834
0
55.6994481222772
0
15.277758003170574
0.020510777521148278
0.02049949451691516
12.819236307907655
4.2543942425142305
1.2629792857918845
2.415167927069705
0
0.0007513067241407422
0.012204479631943195
0.06979192075270463
0.03381433574689023
0.014810475209235242
0.0003591302750808061
0.00026547171246161816
0.0010824704132550028
1.9731680968166396
0.389731879791993
0.16196101771099713
0.1923740553174
0.007179780650064237
0.06946008270048708
0.006220988788374648
0.001263737015568342
0.08042247731735487
0.898738454045308
0.02301030035108415
8921056446983252e-21
0.011906955212962334
0.0013460871364326455
0
0.9337935404501093
0.5723377190217788
0.08525124078592525
0
0.32042858382515904
6958898242252141e-20
0.039346525376282616
0
0.000292154835889056
0
0.12680471312476452
0.7296024025477932
0
0
0
0
0.0066025583853323525
0.38839421713358413
0.0022146862396968557
0.003157984522922726
0.39090678802956685
0.367991888086837
0.1821124751144408
0.2625426064718994
0.04557636039048814
0.22481412277396134
0.0005997563942342483
0.27680259456138895
9544107571427524e-22
0.006785714707041916
0.2657109089605288
0.0703639146512895
5542478756453944e-25
0.002476691918296205
0.08191086478065655
0.21634797240891307
0.020083235669026808
0.028610912605848998
0.16805602354904675
0.2955883716489402
0.2486956557018459
0.1577558327994247
0.2642568831888681
3297365510654437e-26
0.2235278692908998
0.22352010993871543
0.44873881816831934
0.5587173327194719
0.0011695788401854083
0.7754735991153099
0.515553294932333
11.213217496997515
2.0801408921105304
2.7473324857705217
0.10237349583776993
0.46985073196218513
2.579094993627528
4.0634207725178735
0.628502863560558
5.387201151077998
7.551243499014963
4.84796444949095
2.4370840197177963
3.039003057801396
0.5886811076678343
52.83449753596185
619.2081163385394
4.002110588595514
5014.106466598858
1.099985773224789
23.218527686044972
1.172086385003259
45.1203399071717
1.3048063863354062
1.396941869851382
1.0999847628413602
0.9208910766201256
1.087495848487818
56.436495352045526
0
0.0008265423108515158
0.0007437723160626979
0
0.00796679822389691
0.007912507567131894
0.00784866943144172
0.007013239827105188
0.007257452047197377
0.009800613958050017
0.006920524271395339
0.00993100530446208
0.0060429678951811824
0.007499494954514979
0.009454220462320959
0.017561460262321325
0.007980289897452779
0.008970788548356534
0.008382683579288511
0.009349709872237098
0.004219214684641819
0.01215562259616338
0.018767109216873305
0.012520599204076787
0.007892362407188186
0.001900912917714112
0.00744386349044832
0.02292697829364476
0.07206637742991409
0.0415875273774343
0.11431356123321736
9119890944568327e-20
0.010109087079300623
0.22462941981742815
480610280350841e-20
0.0739182652419537
0.010929669889239347
0.001269547205242965
54863500551355705e-22
12044232828762346e-22
0.10235489371745424
0.0890486614686733
0.004143601314162374
0.040550561847988505
0.020261123250215226
0.005783495201259626
0.012108277016562741
0.00048287353029466927
0.33002328433890954
1569913000357705e-24
0.07876426432421824
0.0003419092881410429
0.00962989558028384
0.010917749585356046
0.0001570606000080561
0.00017087375100559884
0.3404350880782605
0.00039349993985695903
0.056759040583874966
0.24138801611293242
1317922759818325e-21
25861656515091887e-22
0.0001447254014318655
12571465991838169e-21
0.0005944692919229087
17003060379213514e-21
14432276716502247e-23
1004404034887994e-21
19076970891703278e-21
0.07656479395192499
0.07737251544394555
4349979023197735e-20
0.00021268118298290375
0.01963266602806613
0.008161746006024309
0.09149735719309748
0.020210957063931546
27828831529544038e-21
0.1376262690619952
0.038686607247932145
5573478344274487e-22
0.2759950927853257
445896347744454e-21
0.0037645413676654807
0.0009825479251003375
22994565953048195e-28
0.2820713577134654
0.33920666000490673
0.01811446032360706
0.27007782635113253
0.3434561385809478
0.007405395010948232
0.1924836358500269
22332184593066146e-26
46306167019973505e-22
0.0006294149931731413
9120637286927508e-20
0.13164544285453197
8645600229739711e-22
0.00011181425622949895
0.16311211634281278
0.0009291588917903278
0.011856193136060383
12200740928981473e-21
0.13863646991539852
0.09715132552707192
0.021263764450648006
3146905353319401e-20
0.00015344898469501385
1200667955148794e-22
0.013685626194090857
0.16435466517919547
8333314516237766e-24
11103297161817856e-21
9106334059845013e-21
9650211856477523e-20
1058640236265573e-20
0.30449029109448655
0.16307060512195334
0.0051554537613122745
0.0015483555652912797
0.04190053397258984
0.005883763561557407
6760397905417088e-20
0.028432872971957533
8323676126012888e-20
0.0007209668885728578
0.08127417284882275
9970378732448635e-22
0.3436819758279859
0.3439126992022204
0.0018281410674431792
0.0005370847157825342
5829910093916937e-24
0.0010307959635483268
10390421295635914e-24
0.01028071456373612
0.02934048539121226
0.0009039098612781436
0.00033763379535937276
0.00015454955393254003
2618180943544333e-21
0.006124060299745117
0.030659771205296196
0.02148150643271594
11257175944320922e-24
0.34354123626681826
0.06758685074965044
0
0
8177918269386187e-20
6661733286301103e-20
10336381854287186e-22
7596604252108197e-22
0.00019348339101904672
0.009755323503561142
0.005391142225461617
15204233667789595e-24
0.0001314987951005883
7328730245310308e-21
0.056602974817912335
0.01341050385888365
0.10088894804164618
3845635813617197e-22
0.06087287605142049
0.0076899725989560555
0.00012014365407902426
0.12437086241951471
0.00029642655534061537
1854955945723559e-28
8514828741080982e-20
37361566841222644e-22
0.0001247159244571465
0.016351586215789103
0.0039040724574803502
0.0001635512887112423
0.00015211531820701667
3799874510754047e-24
0.00051448223757407
0.02295569622156797
1313513356302799e-23
0.001805924891338706
0.0018008697902299033
4418738269693472e-20
0.10864659362381537
4337240944458783e-20
0.31049490808949076
0.0019107268044793002
0.18327765165176943
0.0033028008448810525
0.0007008833912664196
0.000569292104330414
4475123372864856e-20
0.3322250017492427
12101991589179102e-21
2156762933138262e-20
0.00830267026543778
0.006444840915043974
21715984764765334e-24
8723017343958397e-20
0.0030557570549914477
0.13290363617559675
0.03027941638692756
0.00010011286904760395
0.02303246709271969
0.00035412207697171726
0
0.11315117317520308
0.012341845254099676
0.32095764622707396
0.3012828061454688
0.3121344097203417
0.05239492474703743
0.029738644446752723
0.344207799961352
0.31759279744200924
0.34396244416292837
0.29704973105786714
0.21236776080601327
0.0007652121511754923
0.015742233260096418
0.14131729181204913
0.26889128014919533
0.13725237996571923
0.0002992337161576682
0.02703642403816435
0.25369903620104184
0.1147919828271198
0.1668854889275962
