1.0869772507202033
0.026037651664147125
2.0545862881168966
0
2.076260234483943
0.00133007639530476
2.1701709296831133
0
2.3495420943849115
0
4.750378578039391
0
5.015099807825005
0
12.732397265240968
0
19.139950478551334
3.0932646334609957
41.628054950068496
3.662280042633356
1.5537007861385679
58.33680027767893
24.06291370515774
0.010499776339604512
0
0.08522584415077875
0.0013456693374172047
0.05318472768403626
0.006864416043820451
0.5082175099824527
0.4662986808502859
0.005040983307956633
0.00024094630309125052
0.0841849388006541
0.005592773154456862
0.008865607171267137
22715066840352766e-26
0.0951442686647524
0.10381988761729749
0.13267385535726875
0.11152829900238184
0
0.024866265676847438
0
3.9141357589345773
2.4940770813521205
4.122246216454015
0
5.296081657516545
0
2.47915509354066
0.21477340315512386
32.51379084129485
32.937729860629446
17.13705765975549
22.95107591716671
61.31076098570904
0.9256260240400978
0.09889988914403232
0.009270019578673676
16.657878213289184
34.568702297424934
0.020269748693534713
1.1291062756006216
1.4760913740398476
1.0606521398193005
70.16527656543578
0
68.45493240841432
0
15.182484911125364
0.02513882769704283
0.025128432757642323
12.264201509424975
5.208059209477782
1.248753002722545
2.4061247453689876
0
0.0009246033303425707
0.01544274736728505
0.07030907060235825
0.03364373810464171
0.018505225418491672
0.0002872604155320609
0.00021209730590162785
0.0011564443390249804
1.9921507464757824
0.3902586894693094
0.1807686660391599
0.18690146859301274
0.010588567796228339
0.07753780199996178
0.007596668725551959
0.0008798094744883113
0.0779139716244392
0.9584183821817241
0.022778112573497697
5605740462866825e-21
0.009955379858689963
0.0012904889389969134
0
0.9277644923261404
0.572487842979095
0.10620185721260433
0
0.3170982956038686
8793597440487705e-20
0.04841875075883443
0
0.0001771049105587099
0
0.12668632578205874
0.7221403472963903
0
0
0
0
0.0035478361281168994
0.38917633636883325
0.0015674526076972343
0.002739381513550609
0.3896055327021824
0.363420535279655
0.18152938855549397
0.3573017611741358
0.04755853113433824
0.2644726353893831
0.0005936358927860344
0.27415228562643107
9532965606769582e-22
0.007023996410980238
0.28286969700666087
0.06175401102519178
3477014222582154e-25
0.0025363401977597398
0.07802446164996121
0.215525487084195
0.020552954898805882
0.02932688187926033
0.1616954110160228
0.28604801255832313
0.2473783607801522
0.16032725200616443
0.26557163769679903
2077742241196962e-26
0.22256575115574767
0.22259990340198493
0.4470216173622131
0.5574804436543186
0.0007873096680975083
0.6640791270834615
0.5242699107748785
11.33572945479451
2.0857709636271418
2.7620193393187416
0.10263274590558578
0.4743457670594477
2.591205794505734
4.099092562418036
0.6298837656795454
5.34980557320808
7.484416275174046
4.828412025060758
2.442648621538275
3.00551801948359
0.5954711494404591
53.11762374381502
619.2016680712314
4.002107314255324
4949.624646231956
1.0999855298595247
23.218518531091952
1.171906894520371
45.11498712016026
1.3049319952883516
1.39693968333411
1.099984519419007
0.9183972000536583
1.0868735620470118
63.481286977281265
0
0.0008361530447780792
0.0007478671642937278
0
0.008007335917855206
0.007871017064795215
0.007777101379137782
0.006863346849857566
0.007189446891871399
0.009743381011487216
0.006806963549159679
0.009944308604329396
0.00593029687889097
0.0074403883196359965
0.009417358941051179
0.01755249346396135
0.007897119963352383
0.008943241378669291
0.008307978853914443
0.009327007386196634
0.004244555478809472
0.012116520336677424
0.018667913787754457
0.012475123049133653
0.007860293760900623
0.001900846725020284
0.007442842412615441
0.02291712636546457
0.07196321222279711
0.04155441546006469
0.11403893067639313
9119875738029768e-20
0.010107198497256446
0.22334244547071103
48061023812314065e-22
0.07380947619100056
0.01092746029575466
0.001269517700502237
5486349504861989e-21
12044232563565756e-22
0.10213835613178869
0.08888766632775541
0.004143286045904477
0.04051911854161278
0.020253451964067058
0.005782879928344917
0.012105561708756712
0.0004828692654990904
0.32588847086984735
15699130003126492e-25
0.07863997985041224
0.00034190715023657407
0.009628182688729527
0.010915544837486876
0.0001570601489671855
0.00017087321713198477
0.33547288973822287
0.0003934971079459834
0.05669624292036262
0.23984224082509958
13179227280649678e-22
2586165529238325e-21
0.0001447250184614376
1257146310257739e-20
0.0005944628273225397
17003055093895473e-21
1443227667842384e-22
10044040164452103e-22
19076964238409206e-21
0.07644768302346831
0.07725279742304604
4349975563776472e-20
0.00021268035586936184
0.01962546826476309
0.008160517537161209
0.09132683511224954
0.020203324142874405
27828817371219704e-21
0.13721429235516547
0.03865804991133093
5573478287485783e-22
0.27376789619770747
44589634410968226e-23
0.003764281248378893
0.0009825302578404822
2299456595304721e-27
0.2796974621365752
0.3343779006958014
0.018108342997116424
0.26798444346290357
0.33723432942733766
0.007404384501174889
0.19159904943867
22332184592974965e-26
4630616309994787e-21
0.0006294077459255063
9120622077899817e-20
0.13127189564500685
8645600093092809e-22
0.00011181402764071124
0.162509311222218
0.0009291430932461844
0.011853590425679048
12200738207614357e-21
0.1382177749581207
0.09695761908065587
0.02125530573589351
31469035428509925e-21
0.0001534485541607024
1200667952513343e-22
0.013682151390986639
0.16374135978402657
8333314514968232e-24
1110329490800349e-20
9106332543840642e-21
9650194829905739e-20
10586400313802865e-21
0.3014695023392968
0.16246814877207472
0.005154965189499442
0.0015483116653258904
0.04186690949293007
0.005883126701244968
6760389549680603e-20
0.028417627145722123
8323663458896532e-20
0.000720957378764572
0.0811414138979902
9970378550716024e-22
0.33817375806274896
0.33832539404428674
0.0018280798505336691
0.0005370794393306681
58299100932955955e-25
0.0010307765175887231
10390421293662234e-24
0.010278760947192682
0.029324234041710234
0.0009038949100902027
0.00033763171059800754
0.00015454911719980208
2618180818227438e-21
0.006123370179620686
0.030641998984080605
0.021472871507831982
11257175942004228e-24
0.33734074323736846
0.06749661877055389
0
0
8177906042038155e-20
6661725172688905e-20
1033638165896721e-21
7596604146609182e-22
0.0001934827064999959
0.009753565462537651
0.005390607826154671
15204233663563503e-24
0.00013149847893603817
7328729263404222e-21
0.05654053379551612
0.013407168361112784
0.10067898938393971
38456357865810014e-23
0.06080028357026913
0.007688882598330614
0.00012014339016281006
0.12404103424583378
0.0002964249484742196
1854955945723552e-28
8514815485458482e-20
37361564289338295e-22
0.0001247156400697636
0.0163466112710701
0.0039037926567248795
0.00016355079961725806
0.00015211489512456097
37998745104900785e-25
0.0005144773959980866
0.022945819281095254
13135133559873857e-24
0.001805865154656737
0.001800810387826216
44187347000404954e-21
0.10840048699150776
4337237505268822e-20
0.307262325524676
0.0019106599258538407
0.1824892702394102
0.003302600720921092
0.0007008744040871586
0.0005692861758750722
4475119711527672e-20
0.3279525609810036
12101988911685943e-21
21567620827370827e-21
0.008301398814532564
0.006444076340556907
21715984756144107e-24
8723003432177705e-20
0.0030555857943752717
0.13252219369933302
0.03026208985816044
0.00010011268580139636
0.023022523127834232
0.0003541197835805952
0
0.11288254201549647
0.012339023462493614
0.3172948924266781
0.2983671459844493
0.30884011932369776
0.05234169263983318
0.029721941509421708
0.33830069996252576
0.3140786571450366
0.33789662464750964
0.29426547324185365
0.21124750716202217
0.0007652014378270436
0.01573762527819015
0.1408804440944695
0.2668237404744208
0.13684287294909342
0.00029923207870822974
0.027022660675312428
0.2519365618732384
0.11451486049250655
0.1662504309691453
