1.1021816523593841
0.0018518001619411157
0.6836122923799391
0
0.6924853503303561
0.0004416082582447614
0.7240482063790918
0
0.7839506615341612
0
1.680010600405591
0
3.942969371496133
0
10.156945753981125
0
16.712583870850896
3.296161851179046
39.70775450836244
4.1031680210549535
1.6685282884301977
63.609550298210614
24.138714031664982
0.0037007806043258
0
0.06737974959313786
0.0011794711920981088
0.04687932421959188
0.006862709836521647
0.4470143100214213
0.4110884724893464
0.002022785211526275
3767979956605821e-20
0.07356841768749073
0.0022503473251462933
0.004176497038265425
2408114721671417e-26
0.07666847813067881
0.08550014797474033
0.16465158225453025
0.14752122000061343
0
0.03459383145834027
0
3.8091846051166933
2.42506561516918
4.1260633718754205
0
5.29092592787835
0
2.8600214521280476
0.238853433822958
32.502943221248216
32.936957207633796
17.001195844530585
17.674749541325237
61.29527107160494
1.0454230564277478
0.10742252603951498
0.0094020713078842
16.37055324945048
34.62908698726163
0.02578339641370632
1.2245012695035677
1.7044245056088456
1.1560218984178177
76.37645921012023
0
75.19005516264578
0
15.122241811594643
0.02742485225588864
0.02741801480922441
11.793229025462397
5.641422755901731
1.238822832003135
2.3986036110288107
0
0.0010087149087875977
0.017266388214214168
0.07034533252220972
0.03348313003005762
0.020555715454706795
0.0002539302249734091
0.00018775068027607675
0.0012178304048081324
1.99892379885587
0.3903505011628011
0.17604731682480557
0.18176786647868484
0.012349306959566026
0.08297758213778789
0.008751482687659087
0.000599746782070547
0.07516229774063195
0.8694090437391923
0.022414751911139234
34382874927217607e-22
0.007316951068323863
0.0012392864431165006
0
0.9227197272812601
0.5688744776076198
0.11755368428283165
0
0.31411836190495046
9734727909296714e-20
0.05224742664223714
0
0.00013483341236489993
0
0.12658891540934528
0.7160301571439475
0
0
0
0
0.0017939885142336646
0.38948579870652894
0.0010831380765941097
0.00233926550391375
0.38852368646658
0.3587780443878105
0.18091201697816875
0.40755460201942667
0.04925922736715
0.302331555866207
0.0005946260270563305
0.27473822376546386
9523608758012362e-22
0.007222833297465636
0.29802626384056397
0.054407156969157905
23492061800868874e-26
0.00259208600347759
0.07482944148487204
0.21483208483686633
0.02079116804328792
0.029763830063856665
0.15633536742500564
0.27820619141456876
0.2462717904688836
0.1617769022632383
0.26524692844689735
14041416608587905e-27
0.22038899832592088
0.22044062411558724
0.4455972459867611
0.5564439613656267
0.0006452150806883621
0.6017064278135669
0.5293225049004271
11.374572567903023
2.0898085834539653
2.7716447779735667
0.10272317668181193
0.4757690176179224
2.5999110765347067
4.122591320640678
0.6304620824630469
5.302709347639509
7.4005636833663715
4.794035903247513
2.4466478412905843
2.9721414803973416
0.5987278782155536
53.122508854979976
619.1963051784231
4.002104591029232
4896.628003174652
1.0999853274556934
23.218510917033793
1.171757635448286
45.11053575727691
1.3050396208526558
1.396937863779922
1.099984316967693
0.916324488602143
1.0863562846849812
65.95547413138222
0
0.0008396386151044906
0.0007513675315916696
0
0.008038736879702083
0.007786219025151652
0.007668830838464986
0.006699236058572719
0.0070888335246990074
0.009657519980986457
0.00667167786275617
0.009890363727354743
0.005799837002284262
0.007344753288652043
0.009327312058819415
0.017433400521327993
0.007779182531007224
0.008864787687177631
0.00819462115716824
0.009250327123578556
0.00423646525188851
0.012008661818222823
0.018464630914064487
0.012359918908845123
0.0077837999072601
0.0019007916751333253
0.007441993301529179
0.022908935863656752
0.07187752349879897
0.04152689677098385
0.11381102646837214
9119863090959532e-20
0.010105628055738563
0.22227770303229197
4806102030028887e-21
0.07371911965164014
0.010925622944508858
0.0012694931622975502
548634904720632e-20
12044232343005043e-22
0.10195861347949707
0.08875399039520279
0.004143023859475097
0.04049298610568006
0.02024707406290754
0.005782368263348972
0.012103303884739227
0.00048286571855018514
0.32248908487767214
15699130002751754e-25
0.07853676338583576
0.0003419053721781213
0.009626758330137661
0.010913711515158556
0.0001570597738430733
0.00017087277311719087
0.3314010290508789
0.00039349475269626646
0.05664406780731539
0.2385641811804775
13179227016560952e-22
258616542754717e-20
0.0001447246999504537
12571460699615535e-21
0.0005944574508481261
17003050698163254e-21
14432276646754505e-23
1004404001106576e-21
1907695870494879e-20
0.07635041977002353
0.07715337053767429
4349972686620802e-20
0.000212679667971736
0.019619483984329462
0.008159495975683153
0.09118525610383287
0.020196978132848237
27828805595922418e-21
0.13687259594087636
0.038634315185980574
5573478240255317e-22
0.2719292604360278
4458963410866878e-22
0.0037640649240843166
0.0009825155644415206
22994565953046385e-28
0.2777383474159937
0.33041428209364865
0.018103256866109755
0.26625576745209645
0.3321456663052628
0.007403544177758535
0.19086644716982332
22332184592899117e-26
4630615983971142e-21
0.0006294017185430805
9120609428759407e-20
0.13096202855094252
8645599979445269e-22
0.00011181383752660713
0.16200966290362284
0.0009291299539975438
0.011851426218934957
12200735944287536e-21
0.13787051488020932
0.09679681004956038
0.021248273290793374
3146902037107662e-20
0.00015344819609157458
12006679503214719e-23
0.01367926211235708
0.16323302488155467
8333314513912379e-24
11103293033534377e-21
9106331282998798e-21
9650180669140011e-20
10586398609797645e-21
0.29897998953718086
0.1619687889897993
0.005154558885648799
0.0015482751552171375
0.04183896498399636
0.005882597084927678
6760382600326051e-20
0.028404953608058947
8323652923827622e-20
0.0007209494696704947
0.0810311651197474
9970378399571274e-22
0.333659945402529
0.3337477063594868
0.0018280289387505692
0.0005370750510105671
58299100927788376e-25
0.0010307603449046915
10390421292020759e-24
0.010277136431315186
0.029310724852424752
0.0009038824755609663
0.00033762997673763775
0.0001545487539755398
26181807140029344e-22
0.006122796274508367
0.030627225895203895
0.02146569259177814
1125717594007745e-23
0.33226919916100056
0.0674216657166084
0
0
8177895872718353e-20
6661718424705783e-20
10336381496522007e-22
7596604058866957e-22
0.00019348213719583453
0.009752103562944446
0.00539016341322724
15204233660048707e-24
0.00013149821598648151
7328728446765205e-21
0.05648865484128808
0.013404394900902016
0.10050470222793889
3845635764095329e-22
0.0607399752471177
0.007687976176010261
0.00012014317066740908
0.12376738659504759
0.0002964236120699994
18549559457235465e-29
8514804460937349e-20
37361562166967853e-22
0.00012471540354879777
0.016342474824177573
0.003903559965180659
0.00016355039284497055
0.0001521145432530254
3799874510270538e-24
0.0005144733693540847
0.02293760798921396
13135133557250609e-24
0.0018058154739042209
0.0018007609850761814
4418731731206579e-20
0.1081962278427723
43372346449392575e-21
0.30459947630269407
0.0019106043055134205
0.18183616694120108
0.003302434289541597
0.0007008669296493923
0.0005692812452993068
44751166664412196e-21
0.3244411058593975
12101986684848539e-21
21567613754692216e-21
0.008300341512890377
0.006443440522526781
21715984748973924e-24
8722991861939118e-20
0.003055443366355597
0.13220578673507524
0.030247687151207035
0.0001001125333980534
0.023014256125725507
0.0003541178762069518
0
0.11265961065115199
0.012336677104831856
0.31428048422761706
0.2959637314980166
0.30612679737288356
0.05229746135328464
0.029708057029520375
0.333465129271698
0.3111856262375111
0.3329333185411975
0.2919697289646174
0.21032030860623868
0.0007651925277822408
0.015733793904191478
0.1405181520434318
0.26511630772254113
0.1365032218433282
0.00029923071686866246
0.027011219194063907
0.2504800637525192
0.11428489093329172
0.16572410226242493
