1.1038710303192931
0.001380181386237922
0.604353857202492
0
0.6123818416633884
0.0003904486030427816
0.6403026621091523
0
0.6932671849858465
0
1.5002824028946966
0
3.867544924926631
0
9.893127845269987
0
16.425472604118934
3.3087006029743398
39.483837911638595
4.138229738201083
1.6758299154294396
64.01716364648804
24.14270447565634
0.0032906765050888707
0
0.06558064007444445
0.001159504085781802
0.046200900438108476
0.006862526367857994
0.4404382026944209
0.4051470253413363
0.0018309933669696666
30511905811552413e-21
0.07243616774322259
0.002037621864460678
0.003826458628708464
18862827009070782e-27
0.07472743688015429
0.08348638308534471
0.1674591932176817
0.15097050041564966
0
0.03584503847162292
0
3.793425939693954
2.4250287234426366
4.126427345864513
0
5.290373136375521
0
2.892299916582842
0.2407504001939828
32.50174041050829
32.93687405617191
16.984705366496623
17.311537380195407
61.29368500077908
1.0550295274162498
0.10816686043738506
0.00941607332403837
16.3432421097309
34.62973540649839
0.026470384253798603
1.2316570802774869
1.7237890461795133
1.166156177826207
76.86808163104033
0
75.73943401288297
0
15.117451992604602
0.027607628739136785
0.027601111569468317
11.744521101905706
5.675741118074901
1.2378579310490994
2.3977670286061863
0
0.0010152513410146573
0.017412622994627154
0.07033623814789958
0.03346461081417902
0.020731695292506756
0.0002509957705133036
0.00018561610362987082
0.001224156348023986
1.9993713913352351
0.39031427155220655
0.17483441005429334
0.18119795660367413
0.012489365477434134
0.0834780204178073
0.008871700803447643
0.0005726581344146522
0.07484987012816198
0.8556117445895687
0.02237002472586679
3241811064367251e-21
0.007028286530246431
0.001233715812584103
0
0.9221573532652273
0.5683530914915289
0.11851684869897162
0
0.3137365160678238
9813699734542463e-20
0.052531012959825076
0
0.00013195147725769023
0
0.12657812968766743
0.715356254099942
0
0
0
0
0.0016504780800680552
0.38949774626340605
0.0010357794775481262
0.0022936340837865664
0.38840343896871465
0.3582375284713567
0.1808412458024859
0.4117540129852184
0.04943678509169538
0.3064954713364095
0.0005950770600806561
0.2749590635292974
9522566764590119e-22
0.007243138111826589
0.2996134054115964
0.053609434352769485
22486644708096973e-26
0.0025979849334179616
0.07447650682658054
0.21475452269867318
0.02081203626979419
0.02980653697980315
0.15573675537092724
0.27734167696518885
0.24614856226591433
0.16191491482032858
0.26516356404092395
13439237685135448e-27
0.22010210583585968
0.22015500126910337
0.4454380199523313
0.5563283590723019
0.0006355616032051898
0.5974187574474079
0.5298112706906298
11.37675195866177
2.0902190368081155
2.7725665506542527
0.10272497615922513
0.4758488898345946
2.600796752270712
4.124846292944491
0.6304888101409917
5.2972688566648545
7.39098801724557
4.789767495093887
2.4470534804689823
2.968580784754113
0.5990089625589312
53.116997990956335
619.1957093043115
4.0021042884486695
4890.774626493994
1.099985304966381
23.218510071027485
1.171741052280461
45.11004118851306
1.3050513946033058
1.396937661547998
1.099984294473106
0.9160942738351344
1.0862988245963263
66.14391893968286
0
0.0008398434353346653
0.0007517548623173412
0
0.008041989481542262
0.007775481933544086
0.007655567535026904
0.006680134493206707
0.007076530012908796
0.009647143539978784
0.006655676546835608
0.00988264261911164
0.005784473646205032
0.007332914584858603
0.009315754836462681
0.01741721817698218
0.007764868099223092
0.008854627151528856
0.008180740012951014
0.009240295189563194
0.004234164198264487
0.011994729782765513
0.01843880246411283
0.012345099350961328
0.007774004862999995
0.0019007855585776322
0.007441898961832771
0.022908025988614345
0.07186800882996675
0.04152384026400883
0.11378573191015535
9119861685730588e-20
0.010105453577299793
0.2221597120911287
4806101991006386e-21
0.0737090868666106
0.01092541881344136
0.0012694904358596403
5486348996355693e-21
12044232318498296e-22
0.10193866160920767
0.08873914992871701
0.004142994728673773
0.04049008354224913
0.020246365531211827
0.00578231141447738
0.012103053041399813
0.0004828653244463595
0.3221135709764026
15699130002710118e-25
0.07852530325559172
0.00034190517461664177
0.009626600081079533
0.010913507831685737
0.0001570597321626717
0.00017087272378228497
0.33095166191814795
0.0003934944910027236
0.056638273537199614
0.2384225956176218
1317922698721776e-21
25861654162481534e-22
0.00014472466456038767
12571460432619801e-21
0.0005944568534650819
17003050209748634e-21
1443227664323569e-22
10044039994022833e-22
1907695809011995e-20
0.07633962038342301
0.0771423310080955
43499723669369565e-21
0.0002126795915388038
0.019618819176930473
0.008159382476746538
0.09116953865741
0.020196273143679472
2782880428755636e-20
0.1368346822364736
0.038631678893964135
5573478235007487e-22
0.2717257313390167
4458963407507995e-22
0.003764040888818984
0.0009825139318552
22994565953046292e-28
0.27752151683035625
0.32997679049162
0.018102691828631973
0.26606438199880766
0.3315850204418502
0.00740345081437718
0.19078522002718373
2233218459289069e-25
4630615947746293e-21
0.0006294010488374851
9120608023300445e-20
0.1309276440561028
8645599966817764e-22
0.00011181381640283773
0.16195424133807432
0.0009291284940924977
0.011851185775911433
12200735692806805e-21
0.13783198432283886
0.09677895885110174
0.021247492051643647
3146901869802892e-20
0.0001534481563061675
12006679500779308e-23
0.013678941119063122
0.16317664073060192
8333314513795062e-24
11103292825260052e-21
9106331142905269e-21
965017909572288e-19
10586398420463749e-21
0.2987046491462638
0.16191339939824292
0.005154513742753344
0.0015482710985915316
0.04183586119013621
0.005882538241613343
6760381828175987e-20
0.028403545786147105
8323651753265234e-20
0.0007209485908876198
0.0810189245059917
9970378382777414e-22
0.3331621445152876
0.3332429131591689
0.0018280232819733047
0.0005370745634216581
582991009272142e-23
0.0010307585479554628
10390421291838374e-24
0.010276955945400406
0.029309224215609678
0.000903881093957166
0.0003376297840870352
0.00015454871361734112
26181807024224342e-22
0.006122732510594037
0.03062558488060056
0.021464895082607235
11257175939863362e-24
0.3317104218628457
0.06741334273904726
0
0
817789474279471e-19
6661717674930302e-20
1033638147847254e-21
7596604049117822e-22
0.00019348207393991997
0.009751941143182518
0.005390114036274761
15204233659658175e-24
0.00013149818676989658
7328728356027542e-21
0.05648289345221665
0.013404086774073919
0.10048535562211286
3845635761596921e-22
0.06073327801602264
0.007687875469015375
0.00012014314627905593
0.12373701859006553
0.00029642346358101356
1854955945723546e-28
8514803235991438e-20
37361561931148917e-22
0.00012471537726871813
0.01634201528358398
0.0039035341114208185
0.00016355034764811217
0.00015211450415623836
3799874510246145e-24
0.0005144729219511411
0.02293669580485487
13135133556959137e-24
0.0018058099539049763
0.001800755495965394
4418731401336268e-20
0.10817355615345606
4337234327124978e-20
0.30430503236076484
0.0019105981255755436
0.1817637443430738
0.00330241579768383
0.0007008660991612276
0.0005692806974601911
4475116328098408e-20
0.324053272435651
12101986437422185e-21
2156761296883918e-20
0.008300224043242944
0.006443369879951591
21715984748177236e-24
8722990576358e-17
0.003055427541429892
0.1321706770712116
0.0302460872736246
0.00010011251646436294
0.02301333775319847
0.0003541176642771812
0
0.11263486769241551
0.012336416425968366
0.31394732275294623
0.2956978833716383
0.30582679248106337
0.05229254907372738
0.02970651470996185
0.3329321283890707
0.310865827818004
0.33238636012697986
0.2917157544186907
0.21021753808299665
0.000765191537783667
0.015733368253551334
0.14047795492609674
0.2649272687018364
0.13646553490888313
0.00029923056555353753
0.02700994821744171
0.2503187512936934
0.11425936728483373
0.16566572424922485
