1.1509002772500594
3873199785129841e-22
0.019220662578640847
0
0.01986887995144491
1268429346066578e-20
0.020770283155759975
0
0.022466540161654152
0
0.1289769313040533
0
3.3288419226566583
0
5.015873376349987
0
9.359629270907758
3.025574587225782
33.625881045666866
4.396227201037911
1.52783452998468
68.7175762873607
24.061905102155784
0.00011661761936684874
0
0.029960173602776453
0.0006329686253397869
0.030004677699428373
0.006857802319317042
0.2836917244521725
0.26323820774614703
0.00021075170516874148
916047291779971e-22
0.04591013031447363
0.00023620643522043514
0.0003597982084756175
4756370515409163e-29
0.03461084965776816
0.039498312329633016
0.20258215779882788
0.19947309974690616
0
0.07419861939448608
0
3.3565729313276034
2.769198195059957
4.128201798242693
0
5.273370591492176
0
3.3432542526856976
0.2539745489426932
32.46879506597028
32.93518253747772
16.515604852036883
14.747237074715567
61.2601000716444
1.1675249118043811
0.12100981322850421
0.00969017202034493
15.957718353606353
34.497503546906735
0.04546064780449807
1.2951706516622465
1.9938210143455015
1.3722394137508294
82.7848516357054
0
82.61014774100732
0
15.10759912506534
0.030235077467625084
0.030232851324230262
10.78090665236545
6.121335938832246
1.2173637306692657
2.3587619156509447
0
0.0010931466197236265
0.01854904729018616
0.06966905979532904
0.032916642260954525
0.02341778915658327
0.00020207847151294418
0.0001496399100562633
0.0013481460764379906
2.0017417944432103
0.38533849021646077
0.12503713146725345
0.14761932091935814
0.014170858605197786
0.08982603463938736
0.011059325620326996
0.0001322674013319171
0.06753627078161556
0.4991582593915434
0.021153349848507773
5031336492546093e-22
0.0017726275427934943
0.0010821477958663105
0
0.9063850514219042
0.5513765472095946
0.1333755916139537
0
0.298585219707217
0.00010827405472755288
0.055472612802406035
0
0.00011135901176755412
0
0.1262794133935779
0.6969120711679015
0
0
0
0
0.00014081179732002645
0.38809047445125855
0.0002495193798682075
0.0011548729352825933
0.3850437162890229
0.34274273802568184
0.17914159859713139
0.46914378191035105
0.05309066931670882
0.3978747890959753
0.0006287952000007797
0.29070397232600265
9493734960860804e-22
0.007631594946639516
0.33010514047601675
0.03443782511456572
6589597888294281e-26
0.0027029099022061486
0.06486669337599621
0.21255492196791403
0.021172884723193633
0.030766339453901368
0.13898475684622835
0.2539174287334399
0.2427401461253777
0.16502102607660238
0.2613645309910623
39122735314431754e-28
0.21079621484554203
0.21085916147003578
0.44089790410266366
0.5530737971458249
0.0005287063450026299
0.5577877018017838
0.5412522805843796
11.36760745534783
2.0989915498748664
2.7886896578984928
0.1021363768687308
0.47551715460765803
2.619736121125473
4.16437745264453
0.6283215982040457
5.167938551136886
7.176399936985445
4.670718627693682
2.4555310835480424
2.8983121634273683
0.6041896412315497
52.869203609254996
619.1791214698862
4.00209586515867
4730.6059665377825
1.09998467890452
23.21848651974436
1.1712795008784898
45.09627545903543
1.3053467449218146
1.3969320272118304
1.0999836682643596
0.9096934233172024
1.0847004573077759
68.73175723442326
0
0.0008368649285180156
0.0007618475414319459
0
0.00810705286833815
0.007469666917571087
0.007284723856481413
0.006162656835917218
0.006731448181277211
0.009373610810213163
0.00621644381866774
0.009655737816236102
0.005363245794656212
0.006997397561180591
0.008986268838966126
0.01694911739288511
0.007367078112098955
0.008565695636042849
0.007793873756146244
0.00895362321966881
0.004101175898764278
0.011600052046313874
0.017693480622341995
0.011923425105779716
0.007495700542619889
0.0019006152925577086
0.00743927319418168
0.022882711202820476
0.0716036425085442
0.04143884284501561
0.11308382895074291
9119822566768627e-20
0.010100597620084547
0.21890007821479082
4806100904690214e-21
0.07343033956946504
0.01091973770196509
0.0012694145390774376
548634758076578e-20
12044231636274538e-22
0.10138480184356842
0.0883270125812946
0.004142183861719914
0.04040936485284753
0.020226651231357806
0.005780729068364075
0.012096072099957762
0.0004828543534330928
0.31183363989197305
1569913000155101e-24
0.0782069441975866
0.00034189967490585234
0.009622195755684524
0.0109078391753995
0.0001570585718596223
0.00017087135039286775
0.3186837313100811
0.00039348720599456216
0.05647720916607925
0.23451465921980671
13179226170356083e-22
258616510170384e-20
0.00014472367936801148
12571452999940602e-21
0.0005944402236354732
17003036613168802e-21
14432276545278166e-23
1004403951957839e-21
1907694097439784e-20
0.07603959723881648
0.0768356435826744
43499634675225276e-21
0.000212677463794332
0.01960032117312327
0.008156223503930348
0.09073307898874199
0.02017665738660826
27828767865020878e-21
0.1357834379620801
0.03855836142636597
5573478088917344e-22
0.26612058670731
4458963314002735e-22
0.0037633718518207547
0.0009824684846743567
2299456595304381e-27
0.271552819985766
0.3180275993792292
0.018086969277619384
0.2607914216440726
0.3163518367777435
0.0074008522181412875
0.18853782525546262
2233218459265616e-25
4630614939311728e-21
0.0006293824057230666
9120568897935187e-20
0.12997405676365395
8645599615290753e-22
0.00011181322835665494
0.16041899149606662
0.0009290878538799292
0.011844494231901257
1220072869203717e-20
0.13676367438694984
0.09628333284068906
0.02122575528350632
31468972123422766e-21
0.00015344704875606166
12006679432981775e-23
0.013670008265376047
0.16161480099092454
8333314510529162e-24
11103287027278605e-21
910632724295405e-20
965013529472002e-19
10586393149749625e-21
0.29114061723566803
0.16037903282299495
0.005153257204340436
0.0015481581736898945
0.04174954950853842
0.005880900385718533
6760360332940984e-20
0.028364382549194104
8323619166977668e-20
0.0007209241275813433
0.08067890903270278
9970377915266482e-22
0.319598438302852
0.3194927409601953
0.0018278658144845919
0.0005370609900002144
5829910091123e-21
0.0010307085253751236
10390421286761055e-24
0.010271932813942893
0.029267480008167136
0.0009038426334374987
0.0003376244210845385
0.00015454759012183608
26181803800421392e-22
0.0061209577043157175
0.030579937259360642
0.0214427057496969
11257175933903625e-24
0.31652664804355807
0.06718205796114174
0
0
8177863287813434e-20
6661696802561992e-20
10336380976007833e-22
7596603777719373e-22
0.00019348031301721886
0.009747420754506868
0.005388739652185798
15204233648786487e-24
0.00013149737343527362
7328725830054496e-21
0.056322742387385744
0.013395511919331136
0.09994827317393132
38456356920457415e-23
0.06054713525545765
0.007685072496691196
0.00012014246735311286
0.12289461226802831
0.00029641932994430904
18549559457235319e-29
8514769135768978e-20
37361555366374245e-22
0.00012471464568074425
0.01632922768477358
0.0039028144579299115
0.00016354908945379794
0.0001521134157759698
37998745095670856e-25
0.0005144604672132562
0.02291131678730927
13135133548845112e-24
0.0018056562938172003
0.001800602695699978
4418722218349378e-20
0.10754432042079962
4337225479755829e-20
0.29622151001707525
0.0019104260952326685
0.1797591665589849
0.0033019010591506287
0.0007008429802579507
0.0005692654468151865
4475106909252747e-20
0.3134408066476597
1210197954951912e-20
21567591092114198e-21
0.008296954566564306
0.006441403628439627
21715984725998992e-24
8722954788165664e-20
0.0030549870368304006
0.1311970209140985
0.030201583507598665
0.00010011204506199688
0.022987786617182815
0.00035411176458407303
0
0.11194824519468771
0.012329161805399346
0.3048131364633979
0.2883922369328413
0.29759218153339845
0.05215598509191424
0.029663611430361756
0.31843146926143573
0.30209393017269304
0.3175154626448669
0.28473355241070963
0.20737666097313923
0.0007651639785163307
0.015721523525660357
0.13936354330690837
0.25971852453240063
0.13542056462670396
0.00029922635324305735
0.026974590507344687
0.24586956360581744
0.1135511183134408
0.16404881383149342
