1.1515219529809448
3476092683700398e-22
0.018362977985093724
0
0.018994608196320376
12126564478207655e-21
0.019856004487932254
0
0.02147684507231148
0
0.12636363247364998
0
3.3308818274419387
0
4.98081719473251
0
9.29491289594737
3.017683250941136
33.55266703032102
4.39521821742016
1.5235993775259173
68.05651831698702
23.862457696383334
0.00011149885345723244
0
0.029646206013237475
0.0006270860840865579
0.02982743573706607
0.006857743838393193
0.2819775969280884
0.2616845310519183
0.00020704395541172788
8525715616949742e-23
0.045624801636493406
0.0002320665281067795
0.0003503565691110379
4452256855686162e-29
0.03424906853213722
0.039088444991117875
0.2026715692411677
0.19970317433724608
0
0.07465708067567575
0
3.3275454947667114
2.7746796614876432
4.128148582623114
0
5.27310274654149
0
3.3463441904902838
0.25390263602357754
32.46836488684048
32.93516627843275
16.509993376092364
14.756822697198876
61.25900746809028
1.168076693480842
0.1210771260078264
0.009692642105457828
15.954816884328997
34.49557896255909
0.045672397325978706
1.2946333148210394
1.9956513546266719
1.373698805734333
82.78283943367006
0
82.63761116234429
0
15.109465173830515
0.030243686878025235
0.03024459300693431
10.635597546670818
6.124190969549866
1.206995253299011
2.2936186133851417
0
0.001093225901060125
0.018545548150527752
0.06965982738557837
0.032908938846584336
0.023429242186786232
0.00020023161266341123
0.00014825161199239528
0.001349056124291373
2.0017541645248684
0.38523212075673957
0.12437270739509385
0.09741122793249622
0.013981856132633365
0.08910116822488977
0.011072915225533176
0.0001295494845874836
0.06747253787052847
0.4961206110167741
0.02114081397252318
4900195328185241e-22
0.001737451080834566
0.0009719441045315619
0
0.9061755914929465
0.5511446732384632
0.1334434695684814
0
0.29834061406490986
0.00010832658890683567
0.05548857190209503
0
0.00011142754233463367
0
0.1262754794594705
0.6966714687142948
0
0
0
0
0.00013674331996036302
0.38805183162181284
0.00024452836048804354
0.0011428436358483986
0.384999071112057
0.34254353574828844
0.17912733585364807
0.469524873256129
0.05311813163748058
0.39865299059361986
0.0006294375807215285
0.29100014921768586
9493359073324429e-22
0.007633924745692303
0.3303480698476322
0.03422851011097058
6482896759597018e-26
0.002703718551383163
0.06474306628666215
0.21252533655296124
0.021176622536929587
0.030778084452112445
0.1387637578547964
0.25361640917985756
0.24269572688285368
0.1650614047724919
0.26131331896614884
384855440949131e-26
0.2106735882884024
0.2107340793040238
0.4408367067618424
0.5530302920537682
0.0005281034366833915
0.5576843651524749
0.5414029341422663
11.367393674462352
2.0990789971766386
2.7888073968003395
0.1021212673545773
0.47550936818342754
2.6199247831289196
4.164666124929469
0.6282594144301892
5.166750596330151
7.174626367644681
4.669388633280862
2.4556143833289483
2.8978310067484148
0.604254692504429
52.86204533867327
619.1789021996491
4.002095753812013
4728.524222373855
1.0999846706286625
23.218486208422046
1.1712734008863102
45.09609351912885
1.3053501768767022
1.3969319526753718
1.0999836599865604
0.909608922437423
1.084679344372611
68.74863908130213
0
0.0008367663461797794
0.0007619686151548958
0
0.008107557065417086
0.007466199825958397
0.007280465536035103
0.006156542631724517
0.0067274540747407656
0.009370744984334146
0.00621127675095748
0.009653465393672673
0.005358256808054148
0.0069935211632590625
0.008982556394081534
0.016944242022496368
0.007362490610914489
0.008562561403912776
0.0077894545378537
0.008950533508768106
0.004099065152022263
0.011595898405332785
0.0176849230521356
0.011918797253072792
0.007492631645992248
0.0019006130419273964
0.007439238490581065
0.02288237675616582
0.07160015439234174
0.04143772043709294
0.11307457960833771
9119822049659423e-20
0.010100533445216208
0.21885731122956875
4806100890330291e-21
0.07342666190019204
0.010919662623608344
0.0012694135358345296
5486347562053216e-21
1204423162725628e-21
0.10137750060572914
0.0883215774098857
0.004142173143999498
0.04040829891749409
0.020226390758251264
0.005780708154361573
0.012095979846439649
0.00048285420840984386
0.3116999708211906
15699130001535687e-25
0.07820274449062946
0.00034189960220622206
0.009622137548767371
0.010907764261621714
0.00015705855652172954
0.0001708713322382204
0.31852464580056306
0.00039348710969554413
0.0564750831396467
0.2344634318229809
13179226159558052e-22
2586165097545905e-21
0.00014472366634487978
12571452901688658e-21
0.0005944400038102446
1700303643343681e-20
14432276543983272e-23
10044039513306748e-22
19076940748146624e-21
0.07603563916426764
0.07683159768285565
4349963349882026e-20
0.00021267743566799607
0.019600076766375853
0.008156181753921014
0.09072732347941523
0.020176398215163933
27828767383554703e-21
0.1357695958734702
0.03855739318123777
5573478086986189e-22
0.2660472723766
4458963312766697e-22
0.003763363008672349
0.000982467883925905
22994565953043776e-28
0.2714747860921011
0.31787257692177856
0.018086761533989807
0.260722423252364
0.3161552296376735
0.007400817873621167
0.18850829511015074
22332184592653057e-26
4630614925981317e-21
0.000629382159284975
912056838074134e-19
0.1299614979951539
8645599610643947e-22
0.00011181322058334171
0.16039879492246248
0.0009290873166722203
0.011844405802240669
122007285994946e-19
0.13674960807961273
0.09627679822804383
0.02122546809593322
31468971507757357e-21
0.00015344703411550184
12006679432085566e-23
0.013669890221795182
0.16159425558863041
8333314510485989e-24
11103286950635586e-21
910632719140093e-20
9650134715719512e-20
1058639308007651e-20
0.2910419224693232
0.16035884783729165
0.005153240596314419
0.001548156681000105
0.041748409754861604
0.0058808787380909226
6760360048797706e-20
0.028363865215384667
832361873622308e-19
0.0007209238042084772
0.08067442396554977
9970377909086493e-22
0.3194228893672356
0.3193148307033791
0.001827863733025705
0.0005370608105765747
5829910091101871e-24
0.0010307078641470233
10390421286693939e-24
0.010271866430027643
0.029266928593283097
0.0009038421250420254
0.00033762435019202194
0.0001545475752704965
26181803757806207e-22
0.00612093424674373
0.030579334303088415
0.021442412584403433
11257175933824842e-24
0.3163306611713639
0.06717900594672165
0
0
8177862872013444e-20
6661696526652319e-20
10336380969365794e-22
759660377413178e-21
0.00019348028973983447
0.009747361013896784
0.005388721486663099
1520423364864277e-23
0.00013149736268390407
7328725796663874e-21
0.056320628407495646
0.01339539860577771
0.0999411927834981
3845635691126349e-22
0.0605446784741655
0.007685035451276219
0.00012014245837847256
0.1228835150619443
0.0002964192753024929
18549559457235319e-29
8514768685001868e-20
3736155527959504e-21
0.00012471463600997195
0.01632905871358863
0.0039028049457784084
0.00016354907282189606
0.00015211340138881308
3799874509558109e-24
0.0005144603025771241
0.02291098149229727
13135133548737852e-24
0.0018056542626847568
0.0018006006759327207
4418722096960361e-20
0.10753602716443438
4337225362803307e-20
0.2961161053441326
0.0019104238212815088
0.17973281680061687
0.0033018942554017927
0.0007008426746561849
0.0005692652452209059
4475106784745937e-20
0.31330287430356024
12101979458468529e-21
21567590802927717e-21
0.008296911356247784
0.006441377640741918
2171598472570582e-23
8722954315085489e-20
0.003054981214261805
0.1311841983842103
0.03020099565472781
0.00010011203883058277
0.022987449048876514
0.00035411168659717527
0
0.11193919687557627
0.012329065935744711
0.3046941894135517
0.2882968828963671
0.29748482706136636
0.052154182254342776
0.029663044710602077
0.3182440776841143
0.30197964840039704
0.317323408084798
0.28464238334133424
0.20733936590565097
0.0007651636142192991
0.015721367010912406
0.13934887135102103
0.25965036086999255
0.1354068049726743
0.00029922629756127015
0.026974123426794512
0.2458112828719602
0.11354178548904481
0.16402754605096817
