1.1517038586063515
33679255187575565e-23
0.018119329391379193
0
0.01874627119743753
11968103809208211e-21
0.019596249576555806
0
0.02119566411142229
0
0.12567194683677066
0
3.3316725214428913
0
4.970675516511157
0
9.276110356746136
3.003416164875233
33.4014749954634
4.395165939084415
1.5157876797284766
27.802254305427763
10.89576939785972
0.00011003395124102862
0
0.029554950431636987
0.0006252834224452752
0.029775748844463455
0.006857726742329553
0.28147770443249487
0.2612314485362979
0.00020595325045626717
8348805756243098e-23
0.04554160986174499
0.000230848535392763
0.0003476558174688023
43666533637635826e-30
0.034143906954955866
0.03896928023720656
0.20212083566346803
0.19976627961719073
0
0.07478080065647646
0
3.232669818508519
2.77631670581243
4.128178906117636
0
5.273024181612835
0
3.350025506567541
0.2538466177770868
32.46823534578725
32.93515713085878
16.50835213174532
14.760544245814911
61.23821609818289
1.1691304042880406
0.12096890123779949
0.00969250556570764
15.946324580846772
34.495050444228454
0.04573408825995858
1.2909306641820975
1.9978322239294668
1.373907381462972
82.5668272236793
0
82.64278389374165
0
15.115782762234378
0.030154636414505186
0.030238927704769995
3.7579866112660887
6.127574869435125
0.5453711440492317
0.46231408692663106
0
0.0010904831807554843
0.0185425296964524
0.06967021190119098
0.03290748139840948
0.023370396240936293
0.00019434379061988668
0.0001438592772550212
0.0013492127268955908
2.002071982910658
0.3852008656639375
0.12425983212751224
0.0019504865083965791
0.004669840527144514
0.04068471074462209
0.011078096117577754
0.0001287642763582729
0.06747120885000422
0.49555174647943173
0.021141924879122538
4863388539546088e-22
0.0017278729838556416
6247207084985133e-20
0
0.9061148796301249
0.5509928736314496
0.1330986458935199
0
0.29826891838909
0.00010840813436121357
0.055542718980093574
0
0.00011145516730066143
0
0.12627432831026086
0.696600270393299
0
0
0
0
0.000135031367907016
0.3880404554304399
0.00024308589942825405
0.0011393415874291855
0.3849860062417195
0.342514941477159
0.17912540152540393
0.4699845057386417
0.05309779472940894
0.39883252275312564
0.00062962697739131
0.2910870337414071
9493249123822218e-22
0.007630221149043183
0.33042579819496115
0.03417224286243323
6452358960366195e-26
0.0027043465407712627
0.06470691239158034
0.2125166772638261
0.021182929255556256
0.030786637581335635
0.1386991026387414
0.25352880942281075
0.24268273402630453
0.16509750596526784
0.2613462020820285
38307734948375475e-28
0.2106819329394898
0.21070186062610624
0.440818796567891
0.5530175597977928
0.000527927163787675
0.5579307893910596
0.5415189353498617
11.369508631298656
2.099104493413523
2.788841586288034
0.1021168211668648
0.47558679933918774
2.619979788753837
4.164749948228495
0.628241103507704
5.167247109180298
7.175604732556914
4.669749003523194
2.4557735434621364
2.8983186532606346
0.6043576363895736
52.82838678556858
619.1788380400262
4.002095721231391
4727.915266220311
1.099984668207102
23.218486117327494
1.171271616002162
45.0960402826833
1.3053510918155309
1.3969319308651778
1.0999836575644322
0.9095841976219453
1.0846731666945548
68.7535353906116
0
0.0008368600152185449
0.0007620039843347442
0
0.008107703077059669
0.007467017620241062
0.007281076128344367
0.0061562775854616955
0.0067279525518728995
0.009371510008769835
0.006211327678603042
0.009655259375211734
0.005358138431908731
0.006994170085179468
0.008983692240292445
0.01694713424366847
0.007363016550382666
0.008563787471578306
0.007790122660832326
0.00895185535607187
0.004099453087301006
0.01159766019380509
0.017686928038136554
0.011920407938526854
0.0074936440182505675
0.0019006123833815007
0.00743922833615356
0.02288227889622024
0.0715991337831228
0.04143739202031424
0.11307187334462453
9119821898350524e-20
0.010100514667385508
0.2188447989624158
4806100886128499e-21
0.07342558582943523
0.010919640655379453
0.0012694132422804692
5486347556577822e-21
12044231624617482e-22
0.10137536432414021
0.08831998711307258
0.0041421700079427425
0.04040798702445763
0.020226314543069238
0.005780702034827513
0.012095952852702633
0.0004828541659752778
0.31166086937692206
15699130001531216e-25
0.07820151567668628
0.00034189958093392656
0.009622120517180411
0.01090774234154918
0.00015705855203378084
0.00017087132692607455
0.3184781115543635
0.0003934870815179437
0.05647446106813981
0.23444844453049254
13179226156398482e-22
258616509632927e-20
0.00014472366253424226
12571452872939614e-21
0.000594439939488229
1700303638084628e-20
14432276543604391e-23
10044039511471623e-22
190769406819443e-19
0.07603448104956549
0.0768304138713389
434996331545979e-19
0.00021267742743808128
0.01960000525223796
0.008156169537686643
0.0907256394558181
0.020176322380850417
27828767242675133e-21
0.13576554587158102
0.038557109872161426
5573478086421128e-22
0.26602582403333624
4458963312405027e-22
0.003763360421124021
0.0009824677081437829
22994565953043772e-28
0.271451957200688
0.3178272308181833
0.01808670074755009
0.2607022374084333
0.31609772445331724
0.007400807824262049
0.18849965530728402
22332184592652147e-26
4630614922080772e-21
0.0006293820871758967
9120568229407685e-20
0.1299578234621845
8645599609284272e-22
0.00011181321830882907
0.16039288577847816
0.0009290871594824461
0.011844379927376492
1220072857241615e-20
0.13674549247687173
0.09627488624949915
0.021225384064056677
31468971327610396e-21
0.00015344702983159647
12006679431823333e-23
0.013669855681808342
0.16158824438858876
8333314510473359e-24
11103286928209438e-21
9106327176316207e-21
9650134546300886e-20
10586393059689792e-21
0.2910130501833459
0.16035294208355683
0.005153235736727793
0.0015481562442314052
0.04174807626275794
0.005880872403895013
6760359965655874e-20
0.028363713842544838
8323618610182003e-20
0.0007209237095878839
0.08067311165819797
9970377907278194e-22
0.31937154105250626
0.3192627919536663
0.0018278631239802123
0.0005370607580762746
5829910091095686e-24
0.0010307076706682443
10390421286674302e-24
0.010271847005822088
0.029266767248319853
0.0009038419762828602
0.0003376243294484976
0.00015454757092491577
26181803745336777e-22
0.006120927382950402
0.03057915787712448
0.021442326803437276
11257175933801794e-24
0.31627333732240076
0.06717811293728994
0
0
8177862750348159e-20
6661696445919686e-20
1033638096742229e-21
7596603773082035e-22
0.00019348028292874843
0.00974734353354577
0.00538871617134612
1520423364860071e-23
0.00013149735953799636
7328725786893599e-21
0.05632000986074118
0.013395365449810558
0.09993912111845431
3845635690857331e-22
0.06054395962574454
0.00768502461162453
0.00012014245575244524
0.1228802681499262
0.0002964192593140087
18549559457235319e-29
8514768553105018e-20
37361555254202997e-22
0.00012471463318025275
0.016329009272051852
0.00390280216247667
0.0001635490679553134
0.00015211339717905486
3799874509555487e-24
0.0005144602544037256
0.022910883384121353
1313513354870646e-23
0.0018056536683650325
0.0018006000849385073
4418722061441291e-20
0.1075336006344572
4337225328582377e-20
0.29608527046966
0.0019104231559118165
0.17972510745162826
0.0033018922645913465
0.0007008425852355082
0.0005692651862333608
44751067483145834e-21
0.3132625260459945
12101979431826634e-21
21567590718310227e-21
0.008296898712721901
0.0064413700366231725
2171598472562004e-23
8722954176659712e-20
0.0030549795105493634
0.13118044668076673
0.030200823648015
0.00010011203700723791
0.022987350275532083
0.00035411166377779775
0
0.1119365494275856
0.01232903788391483
0.30465939365284683
0.288268987760879
0.2974534218962867
0.05215365474626552
0.02966287888743369
0.3181892667694135
0.30194621712251113
0.3172672338707692
0.2846157123075955
0.20732845443900783
0.0007651635076240827
0.015721321214159364
0.13934457855080798
0.25963041920318297
0.13540277908911927
0.0002992262812684848
0.02697398675807073
0.24579423223194055
0.11353905480005198
0.1640213235067061
