1.1517110719800254
33637329167152646e-23
0.018109734551826292
0
0.018736499374187716
11961863813365705e-21
0.019586020803711277
0
0.02118459096859607
0
0.12565455307990575
0
3.3317348373635673
0
4.970274394413378
0
9.275359631832606
3.000462757266699
33.36952541121691
4.395192375643607
1.5141662753678002
27.710280070496992
10.861190943554059
0.00010997568058957588
0
0.029551337434749667
0.0006252067749130364
0.029773700784471464
0.006857726064540425
0.2814578899965187
0.26121349540503574
0.00020590337848977496
8341869168669443e-23
0.04553831253459042
0.00023079281420397853
0.0003475494760902748
43631476179102183e-30
0.03413974335308888
0.03896456193340793
0.2019882294733029
0.1997682810157284
0
0.07478511541944642
0
3.2184062412208423
2.7763981789956986
4.128191488021476
0
5.273021069241635
0
3.3507051345565677
0.25383635370871166
32.468229299442825
32.935155680027904
16.50828647758378
14.76083833296397
61.233932173373795
1.1693418591579923
0.1209424037270011
0.00969241163907254
15.944516793279771
34.49503436437113
0.04573653220091135
1.2901099045268138
1.998234881008389
1.373903040402752
82.5173024991043
0
82.64256318519818
0
15.117135245331141
0.03013368084459126
0.03023548678982609
3.7430264360506955
6.12819851760594
0.5436261214899893
0.4601312265810625
0
0.0010898451609540466
0.018541928381062747
0.0696732315439487
0.032907615956129996
0.02335623875565721
0.0001934487058886034
0.00014319236529633322
0.0013492126146364683
2.0021476717318225
0.3851996256782461
0.12427105172766748
0.0019391974932958002
0.004649010344533168
0.040555090482881175
0.011078583834709192
0.0001287332163999021
0.06747368696796563
0.4955887873519779
0.021142804386950764
486212167351397e-21
0.0017276071386203302
6212677707280943e-20
0
0.9061125876626447
0.5509700437985279
0.13301564321766826
0
0.2982660754495422
0.00010842495988892392
0.055554246903427126
0
0.00011145740721977098
0
0.12627428264273377
0.6965972859817579
0
0
0
0
0.00013485382648650517
0.388040005998833
0.00024302883455153636
0.0011392028815107543
0.38498548814743777
0.3425197171178293
0.17912545472484553
0.4700696222219663
0.053091598153187564
0.3988369136529179
0.000629634545161884
0.2910904802541153
9493244764179675e-22
0.00762923280004174
0.33042931448591967
0.03417096343405218
6451222393750684e-26
0.0027044683965008224
0.0647054789506145
0.21251633386143323
0.021184237669668645
0.03078799694472104
0.13869653898870316
0.25352542335614314
0.2426822188431608
0.16510377727270245
0.26135704479726485
3830203287910788e-27
0.21069107555429784
0.21070150675757135
0.44081808638833714
0.5530170548840293
0.000527920030047871
0.5579935184912524
0.5415378652320082
11.370026472020873
2.099105506821313
2.7888429520684985
0.10211664547550524
0.47560575521012977
2.619981975181756
4.164753296987861
0.6282403802172761
5.167434607372977
7.175941131354978
4.669912455108671
2.455794026384031
2.898462952665901
0.6043784404277623
52.8207501578143
619.1788354958096
4.0020957199394225
4727.891119995042
1.099984668111076
23.218486113715187
1.1712715452235583
45.096038171620826
1.3053511117647685
1.3969319300002707
1.0999836574683837
0.9095832171776762
1.0846729217229267
68.75372911469952
0
0.0008368881858528247
0.0007620053884934157
0
0.008107708895482752
0.00746741924293678
0.007281469793899752
0.006156570166970596
0.006728304079515074
0.009371859259024222
0.006211640597701173
0.009655819934443267
0.005358400564373557
0.006994550712113385
0.008984187665927342
0.016948108558022236
0.007363409168056088
0.008564262618163836
0.007790539411569869
0.008952350776658362
0.004099669002700314
0.011598308841189793
0.017687905023335664
0.011921061857225575
0.007494064388165896
0.0019006123572672079
0.007439227933485264
0.02288227501564324
0.07159909331169097
0.041437378997170066
0.11307176603046913
9119821892350452e-20
0.010100513922761043
0.21884430280966669
4806100885961878e-21
0.07342554315872993
0.010919639784241588
0.0012694132306397359
5486347556360698e-21
1204423162451284e-21
0.10137527961192454
0.08831992405126364
0.004142169883584079
0.0404079746565499
0.020226311520801458
0.005780701792160683
0.012095951782281168
0.00048285416429255694
0.3116593189304496
15699130001531042e-25
0.0782014669491017
0.0003418995800903847
0.009622119841802244
0.010907741472320927
0.00015705855185581353
0.0001708713267154242
0.31847626640299576
0.00039348708040057545
0.05647443640035657
0.23444785023689393
13179226156273188e-22
25861650962810247e-22
0.00014472366238313337
12571452871799588e-21
0.0005944399369375729
17003036378760833e-21
1443227654358937e-22
1004403951139885e-21
19076940679319078e-21
0.07603443512548842
0.07683036692828031
43499633140947946e-21
0.0002126774271117283
0.019600002416387118
0.008156169053258553
0.09072557267737599
0.020176319373685737
2782876723708862e-20
0.13576538527333712
0.03855709863772916
5573478086398722e-22
0.26602497354600035
44589633123906856e-23
0.003763360318516164
0.0009824677011732342
22994565953043772e-28
0.2714510519723569
0.3178254327752049
0.018086698337099413
0.26070143698142884
0.316095444330537
0.007400807425760181
0.18849931270852402
2233218459265211e-25
4630614921926099e-21
0.0006293820843164484
912056822340663e-19
0.12995767775261807
8645599609230356e-22
0.00011181321821863447
0.16039265145891132
0.0009290871532491673
0.011844378901323274
12200728571342366e-21
0.13674532927732283
0.09627481043175963
0.021225380731822847
3146897132046677e-20
0.00015344702966172042
12006679431812936e-23
0.013669854312144793
0.16158800602216364
833331451047286e-23
11103286927320142e-21
9106327175718029e-21
9650134539582677e-20
1058639305888137e-20
0.29101190532679305
0.16035270789842457
0.0051532355440234885
0.0015481562269115707
0.04174806303835563
0.005880872152715884
6760359962358928e-20
0.028363707839949667
832361860518391e-19
0.0007209237058357536
0.0806730596197674
9970377907206487e-22
0.31936950503175326
0.3192607285587364
0.0018278630998288317
0.0005370607559944024
5829910091095441e-24
0.0010307076629959442
10390421286673522e-24
0.010271846235566
0.029266760850286958
0.0009038419703838929
0.0003376243286259239
0.000154547570752594
2618180374484231e-21
0.00612092711077038
0.030579150881064932
0.021442323401844418
11257175933800882e-24
0.31627106438890534
0.0671780775257066
0
0
8177862745523586e-20
6661696442718277e-20
10336380967345218e-22
7596603773040409e-22
0.00019348028265865828
0.00974734284037212
0.005388715960570076
15204233648599038e-24
0.00013149735941324703
7328725786506163e-21
0.05631998533272896
0.013395364135029487
0.09993903896853162
38456356908466637e-23
0.06054393112035743
0.007685024181784053
0.0001201424556483115
0.1228801393970747
0.00029641925867999357
18549559457235319e-29
8514768547874717e-20
37361555253196095e-22
0.0001247146330680417
0.01632900731147632
0.0039028020521063174
0.00016354906776233153
0.0001521133970121191
37998745095553835e-25
0.0005144602524934344
0.02291087949370094
13135133548705213e-24
0.0018056536447975946
0.001800600061502941
44187220600328005e-21
0.10753350441279223
4337225327225364e-20
0.29608404779481945
0.0019104231295269294
0.1797248017481903
0.0033018921856468107
0.0007008425816895776
0.0005692651838942402
44751067468699165e-21
0.313260926163785
12101979430770162e-21
21567590714954767e-21
0.008296898211349804
0.0064413697350859545
21715984725616643e-24
8722954171170508e-20
0.003054979442989546
0.13118029791111507
0.03020081682719779
0.00010011203693493411
0.022987346358734846
0.0003541116628729072
0
0.11193644444569288
0.012329036771535311
0.3046580139268316
0.28826788164932027
0.2974521766090216
0.052153633828315005
0.029662872311820652
0.3181870934654878
0.3019448914987389
0.3172650065163068
0.2846146547330368
0.20732802176226775
0.0007651635033971045
0.015721319398115514
0.13934440832475756
0.25962962845825127
0.1354026194472525
0.00029922628062240274
0.02697398133855732
0.24579355612199272
0.11353894651734335
0.16402107675979158
