42.95426299714615
17.44315293277201
13.80645646408325
12.84691985596571
69.94851046839412
23.730058725696644
21.85436307808244
66.63227278661485
58.904059849541525
7.424178436215367
87.045787567068
25.110794934991
16.370436228015794
49.79739376753418
66.13079343634742
78.71793857828764
69.04275610887795
1.5159045466509369
82.45567940579764
98.53489982383681
23.618573262175623
26.59423276624313
5.760721396616475
72.20099544206747
14.956612367141275
20.30539108672742
31.627064183807786
54.812106604325315
88.82286092265912
42.82809675294601
83.09547708221466
57.579177716023636
64.46101789014138
2.175195911811012
9.541043571472496
76.43408667613059
38.18991527800264
86.53140496043854
91.43208453665763
79.51147602413862
81.55538198757284
55.89263975111247
39.24715202458031
89.46816261951189
4.020184488709666
56.83992832424145
86.63873371683863
50.07812418815725
51.679995420948345
86.77530737447465
46.50394509963156
72.67642270516062
61.546914726083024
62.16373144880427
21.18275614891654
90.29274818851658
48.57518364104321
61.78323330985991
75.24718498799143
55.44547347450737
49.042590559407515
55.657216669594824
79.1455324043236
81.6299434757502
93.2888828758661
65.91364860031233
15.818467527168266
88.1939602489247
32.285306741333095
7.741996829270192
1.049627561873101
7.141400486945715
80.97263217783515
56.11071487550985
17.095241038612663
14.44408053079509
75.0903215802604
99.82236164258195
11.444964090472975
18.652530653427224
42.32037577637997
60.36272224086077
48.17030159445868
49.42044526255567
3.838192715004163
23.25716285056345
92.37724037870179
65.63488322647777
46.02605945563785
15.912964210852776
38.202431191334504
3.7227591261181248
57.29568811246044
38.62583682236944
69.09224586534812
99.9442031908703
45.26846038682979
49.723650338499525
1.802348422036859
91.62362694006212
61.37352807551708
18.430404574326744
13.080412086163085
43.24949956395552
14.837501740182635
36.97450500075134
70.59921117204684
2.3756793160196965
47.53205362242798
41.1747455355872
12.042137453992385
5.073771209322109
37.57284703406923
8.554883101486709
89.29494189539444
24.211574630033805
59.9133216092103
24.44676038886515
84.69527959615726
29.727537810687267
16.008402977540047
38.613847039107576
40.083318332348306
81.7957995757312
75.24344024865921
97.89867595759543
30.38086628049761
33.30867606526942
47.90116682717211
24.87293136286319
5.9331092135977315
77.7612836125936
2.88703923547462
43.8822035816274
38.57722946938009
76.88526140919139
64.54859179527979
27.03358901053403
77.51034549856311
61.350836910485505
44.82345769808338
27.45897362017635
47.197495384500264
68.03151414370355
31.722956683162053
85.10153833495018
64.10496900346274
95.85142204629462
53.24926208009557
39.054788799495974
85.78996755420852
41.4012226891441
77.1215226292421
74.87889126054021
.04875718553606528
56.305462754634505
82.04729671517401
69.26376337256616
31.86229175882376
49.201505891895245
5.2953070644433
16.20782155930489
53.17703009845835
.19301147326035195
.5533063655457786
.7459081401756046
.5185350571808208
.24332889954466624
.7145178969256725
.8696645893260455
.4411773167670871
.15295436405339013
.7856457617052757
.3729259178801646
.4165017186667114
.3160994964231761
.07230932478479672
.7117225351507709
.34484132919771565
.23203713414383909
.9207361664066226
.7705562168680097
.8029376790259283
.10586241334987553
.7712644132583791
.420267940207673
.5135227125120839
.3132743656192575
.06988434155114213
.5095757769011017
.5297091578038606
.14590681118277937
.39271386171237077
.9742227456353819
.9017847549292757
.036497352123267005
.6470303489585152
.8676338926845513
.1714994640426224
.949361125109837
.44114906966255035
.05171153469678118
.7271401164349874
.2704404597578347
.05784000702140936
.32983402103107895
.2651499065898685
.6600909074974747
.03558155680397236
.47410312530056115
.15054828057808342
.8468238058988861
.9393760476784896
.18823355623467183
.49809029749905875
.4823879511583385
.9787824357267972
.4365434440639864
.3517509325806682
.6510027490565571
.6415079292943009
.538088789753551
.4278652044775019
.1445006836006512
.813139026429882
.41742405852374326
.22030088634868902
.6236114473889222
.1492377210625364
.5732744442791016
.6220947835738426
.27647234643928903
.07652444906243075
.6674151145619478
.5075644211163117
.4948116035198975
.2789207668220719
.19613500133615278
.9867690721011364
.5915063196920943
.19705309242388366
.425495790762539
.027053029200044633
.08135350883278447
.644131839598216
.5789466996729339
.6343197467400176
.33781570951919315
.7627870156092266
.6150423356554411
.15775912936017342
.08743614865678127
.6871274915111368
.3914564792417366
.38911473783032835
.39550694920662355
.5859114535346915
.7647687935722592
.43771577007284984
.2798291021284422
.5837680755642468
.4006938894502757
.4760867937665134
.49292490668622346
.31573996391906173
.6561864484123486
.2336565973978282
.14739338818471154
.9390073142833837
.6386682998078574
.07915438846494005
.7900709247967846
.8150418613390419
.24291454716828534
.8061231164168365
.5227463801677997
.023306604386157316
.9070024205953767
.5035276101667421
.48178125816225764
.820853221947336
.9053388533538665
.18885298206490447
.435601143943852
.3300732322565629
.4711933683349893
.24016294667137608
.4082977045815361
.49500744984705747
.7110669590567242
.6741761403526721
.7942210907397049
.20122072679165445
.7774847584797765
.17248196573904284
.15920722676386118
.5924274271777981
.08664105044093176
.6082696975314755
.17009215241048872
.1562123389122266
.7613234588814457
.1853228375154488
.821761448876607
.8922506466830313
.9518241551319795
.5086908464616683
.05871835093200939
.914539263850253
.12047985872093518
.9945582978375865
.6249894583567804
.07617668567683167
.7786946295828878
.6126086041267083
.06694497235860869
.4968798208128728
.2653550999526239
.46943744302414814
.46321827461781706
.6771255749884244
.6839066948944382
.5178109012415035
.6306516743635955
.5071646417909689
.8397275039382838
.05591482890565074
.0011705852284183854
8.479234781327243
9.386734727215917
.007955568866147808
.0022320554194520574
.04664311693033574
.0012241941510625063
.006134483787605142
.2455717417140243
.010339125362067847
.19282598150127944
.0025964960584325372
5.483819514858116
6.707974508153534
.0076286684274038796
.10977227875108739
8.711457967928895
.0018240892947672081
1.6716302892409718
3.0027806944161792
.013684302178156934
4.411128447408688
.011841914060484696
.19629846519103006
.0017211296943139191
.007329926510847866
8.105670177157613
.0011237737246113733
1.3504850057488988
.17470350547027788
.8881616656895699
1.6551637464430569
2.236564915420134
.0038103204664043508
2.2114865171297065
4.980781415553768
1.5437734875274531
.005888566492711339
.66249980318983
.592553128916318
.019854418669660787
.002431420983853137
.0017418835369958337
.005995077627582
.0017265208980331976
7.510891478914831
.06355569908457857
.003004809648994306
.0016422304495172064
1.5712453629079384
.177850387087007
4.342099745683072
6.661068106545477
6.893274903649321
.2382547803931492
.08483144094374613
1.065434009579172
.10668911990474073
3.273819976913532
.0010031166376856238
6.434249742966831
.034895844716440055
1.7098745402032107
.06575496952168666
.005008120887934435
.022889622522006235
.22539599859675563
.02039480953199708
.08579114530224409
.07961765117338168
.007102977608538503
4.748441326902981
2.1192539335595457
9.525695197269155
.0022210504395315717
.08051883990422472
.0035634062292856515
.23155291999465671
.028921746977321392
.5110831464027701
.36300786411541053
7.591497298498464
.6978314245049365
.19667585270666305
.02188377677276375
.008501385086451072
.09467344955878161
4.095539467099607
1.333844069185133
.228198476833329
.15746311252328204
.020248197479755516
5.6339829346466646
6.144618984965149
3.4674811503743665
.00875141777637889
8.53459973942413
.027830443826326174
.05102399654483992
.0020526099408394376
.6782876729758501
.011642250721130454
.018807041289852965
.08153132129961527
2.0596080546626188
3.2570338663763745
.004831318590918888
.08771682092137205
.004566820421488715
1.8384054380622463
.004680671953914724
.0016305313636694081
.15914468574850837
.003481053506043192
.06152412880578637
.002899132551974339
.0010090977114713081
1.953503774333612
.16122444066079705
.025911602056254625
.0017785226853676422
.37701830143852244
6.328766052003268
3.550222066156907
4.577549751766091
.15134388059076584
.01652474076373254
.03142964388198636
2.678480765515351
1.3270321864637062
.13054023598622314
1.8926213047221063
.0010782707992653098
.2615829753035073
.5956046431613689
.0011517328115182553
.004623498321818848
.0015176412964503123
.03652297375490079
.08735972468461373
.4821616642578661
.5192589238155916
.22294138410719752
3.0324816769248435
9.123255566662886
.006681838429585215
.00989813626395201
.2801281672913394
.05100759209262156
.00105820709651076
1.5742535832383175
3.4444527095177477
.12776449562150052
.07366713540962916
.027046315510642332
.004229606678851202
.010571482788171873
.08196018157652371
.11494385951974029
.019310346925975736
4.466308773653541
.5644153082410839
.03567525810412004
2.247405888143744
.00721725603958333
.0013232499564213992
.0635835336465768
.00286131188929088
.03285509960780377
3.595011633640082
1.4367556323496102
.004199204390990593
1.2903802814838865
1.263746174244408
.012133634448478864
.03393871518128172
2.574308273164202
.0022089578743261845
.9644707076985645
.09737353684294098
.03986989828622924
.23197297602010258
.007378205634895652
.5466934009410631
.0032925624461641965
.021634798342726427
.27033058510720726
.0018045543628418946
.4493385638018735
.01702359284982942
.011163947490218989
.003805420195289103
.2508612499729769
1.14240487837595
.3102248256610496
.05693814387692978
.2792095912048584
.8755812951557991
.1286681128089045
.5792476154019081
1.0500809300278187
.20704323648478248
9.558448856308178
.0072981047827313334
.01094350910179654
.9888998682436084
.005370489247754467
.10366737313926642
5.51253260006414
.0025564746378977654
.5145707128325138
5.799598379056868
.22212715516786946
.001868286613949312
.011842204845213535
.08264002340996407
5.772146765297071
.27078013989961025
.0993157220586284
.12797484492005187
.27575766957750864
.004876971958686693
.2762984753680937
.0031609918231045985
.08734903086550057
.014071975698958303
.9404133473969363
.012783850870587539
.9283486381101687
.10747704999533213
.1460193715260494
1.526002440272675
1.9410355854532255
.08971453669346974
1.4209053609581193
.03587719028657138
.006635090932348136
.1027592766921962
1.4444771958614004
1.4653551670411413
.06289398036432321
5.778421186531895
2.293131561027527
3.105597993081518
.41474686636663416
.7681906446669764
.006452702800734987
.007387344237631276
.46927675070101255
.3125418938855319
.0022281261605836835
.2888590592271566
.015049899952560224
.14478535738815002
2.9574840895597587
2.162633961672849
.0014041911577500452
2.1783467697663728
.1949641605434445
.003029337136387899
.005990371219489582
.12779583339728098
.04058363594519502
.004966647947802551
.0028089707528554603
.15645228956337282
2.023338466996777
.0011384613053205912
.017420269630479806
.09422792372964958
.001437264211994364
.0063757206355735205
1.8492517027181297
1.2339717582466436
3.476079070401684
.0012821957407844697
1.3980606298920484
1.3155092230943557
.0011276971042259649
.03266319688494504
3.0906014598418343
.7454887307895539
.012632764586984353
.0849270039941384
.12968785597477497
6.0299860334017445
8.139634394721439
1.2833614904343715
8.361438917609956
.019936185520426683
.005357212508274937
.9851987496334522
.4696640359310663
3.540187868095032
.023669868808124814
.00467113025076507
.09457707282728689
.4888539712891456
.03859464795835149
8.061049473655903
.004934527942174341
.0018604024540736504
.9968433000606624
.43129806731100284
.0425693507752683
.005101625795628896
5.184192903632891
.1173150296263286
.6331793274984303
.6258289615544775
.021231843711041514
.024243741071754962
.257582386955023
.20868774243048832
.0031759992162760527
.4438522775453617
4.4071401009658775
.023204421752492273
.04687219464355785
2.355676798542518
.012435688764311188
2.213708081643528
3.173888253500571
.004417496045291675
.0329686863008715
.09577859704613077
.007846003896210325
.05866137123965551
.6961871788163301
.01857124997237142
.0711774898400881
1.872376579162743
.00949614006234903
.01112169728417693
.002418956159892769
.00537816999678397
1.217827266522636
.009794315095274996
3.9148939268501133
2.5237598106162724
.0025764001716327136
.003409149692066232
9.17290251181956
.22977920475977717
.005047913873359544
.4291967875085983
.22039935019663054
.0012135232311833585
.40977561064291573
.019729679227603245
7.003802435772576
5.859625154147305
8.012939577973889
.0020115561925211304
.3684060447093188
.020947057516040125
.5955525942346198
.003674762112817733
.9702610036778052
7.433272157131818
.7765837240429501
.6979375827431007
1.4920220208483292
4.605116593215769
.016853917852727697
.0011199112280849978
9.733800858786456
5.91404845295934
.013355742649670918
.053494402559683796
2.542926944992798
.0035342875635878245
.9203261940766947
.9800213145782545
.04312697753775549
.011027433724195889
.0010123017744679875
.005765494150895209
.0036306635323329244
.0038256441847968445
.010731674514999297
2.247293330875629
8.017545271762904
.005073822587448568
8.781134762860306
.05216395413277551
.007424041513873963
5.762965782540768
.19874399504816498
2.041569833814935
.5070984024262198
.007617543800563526
1.9557071320073423
.03620460558263721
.0019137094555794051
.8344237023229548
1.2474052490219423
.0868444107852498
.0032136951350786426
.006990780911006227
.006415765574374729
.014809125303711469
2.229568392694727
8.12034076942044
.02653492165984922
.5574368040130122
.0011835386426489747
.39022668736571275
.21187355068111732
.12809222292684258
.017177741345990056
.00805002528458221
.4363291340349884
.4933033091120024
.04285264391051755
9.81019661505292
.03883820530914402
4.83089149014011
.5657589118904502
.4965585873814191
.4528733303761428
.044955348705005296
.00305043557702229
9.241472539136034
.007631410588956751
.018311286790323712
.0011611657044846807
.10906738005386976
.002302499606248714
.012730136950326447
.2677041567509115
.03328824362845507
.010805515331829418
.0029205187779483208
.8788511655471378
.09389738836852131
.03555410655236777
.049781990664724274
.0024966002739761598
2.9280356494723603
.0011611853296734224
.001387053387669338
.03972472383019998
.9827403297300881
.7655572899037014
.005185714640150739
.29713325048714245
.12092423455729846
5.4967244117420995
.5916640453043133
.0010781939657739208
.5656457334717525
.004521684155663975
.7436628854878475
1.17085
2.9565
1.20274
.0162921
.00812746
.0764206
.00953642
1.09595
.0129062
139.75
.073836
1.64798
4.277
.382617
1.03476
.864245
.0261159
.288461
1.0277
7.82276
.117037
1.17055
.40326
1.38878
.0532845
1.31205
181926e-9
5.89223
.067948
.035341
185727e-10
.35985
.0519835
.290466
