19.702603510467732
12.507210659658208
85.68395057011125
62.43769229367784
3.9886743708758443
86.27893429002924
43.420710932195284
72.36076209167321
14.44175993859993
85.31976419210199
8.034141457729671
68.54487986522264
58.33573630671995
2.3051621277738965
94.98436771225245
89.87992847966342
9.322585110006276
11.982997892687731
21.38109573556475
56.45576185385019
10.719421944677809
24.29538878969286
20.866508893407953
68.12223506691923
51.850359930017184
44.97676167856894
49.41868679898889
18.48446654942557
21.264737543355338
14.226910358737399
81.45654135820504
89.28292304925294
53.112427098830395
50.037571628730724
70.10723983638152
23.983644770506984
56.19085263331751
84.8235827693595
39.59609898751455
61.467671232362164
27.669613533528636
79.62258256351566
4.791630050395246
66.6021398826178
34.02153756230302
57.105824687732245
98.1496107191369
24.05791370376893
13.328314121802443
33.74383359569579
88.50591266487203
66.08593609815155
45.21394705824777
45.86338477093441
52.09544664545325
20.774298334622742
6.514384899990033
73.21929618549781
72.76859547955199
35.080767377266156
93.80248244763428
59.36366982316756
67.76879316680706
63.90723840060948
75.8613336805076
67.20693259379729
99.15404886727688
31.842887549911737
49.041765236354905
97.98991209310299
82.90603305496738
41.93516209977277
37.55452420925036
92.21698784788875
64.71910686540903
18.93457212307712
91.44947388640567
83.6606013767694
75.23354955850469
13.505828398290154
1.2510337916119108
78.90213933558832
91.17466560338514
15.03826578212788
74.08986566180596
97.93122053564629
23.792386352869
16.32747289583798
33.84704461653423
30.794939714645906
98.021579301581
2.755187951470539
9.124980961595375
89.32111090725581
11.123877028517605
12.048634126433555
16.955392559978755
42.87363961029467
46.91932219095087
77.88649692817
42.17686869660824
53.22997821638496
14.175508525890802
51.68819294257556
52.194244091318055
91.56736014761353
74.21189042632102
54.55071420276183
55.75336456577029
66.55868007482186
18.485633154247893
57.273841630627345
71.04725712180813
62.15509074845467
81.54999348214531
88.33121158412045
86.90402472316588
97.7444299585384
86.54564279970403
5.633940466107079
27.44297242641234
37.70267195372343
1.1893352292466242
82.95216322514109
19.70791894835948
35.734261225673315
34.17035645318129
61.27253008333995
70.19460574384107
3.2728169141629904
77.36057757635082
75.35281629459452
64.12582689782045
53.88338834761668
66.33699351963492
48.81138663950533
57.94053171105746
75.65371884965806
30.548507832232264
83.89732631589597
59.964526743772325
.0875993591385349
90.77694291452536
40.26661583109521
53.38423844738354
16.144786594151928
5.38084650251327
91.59840485450921
72.97884919015615
85.73883046487056
38.83915294848863
33.537655581434336
11.742022135624207
15.279873457077553
.0496096060844051
76.7401568869357
84.54339705822605
91.04550903600375
33.6778785515655
45.81059406075995
97.7952857169232
9.817401708860253
74.31884681917005
.882740764498321
.6736123490185312
.44550053261978195
.6480264365263456
.9407698137463176
.7756246674573105
.646216906616701
.23572413739326864
.7756002119638075
.5379422050266425
.3133729336664196
.8962792855285594
.03241728473245221
.5289863401588742
.8525851365572316
.9610003415587307
.7313559897510803
.4955810270729597
.7468311068569244
.8314776664037468
.576601213923111
.301986838705508
.42145370150840417
.5816831851079709
.03784372705650975
.1590394651561718
.9397414752214069
.5965735758355326
.4316530496557086
.2229092665706822
.5778627203444766
.7697733433704599
.06210977918745823
.1574008289363901
.7543887578361855
.9281659096741529
.5530615692792233
.12296369680714443
.3880373873214995
.29395158679726036
.3927932094281804
.5545049501343602
.13189731952136885
.7232902654999668
.37100225550442695
.17282801472593168
.9933053493009658
.1463220234502841
.12403708660192833
.19074569333122962
.34286514157818887
.20169766803232686
.477164956773927
.6638512793550198
.8169958987205128
.4812848448074118
.21099546816162681
.2802619101548874
.1538275741211141
.3077550910423813
.4484788328938286
.2542374572265421
.39763271681400475
.5521349180470364
.3088308624367651
.7563707354795589
.313568362175032
.07120975881185002
.8664214038785264
.5181758316909583
.881242081667073
.7834176686005766
.8693642234337462
.2269079008603294
.5574257966408116
.5133023426081105
.05914264113332758
.6689128975814514
.9620885244413732
.927263822894231
.8998482937111354
.659801713668969
.5647859692666267
.9923768674364593
.9716042577712505
.09157283703459575
.12701831181288128
.33158459018883035
.8514618193140313
.6643041700232194
.9587293378306544
.08771015961193288
.4444428644746285
.09474857420456148
.7904229562598158
.03002537466661075
.023597297204805363
.7469962102026189
.026368131083370196
.3485631238877358
.1386262836830417
.4521755261348356
.2409847804387558
.8413620192224378
.7252860227781938
.3423434133492881
.9067682140302925
.31548493429909025
.6393500176951394
.13002229739962046
.4058581838841515
.965747639193309
.19139957562148643
.642046667453034
.718249237224119
.41989135123542576
.9528239399704403
.2249106210858872
.4228011656922946
.7548602163479844
.43282651921830356
.6389426353058866
.46863895657305926
.10925624479784389
.49499833943679594
.2344990776342766
.1911360219368685
.7759384744100227
.550770729613916
.8338694166827008
.43704611158277495
.3741487267506882
.31118392368670034
.2874726390046404
.6117853865951759
.29488936559561163
.45511338344575974
.8829187880264546
.996120465110092
.8273938308634755
.05128184225894851
.8250597197377056
.2562755241917072
.11682295187692343
.8483137295145642
.7224109509319777
.6906285713433511
.4335362795527546
.4185597464392182
.17652148474308518
.8941828160156098
.22883256743982044
.47392744976693973
.5420741185738862
.42509659012188517
.8185858805950509
.7098332546898619
.6104718681379345
.5624791623297043
.3723795244035051
.9996675652430212
.37460382586832147
.10996438305634325
2.864382790662572
2.724265089725157
.002460100531834335
.001079199710776881
.029641640489058305
5.229849939302476
.0027386651368681357
.23977831864029245
8.185646127936158
.0022553474272692326
.12718359202692422
4.22262077920686
.7918464063427186
.0862348484499222
.0018572241580066746
.0025543727980242375
.0019946965783549887
.005974532064252573
.02802685747062399
.0022158780954970253
1.3005539693628665
.009293220026578123
.15936242301454961
.4103883599302314
.010069935525809285
1.3239056737388175
1.2938620335844881
.02743112762883204
.27621654833091236
.0015979511187985823
.012860285895551308
.2979059960301682
.0019121865792065625
3.555992751067387
.029747990462867524
5.913706811348202
.9175192854141483
.29536604545187933
.21927096916467595
.006921356450982879
4.335371339932001
.0021923159551407697
.0022243754529826546
.002262040078998986
.14573405972991565
.3401711155528412
.0033282949819205977
.0183363093503347
.02036839912993561
5.6907024300445315
3.5647541216996674
7.866289745806159
.003957042956707588
.0027998117803993096
.04554405552494653
1.7887496582286946
.5907141769038137
.010662092324402232
.002070622833740527
.017068576564800462
.21595447356708491
.8845015509818686
.0015846999736044208
.35491211805136214
.0018800744476853053
.1397881246261164
.014164450506816098
.002570809007383619
.14332451762940593
.2822166191724012
.047445082144797
.5901843786684213
1.2550158856373934
6.766297001340982
.010374213336663267
.08497002686129801
5.143263203499057
.03252999175927271
.003087894785895888
1.2310076196126465
1.7150154954766406
.09510890340801743
.5115335626487814
.6692173201493248
3.2045136028987953
1.2218964530848877
7.060290680182145
.40630216543565273
.001568488388604364
5.046540432312039
3.110640359182997
.004703476711805722
.008188263835673915
.0011616886152080988
.007711127346634035
6.218844113725986
.03205491224054119
1.9183247213737293
3.7245356548354067
.10039545676953297
.8070235057020263
5.2821529005422105
.4300333884507857
.00767010653926049
.028787857237730995
3.8545560284768348
.0031397582167043943
.20209691745346475
.4127675851964523
.5121250131689479
7.934500281814596
.006099845381880979
.0014243826421504952
.007277278369734524
.0020741462505424585
.001799609821584577
1.1405089834314635
.002621846489052398
.08806343072431774
1.228807585369902
.0013351256230985011
.0023604244545141675
.17910174136030693
.014627032710679014
.013637097446880098
3.1458099189559143
.001489981579090897
.8870650574644111
9.584425789370837
.010792529352378486
.0031456225151221765
.0018248276898656906
2.926204353276614
.0010046294795084602
7.474001680237314
.566501524179781
.09333170175495407
7.588380096885348
.876866494170072
.14388294462088794
.0016677315407899313
1.6282576526155794
.0017332188458587625
.35578477098249783
.09508289715584577
.009308331388347878
.0025023373610994436
.06220117838354266
.6024571630594829
4.604670711542063
.06173752110111329
.2899356407527944
.007710192666835233
.628720882852223
.015863011389196782
.7747166933140073
5.988608751183178
.0017695030252249915
.5367717486459549
.07853169984511912
1.9220349939351538
.02449189826572338
.0013926452339823466
.12386398530453796
.009257707069888793
.23447056460198745
2.5931915235547573
.060915678038657724
.003597484028123751
.07159935817232593
.003905815386509345
.0017030488902082118
.005621486802141724
3.900075692459881
1.2881918434244204
.0029954086324929835
.011802445601153604
1.866867193477124
.0016851975782290138
.006272343133584462
.0032906467358563255
.0015227586117136313
5.178147172416613
3.316122350549772
.0013919509180466286
.6740288381857314
.10801354308140394
.38908243097464734
1.691033945471097
.19847487922295295
.016316718553369938
.31874793026593967
.003058281262303567
6.644446445661043
.1562057142960213
.004848890818601057
.1325334844859692
.7133186051990708
.06455944066305765
.0028847465497700495
.0467177338878394
.4705195980570366
1.0967297647060144
.012786640424774105
.1336130743164951
.021649805784321102
.17987175012777695
.1453307977528774
.6440636978022984
.05475136339811261
.21595145441258662
.5896597225660718
.027230300509326164
7.451190003537616
.10961512130239026
3.310864460985261
.01443402237282055
.15914642408953916
1.872205716637059
.0042750494329132915
.0348983125571557
.19478329903539993
.005126081509432551
.05341794832581368
.014532409393155482
9.594441956156244
.11381106284582027
.001835708501166115
.003928036139594172
.010286335077720215
.008514542307518656
.006268132689697635
.9699155548029597
.0022433844870630095
4.571168086098892
1.9202427325362328
.02282051994699382
1.2506842192538483
7.571646802785694
7.5943858850914365
.39158546692493285
2.7845462864330557
.006671788242778876
.0021490232876218893
.11372697469360298
.002819873822917111
.2117079277398962
7.3797163294899475
7.083834556171363
.30891778457193575
7.675321477979205
.04464721257435128
.0018114909824700552
.011211939605315718
7.4794898509101895
.07996108092762988
.0010216173237020208
.0174956989231402
.18335309051345963
.19951880931826788
.24736311517388823
.06142450763944035
4.795207093873168
.5760017176131802
.0997070696243883
5.219117954266467
.01859263407741712
3.9906245072397177
.05474696042780519
.0010367642220421144
7.901977915442716
.33174271145981327
2.6053682436778107
.01522255768386218
.4484579152501077
.024462478355784904
.003692201620913537
.0012105268134213927
.3144145819185264
.016059082148687003
.2712655648151488
5.97326145131189
.8922902099147523
.025401591620566155
.0020097845571355444
3.012504061940907
.1872001030261553
.010873707035643212
.02217596509317736
.9896201241454429
3.7849751751787473
.04014167365781246
.0016202014456015924
.1511315927876669
.25758384503708154
.006187729686424641
.14750658223067775
2.1635663880286042
1.4148375280520917
1.1942650887099515
.03804638822210154
2.8445510379896013
.008782564342430218
.07093210733750582
2.3026995389797236
6.057335730336142
.11065396111516879
.03520723290920322
.0016850868024394549
.008325350193609887
2.872568067189361
.11091052748729882
.32117228426940525
.0015778422262052547
.0972967719602029
.03456947821691398
.007112031952074134
.040970231990995934
.002910980517088748
.01986820595241961
.022887880710749483
.047222287201196464
.939353252749527
3.7569038501026757
.10519545516122869
.19127191735664148
.0907067771511245
3.605494309645564
.27646894572576675
5.718703475314784
.7866703048944359
.0013615211593524543
.06629580610669773
.5201590338109485
.5159801176298073
.39649905979618233
.006588173790288307
.6992446394039846
.008230149806995641
1.079640833209658
.05394552388097116
.6183838112119013
.004994377341279148
.04296708332600148
.04178291866717371
6.253020276943792
1.6693449203783315
6.821341800218665
1.8594812330301553
.015101799593334292
.018215719270052
1.4160583185376772
1.7359078047768062
1.627427452589846
.8062832154739682
.25525178726416164
1.040345176255874
.25184930159255814
.04806875581527139
.3170791861605346
3.5852743377723204
.06122846639572806
1.7818716739106821
.003740492558290945
1.8404657290270174
.005622382084468627
.003269422710842438
.027194230044900243
.040512355899945826
3.941341039647812
.003445006484470506
.025834163191095008
.10177860391091717
2.542584122406016
.004678993360489463
.7280781671114757
.002470031318990291
.024710452388548493
.015428002442110154
.6796015306270349
.02678642007611544
.027377801179438103
2.4591223384253356
.03335938380424826
4.060634039717274
.0018241611239561363
.0016724394624485245
.002084285448804308
.012683413597604474
.008789016368767905
.023083249408458247
.6767631856138105
.04159360907142111
1.0039735831905077
.0012489789331474367
.22747733042529963
.0023096344315465776
.007891530688767329
.7415051451412467
.03819925572810998
4.909753929523607
.014852103863536003
.0010939853825242289
4.277267767134402
.722779050347278
.0016129359132539052
.019453890535612237
.01836767511659
.016383393370438152
4.631480663392654
.03814476236687979
.010503342891960003
7.519207601835795
6.767738627017579
.26057240351577904
7.382559308035206
.9741241914521129
.2365246688636989
.08282375851205385
.03376088349606076
.003291317671596036
1.089937005846297
.44179279752081513
1.5081308399885376
.051693008854503744
.008934661663694091
1.5510962930283294
1.2971177141643195
.039560033993771886
.07095428649839194
.008782229173068713
.001525028624734437
7.084831295811926
3.105131201498918
.03883301059725371
.3700773119268329
2.6824612954933826
.04053909666546006
.061400123407133814
.004009226972147794
.5576492734111435
.5118828943729449
.21715774574958296
.009043615477910934
6.955627659112314
2.2695825548023842
.003192479042008122
.0014135676387862315
.0025040166599163676
.04860985100941129
.0027576830441727253
7.668713584328253
.14853797353865233
.13304600751233495
.12097255026639633
1.17085
2.9565
1.20274
.0162921
.00812746
.0764206
.00953642
1.09595
.0129062
139.75
.073836
1.64798
4.277
.382617
1.03476
.864245
.0261159
.288461
1.0277
7.82276
.117037
1.17055
.40326
1.38878
.0532845
1.31205
181926e-9
5.89223
.067948
.035341
185727e-10
.35985
.0519835
.290466
