15	24	27	29	31	34	38	41	42	59	60	61	66	69	70	76	79	83	84	86	88	89	106	110	114	121	123	126	128	130	132	133	134	135	140
15	22	27	29	31	34	38	41	42	59	60	61	66	69	70	76	79	83	84	86	88	89	106	110	114	121	123	126	128	130	132	133	134	135	140
15	22	24	29	31	34	38	41	42	59	60	61	66	69	70	76	79	83	84	86	88	89	106	110	114	121	123	126	128	130	132	133	134	135	140
15	22	24	27	31	34	38	41	42	59	60	61	66	69	70	76	79	83	84	86	88	89	106	110	114	121	123	126	128	130	132	133	134	135	140
15	22	24	27	29	34	38	41	42	59	60	61	66	69	70	76	79	83	84	86	88	89	106	110	114	121	123	126	128	130	132	133	134	135	140
15	22	24	27	29	31	38	41	42	59	60	61	66	69	70	76	79	83	84	86	88	89	106	110	114	121	123	126	128	130	132	133	134	135	140
15	22	24	27	29	31	34	41	42	59	60	61	66	69	70	76	79	83	84	86	88	89	106	110	114	121	123	126	128	130	132	133	134	135	140
15	22	24	27	29	31	34	38	42	59	60	61	66	69	70	76	79	83	84	86	88	89	106	110	114	121	123	126	128	130	132	133	134	135	140
15	22	24	27	29	31	34	38	41	59	60	61	66	69	70	76	79	83	84	86	88	89	106	110	114	121	123	126	128	130	132	133	134	135	140
15	22	24	27	29	31	34	38	41	42	60	61	66	69	70	76	79	83	84	86	88	89	106	110	114	121	123	126	128	130	132	133	134	135	140
15	22	24	27	29	31	34	38	41	42	59	61	66	69	70	76	79	83	84	86	88	89	106	110	114	121	123	126	128	130	132	133	134	135	140
15	22	24	27	29	31	34	38	41	42	59	60	66	69	70	76	79	83	84	86	88	89	106	110	114	121	123	126	128	130	132	133	134	135	140
15	22	24	27	29	31	34	38	41	42	59	60	61	69	70	76	79	83	84	86	88	89	106	110	114	121	123	126	128	130	132	133	134	135	140
15	22	24	27	29	31	34	38	41	42	59	60	61	66	70	76	79	83	84	86	88	89	106	110	114	121	123	126	128	130	132	133	134	135	140
15	22	24	27	29	31	34	38	41	42	59	60	61	66	69	76	79	83	84	86	88	89	106	110	114	121	123	126	128	130	132	133	134	135	140
15	22	24	27	29	31	34	38	41	42	59	60	61	66	69	70	79	83	84	86	88	89	106	110	114	121	123	126	128	130	132	133	134	135	140
15	22	24	27	29	31	34	38	41	42	59	60	61	66	69	70	76	83	84	86	88	89	106	110	114	121	123	126	128	130	132	133	134	135	140
15	22	24	27	29	31	34	38	41	42	59	60	61	66	69	70	76	79	84	86	88	89	106	110	114	121	123	126	128	130	132	133	134	135	140
15	22	24	27	29	31	34	38	41	42	59	60	61	66	69	70	76	79	83	86	88	89	106	110	114	121	123	126	128	130	132	133	134	135	140
15	22	24	27	29	31	34	38	41	42	59	60	61	66	69	70	76	79	83	84	88	89	106	110	114	121	123	126	128	130	132	133	134	135	140
15	22	24	27	29	31	34	38	41	42	59	60	61	66	69	70	76	79	83	84	86	89	106	110	114	121	123	126	128	130	132	133	134	135	140
15	22	24	27	29	31	34	38	41	42	59	60	61	66	69	70	76	79	83	84	86	88	106	110	114	121	123	126	128	130	132	133	134	135	140
15	22	24	27	29	31	34	38	41	42	59	60	61	66	69	70	76	79	83	84	86	88	89	110	114	121	123	126	128	130	132	133	134	135	140
15	22	24	27	29	31	34	38	41	42	59	60	61	66	69	70	76	79	83	84	86	88	89	106	114	121	123	126	128	130	132	133	134	135	140
15	22	24	27	29	31	34	38	41	42	59	60	61	66	69	70	76	79	83	84	86	88	89	106	110	121	123	126	128	130	132	133	134	135	140
15	22	24	27	29	31	34	38	41	42	59	60	61	66	69	70	76	79	83	84	86	88	89	106	110	114	123	126	128	130	132	133	134	135	140
15	22	24	27	29	31	34	38	41	42	59	60	61	66	69	70	76	79	83	84	86	88	89	106	110	114	121	126	128	130	132	133	134	135	140
15	22	24	27	29	31	34	38	41	42	59	60	61	66	69	70	76	79	83	84	86	88	89	106	110	114	121	123	128	130	132	133	134	135	140
15	22	24	27	29	31	34	38	41	42	59	60	61	66	69	70	76	79	83	84	86	88	89	106	110	114	121	123	126	130	132	133	134	135	140
15	22	24	27	29	31	34	38	41	42	59	60	61	66	69	70	76	79	83	84	86	88	89	106	110	114	121	123	126	128	132	133	134	135	140
15	22	24	27	29	31	34	38	41	42	59	60	61	66	69	70	76	79	83	84	86	88	89	106	110	114	121	123	126	128	130	133	134	135	140
15	22	24	27	29	31	34	38	41	42	59	60	61	66	69	70	76	79	83	84	86	88	89	106	110	114	121	123	126	128	130	132	134	135	140
15	22	24	27	29	31	34	38	41	42	59	60	61	66	69	70	76	79	83	84	86	88	89	106	110	114	121	123	126	128	130	132	133	135	140
15	22	24	27	29	31	34	38	41	42	59	60	61	66	69	70	76	79	83	84	86	88	89	106	110	114	121	123	126	128	130	132	133	134	140
15	22	24	27	29	31	34	38	41	42	59	60	61	66	69	70	76	79	83	84	86	88	89	106	110	114	121	123	126	128	130	132	133	134	135
15	18	27	29	31	34	38	41	42	59	60	61	66	69	70	76	79	83	84	86	88	89	106	110	114	121	123	126	128	130	132	133	134	135	140
15	18	24	29	31	34	38	41	42	59	60	61	66	69	70	76	79	83	84	86	88	89	106	110	114	121	123	126	128	130	132	133	134	135	140
15	18	24	27	31	34	38	41	42	59	60	61	66	69	70	76	79	83	84	86	88	89	106	110	114	121	123	126	128	130	132	133	134	135	140
15	18	24	27	29	34	38	41	42	59	60	61	66	69	70	76	79	83	84	86	88	89	106	110	114	121	123	126	128	130	132	133	134	135	140
15	18	24	27	29	31	38	41	42	59	60	61	66	69	70	76	79	83	84	86	88	89	106	110	114	121	123	126	128	130	132	133	134	135	140
15	18	24	27	29	31	34	41	42	59	60	61	66	69	70	76	79	83	84	86	88	89	106	110	114	121	123	126	128	130	132	133	134	135	140
15	18	24	27	29	31	34	38	42	59	60	61	66	69	70	76	79	83	84	86	88	89	106	110	114	121	123	126	128	130	132	133	134	135	140
15	18	24	27	29	31	34	38	41	59	60	61	66	69	70	76	79	83	84	86	88	89	106	110	114	121	123	126	128	130	132	133	134	135	140
15	18	24	27	29	31	34	38	41	42	60	61	66	69	70	76	79	83	84	86	88	89	106	110	114	121	123	126	128	130	132	133	134	135	140
15	18	24	27	29	31	34	38	41	42	59	61	66	69	70	76	79	83	84	86	88	89	106	110	114	121	123	126	128	130	132	133	134	135	140
15	18	24	27	29	31	34	38	41	42	59	60	66	69	70	76	79	83	84	86	88	89	106	110	114	121	123	126	128	130	132	133	134	135	140
15	18	24	27	29	31	34	38	41	42	59	60	61	69	70	76	79	83	84	86	88	89	106	110	114	121	123	126	128	130	132	133	134	135	140
15	18	24	27	29	31	34	38	41	42	59	60	61	66	70	76	79	83	84	86	88	89	106	110	114	121	123	126	128	130	132	133	134	135	140
15	18	24	27	29	31	34	38	41	42	59	60	61	66	69	76	79	83	84	86	88	89	106	110	114	121	123	126	128	130	132	133	134	135	140
15	18	24	27	29	31	34	38	41	42	59	60	61	66	69	70	79	83	84	86	88	89	106	110	114	121	123	126	128	130	132	133	134	135	140
15	18	24	27	29	31	34	38	41	42	59	60	61	66	69	70	76	83	84	86	88	89	106	110	114	121	123	126	128	130	132	133	134	135	140
15	18	24	27	29	31	34	38	41	42	59	60	61	66	69	70	76	79	84	86	88	89	106	110	114	121	123	126	128	130	132	133	134	135	140
15	18	24	27	29	31	34	38	41	42	59	60	61	66	69	70	76	79	83	86	88	89	106	110	114	121	123	126	128	130	132	133	134	135	140
15	18	24	27	29	31	34	38	41	42	59	60	61	66	69	70	76	79	83	84	88	89	106	110	114	121	123	126	128	130	132	133	134	135	140
15	18	24	27	29	31	34	38	41	42	59	60	61	66	69	70	76	79	83	84	86	89	106	110	114	121	123	126	128	130	132	133	134	135	140
15	18	24	27	29	31	34	38	41	42	59	60	61	66	69	70	76	79	83	84	86	88	106	110	114	121	123	126	128	130	132	133	134	135	140
15	18	24	27	29	31	34	38	41	42	59	60	61	66	69	70	76	79	83	84	86	88	89	110	114	121	123	126	128	130	132	133	134	135	140
15	18	24	27	29	31	34	38	41	42	59	60	61	66	69	70	76	79	83	84	86	88	89	106	114	121	123	126	128	130	132	133	134	135	140
15	18	24	27	29	31	34	38	41	42	59	60	61	66	69	70	76	79	83	84	86	88	89	106	110	121	123	126	128	130	132	133	134	135	140
15	18	24	27	29	31	34	38	41	42	59	60	61	66	69	70	76	79	83	84	86	88	89	106	110	114	123	126	128	130	132	133	134	135	140
15	18	24	27	29	31	34	38	41	42	59	60	61	66	69	70	76	79	83	84	86	88	89	106	110	114	121	126	128	130	132	133	134	135	140
15	18	24	27	29	31	34	38	41	42	59	60	61	66	69	70	76	79	83	84	86	88	89	106	110	114	121	123	128	130	132	133	134	135	140
15	18	24	27	29	31	34	38	41	42	59	60	61	66	69	70	76	79	83	84	86	88	89	106	110	114	121	123	126	130	132	133	134	135	140
15	18	24	27	29	31	34	38	41	42	59	60	61	66	69	70	76	79	83	84	86	88	89	106	110	114	121	123	126	128	132	133	134	135	140
15	18	24	27	29	31	34	38	41	42	59	60	61	66	69	70	76	79	83	84	86	88	89	106	110	114	121	123	126	128	130	133	134	135	140
15	18	24	27	29	31	34	38	41	42	59	60	61	66	69	70	76	79	83	84	86	88	89	106	110	114	121	123	126	128	130	132	134	135	140
15	18	24	27	29	31	34	38	41	42	59	60	61	66	69	70	76	79	83	84	86	88	89	106	110	114	121	123	126	128	130	132	133	135	140
15	18	24	27	29	31	34	38	41	42	59	60	61	66	69	70	76	79	83	84	86	88	89	106	110	114	121	123	126	128	130	132	133	134	140
15	18	24	27	29	31	34	38	41	42	59	60	61	66	69	70	76	79	83	84	86	88	89	106	110	114	121	123	126	128	130	132	133	134	135
15	18	22	29	31	34	38	41	42	59	60	61	66	69	70	76	79	83	84	86	88	89	106	110	114	121	123	126	128	130	132	133	134	135	140
15	18	22	27	31	34	38	41	42	59	60	61	66	69	70	76	79	83	84	86	88	89	106	110	114	121	123	126	128	130	132	133	134	135	140
15	18	22	27	29	34	38	41	42	59	60	61	66	69	70	76	79	83	84	86	88	89	106	110	114	121	123	126	128	130	132	133	134	135	140
15	18	22	27	29	31	38	41	42	59	60	61	66	69	70	76	79	83	84	86	88	89	106	110	114	121	123	126	128	130	132	133	134	135	140
15	18	22	27	29	31	34	41	42	59	60	61	66	69	70	76	79	83	84	86	88	89	106	110	114	121	123	126	128	130	132	133	134	135	140
15	18	22	27	29	31	34	38	42	59	60	61	66	69	70	76	79	83	84	86	88	89	106	110	114	121	123	126	128	130	132	133	134	135	140
15	18	22	27	29	31	34	38	41	59	60	61	66	69	70	76	79	83	84	86	88	89	106	110	114	121	123	126	128	130	132	133	134	135	140
15	18	22	27	29	31	34	38	41	42	60	61	66	69	70	76	79	83	84	86	88	89	106	110	114	121	123	126	128	130	132	133	134	135	140
15	18	22	27	29	31	34	38	41	42	59	61	66	69	70	76	79	83	84	86	88	89	106	110	114	121	123	126	128	130	132	133	134	135	140
15	18	22	27	29	31	34	38	41	42	59	60	66	69	70	76	79	83	84	86	88	89	106	110	114	121	123	126	128	130	132	133	134	135	140
15	18	22	27	29	31	34	38	41	42	59	60	61	69	70	76	79	83	84	86	88	89	106	110	114	121	123	126	128	130	132	133	134	135	140
15	18	22	27	29	31	34	38	41	42	59	60	61	66	70	76	79	83	84	86	88	89	106	110	114	121	123	126	128	130	132	133	134	135	140
15	18	22	27	29	31	34	38	41	42	59	60	61	66	69	76	79	83	84	86	88	89	106	110	114	121	123	126	128	130	132	133	134	135	140
15	18	22	27	29	31	34	38	41	42	59	60	61	66	69	70	79	83	84	86	88	89	106	110	114	121	123	126	128	130	132	133	134	135	140
15	18	22	27	29	31	34	38	41	42	59	60	61	66	69	70	76	83	84	86	88	89	106	110	114	121	123	126	128	130	132	133	134	135	140
15	18	22	27	29	31	34	38	41	42	59	60	61	66	69	70	76	79	84	86	88	89	106	110	114	121	123	126	128	130	132	133	134	135	140
15	18	22	27	29	31	34	38	41	42	59	60	61	66	69	70	76	79	83	86	88	89	106	110	114	121	123	126	128	130	132	133	134	135	140
15	18	22	27	29	31	34	38	41	42	59	60	61	66	69	70	76	79	83	84	88	89	106	110	114	121	123	126	128	130	132	133	134	135	140
15	18	22	27	29	31	34	38	41	42	59	60	61	66	69	70	76	79	83	84	86	89	106	110	114	121	123	126	128	130	132	133	134	135	140
15	18	22	27	29	31	34	38	41	42	59	60	61	66	69	70	76	79	83	84	86	88	106	110	114	121	123	126	128	130	132	133	134	135	140
15	18	22	27	29	31	34	38	41	42	59	60	61	66	69	70	76	79	83	84	86	88	89	110	114	121	123	126	128	130	132	133	134	135	140
15	18	22	27	29	31	34	38	41	42	59	60	61	66	69	70	76	79	83	84	86	88	89	106	114	121	123	126	128	130	132	133	134	135	140
15	18	22	27	29	31	34	38	41	42	59	60	61	66	69	70	76	79	83	84	86	88	89	106	110	121	123	126	128	130	132	133	134	135	140
15	18	22	27	29	31	34	38	41	42	59	60	61	66	69	70	76	79	83	84	86	88	89	106	110	114	123	126	128	130	132	133	134	135	140
15	18	22	27	29	31	34	38	41	42	59	60	61	66	69	70	76	79	83	84	86	88	89	106	110	114	121	126	128	130	132	133	134	135	140
15	18	22	27	29	31	34	38	41	42	59	60	61	66	69	70	76	79	83	84	86	88	89	106	110	114	121	123	128	130	132	133	134	135	140
15	18	22	27	29	31	34	38	41	42	59	60	61	66	69	70	76	79	83	84	86	88	89	106	110	114	121	123	126	130	132	133	134	135	140
15	18	22	27	29	31	34	38	41	42	59	60	61	66	69	70	76	79	83	84	86	88	89	106	110	114	121	123	126	128	132	133	134	135	140
15	18	22	27	29	31	34	38	41	42	59	60	61	66	69	70	76	79	83	84	86	88	89	106	110	114	121	123	126	128	130	133	134	135	140
15	18	22	27	29	31	34	38	41	42	59	60	61	66	69	70	76	79	83	84	86	88	89	106	110	114	121	123	126	128	130	132	134	135	140
15	18	22	27	29	31	34	38	41	42	59	60	61	66	69	70	76	79	83	84	86	88	89	106	110	114	121	123	126	128	130	132	133	135	140
15	18	22	27	29	31	34	38	41	42	59	60	61	66	69	70	76	79	83	84	86	88	89	106	110	114	121	123	126	128	130	132	133	134	140
15	18	22	27	29	31	34	38	41	42	59	60	61	66	69	70	76	79	83	84	86	88	89	106	110	114	121	123	126	128	130	132	133	134	135
15	18	22	24	31	34	38	41	42	59	60	61	66	69	70	76	79	83	84	86	88	89	106	110	114	121	123	126	128	130	132	133	134	135	140
15	18	22	24	29	34	38	41	42	59	60	61	66	69	70	76	79	83	84	86	88	89	106	110	114	121	123	126	128	130	132	133	134	135	140
15	18	22	24	29	31	38	41	42	59	60	61	66	69	70	76	79	83	84	86	88	89	106	110	114	121	123	126	128	130	132	133	134	135	140
15	18	22	24	29	31	34	41	42	59	60	61	66	69	70	76	79	83	84	86	88	89	106	110	114	121	123	126	128	130	132	133	134	135	140
15	18	22	24	29	31	34	38	42	59	60	61	66	69	70	76	79	83	84	86	88	89	106	110	114	121	123	126	128	130	132	133	134	135	140
15	18	22	24	29	31	34	38	41	59	60	61	66	69	70	76	79	83	84	86	88	89	106	110	114	121	123	126	128	130	132	133	134	135	140
15	18	22	24	29	31	34	38	41	42	60	61	66	69	70	76	79	83	84	86	88	89	106	110	114	121	123	126	128	130	132	133	134	135	140
15	18	22	24	29	31	34	38	41	42	59	61	66	69	70	76	79	83	84	86	88	89	106	110	114	121	123	126	128	130	132	133	134	135	140
15	18	22	24	29	31	34	38	41	42	59	60	66	69	70	76	79	83	84	86	88	89	106	110	114	121	123	126	128	130	132	133	134	135	140
15	18	22	24	29	31	34	38	41	42	59	60	61	69	70	76	79	83	84	86	88	89	106	110	114	121	123	126	128	130	132	133	134	135	140
15	18	22	24	29	31	34	38	41	42	59	60	61	66	70	76	79	83	84	86	88	89	106	110	114	121	123	126	128	130	132	133	134	135	140
15	18	22	24	29	31	34	38	41	42	59	60	61	66	69	76	79	83	84	86	88	89	106	110	114	121	123	126	128	130	132	133	134	135	140
15	18	22	24	29	31	34	38	41	42	59	60	61	66	69	70	79	83	84	86	88	89	106	110	114	121	123	126	128	130	132	133	134	135	140
15	18	22	24	29	31	34	38	41	42	59	60	61	66	69	70	76	83	84	86	88	89	106	110	114	121	123	126	128	130	132	133	134	135	140
15	18	22	24	29	31	34	38	41	42	59	60	61	66	69	70	76	79	84	86	88	89	106	110	114	121	123	126	128	130	132	133	134	135	140
15	18	22	24	29	31	34	38	41	42	59	60	61	66	69	70	76	79	83	86	88	89	106	110	114	121	123	126	128	130	132	133	134	135	140
15	18	22	24	29	31	34	38	41	42	59	60	61	66	69	70	76	79	83	84	88	89	106	110	114	121	123	126	128	130	132	133	134	135	140
15	18	22	24	29	31	34	38	41	42	59	60	61	66	69	70	76	79	83	84	86	89	106	110	114	121	123	126	128	130	132	133	134	135	140
15	18	22	24	29	31	34	38	41	42	59	60	61	66	69	70	76	79	83	84	86	88	106	110	114	121	123	126	128	130	132	133	134	135	140
15	18	22	24	29	31	34	38	41	42	59	60	61	66	69	70	76	79	83	84	86	88	89	110	114	121	123	126	128	130	132	133	134	135	140
15	18	22	24	29	31	34	38	41	42	59	60	61	66	69	70	76	79	83	84	86	88	89	106	114	121	123	126	128	130	132	133	134	135	140
15	18	22	24	29	31	34	38	41	42	59	60	61	66	69	70	76	79	83	84	86	88	89	106	110	121	123	126	128	130	132	133	134	135	140
15	18	22	24	29	31	34	38	41	42	59	60	61	66	69	70	76	79	83	84	86	88	89	106	110	114	123	126	128	130	132	133	134	135	140
15	18	22	24	29	31	34	38	41	42	59	60	61	66	69	70	76	79	83	84	86	88	89	106	110	114	121	126	128	130	132	133	134	135	140
15	18	22	24	29	31	34	38	41	42	59	60	61	66	69	70	76	79	83	84	86	88	89	106	110	114	121	123	128	130	132	133	134	135	140
15	18	22	24	29	31	34	38	41	42	59	60	61	66	69	70	76	79	83	84	86	88	89	106	110	114	121	123	126	130	132	133	134	135	140
15	18	22	24	29	31	34	38	41	42	59	60	61	66	69	70	76	79	83	84	86	88	89	106	110	114	121	123	126	128	132	133	134	135	140
15	18	22	24	29	31	34	38	41	42	59	60	61	66	69	70	76	79	83	84	86	88	89	106	110	114	121	123	126	128	130	133	134	135	140
15	18	22	24	29	31	34	38	41	42	59	60	61	66	69	70	76	79	83	84	86	88	89	106	110	114	121	123	126	128	130	132	134	135	140
15	18	22	24	29	31	34	38	41	42	59	60	61	66	69	70	76	79	83	84	86	88	89	106	110	114	121	123	126	128	130	132	133	135	140
15	18	22	24	29	31	34	38	41	42	59	60	61	66	69	70	76	79	83	84	86	88	89	106	110	114	121	123	126	128	130	132	133	134	140
15	18	22	24	29	31	34	38	41	42	59	60	61	66	69	70	76	79	83	84	86	88	89	106	110	114	121	123	126	128	130	132	133	134	135
15	18	22	24	27	34	38	41	42	59	60	61	66	69	70	76	79	83	84	86	88	89	106	110	114	121	123	126	128	130	132	133	134	135	140
15	18	22	24	27	31	38	41	42	59	60	61	66	69	70	76	79	83	84	86	88	89	106	110	114	121	123	126	128	130	132	133	134	135	140
15	18	22	24	27	31	34	41	42	59	60	61	66	69	70	76	79	83	84	86	88	89	106	110	114	121	123	126	128	130	132	133	134	135	140
15	18	22	24	27	31	34	38	42	59	60	61	66	69	70	76	79	83	84	86	88	89	106	110	114	121	123	126	128	130	132	133	134	135	140
15	18	22	24	27	31	34	38	41	59	60	61	66	69	70	76	79	83	84	86	88	89	106	110	114	121	123	126	128	130	132	133	134	135	140
15	18	22	24	27	31	34	38	41	42	60	61	66	69	70	76	79	83	84	86	88	89	106	110	114	121	123	126	128	130	132	133	134	135	140
15	18	22	24	27	31	34	38	41	42	59	61	66	69	70	76	79	83	84	86	88	89	106	110	114	121	123	126	128	130	132	133	134	135	140
15	18	22	24	27	31	34	38	41	42	59	60	66	69	70	76	79	83	84	86	88	89	106	110	114	121	123	126	128	130	132	133	134	135	140
15	18	22	24	27	31	34	38	41	42	59	60	61	69	70	76	79	83	84	86	88	89	106	110	114	121	123	126	128	130	132	133	134	135	140
15	18	22	24	27	31	34	38	41	42	59	60	61	66	70	76	79	83	84	86	88	89	106	110	114	121	123	126	128	130	132	133	134	135	140
15	18	22	24	27	31	34	38	41	42	59	60	61	66	69	76	79	83	84	86	88	89	106	110	114	121	123	126	128	130	132	133	134	135	140
15	18	22	24	27	31	34	38	41	42	59	60	61	66	69	70	79	83	84	86	88	89	106	110	114	121	123	126	128	130	132	133	134	135	140
15	18	22	24	27	31	34	38	41	42	59	60	61	66	69	70	76	83	84	86	88	89	106	110	114	121	123	126	128	130	132	133	134	135	140
15	18	22	24	27	31	34	38	41	42	59	60	61	66	69	70	76	79	84	86	88	89	106	110	114	121	123	126	128	130	132	133	134	135	140
15	18	22	24	27	31	34	38	41	42	59	60	61	66	69	70	76	79	83	86	88	89	106	110	114	121	123	126	128	130	132	133	134	135	140
15	18	22	24	27	31	34	38	41	42	59	60	61	66	69	70	76	79	83	84	88	89	106	110	114	121	123	126	128	130	132	133	134	135	140
15	18	22	24	27	31	34	38	41	42	59	60	61	66	69	70	76	79	83	84	86	89	106	110	114	121	123	126	128	130	132	133	134	135	140
15	18	22	24	27	31	34	38	41	42	59	60	61	66	69	70	76	79	83	84	86	88	106	110	114	121	123	126	128	130	132	133	134	135	140
15	18	22	24	27	31	34	38	41	42	59	60	61	66	69	70	76	79	83	84	86	88	89	110	114	121	123	126	128	130	132	133	134	135	140
15	18	22	24	27	31	34	38	41	42	59	60	61	66	69	70	76	79	83	84	86	88	89	106	114	121	123	126	128	130	132	133	134	135	140
15	18	22	24	27	31	34	38	41	42	59	60	61	66	69	70	76	79	83	84	86	88	89	106	110	121	123	126	128	130	132	133	134	135	140
15	18	22	24	27	31	34	38	41	42	59	60	61	66	69	70	76	79	83	84	86	88	89	106	110	114	123	126	128	130	132	133	134	135	140
15	18	22	24	27	31	34	38	41	42	59	60	61	66	69	70	76	79	83	84	86	88	89	106	110	114	121	126	128	130	132	133	134	135	140
15	18	22	24	27	31	34	38	41	42	59	60	61	66	69	70	76	79	83	84	86	88	89	106	110	114	121	123	128	130	132	133	134	135	140
15	18	22	24	27	31	34	38	41	42	59	60	61	66	69	70	76	79	83	84	86	88	89	106	110	114	121	123	126	130	132	133	134	135	140
15	18	22	24	27	31	34	38	41	42	59	60	61	66	69	70	76	79	83	84	86	88	89	106	110	114	121	123	126	128	132	133	134	135	140
15	18	22	24	27	31	34	38	41	42	59	60	61	66	69	70	76	79	83	84	86	88	89	106	110	114	121	123	126	128	130	133	134	135	140
15	18	22	24	27	31	34	38	41	42	59	60	61	66	69	70	76	79	83	84	86	88	89	106	110	114	121	123	126	128	130	132	134	135	140
15	18	22	24	27	31	34	38	41	42	59	60	61	66	69	70	76	79	83	84	86	88	89	106	110	114	121	123	126	128	130	132	133	135	140
15	18	22	24	27	31	34	38	41	42	59	60	61	66	69	70	76	79	83	84	86	88	89	106	110	114	121	123	126	128	130	132	133	134	140
15	18	22	24	27	31	34	38	41	42	59	60	61	66	69	70	76	79	83	84	86	88	89	106	110	114	121	123	126	128	130	132	133	134	135
15	18	22	24	27	29	38	41	42	59	60	61	66	69	70	76	79	83	84	86	88	89	106	110	114	121	123	126	128	130	132	133	134	135	140
15	18	22	24	27	29	34	41	42	59	60	61	66	69	70	76	79	83	84	86	88	89	106	110	114	121	123	126	128	130	132	133	134	135	140
15	18	22	24	27	29	34	38	42	59	60	61	66	69	70	76	79	83	84	86	88	89	106	110	114	121	123	126	128	130	132	133	134	135	140
15	18	22	24	27	29	34	38	41	59	60	61	66	69	70	76	79	83	84	86	88	89	106	110	114	121	123	126	128	130	132	133	134	135	140
15	18	22	24	27	29	34	38	41	42	60	61	66	69	70	76	79	83	84	86	88	89	106	110	114	121	123	126	128	130	132	133	134	135	140
15	18	22	24	27	29	34	38	41	42	59	61	66	69	70	76	79	83	84	86	88	89	106	110	114	121	123	126	128	130	132	133	134	135	140
15	18	22	24	27	29	34	38	41	42	59	60	66	69	70	76	79	83	84	86	88	89	106	110	114	121	123	126	128	130	132	133	134	135	140
15	18	22	24	27	29	34	38	41	42	59	60	61	69	70	76	79	83	84	86	88	89	106	110	114	121	123	126	128	130	132	133	134	135	140
15	18	22	24	27	29	34	38	41	42	59	60	61	66	70	76	79	83	84	86	88	89	106	110	114	121	123	126	128	130	132	133	134	135	140
15	18	22	24	27	29	34	38	41	42	59	60	61	66	69	76	79	83	84	86	88	89	106	110	114	121	123	126	128	130	132	133	134	135	140
15	18	22	24	27	29	34	38	41	42	59	60	61	66	69	70	79	83	84	86	88	89	106	110	114	121	123	126	128	130	132	133	134	135	140
15	18	22	24	27	29	34	38	41	42	59	60	61	66	69	70	76	83	84	86	88	89	106	110	114	121	123	126	128	130	132	133	134	135	140
15	18	22	24	27	29	34	38	41	42	59	60	61	66	69	70	76	79	84	86	88	89	106	110	114	121	123	126	128	130	132	133	134	135	140
15	18	22	24	27	29	34	38	41	42	59	60	61	66	69	70	76	79	83	86	88	89	106	110	114	121	123	126	128	130	132	133	134	135	140
15	18	22	24	27	29	34	38	41	42	59	60	61	66	69	70	76	79	83	84	88	89	106	110	114	121	123	126	128	130	132	133	134	135	140
15	18	22	24	27	29	34	38	41	42	59	60	61	66	69	70	76	79	83	84	86	89	106	110	114	121	123	126	128	130	132	133	134	135	140
15	18	22	24	27	29	34	38	41	42	59	60	61	66	69	70	76	79	83	84	86	88	106	110	114	121	123	126	128	130	132	133	134	135	140
15	18	22	24	27	29	34	38	41	42	59	60	61	66	69	70	76	79	83	84	86	88	89	110	114	121	123	126	128	130	132	133	134	135	140
15	18	22	24	27	29	34	38	41	42	59	60	61	66	69	70	76	79	83	84	86	88	89	106	114	121	123	126	128	130	132	133	134	135	140
15	18	22	24	27	29	34	38	41	42	59	60	61	66	69	70	76	79	83	84	86	88	89	106	110	121	123	126	128	130	132	133	134	135	140
15	18	22	24	27	29	34	38	41	42	59	60	61	66	69	70	76	79	83	84	86	88	89	106	110	114	123	126	128	130	132	133	134	135	140
15	18	22	24	27	29	34	38	41	42	59	60	61	66	69	70	76	79	83	84	86	88	89	106	110	114	121	126	128	130	132	133	134	135	140
15	18	22	24	27	29	34	38	41	42	59	60	61	66	69	70	76	79	83	84	86	88	89	106	110	114	121	123	128	130	132	133	134	135	140
15	18	22	24	27	29	34	38	41	42	59	60	61	66	69	70	76	79	83	84	86	88	89	106	110	114	121	123	126	130	132	133	134	135	140
15	18	22	24	27	29	34	38	41	42	59	60	61	66	69	70	76	79	83	84	86	88	89	106	110	114	121	123	126	128	132	133	134	135	140
15	18	22	24	27	29	34	38	41	42	59	60	61	66	69	70	76	79	83	84	86	88	89	106	110	114	121	123	126	128	130	133	134	135	140
15	18	22	24	27	29	34	38	41	42	59	60	61	66	69	70	76	79	83	84	86	88	89	106	110	114	121	123	126	128	130	132	134	135	140
15	18	22	24	27	29	34	38	41	42	59	60	61	66	69	70	76	79	83	84	86	88	89	106	110	114	121	123	126	128	130	132	133	135	140
15	18	22	24	27	29	34	38	41	42	59	60	61	66	69	70	76	79	83	84	86	88	89	106	110	114	121	123	126	128	130	132	133	134	140
15	18	22	24	27	29	34	38	41	42	59	60	61	66	69	70	76	79	83	84	86	88	89	106	110	114	121	123	126	128	130	132	133	134	135
15	18	22	24	27	29	31	41	42	59	60	61	66	69	70	76	79	83	84	86	88	89	106	110	114	121	123	126	128	130	132	133	134	135	140
15	18	22	24	27	29	31	38	42	59	60	61	66	69	70	76	79	83	84	86	88	89	106	110	114	121	123	126	128	130	132	133	134	135	140
15	18	22	24	27	29	31	38	41	59	60	61	66	69	70	76	79	83	84	86	88	89	106	110	114	121	123	126	128	130	132	133	134	135	140
15	18	22	24	27	29	31	38	41	42	60	61	66	69	70	76	79	83	84	86	88	89	106	110	114	121	123	126	128	130	132	133	134	135	140
15	18	22	24	27	29	31	38	41	42	59	61	66	69	70	76	79	83	84	86	88	89	106	110	114	121	123	126	128	130	132	133	134	135	140
15	18	22	24	27	29	31	38	41	42	59	60	66	69	70	76	79	83	84	86	88	89	106	110	114	121	123	126	128	130	132	133	134	135	140
15	18	22	24	27	29	31	38	41	42	59	60	61	69	70	76	79	83	84	86	88	89	106	110	114	121	123	126	128	130	132	133	134	135	140
15	18	22	24	27	29	31	38	41	42	59	60	61	66	70	76	79	83	84	86	88	89	106	110	114	121	123	126	128	130	132	133	134	135	140
15	18	22	24	27	29	31	38	41	42	59	60	61	66	69	76	79	83	84	86	88	89	106	110	114	121	123	126	128	130	132	133	134	135	140
15	18	22	24	27	29	31	38	41	42	59	60	61	66	69	70	79	83	84	86	88	89	106	110	114	121	123	126	128	130	132	133	134	135	140
15	18	22	24	27	29	31	38	41	42	59	60	61	66	69	70	76	83	84	86	88	89	106	110	114	121	123	126	128	130	132	133	134	135	140
15	18	22	24	27	29	31	38	41	42	59	60	61	66	69	70	76	79	84	86	88	89	106	110	114	121	123	126	128	130	132	133	134	135	140
15	18	22	24	27	29	31	38	41	42	59	60	61	66	69	70	76	79	83	86	88	89	106	110	114	121	123	126	128	130	132	133	134	135	140
15	18	22	24	27	29	31	38	41	42	59	60	61	66	69	70	76	79	83	84	88	89	106	110	114	121	123	126	128	130	132	133	134	135	140
15	18	22	24	27	29	31	38	41	42	59	60	61	66	69	70	76	79	83	84	86	89	106	110	114	121	123	126	128	130	132	133	134	135	140
15	18	22	24	27	29	31	38	41	42	59	60	61	66	69	70	76	79	83	84	86	88	106	110	114	121	123	126	128	130	132	133	134	135	140
15	18	22	24	27	29	31	38	41	42	59	60	61	66	69	70	76	79	83	84	86	88	89	110	114	121	123	126	128	130	132	133	134	135	140
15	18	22	24	27	29	31	38	41	42	59	60	61	66	69	70	76	79	83	84	86	88	89	106	114	121	123	126	128	130	132	133	134	135	140
15	18	22	24	27	29	31	38	41	42	59	60	61	66	69	70	76	79	83	84	86	88	89	106	110	121	123	126	128	130	132	133	134	135	140
15	18	22	24	27	29	31	38	41	42	59	60	61	66	69	70	76	79	83	84	86	88	89	106	110	114	123	126	128	130	132	133	134	135	140
15	18	22	24	27	29	31	38	41	42	59	60	61	66	69	70	76	79	83	84	86	88	89	106	110	114	121	126	128	130	132	133	134	135	140
15	18	22	24	27	29	31	38	41	42	59	60	61	66	69	70	76	79	83	84	86	88	89	106	110	114	121	123	128	130	132	133	134	135	140
15	18	22	24	27	29	31	38	41	42	59	60	61	66	69	70	76	79	83	84	86	88	89	106	110	114	121	123	126	130	132	133	134	135	140
15	18	22	24	27	29	31	38	41	42	59	60	61	66	69	70	76	79	83	84	86	88	89	106	110	114	121	123	126	128	132	133	134	135	140
15	18	22	24	27	29	31	38	41	42	59	60	61	66	69	70	76	79	83	84	86	88	89	106	110	114	121	123	126	128	130	133	134	135	140
15	18	22	24	27	29	31	38	41	42	59	60	61	66	69	70	76	79	83	84	86	88	89	106	110	114	121	123	126	128	130	132	134	135	140
15	18	22	24	27	29	31	38	41	42	59	60	61	66	69	70	76	79	83	84	86	88	89	106	110	114	121	123	126	128	130	132	133	135	140
15	18	22	24	27	29	31	38	41	42	59	60	61	66	69	70	76	79	83	84	86	88	89	106	110	114	121	123	126	128	130	132	133	134	140
15	18	22	24	27	29	31	38	41	42	59	60	61	66	69	70	76	79	83	84	86	88	89	106	110	114	121	123	126	128	130	132	133	134	135
15	18	22	24	27	29	31	34	42	59	60	61	66	69	70	76	79	83	84	86	88	89	106	110	114	121	123	126	128	130	132	133	134	135	140
15	18	22	24	27	29	31	34	41	59	60	61	66	69	70	76	79	83	84	86	88	89	106	110	114	121	123	126	128	130	132	133	134	135	140
15	18	22	24	27	29	31	34	41	42	60	61	66	69	70	76	79	83	84	86	88	89	106	110	114	121	123	126	128	130	132	133	134	135	140
15	18	22	24	27	29	31	34	41	42	59	61	66	69	70	76	79	83	84	86	88	89	106	110	114	121	123	126	128	130	132	133	134	135	140
15	18	22	24	27	29	31	34	41	42	59	60	66	69	70	76	79	83	84	86	88	89	106	110	114	121	123	126	128	130	132	133	134	135	140
15	18	22	24	27	29	31	34	41	42	59	60	61	69	70	76	79	83	84	86	88	89	106	110	114	121	123	126	128	130	132	133	134	135	140
15	18	22	24	27	29	31	34	41	42	59	60	61	66	70	76	79	83	84	86	88	89	106	110	114	121	123	126	128	130	132	133	134	135	140
15	18	22	24	27	29	31	34	41	42	59	60	61	66	69	76	79	83	84	86	88	89	106	110	114	121	123	126	128	130	132	133	134	135	140
15	18	22	24	27	29	31	34	41	42	59	60	61	66	69	70	79	83	84	86	88	89	106	110	114	121	123	126	128	130	132	133	134	135	140
15	18	22	24	27	29	31	34	41	42	59	60	61	66	69	70	76	83	84	86	88	89	106	110	114	121	123	126	128	130	132	133	134	135	140
15	18	22	24	27	29	31	34	41	42	59	60	61	66	69	70	76	79	84	86	88	89	106	110	114	121	123	126	128	130	132	133	134	135	140
15	18	22	24	27	29	31	34	41	42	59	60	61	66	69	70	76	79	83	86	88	89	106	110	114	121	123	126	128	130	132	133	134	135	140
15	18	22	24	27	29	31	34	41	42	59	60	61	66	69	70	76	79	83	84	88	89	106	110	114	121	123	126	128	130	132	133	134	135	140
15	18	22	24	27	29	31	34	41	42	59	60	61	66	69	70	76	79	83	84	86	89	106	110	114	121	123	126	128	130	132	133	134	135	140
15	18	22	24	27	29	31	34	41	42	59	60	61	66	69	70	76	79	83	84	86	88	106	110	114	121	123	126	128	130	132	133	134	135	140
15	18	22	24	27	29	31	34	41	42	59	60	61	66	69	70	76	79	83	84	86	88	89	110	114	121	123	126	128	130	132	133	134	135	140
15	18	22	24	27	29	31	34	41	42	59	60	61	66	69	70	76	79	83	84	86	88	89	106	114	121	123	126	128	130	132	133	134	135	140
15	18	22	24	27	29	31	34	41	42	59	60	61	66	69	70	76	79	83	84	86	88	89	106	110	121	123	126	128	130	132	133	134	135	140
15	18	22	24	27	29	31	34	41	42	59	60	61	66	69	70	76	79	83	84	86	88	89	106	110	114	123	126	128	130	132	133	134	135	140
15	18	22	24	27	29	31	34	41	42	59	60	61	66	69	70	76	79	83	84	86	88	89	106	110	114	121	126	128	130	132	133	134	135	140
15	18	22	24	27	29	31	34	41	42	59	60	61	66	69	70	76	79	83	84	86	88	89	106	110	114	121	123	128	130	132	133	134	135	140
15	18	22	24	27	29	31	34	41	42	59	60	61	66	69	70	76	79	83	84	86	88	89	106	110	114	121	123	126	130	132	133	134	135	140
15	18	22	24	27	29	31	34	41	42	59	60	61	66	69	70	76	79	83	84	86	88	89	106	110	114	121	123	126	128	132	133	134	135	140
15	18	22	24	27	29	31	34	41	42	59	60	61	66	69	70	76	79	83	84	86	88	89	106	110	114	121	123	126	128	130	133	134	135	140
15	18	22	24	27	29	31	34	41	42	59	60	61	66	69	70	76	79	83	84	86	88	89	106	110	114	121	123	126	128	130	132	134	135	140
15	18	22	24	27	29	31	34	41	42	59	60	61	66	69	70	76	79	83	84	86	88	89	106	110	114	121	123	126	128	130	132	133	135	140
15	18	22	24	27	29	31	34	41	42	59	60	61	66	69	70	76	79	83	84	86	88	89	106	110	114	121	123	126	128	130	132	133	134	140
15	18	22	24	27	29	31	34	41	42	59	60	61	66	69	70	76	79	83	84	86	88	89	106	110	114	121	123	126	128	130	132	133	134	135
15	18	22	24	27	29	31	34	38	59	60	61	66	69	70	76	79	83	84	86	88	89	106	110	114	121	123	126	128	130	132	133	134	135	140
15	18	22	24	27	29	31	34	38	42	60	61	66	69	70	76	79	83	84	86	88	89	106	110	114	121	123	126	128	130	132	133	134	135	140
15	18	22	24	27	29	31	34	38	42	59	61	66	69	70	76	79	83	84	86	88	89	106	110	114	121	123	126	128	130	132	133	134	135	140
15	18	22	24	27	29	31	34	38	42	59	60	66	69	70	76	79	83	84	86	88	89	106	110	114	121	123	126	128	130	132	133	134	135	140
15	18	22	24	27	29	31	34	38	42	59	60	61	69	70	76	79	83	84	86	88	89	106	110	114	121	123	126	128	130	132	133	134	135	140
15	18	22	24	27	29	31	34	38	42	59	60	61	66	70	76	79	83	84	86	88	89	106	110	114	121	123	126	128	130	132	133	134	135	140
15	18	22	24	27	29	31	34	38	42	59	60	61	66	69	76	79	83	84	86	88	89	106	110	114	121	123	126	128	130	132	133	134	135	140
15	18	22	24	27	29	31	34	38	42	59	60	61	66	69	70	79	83	84	86	88	89	106	110	114	121	123	126	128	130	132	133	134	135	140
15	18	22	24	27	29	31	34	38	42	59	60	61	66	69	70	76	83	84	86	88	89	106	110	114	121	123	126	128	130	132	133	134	135	140
15	18	22	24	27	29	31	34	38	42	59	60	61	66	69	70	76	79	84	86	88	89	106	110	114	121	123	126	128	130	132	133	134	135	140
15	18	22	24	27	29	31	34	38	42	59	60	61	66	69	70	76	79	83	86	88	89	106	110	114	121	123	126	128	130	132	133	134	135	140
15	18	22	24	27	29	31	34	38	42	59	60	61	66	69	70	76	79	83	84	88	89	106	110	114	121	123	126	128	130	132	133	134	135	140
15	18	22	24	27	29	31	34	38	42	59	60	61	66	69	70	76	79	83	84	86	89	106	110	114	121	123	126	128	130	132	133	134	135	140
15	18	22	24	27	29	31	34	38	42	59	60	61	66	69	70	76	79	83	84	86	88	106	110	114	121	123	126	128	130	132	133	134	135	140
15	18	22	24	27	29	31	34	38	42	59	60	61	66	69	70	76	79	83	84	86	88	89	110	114	121	123	126	128	130	132	133	134	135	140
15	18	22	24	27	29	31	34	38	42	59	60	61	66	69	70	76	79	83	84	86	88	89	106	114	121	123	126	128	130	132	133	134	135	140
15	18	22	24	27	29	31	34	38	42	59	60	61	66	69	70	76	79	83	84	86	88	89	106	110	121	123	126	128	130	132	133	134	135	140
15	18	22	24	27	29	31	34	38	42	59	60	61	66	69	70	76	79	83	84	86	88	89	106	110	114	123	126	128	130	132	133	134	135	140
15	18	22	24	27	29	31	34	38	42	59	60	61	66	69	70	76	79	83	84	86	88	89	106	110	114	121	126	128	130	132	133	134	135	140
15	18	22	24	27	29	31	34	38	42	59	60	61	66	69	70	76	79	83	84	86	88	89	106	110	114	121	123	128	130	132	133	134	135	140
15	18	22	24	27	29	31	34	38	42	59	60	61	66	69	70	76	79	83	84	86	88	89	106	110	114	121	123	126	130	132	133	134	135	140
15	18	22	24	27	29	31	34	38	42	59	60	61	66	69	70	76	79	83	84	86	88	89	106	110	114	121	123	126	128	132	133	134	135	140
15	18	22	24	27	29	31	34	38	42	59	60	61	66	69	70	76	79	83	84	86	88	89	106	110	114	121	123	126	128	130	133	134	135	140
15	18	22	24	27	29	31	34	38	42	59	60	61	66	69	70	76	79	83	84	86	88	89	106	110	114	121	123	126	128	130	132	134	135	140
15	18	22	24	27	29	31	34	38	42	59	60	61	66	69	70	76	79	83	84	86	88	89	106	110	114	121	123	126	128	130	132	133	135	140
15	18	22	24	27	29	31	34	38	42	59	60	61	66	69	70	76	79	83	84	86	88	89	106	110	114	121	123	126	128	130	132	133	134	140
15	18	22	24	27	29	31	34	38	42	59	60	61	66	69	70	76	79	83	84	86	88	89	106	110	114	121	123	126	128	130	132	133	134	135
15	18	22	24	27	29	31	34	38	41	60	61	66	69	70	76	79	83	84	86	88	89	106	110	114	121	123	126	128	130	132	133	134	135	140
15	18	22	24	27	29	31	34	38	41	59	61	66	69	70	76	79	83	84	86	88	89	106	110	114	121	123	126	128	130	132	133	134	135	140
15	18	22	24	27	29	31	34	38	41	59	60	66	69	70	76	79	83	84	86	88	89	106	110	114	121	123	126	128	130	132	133	134	135	140
15	18	22	24	27	29	31	34	38	41	59	60	61	69	70	76	79	83	84	86	88	89	106	110	114	121	123	126	128	130	132	133	134	135	140
15	18	22	24	27	29	31	34	38	41	59	60	61	66	70	76	79	83	84	86	88	89	106	110	114	121	123	126	128	130	132	133	134	135	140
15	18	22	24	27	29	31	34	38	41	59	60	61	66	69	76	79	83	84	86	88	89	106	110	114	121	123	126	128	130	132	133	134	135	140
15	18	22	24	27	29	31	34	38	41	59	60	61	66	69	70	79	83	84	86	88	89	106	110	114	121	123	126	128	130	132	133	134	135	140
15	18	22	24	27	29	31	34	38	41	59	60	61	66	69	70	76	83	84	86	88	89	106	110	114	121	123	126	128	130	132	133	134	135	140
15	18	22	24	27	29	31	34	38	41	59	60	61	66	69	70	76	79	84	86	88	89	106	110	114	121	123	126	128	130	132	133	134	135	140
15	18	22	24	27	29	31	34	38	41	59	60	61	66	69	70	76	79	83	86	88	89	106	110	114	121	123	126	128	130	132	133	134	135	140
15	18	22	24	27	29	31	34	38	41	59	60	61	66	69	70	76	79	83	84	88	89	106	110	114	121	123	126	128	130	132	133	134	135	140
15	18	22	24	27	29	31	34	38	41	59	60	61	66	69	70	76	79	83	84	86	89	106	110	114	121	123	126	128	130	132	133	134	135	140
15	18	22	24	27	29	31	34	38	41	59	60	61	66	69	70	76	79	83	84	86	88	106	110	114	121	123	126	128	130	132	133	134	135	140
15	18	22	24	27	29	31	34	38	41	59	60	61	66	69	70	76	79	83	84	86	88	89	110	114	121	123	126	128	130	132	133	134	135	140
15	18	22	24	27	29	31	34	38	41	59	60	61	66	69	70	76	79	83	84	86	88	89	106	114	121	123	126	128	130	132	133	134	135	140
15	18	22	24	27	29	31	34	38	41	59	60	61	66	69	70	76	79	83	84	86	88	89	106	110	121	123	126	128	130	132	133	134	135	140
15	18	22	24	27	29	31	34	38	41	59	60	61	66	69	70	76	79	83	84	86	88	89	106	110	114	123	126	128	130	132	133	134	135	140
15	18	22	24	27	29	31	34	38	41	59	60	61	66	69	70	76	79	83	84	86	88	89	106	110	114	121	126	128	130	132	133	134	135	140
15	18	22	24	27	29	31	34	38	41	59	60	61	66	69	70	76	79	83	84	86	88	89	106	110	114	121	123	128	130	132	133	134	135	140
15	18	22	24	27	29	31	34	38	41	59	60	61	66	69	70	76	79	83	84	86	88	89	106	110	114	121	123	126	130	132	133	134	135	140
15	18	22	24	27	29	31	34	38	41	59	60	61	66	69	70	76	79	83	84	86	88	89	106	110	114	121	123	126	128	132	133	134	135	140
15	18	22	24	27	29	31	34	38	41	59	60	61	66	69	70	76	79	83	84	86	88	89	106	110	114	121	123	126	128	130	133	134	135	140
15	18	22	24	27	29	31	34	38	41	59	60	61	66	69	70	76	79	83	84	86	88	89	106	110	114	121	123	126	128	130	132	134	135	140
15	18	22	24	27	29	31	34	38	41	59	60	61	66	69	70	76	79	83	84	86	88	89	106	110	114	121	123	126	128	130	132	133	135	140
15	18	22	24	27	29	31	34	38	41	59	60	61	66	69	70	76	79	83	84	86	88	89	106	110	114	121	123	126	128	130	132	133	134	140
15	18	22	24	27	29	31	34	38	41	59	60	61	66	69	70	76	79	83	84	86	88	89	106	110	114	121	123	126	128	130	132	133	134	135
15	18	22	24	27	29	31	34	38	41	42	61	66	69	70	76	79	83	84	86	88	89	106	110	114	121	123	126	128	130	132	133	134	135	140
15	18	22	24	27	29	31	34	38	41	42	60	66	69	70	76	79	83	84	86	88	89	106	110	114	121	123	126	128	130	132	133	134	135	140
15	18	22	24	27	29	31	34	38	41	42	60	61	69	70	76	79	83	84	86	88	89	106	110	114	121	123	126	128	130	132	133	134	135	140
15	18	22	24	27	29	31	34	38	41	42	60	61	66	70	76	79	83	84	86	88	89	106	110	114	121	123	126	128	130	132	133	134	135	140
15	18	22	24	27	29	31	34	38	41	42	60	61	66	69	76	79	83	84	86	88	89	106	110	114	121	123	126	128	130	132	133	134	135	140
15	18	22	24	27	29	31	34	38	41	42	60	61	66	69	70	79	83	84	86	88	89	106	110	114	121	123	126	128	130	132	133	134	135	140
15	18	22	24	27	29	31	34	38	41	42	60	61	66	69	70	76	83	84	86	88	89	106	110	114	121	123	126	128	130	132	133	134	135	140
15	18	22	24	27	29	31	34	38	41	42	60	61	66	69	70	76	79	84	86	88	89	106	110	114	121	123	126	128	130	132	133	134	135	140
15	18	22	24	27	29	31	34	38	41	42	60	61	66	69	70	76	79	83	86	88	89	106	110	114	121	123	126	128	130	132	133	134	135	140
15	18	22	24	27	29	31	34	38	41	42	60	61	66	69	70	76	79	83	84	88	89	106	110	114	121	123	126	128	130	132	133	134	135	140
15	18	22	24	27	29	31	34	38	41	42	60	61	66	69	70	76	79	83	84	86	89	106	110	114	121	123	126	128	130	132	133	134	135	140
15	18	22	24	27	29	31	34	38	41	42	60	61	66	69	70	76	79	83	84	86	88	106	110	114	121	123	126	128	130	132	133	134	135	140
15	18	22	24	27	29	31	34	38	41	42	60	61	66	69	70	76	79	83	84	86	88	89	110	114	121	123	126	128	130	132	133	134	135	140
15	18	22	24	27	29	31	34	38	41	42	60	61	66	69	70	76	79	83	84	86	88	89	106	114	121	123	126	128	130	132	133	134	135	140
15	18	22	24	27	29	31	34	38	41	42	60	61	66	69	70	76	79	83	84	86	88	89	106	110	121	123	126	128	130	132	133	134	135	140
15	18	22	24	27	29	31	34	38	41	42	60	61	66	69	70	76	79	83	84	86	88	89	106	110	114	123	126	128	130	132	133	134	135	140
15	18	22	24	27	29	31	34	38	41	42	60	61	66	69	70	76	79	83	84	86	88	89	106	110	114	121	126	128	130	132	133	134	135	140
15	18	22	24	27	29	31	34	38	41	42	60	61	66	69	70	76	79	83	84	86	88	89	106	110	114	121	123	128	130	132	133	134	135	140
15	18	22	24	27	29	31	34	38	41	42	60	61	66	69	70	76	79	83	84	86	88	89	106	110	114	121	123	126	130	132	133	134	135	140
15	18	22	24	27	29	31	34	38	41	42	60	61	66	69	70	76	79	83	84	86	88	89	106	110	114	121	123	126	128	132	133	134	135	140
15	18	22	24	27	29	31	34	38	41	42	60	61	66	69	70	76	79	83	84	86	88	89	106	110	114	121	123	126	128	130	133	134	135	140
15	18	22	24	27	29	31	34	38	41	42	60	61	66	69	70	76	79	83	84	86	88	89	106	110	114	121	123	126	128	130	132	134	135	140
15	18	22	24	27	29	31	34	38	41	42	60	61	66	69	70	76	79	83	84	86	88	89	106	110	114	121	123	126	128	130	132	133	135	140
15	18	22	24	27	29	31	34	38	41	42	60	61	66	69	70	76	79	83	84	86	88	89	106	110	114	121	123	126	128	130	132	133	134	140
15	18	22	24	27	29	31	34	38	41	42	60	61	66	69	70	76	79	83	84	86	88	89	106	110	114	121	123	126	128	130	132	133	134	135
15	18	22	24	27	29	31	34	38	41	42	59	66	69	70	76	79	83	84	86	88	89	106	110	114	121	123	126	128	130	132	133	134	135	140
15	18	22	24	27	29	31	34	38	41	42	59	61	69	70	76	79	83	84	86	88	89	106	110	114	121	123	126	128	130	132	133	134	135	140
15	18	22	24	27	29	31	34	38	41	42	59	61	66	70	76	79	83	84	86	88	89	106	110	114	121	123	126	128	130	132	133	134	135	140
15	18	22	24	27	29	31	34	38	41	42	59	61	66	69	76	79	83	84	86	88	89	106	110	114	121	123	126	128	130	132	133	134	135	140
15	18	22	24	27	29	31	34	38	41	42	59	61	66	69	70	79	83	84	86	88	89	106	110	114	121	123	126	128	130	132	133	134	135	140
15	18	22	24	27	29	31	34	38	41	42	59	61	66	69	70	76	83	84	86	88	89	106	110	114	121	123	126	128	130	132	133	134	135	140
15	18	22	24	27	29	31	34	38	41	42	59	61	66	69	70	76	79	84	86	88	89	106	110	114	121	123	126	128	130	132	133	134	135	140
15	18	22	24	27	29	31	34	38	41	42	59	61	66	69	70	76	79	83	86	88	89	106	110	114	121	123	126	128	130	132	133	134	135	140
15	18	22	24	27	29	31	34	38	41	42	59	61	66	69	70	76	79	83	84	88	89	106	110	114	121	123	126	128	130	132	133	134	135	140
15	18	22	24	27	29	31	34	38	41	42	59	61	66	69	70	76	79	83	84	86	89	106	110	114	121	123	126	128	130	132	133	134	135	140
15	18	22	24	27	29	31	34	38	41	42	59	61	66	69	70	76	79	83	84	86	88	106	110	114	121	123	126	128	130	132	133	134	135	140
15	18	22	24	27	29	31	34	38	41	42	59	61	66	69	70	76	79	83	84	86	88	89	110	114	121	123	126	128	130	132	133	134	135	140
15	18	22	24	27	29	31	34	38	41	42	59	61	66	69	70	76	79	83	84	86	88	89	106	114	121	123	126	128	130	132	133	134	135	140
15	18	22	24	27	29	31	34	38	41	42	59	61	66	69	70	76	79	83	84	86	88	89	106	110	121	123	126	128	130	132	133	134	135	140
15	18	22	24	27	29	31	34	38	41	42	59	61	66	69	70	76	79	83	84	86	88	89	106	110	114	123	126	128	130	132	133	134	135	140
15	18	22	24	27	29	31	34	38	41	42	59	61	66	69	70	76	79	83	84	86	88	89	106	110	114	121	126	128	130	132	133	134	135	140
15	18	22	24	27	29	31	34	38	41	42	59	61	66	69	70	76	79	83	84	86	88	89	106	110	114	121	123	128	130	132	133	134	135	140
15	18	22	24	27	29	31	34	38	41	42	59	61	66	69	70	76	79	83	84	86	88	89	106	110	114	121	123	126	130	132	133	134	135	140
15	18	22	24	27	29	31	34	38	41	42	59	61	66	69	70	76	79	83	84	86	88	89	106	110	114	121	123	126	128	132	133	134	135	140
15	18	22	24	27	29	31	34	38	41	42	59	61	66	69	70	76	79	83	84	86	88	89	106	110	114	121	123	126	128	130	133	134	135	140
15	18	22	24	27	29	31	34	38	41	42	59	61	66	69	70	76	79	83	84	86	88	89	106	110	114	121	123	126	128	130	132	134	135	140
15	18	22	24	27	29	31	34	38	41	42	59	61	66	69	70	76	79	83	84	86	88	89	106	110	114	121	123	126	128	130	132	133	135	140
15	18	22	24	27	29	31	34	38	41	42	59	61	66	69	70	76	79	83	84	86	88	89	106	110	114	121	123	126	128	130	132	133	134	140
15	18	22	24	27	29	31	34	38	41	42	59	61	66	69	70	76	79	83	84	86	88	89	106	110	114	121	123	126	128	130	132	133	134	135
15	18	22	24	27	29	31	34	38	41	42	59	60	69	70	76	79	83	84	86	88	89	106	110	114	121	123	126	128	130	132	133	134	135	140
15	18	22	24	27	29	31	34	38	41	42	59	60	66	70	76	79	83	84	86	88	89	106	110	114	121	123	126	128	130	132	133	134	135	140
15	18	22	24	27	29	31	34	38	41	42	59	60	66	69	76	79	83	84	86	88	89	106	110	114	121	123	126	128	130	132	133	134	135	140
15	18	22	24	27	29	31	34	38	41	42	59	60	66	69	70	79	83	84	86	88	89	106	110	114	121	123	126	128	130	132	133	134	135	140
15	18	22	24	27	29	31	34	38	41	42	59	60	66	69	70	76	83	84	86	88	89	106	110	114	121	123	126	128	130	132	133	134	135	140
15	18	22	24	27	29	31	34	38	41	42	59	60	66	69	70	76	79	84	86	88	89	106	110	114	121	123	126	128	130	132	133	134	135	140
15	18	22	24	27	29	31	34	38	41	42	59	60	66	69	70	76	79	83	86	88	89	106	110	114	121	123	126	128	130	132	133	134	135	140
15	18	22	24	27	29	31	34	38	41	42	59	60	66	69	70	76	79	83	84	88	89	106	110	114	121	123	126	128	130	132	133	134	135	140
15	18	22	24	27	29	31	34	38	41	42	59	60	66	69	70	76	79	83	84	86	89	106	110	114	121	123	126	128	130	132	133	134	135	140
15	18	22	24	27	29	31	34	38	41	42	59	60	66	69	70	76	79	83	84	86	88	106	110	114	121	123	126	128	130	132	133	134	135	140
15	18	22	24	27	29	31	34	38	41	42	59	60	66	69	70	76	79	83	84	86	88	89	110	114	121	123	126	128	130	132	133	134	135	140
15	18	22	24	27	29	31	34	38	41	42	59	60	66	69	70	76	79	83	84	86	88	89	106	114	121	123	126	128	130	132	133	134	135	140
15	18	22	24	27	29	31	34	38	41	42	59	60	66	69	70	76	79	83	84	86	88	89	106	110	121	123	126	128	130	132	133	134	135	140
15	18	22	24	27	29	31	34	38	41	42	59	60	66	69	70	76	79	83	84	86	88	89	106	110	114	123	126	128	130	132	133	134	135	140
15	18	22	24	27	29	31	34	38	41	42	59	60	66	69	70	76	79	83	84	86	88	89	106	110	114	121	126	128	130	132	133	134	135	140
15	18	22	24	27	29	31	34	38	41	42	59	60	66	69	70	76	79	83	84	86	88	89	106	110	114	121	123	128	130	132	133	134	135	140
15	18	22	24	27	29	31	34	38	41	42	59	60	66	69	70	76	79	83	84	86	88	89	106	110	114	121	123	126	130	132	133	134	135	140
15	18	22	24	27	29	31	34	38	41	42	59	60	66	69	70	76	79	83	84	86	88	89	106	110	114	121	123	126	128	132	133	134	135	140
15	18	22	24	27	29	31	34	38	41	42	59	60	66	69	70	76	79	83	84	86	88	89	106	110	114	121	123	126	128	130	133	134	135	140
15	18	22	24	27	29	31	34	38	41	42	59	60	66	69	70	76	79	83	84	86	88	89	106	110	114	121	123	126	128	130	132	134	135	140
15	18	22	24	27	29	31	34	38	41	42	59	60	66	69	70	76	79	83	84	86	88	89	106	110	114	121	123	126	128	130	132	133	135	140
15	18	22	24	27	29	31	34	38	41	42	59	60	66	69	70	76	79	83	84	86	88	89	106	110	114	121	123	126	128	130	132	133	134	140
15	18	22	24	27	29	31	34	38	41	42	59	60	66	69	70	76	79	83	84	86	88	89	106	110	114	121	123	126	128	130	132	133	134	135
15	18	22	24	27	29	31	34	38	41	42	59	60	61	70	76	79	83	84	86	88	89	106	110	114	121	123	126	128	130	132	133	134	135	140
15	18	22	24	27	29	31	34	38	41	42	59	60	61	69	76	79	83	84	86	88	89	106	110	114	121	123	126	128	130	132	133	134	135	140
15	18	22	24	27	29	31	34	38	41	42	59	60	61	69	70	79	83	84	86	88	89	106	110	114	121	123	126	128	130	132	133	134	135	140
15	18	22	24	27	29	31	34	38	41	42	59	60	61	69	70	76	83	84	86	88	89	106	110	114	121	123	126	128	130	132	133	134	135	140
15	18	22	24	27	29	31	34	38	41	42	59	60	61	69	70	76	79	84	86	88	89	106	110	114	121	123	126	128	130	132	133	134	135	140
15	18	22	24	27	29	31	34	38	41	42	59	60	61	69	70	76	79	83	86	88	89	106	110	114	121	123	126	128	130	132	133	134	135	140
15	18	22	24	27	29	31	34	38	41	42	59	60	61	69	70	76	79	83	84	88	89	106	110	114	121	123	126	128	130	132	133	134	135	140
15	18	22	24	27	29	31	34	38	41	42	59	60	61	69	70	76	79	83	84	86	89	106	110	114	121	123	126	128	130	132	133	134	135	140
15	18	22	24	27	29	31	34	38	41	42	59	60	61	69	70	76	79	83	84	86	88	106	110	114	121	123	126	128	130	132	133	134	135	140
15	18	22	24	27	29	31	34	38	41	42	59	60	61	69	70	76	79	83	84	86	88	89	110	114	121	123	126	128	130	132	133	134	135	140
15	18	22	24	27	29	31	34	38	41	42	59	60	61	69	70	76	79	83	84	86	88	89	106	114	121	123	126	128	130	132	133	134	135	140
15	18	22	24	27	29	31	34	38	41	42	59	60	61	69	70	76	79	83	84	86	88	89	106	110	121	123	126	128	130	132	133	134	135	140
15	18	22	24	27	29	31	34	38	41	42	59	60	61	69	70	76	79	83	84	86	88	89	106	110	114	123	126	128	130	132	133	134	135	140
15	18	22	24	27	29	31	34	38	41	42	59	60	61	69	70	76	79	83	84	86	88	89	106	110	114	121	126	128	130	132	133	134	135	140
15	18	22	24	27	29	31	34	38	41	42	59	60	61	69	70	76	79	83	84	86	88	89	106	110	114	121	123	128	130	132	133	134	135	140
15	18	22	24	27	29	31	34	38	41	42	59	60	61	69	70	76	79	83	84	86	88	89	106	110	114	121	123	126	130	132	133	134	135	140
15	18	22	24	27	29	31	34	38	41	42	59	60	61	69	70	76	79	83	84	86	88	89	106	110	114	121	123	126	128	132	133	134	135	140
15	18	22	24	27	29	31	34	38	41	42	59	60	61	69	70	76	79	83	84	86	88	89	106	110	114	121	123	126	128	130	133	134	135	140
15	18	22	24	27	29	31	34	38	41	42	59	60	61	69	70	76	79	83	84	86	88	89	106	110	114	121	123	126	128	130	132	134	135	140
15	18	22	24	27	29	31	34	38	41	42	59	60	61	69	70	76	79	83	84	86	88	89	106	110	114	121	123	126	128	130	132	133	135	140
15	18	22	24	27	29	31	34	38	41	42	59	60	61	69	70	76	79	83	84	86	88	89	106	110	114	121	123	126	128	130	132	133	134	140
15	18	22	24	27	29	31	34	38	41	42	59	60	61	69	70	76	79	83	84	86	88	89	106	110	114	121	123	126	128	130	132	133	134	135
15	18	22	24	27	29	31	34	38	41	42	59	60	61	66	76	79	83	84	86	88	89	106	110	114	121	123	126	128	130	132	133	134	135	140
15	18	22	24	27	29	31	34	38	41	42	59	60	61	66	70	79	83	84	86	88	89	106	110	114	121	123	126	128	130	132	133	134	135	140
15	18	22	24	27	29	31	34	38	41	42	59	60	61	66	70	76	83	84	86	88	89	106	110	114	121	123	126	128	130	132	133	134	135	140
15	18	22	24	27	29	31	34	38	41	42	59	60	61	66	70	76	79	84	86	88	89	106	110	114	121	123	126	128	130	132	133	134	135	140
15	18	22	24	27	29	31	34	38	41	42	59	60	61	66	70	76	79	83	86	88	89	106	110	114	121	123	126	128	130	132	133	134	135	140
15	18	22	24	27	29	31	34	38	41	42	59	60	61	66	70	76	79	83	84	88	89	106	110	114	121	123	126	128	130	132	133	134	135	140
15	18	22	24	27	29	31	34	38	41	42	59	60	61	66	70	76	79	83	84	86	89	106	110	114	121	123	126	128	130	132	133	134	135	140
15	18	22	24	27	29	31	34	38	41	42	59	60	61	66	70	76	79	83	84	86	88	106	110	114	121	123	126	128	130	132	133	134	135	140
15	18	22	24	27	29	31	34	38	41	42	59	60	61	66	70	76	79	83	84	86	88	89	110	114	121	123	126	128	130	132	133	134	135	140
15	18	22	24	27	29	31	34	38	41	42	59	60	61	66	70	76	79	83	84	86	88	89	106	114	121	123	126	128	130	132	133	134	135	140
15	18	22	24	27	29	31	34	38	41	42	59	60	61	66	70	76	79	83	84	86	88	89	106	110	121	123	126	128	130	132	133	134	135	140
15	18	22	24	27	29	31	34	38	41	42	59	60	61	66	70	76	79	83	84	86	88	89	106	110	114	123	126	128	130	132	133	134	135	140
15	18	22	24	27	29	31	34	38	41	42	59	60	61	66	70	76	79	83	84	86	88	89	106	110	114	121	126	128	130	132	133	134	135	140
15	18	22	24	27	29	31	34	38	41	42	59	60	61	66	70	76	79	83	84	86	88	89	106	110	114	121	123	128	130	132	133	134	135	140
15	18	22	24	27	29	31	34	38	41	42	59	60	61	66	70	76	79	83	84	86	88	89	106	110	114	121	123	126	130	132	133	134	135	140
15	18	22	24	27	29	31	34	38	41	42	59	60	61	66	70	76	79	83	84	86	88	89	106	110	114	121	123	126	128	132	133	134	135	140
15	18	22	24	27	29	31	34	38	41	42	59	60	61	66	70	76	79	83	84	86	88	89	106	110	114	121	123	126	128	130	133	134	135	140
15	18	22	24	27	29	31	34	38	41	42	59	60	61	66	70	76	79	83	84	86	88	89	106	110	114	121	123	126	128	130	132	134	135	140
15	18	22	24	27	29	31	34	38	41	42	59	60	61	66	70	76	79	83	84	86	88	89	106	110	114	121	123	126	128	130	132	133	135	140
15	18	22	24	27	29	31	34	38	41	42	59	60	61	66	70	76	79	83	84	86	88	89	106	110	114	121	123	126	128	130	132	133	134	140
15	18	22	24	27	29	31	34	38	41	42	59	60	61	66	70	76	79	83	84	86	88	89	106	110	114	121	123	126	128	130	132	133	134	135
15	18	22	24	27	29	31	34	38	41	42	59	60	61	66	69	79	83	84	86	88	89	106	110	114	121	123	126	128	130	132	133	134	135	140
15	18	22	24	27	29	31	34	38	41	42	59	60	61	66	69	76	83	84	86	88	89	106	110	114	121	123	126	128	130	132	133	134	135	140
15	18	22	24	27	29	31	34	38	41	42	59	60	61	66	69	76	79	84	86	88	89	106	110	114	121	123	126	128	130	132	133	134	135	140
15	18	22	24	27	29	31	34	38	41	42	59	60	61	66	69	76	79	83	86	88	89	106	110	114	121	123	126	128	130	132	133	134	135	140
15	18	22	24	27	29	31	34	38	41	42	59	60	61	66	69	76	79	83	84	88	89	106	110	114	121	123	126	128	130	132	133	134	135	140
15	18	22	24	27	29	31	34	38	41	42	59	60	61	66	69	76	79	83	84	86	89	106	110	114	121	123	126	128	130	132	133	134	135	140
15	18	22	24	27	29	31	34	38	41	42	59	60	61	66	69	76	79	83	84	86	88	106	110	114	121	123	126	128	130	132	133	134	135	140
15	18	22	24	27	29	31	34	38	41	42	59	60	61	66	69	76	79	83	84	86	88	89	110	114	121	123	126	128	130	132	133	134	135	140
15	18	22	24	27	29	31	34	38	41	42	59	60	61	66	69	76	79	83	84	86	88	89	106	114	121	123	126	128	130	132	133	134	135	140
15	18	22	24	27	29	31	34	38	41	42	59	60	61	66	69	76	79	83	84	86	88	89	106	110	121	123	126	128	130	132	133	134	135	140
15	18	22	24	27	29	31	34	38	41	42	59	60	61	66	69	76	79	83	84	86	88	89	106	110	114	123	126	128	130	132	133	134	135	140
15	18	22	24	27	29	31	34	38	41	42	59	60	61	66	69	76	79	83	84	86	88	89	106	110	114	121	126	128	130	132	133	134	135	140
15	18	22	24	27	29	31	34	38	41	42	59	60	61	66	69	76	79	83	84	86	88	89	106	110	114	121	123	128	130	132	133	134	135	140
15	18	22	24	27	29	31	34	38	41	42	59	60	61	66	69	76	79	83	84	86	88	89	106	110	114	121	123	126	130	132	133	134	135	140
15	18	22	24	27	29	31	34	38	41	42	59	60	61	66	69	76	79	83	84	86	88	89	106	110	114	121	123	126	128	132	133	134	135	140
15	18	22	24	27	29	31	34	38	41	42	59	60	61	66	69	76	79	83	84	86	88	89	106	110	114	121	123	126	128	130	133	134	135	140
15	18	22	24	27	29	31	34	38	41	42	59	60	61	66	69	76	79	83	84	86	88	89	106	110	114	121	123	126	128	130	132	134	135	140
15	18	22	24	27	29	31	34	38	41	42	59	60	61	66	69	76	79	83	84	86	88	89	106	110	114	121	123	126	128	130	132	133	135	140
15	18	22	24	27	29	31	34	38	41	42	59	60	61	66	69	76	79	83	84	86	88	89	106	110	114	121	123	126	128	130	132	133	134	140
15	18	22	24	27	29	31	34	38	41	42	59	60	61	66	69	76	79	83	84	86	88	89	106	110	114	121	123	126	128	130	132	133	134	135
15	18	22	24	27	29	31	34	38	41	42	59	60	61	66	69	70	83	84	86	88	89	106	110	114	121	123	126	128	130	132	133	134	135	140
15	18	22	24	27	29	31	34	38	41	42	59	60	61	66	69	70	79	84	86	88	89	106	110	114	121	123	126	128	130	132	133	134	135	140
15	18	22	24	27	29	31	34	38	41	42	59	60	61	66	69	70	79	83	86	88	89	106	110	114	121	123	126	128	130	132	133	134	135	140
15	18	22	24	27	29	31	34	38	41	42	59	60	61	66	69	70	79	83	84	88	89	106	110	114	121	123	126	128	130	132	133	134	135	140
15	18	22	24	27	29	31	34	38	41	42	59	60	61	66	69	70	79	83	84	86	89	106	110	114	121	123	126	128	130	132	133	134	135	140
15	18	22	24	27	29	31	34	38	41	42	59	60	61	66	69	70	79	83	84	86	88	106	110	114	121	123	126	128	130	132	133	134	135	140
15	18	22	24	27	29	31	34	38	41	42	59	60	61	66	69	70	79	83	84	86	88	89	110	114	121	123	126	128	130	132	133	134	135	140
15	18	22	24	27	29	31	34	38	41	42	59	60	61	66	69	70	79	83	84	86	88	89	106	114	121	123	126	128	130	132	133	134	135	140
15	18	22	24	27	29	31	34	38	41	42	59	60	61	66	69	70	79	83	84	86	88	89	106	110	121	123	126	128	130	132	133	134	135	140
15	18	22	24	27	29	31	34	38	41	42	59	60	61	66	69	70	79	83	84	86	88	89	106	110	114	123	126	128	130	132	133	134	135	140
15	18	22	24	27	29	31	34	38	41	42	59	60	61	66	69	70	79	83	84	86	88	89	106	110	114	121	126	128	130	132	133	134	135	140
15	18	22	24	27	29	31	34	38	41	42	59	60	61	66	69	70	79	83	84	86	88	89	106	110	114	121	123	128	130	132	133	134	135	140
15	18	22	24	27	29	31	34	38	41	42	59	60	61	66	69	70	79	83	84	86	88	89	106	110	114	121	123	126	130	132	133	134	135	140
15	18	22	24	27	29	31	34	38	41	42	59	60	61	66	69	70	79	83	84	86	88	89	106	110	114	121	123	126	128	132	133	134	135	140
15	18	22	24	27	29	31	34	38	41	42	59	60	61	66	69	70	79	83	84	86	88	89	106	110	114	121	123	126	128	130	133	134	135	140
15	18	22	24	27	29	31	34	38	41	42	59	60	61	66	69	70	79	83	84	86	88	89	106	110	114	121	123	126	128	130	132	134	135	140
15	18	22	24	27	29	31	34	38	41	42	59	60	61	66	69	70	79	83	84	86	88	89	106	110	114	121	123	126	128	130	132	133	135	140
15	18	22	24	27	29	31	34	38	41	42	59	60	61	66	69	70	79	83	84	86	88	89	106	110	114	121	123	126	128	130	132	133	134	140
15	18	22	24	27	29	31	34	38	41	42	59	60	61	66	69	70	79	83	84	86	88	89	106	110	114	121	123	126	128	130	132	133	134	135
15	18	22	24	27	29	31	34	38	41	42	59	60	61	66	69	70	76	84	86	88	89	106	110	114	121	123	126	128	130	132	133	134	135	140
15	18	22	24	27	29	31	34	38	41	42	59	60	61	66	69	70	76	83	86	88	89	106	110	114	121	123	126	128	130	132	133	134	135	140
15	18	22	24	27	29	31	34	38	41	42	59	60	61	66	69	70	76	83	84	88	89	106	110	114	121	123	126	128	130	132	133	134	135	140
15	18	22	24	27	29	31	34	38	41	42	59	60	61	66	69	70	76	83	84	86	89	106	110	114	121	123	126	128	130	132	133	134	135	140
15	18	22	24	27	29	31	34	38	41	42	59	60	61	66	69	70	76	83	84	86	88	106	110	114	121	123	126	128	130	132	133	134	135	140
15	18	22	24	27	29	31	34	38	41	42	59	60	61	66	69	70	76	83	84	86	88	89	110	114	121	123	126	128	130	132	133	134	135	140
15	18	22	24	27	29	31	34	38	41	42	59	60	61	66	69	70	76	83	84	86	88	89	106	114	121	123	126	128	130	132	133	134	135	140
15	18	22	24	27	29	31	34	38	41	42	59	60	61	66	69	70	76	83	84	86	88	89	106	110	121	123	126	128	130	132	133	134	135	140
15	18	22	24	27	29	31	34	38	41	42	59	60	61	66	69	70	76	83	84	86	88	89	106	110	114	123	126	128	130	132	133	134	135	140
15	18	22	24	27	29	31	34	38	41	42	59	60	61	66	69	70	76	83	84	86	88	89	106	110	114	121	126	128	130	132	133	134	135	140
15	18	22	24	27	29	31	34	38	41	42	59	60	61	66	69	70	76	83	84	86	88	89	106	110	114	121	123	128	130	132	133	134	135	140
15	18	22	24	27	29	31	34	38	41	42	59	60	61	66	69	70	76	83	84	86	88	89	106	110	114	121	123	126	130	132	133	134	135	140
15	18	22	24	27	29	31	34	38	41	42	59	60	61	66	69	70	76	83	84	86	88	89	106	110	114	121	123	126	128	132	133	134	135	140
15	18	22	24	27	29	31	34	38	41	42	59	60	61	66	69	70	76	83	84	86	88	89	106	110	114	121	123	126	128	130	133	134	135	140
15	18	22	24	27	29	31	34	38	41	42	59	60	61	66	69	70	76	83	84	86	88	89	106	110	114	121	123	126	128	130	132	134	135	140
15	18	22	24	27	29	31	34	38	41	42	59	60	61	66	69	70	76	83	84	86	88	89	106	110	114	121	123	126	128	130	132	133	135	140
15	18	22	24	27	29	31	34	38	41	42	59	60	61	66	69	70	76	83	84	86	88	89	106	110	114	121	123	126	128	130	132	133	134	140
15	18	22	24	27	29	31	34	38	41	42	59	60	61	66	69	70	76	83	84	86	88	89	106	110	114	121	123	126	128	130	132	133	134	135
15	18	22	24	27	29	31	34	38	41	42	59	60	61	66	69	70	76	79	86	88	89	106	110	114	121	123	126	128	130	132	133	134	135	140
15	18	22	24	27	29	31	34	38	41	42	59	60	61	66	69	70	76	79	84	88	89	106	110	114	121	123	126	128	130	132	133	134	135	140
15	18	22	24	27	29	31	34	38	41	42	59	60	61	66	69	70	76	79	84	86	89	106	110	114	121	123	126	128	130	132	133	134	135	140
15	18	22	24	27	29	31	34	38	41	42	59	60	61	66	69	70	76	79	84	86	88	106	110	114	121	123	126	128	130	132	133	134	135	140
15	18	22	24	27	29	31	34	38	41	42	59	60	61	66	69	70	76	79	84	86	88	89	110	114	121	123	126	128	130	132	133	134	135	140
15	18	22	24	27	29	31	34	38	41	42	59	60	61	66	69	70	76	79	84	86	88	89	106	114	121	123	126	128	130	132	133	134	135	140
15	18	22	24	27	29	31	34	38	41	42	59	60	61	66	69	70	76	79	84	86	88	89	106	110	121	123	126	128	130	132	133	134	135	140
15	18	22	24	27	29	31	34	38	41	42	59	60	61	66	69	70	76	79	84	86	88	89	106	110	114	123	126	128	130	132	133	134	135	140
15	18	22	24	27	29	31	34	38	41	42	59	60	61	66	69	70	76	79	84	86	88	89	106	110	114	121	126	128	130	132	133	134	135	140
15	18	22	24	27	29	31	34	38	41	42	59	60	61	66	69	70	76	79	84	86	88	89	106	110	114	121	123	128	130	132	133	134	135	140
15	18	22	24	27	29	31	34	38	41	42	59	60	61	66	69	70	76	79	84	86	88	89	106	110	114	121	123	126	130	132	133	134	135	140
15	18	22	24	27	29	31	34	38	41	42	59	60	61	66	69	70	76	79	84	86	88	89	106	110	114	121	123	126	128	132	133	134	135	140
15	18	22	24	27	29	31	34	38	41	42	59	60	61	66	69	70	76	79	84	86	88	89	106	110	114	121	123	126	128	130	133	134	135	140
15	18	22	24	27	29	31	34	38	41	42	59	60	61	66	69	70	76	79	84	86	88	89	106	110	114	121	123	126	128	130	132	134	135	140
15	18	22	24	27	29	31	34	38	41	42	59	60	61	66	69	70	76	79	84	86	88	89	106	110	114	121	123	126	128	130	132	133	135	140
15	18	22	24	27	29	31	34	38	41	42	59	60	61	66	69	70	76	79	84	86	88	89	106	110	114	121	123	126	128	130	132	133	134	140
15	18	22	24	27	29	31	34	38	41	42	59	60	61	66	69	70	76	79	84	86	88	89	106	110	114	121	123	126	128	130	132	133	134	135
15	18	22	24	27	29	31	34	38	41	42	59	60	61	66	69	70	76	79	83	88	89	106	110	114	121	123	126	128	130	132	133	134	135	140
15	18	22	24	27	29	31	34	38	41	42	59	60	61	66	69	70	76	79	83	86	89	106	110	114	121	123	126	128	130	132	133	134	135	140
15	18	22	24	27	29	31	34	38	41	42	59	60	61	66	69	70	76	79	83	86	88	106	110	114	121	123	126	128	130	132	133	134	135	140
15	18	22	24	27	29	31	34	38	41	42	59	60	61	66	69	70	76	79	83	86	88	89	110	114	121	123	126	128	130	132	133	134	135	140
15	18	22	24	27	29	31	34	38	41	42	59	60	61	66	69	70	76	79	83	86	88	89	106	114	121	123	126	128	130	132	133	134	135	140
15	18	22	24	27	29	31	34	38	41	42	59	60	61	66	69	70	76	79	83	86	88	89	106	110	121	123	126	128	130	132	133	134	135	140
15	18	22	24	27	29	31	34	38	41	42	59	60	61	66	69	70	76	79	83	86	88	89	106	110	114	123	126	128	130	132	133	134	135	140
15	18	22	24	27	29	31	34	38	41	42	59	60	61	66	69	70	76	79	83	86	88	89	106	110	114	121	126	128	130	132	133	134	135	140
15	18	22	24	27	29	31	34	38	41	42	59	60	61	66	69	70	76	79	83	86	88	89	106	110	114	121	123	128	130	132	133	134	135	140
15	18	22	24	27	29	31	34	38	41	42	59	60	61	66	69	70	76	79	83	86	88	89	106	110	114	121	123	126	130	132	133	134	135	140
15	18	22	24	27	29	31	34	38	41	42	59	60	61	66	69	70	76	79	83	86	88	89	106	110	114	121	123	126	128	132	133	134	135	140
15	18	22	24	27	29	31	34	38	41	42	59	60	61	66	69	70	76	79	83	86	88	89	106	110	114	121	123	126	128	130	133	134	135	140
15	18	22	24	27	29	31	34	38	41	42	59	60	61	66	69	70	76	79	83	86	88	89	106	110	114	121	123	126	128	130	132	134	135	140
15	18	22	24	27	29	31	34	38	41	42	59	60	61	66	69	70	76	79	83	86	88	89	106	110	114	121	123	126	128	130	132	133	135	140
15	18	22	24	27	29	31	34	38	41	42	59	60	61	66	69	70	76	79	83	86	88	89	106	110	114	121	123	126	128	130	132	133	134	140
15	18	22	24	27	29	31	34	38	41	42	59	60	61	66	69	70	76	79	83	86	88	89	106	110	114	121	123	126	128	130	132	133	134	135
15	18	22	24	27	29	31	34	38	41	42	59	60	61	66	69	70	76	79	83	84	89	106	110	114	121	123	126	128	130	132	133	134	135	140
15	18	22	24	27	29	31	34	38	41	42	59	60	61	66	69	70	76	79	83	84	88	106	110	114	121	123	126	128	130	132	133	134	135	140
15	18	22	24	27	29	31	34	38	41	42	59	60	61	66	69	70	76	79	83	84	88	89	110	114	121	123	126	128	130	132	133	134	135	140
15	18	22	24	27	29	31	34	38	41	42	59	60	61	66	69	70	76	79	83	84	88	89	106	114	121	123	126	128	130	132	133	134	135	140
15	18	22	24	27	29	31	34	38	41	42	59	60	61	66	69	70	76	79	83	84	88	89	106	110	121	123	126	128	130	132	133	134	135	140
15	18	22	24	27	29	31	34	38	41	42	59	60	61	66	69	70	76	79	83	84	88	89	106	110	114	123	126	128	130	132	133	134	135	140
15	18	22	24	27	29	31	34	38	41	42	59	60	61	66	69	70	76	79	83	84	88	89	106	110	114	121	126	128	130	132	133	134	135	140
15	18	22	24	27	29	31	34	38	41	42	59	60	61	66	69	70	76	79	83	84	88	89	106	110	114	121	123	128	130	132	133	134	135	140
15	18	22	24	27	29	31	34	38	41	42	59	60	61	66	69	70	76	79	83	84	88	89	106	110	114	121	123	126	130	132	133	134	135	140
15	18	22	24	27	29	31	34	38	41	42	59	60	61	66	69	70	76	79	83	84	88	89	106	110	114	121	123	126	128	132	133	134	135	140
15	18	22	24	27	29	31	34	38	41	42	59	60	61	66	69	70	76	79	83	84	88	89	106	110	114	121	123	126	128	130	133	134	135	140
15	18	22	24	27	29	31	34	38	41	42	59	60	61	66	69	70	76	79	83	84	88	89	106	110	114	121	123	126	128	130	132	134	135	140
15	18	22	24	27	29	31	34	38	41	42	59	60	61	66	69	70	76	79	83	84	88	89	106	110	114	121	123	126	128	130	132	133	135	140
15	18	22	24	27	29	31	34	38	41	42	59	60	61	66	69	70	76	79	83	84	88	89	106	110	114	121	123	126	128	130	132	133	134	140
15	18	22	24	27	29	31	34	38	41	42	59	60	61	66	69	70	76	79	83	84	88	89	106	110	114	121	123	126	128	130	132	133	134	135
15	18	22	24	27	29	31	34	38	41	42	59	60	61	66	69	70	76	79	83	84	86	106	110	114	121	123	126	128	130	132	133	134	135	140
15	18	22	24	27	29	31	34	38	41	42	59	60	61	66	69	70	76	79	83	84	86	89	110	114	121	123	126	128	130	132	133	134	135	140
15	18	22	24	27	29	31	34	38	41	42	59	60	61	66	69	70	76	79	83	84	86	89	106	114	121	123	126	128	130	132	133	134	135	140
15	18	22	24	27	29	31	34	38	41	42	59	60	61	66	69	70	76	79	83	84	86	89	106	110	121	123	126	128	130	132	133	134	135	140
15	18	22	24	27	29	31	34	38	41	42	59	60	61	66	69	70	76	79	83	84	86	89	106	110	114	123	126	128	130	132	133	134	135	140
15	18	22	24	27	29	31	34	38	41	42	59	60	61	66	69	70	76	79	83	84	86	89	106	110	114	121	126	128	130	132	133	134	135	140
15	18	22	24	27	29	31	34	38	41	42	59	60	61	66	69	70	76	79	83	84	86	89	106	110	114	121	123	128	130	132	133	134	135	140
15	18	22	24	27	29	31	34	38	41	42	59	60	61	66	69	70	76	79	83	84	86	89	106	110	114	121	123	126	130	132	133	134	135	140
15	18	22	24	27	29	31	34	38	41	42	59	60	61	66	69	70	76	79	83	84	86	89	106	110	114	121	123	126	128	132	133	134	135	140
15	18	22	24	27	29	31	34	38	41	42	59	60	61	66	69	70	76	79	83	84	86	89	106	110	114	121	123	126	128	130	133	134	135	140
15	18	22	24	27	29	31	34	38	41	42	59	60	61	66	69	70	76	79	83	84	86	89	106	110	114	121	123	126	128	130	132	134	135	140
15	18	22	24	27	29	31	34	38	41	42	59	60	61	66	69	70	76	79	83	84	86	89	106	110	114	121	123	126	128	130	132	133	135	140
15	18	22	24	27	29	31	34	38	41	42	59	60	61	66	69	70	76	79	83	84	86	89	106	110	114	121	123	126	128	130	132	133	134	140
15	18	22	24	27	29	31	34	38	41	42	59	60	61	66	69	70	76	79	83	84	86	89	106	110	114	121	123	126	128	130	132	133	134	135
15	18	22	24	27	29	31	34	38	41	42	59	60	61	66	69	70	76	79	83	84	86	88	110	114	121	123	126	128	130	132	133	134	135	140
15	18	22	24	27	29	31	34	38	41	42	59	60	61	66	69	70	76	79	83	84	86	88	106	114	121	123	126	128	130	132	133	134	135	140
15	18	22	24	27	29	31	34	38	41	42	59	60	61	66	69	70	76	79	83	84	86	88	106	110	121	123	126	128	130	132	133	134	135	140
15	18	22	24	27	29	31	34	38	41	42	59	60	61	66	69	70	76	79	83	84	86	88	106	110	114	123	126	128	130	132	133	134	135	140
15	18	22	24	27	29	31	34	38	41	42	59	60	61	66	69	70	76	79	83	84	86	88	106	110	114	121	126	128	130	132	133	134	135	140
15	18	22	24	27	29	31	34	38	41	42	59	60	61	66	69	70	76	79	83	84	86	88	106	110	114	121	123	128	130	132	133	134	135	140
15	18	22	24	27	29	31	34	38	41	42	59	60	61	66	69	70	76	79	83	84	86	88	106	110	114	121	123	126	130	132	133	134	135	140
15	18	22	24	27	29	31	34	38	41	42	59	60	61	66	69	70	76	79	83	84	86	88	106	110	114	121	123	126	128	132	133	134	135	140
15	18	22	24	27	29	31	34	38	41	42	59	60	61	66	69	70	76	79	83	84	86	88	106	110	114	121	123	126	128	130	133	134	135	140
15	18	22	24	27	29	31	34	38	41	42	59	60	61	66	69	70	76	79	83	84	86	88	106	110	114	121	123	126	128	130	132	134	135	140
15	18	22	24	27	29	31	34	38	41	42	59	60	61	66	69	70	76	79	83	84	86	88	106	110	114	121	123	126	128	130	132	133	135	140
15	18	22	24	27	29	31	34	38	41	42	59	60	61	66	69	70	76	79	83	84	86	88	106	110	114	121	123	126	128	130	132	133	134	140
15	18	22	24	27	29	31	34	38	41	42	59	60	61	66	69	70	76	79	83	84	86	88	106	110	114	121	123	126	128	130	132	133	134	135
15	18	22	24	27	29	31	34	38	41	42	59	60	61	66	69	70	76	79	83	84	86	88	89	114	121	123	126	128	130	132	133	134	135	140
15	18	22	24	27	29	31	34	38	41	42	59	60	61	66	69	70	76	79	83	84	86	88	89	110	121	123	126	128	130	132	133	134	135	140
15	18	22	24	27	29	31	34	38	41	42	59	60	61	66	69	70	76	79	83	84	86	88	89	110	114	123	126	128	130	132	133	134	135	140
15	18	22	24	27	29	31	34	38	41	42	59	60	61	66	69	70	76	79	83	84	86	88	89	110	114	121	126	128	130	132	133	134	135	140
15	18	22	24	27	29	31	34	38	41	42	59	60	61	66	69	70	76	79	83	84	86	88	89	110	114	121	123	128	130	132	133	134	135	140
15	18	22	24	27	29	31	34	38	41	42	59	60	61	66	69	70	76	79	83	84	86	88	89	110	114	121	123	126	130	132	133	134	135	140
15	18	22	24	27	29	31	34	38	41	42	59	60	61	66	69	70	76	79	83	84	86	88	89	110	114	121	123	126	128	132	133	134	135	140
15	18	22	24	27	29	31	34	38	41	42	59	60	61	66	69	70	76	79	83	84	86	88	89	110	114	121	123	126	128	130	133	134	135	140
15	18	22	24	27	29	31	34	38	41	42	59	60	61	66	69	70	76	79	83	84	86	88	89	110	114	121	123	126	128	130	132	134	135	140
15	18	22	24	27	29	31	34	38	41	42	59	60	61	66	69	70	76	79	83	84	86	88	89	110	114	121	123	126	128	130	132	133	135	140
15	18	22	24	27	29	31	34	38	41	42	59	60	61	66	69	70	76	79	83	84	86	88	89	110	114	121	123	126	128	130	132	133	134	140
15	18	22	24	27	29	31	34	38	41	42	59	60	61	66	69	70	76	79	83	84	86	88	89	110	114	121	123	126	128	130	132	133	134	135
15	18	22	24	27	29	31	34	38	41	42	59	60	61	66	69	70	76	79	83	84	86	88	89	106	121	123	126	128	130	132	133	134	135	140
15	18	22	24	27	29	31	34	38	41	42	59	60	61	66	69	70	76	79	83	84	86	88	89	106	114	123	126	128	130	132	133	134	135	140
15	18	22	24	27	29	31	34	38	41	42	59	60	61	66	69	70	76	79	83	84	86	88	89	106	114	121	126	128	130	132	133	134	135	140
15	18	22	24	27	29	31	34	38	41	42	59	60	61	66	69	70	76	79	83	84	86	88	89	106	114	121	123	128	130	132	133	134	135	140
15	18	22	24	27	29	31	34	38	41	42	59	60	61	66	69	70	76	79	83	84	86	88	89	106	114	121	123	126	130	132	133	134	135	140
15	18	22	24	27	29	31	34	38	41	42	59	60	61	66	69	70	76	79	83	84	86	88	89	106	114	121	123	126	128	132	133	134	135	140
15	18	22	24	27	29	31	34	38	41	42	59	60	61	66	69	70	76	79	83	84	86	88	89	106	114	121	123	126	128	130	133	134	135	140
15	18	22	24	27	29	31	34	38	41	42	59	60	61	66	69	70	76	79	83	84	86	88	89	106	114	121	123	126	128	130	132	134	135	140
15	18	22	24	27	29	31	34	38	41	42	59	60	61	66	69	70	76	79	83	84	86	88	89	106	114	121	123	126	128	130	132	133	135	140
15	18	22	24	27	29	31	34	38	41	42	59	60	61	66	69	70	76	79	83	84	86	88	89	106	114	121	123	126	128	130	132	133	134	140
15	18	22	24	27	29	31	34	38	41	42	59	60	61	66	69	70	76	79	83	84	86	88	89	106	114	121	123	126	128	130	132	133	134	135
15	18	22	24	27	29	31	34	38	41	42	59	60	61	66	69	70	76	79	83	84	86	88	89	106	110	123	126	128	130	132	133	134	135	140
15	18	22	24	27	29	31	34	38	41	42	59	60	61	66	69	70	76	79	83	84	86	88	89	106	110	121	126	128	130	132	133	134	135	140
15	18	22	24	27	29	31	34	38	41	42	59	60	61	66	69	70	76	79	83	84	86	88	89	106	110	121	123	128	130	132	133	134	135	140
15	18	22	24	27	29	31	34	38	41	42	59	60	61	66	69	70	76	79	83	84	86	88	89	106	110	121	123	126	130	132	133	134	135	140
15	18	22	24	27	29	31	34	38	41	42	59	60	61	66	69	70	76	79	83	84	86	88	89	106	110	121	123	126	128	132	133	134	135	140
15	18	22	24	27	29	31	34	38	41	42	59	60	61	66	69	70	76	79	83	84	86	88	89	106	110	121	123	126	128	130	133	134	135	140
15	18	22	24	27	29	31	34	38	41	42	59	60	61	66	69	70	76	79	83	84	86	88	89	106	110	121	123	126	128	130	132	134	135	140
15	18	22	24	27	29	31	34	38	41	42	59	60	61	66	69	70	76	79	83	84	86	88	89	106	110	121	123	126	128	130	132	133	135	140
15	18	22	24	27	29	31	34	38	41	42	59	60	61	66	69	70	76	79	83	84	86	88	89	106	110	121	123	126	128	130	132	133	134	140
15	18	22	24	27	29	31	34	38	41	42	59	60	61	66	69	70	76	79	83	84	86	88	89	106	110	121	123	126	128	130	132	133	134	135
15	18	22	24	27	29	31	34	38	41	42	59	60	61	66	69	70	76	79	83	84	86	88	89	106	110	114	126	128	130	132	133	134	135	140
15	18	22	24	27	29	31	34	38	41	42	59	60	61	66	69	70	76	79	83	84	86	88	89	106	110	114	123	128	130	132	133	134	135	140
15	18	22	24	27	29	31	34	38	41	42	59	60	61	66	69	70	76	79	83	84	86	88	89	106	110	114	123	126	130	132	133	134	135	140
15	18	22	24	27	29	31	34	38	41	42	59	60	61	66	69	70	76	79	83	84	86	88	89	106	110	114	123	126	128	132	133	134	135	140
15	18	22	24	27	29	31	34	38	41	42	59	60	61	66	69	70	76	79	83	84	86	88	89	106	110	114	123	126	128	130	133	134	135	140
15	18	22	24	27	29	31	34	38	41	42	59	60	61	66	69	70	76	79	83	84	86	88	89	106	110	114	123	126	128	130	132	134	135	140
15	18	22	24	27	29	31	34	38	41	42	59	60	61	66	69	70	76	79	83	84	86	88	89	106	110	114	123	126	128	130	132	133	135	140
15	18	22	24	27	29	31	34	38	41	42	59	60	61	66	69	70	76	79	83	84	86	88	89	106	110	114	123	126	128	130	132	133	134	140
15	18	22	24	27	29	31	34	38	41	42	59	60	61	66	69	70	76	79	83	84	86	88	89	106	110	114	123	126	128	130	132	133	134	135
15	18	22	24	27	29	31	34	38	41	42	59	60	61	66	69	70	76	79	83	84	86	88	89	106	110	114	121	128	130	132	133	134	135	140
15	18	22	24	27	29	31	34	38	41	42	59	60	61	66	69	70	76	79	83	84	86	88	89	106	110	114	121	126	130	132	133	134	135	140
15	18	22	24	27	29	31	34	38	41	42	59	60	61	66	69	70	76	79	83	84	86	88	89	106	110	114	121	126	128	132	133	134	135	140
15	18	22	24	27	29	31	34	38	41	42	59	60	61	66	69	70	76	79	83	84	86	88	89	106	110	114	121	126	128	130	133	134	135	140
15	18	22	24	27	29	31	34	38	41	42	59	60	61	66	69	70	76	79	83	84	86	88	89	106	110	114	121	126	128	130	132	134	135	140
15	18	22	24	27	29	31	34	38	41	42	59	60	61	66	69	70	76	79	83	84	86	88	89	106	110	114	121	126	128	130	132	133	135	140
15	18	22	24	27	29	31	34	38	41	42	59	60	61	66	69	70	76	79	83	84	86	88	89	106	110	114	121	126	128	130	132	133	134	140
15	18	22	24	27	29	31	34	38	41	42	59	60	61	66	69	70	76	79	83	84	86	88	89	106	110	114	121	126	128	130	132	133	134	135
15	18	22	24	27	29	31	34	38	41	42	59	60	61	66	69	70	76	79	83	84	86	88	89	106	110	114	121	123	130	132	133	134	135	140
15	18	22	24	27	29	31	34	38	41	42	59	60	61	66	69	70	76	79	83	84	86	88	89	106	110	114	121	123	128	132	133	134	135	140
15	18	22	24	27	29	31	34	38	41	42	59	60	61	66	69	70	76	79	83	84	86	88	89	106	110	114	121	123	128	130	133	134	135	140
15	18	22	24	27	29	31	34	38	41	42	59	60	61	66	69	70	76	79	83	84	86	88	89	106	110	114	121	123	128	130	132	134	135	140
15	18	22	24	27	29	31	34	38	41	42	59	60	61	66	69	70	76	79	83	84	86	88	89	106	110	114	121	123	128	130	132	133	135	140
15	18	22	24	27	29	31	34	38	41	42	59	60	61	66	69	70	76	79	83	84	86	88	89	106	110	114	121	123	128	130	132	133	134	140
15	18	22	24	27	29	31	34	38	41	42	59	60	61	66	69	70	76	79	83	84	86	88	89	106	110	114	121	123	128	130	132	133	134	135
15	18	22	24	27	29	31	34	38	41	42	59	60	61	66	69	70	76	79	83	84	86	88	89	106	110	114	121	123	126	132	133	134	135	140
15	18	22	24	27	29	31	34	38	41	42	59	60	61	66	69	70	76	79	83	84	86	88	89	106	110	114	121	123	126	130	133	134	135	140
15	18	22	24	27	29	31	34	38	41	42	59	60	61	66	69	70	76	79	83	84	86	88	89	106	110	114	121	123	126	130	132	134	135	140
15	18	22	24	27	29	31	34	38	41	42	59	60	61	66	69	70	76	79	83	84	86	88	89	106	110	114	121	123	126	130	132	133	135	140
15	18	22	24	27	29	31	34	38	41	42	59	60	61	66	69	70	76	79	83	84	86	88	89	106	110	114	121	123	126	130	132	133	134	140
15	18	22	24	27	29	31	34	38	41	42	59	60	61	66	69	70	76	79	83	84	86	88	89	106	110	114	121	123	126	130	132	133	134	135
15	18	22	24	27	29	31	34	38	41	42	59	60	61	66	69	70	76	79	83	84	86	88	89	106	110	114	121	123	126	128	133	134	135	140
15	18	22	24	27	29	31	34	38	41	42	59	60	61	66	69	70	76	79	83	84	86	88	89	106	110	114	121	123	126	128	132	134	135	140
15	18	22	24	27	29	31	34	38	41	42	59	60	61	66	69	70	76	79	83	84	86	88	89	106	110	114	121	123	126	128	132	133	135	140
15	18	22	24	27	29	31	34	38	41	42	59	60	61	66	69	70	76	79	83	84	86	88	89	106	110	114	121	123	126	128	132	133	134	140
15	18	22	24	27	29	31	34	38	41	42	59	60	61	66	69	70	76	79	83	84	86	88	89	106	110	114	121	123	126	128	132	133	134	135
15	18	22	24	27	29	31	34	38	41	42	59	60	61	66	69	70	76	79	83	84	86	88	89	106	110	114	121	123	126	128	130	134	135	140
15	18	22	24	27	29	31	34	38	41	42	59	60	61	66	69	70	76	79	83	84	86	88	89	106	110	114	121	123	126	128	130	133	135	140
15	18	22	24	27	29	31	34	38	41	42	59	60	61	66	69	70	76	79	83	84	86	88	89	106	110	114	121	123	126	128	130	133	134	140
15	18	22	24	27	29	31	34	38	41	42	59	60	61	66	69	70	76	79	83	84	86	88	89	106	110	114	121	123	126	128	130	133	134	135
15	18	22	24	27	29	31	34	38	41	42	59	60	61	66	69	70	76	79	83	84	86	88	89	106	110	114	121	123	126	128	130	132	135	140
15	18	22	24	27	29	31	34	38	41	42	59	60	61	66	69	70	76	79	83	84	86	88	89	106	110	114	121	123	126	128	130	132	134	140
15	18	22	24	27	29	31	34	38	41	42	59	60	61	66	69	70	76	79	83	84	86	88	89	106	110	114	121	123	126	128	130	132	134	135
15	18	22	24	27	29	31	34	38	41	42	59	60	61	66	69	70	76	79	83	84	86	88	89	106	110	114	121	123	126	128	130	132	133	140
15	18	22	24	27	29	31	34	38	41	42	59	60	61	66	69	70	76	79	83	84	86	88	89	106	110	114	121	123	126	128	130	132	133	135
15	18	22	24	27	29	31	34	38	41	42	59	60	61	66	69	70	76	79	83	84	86	88	89	106	110	114	121	123	126	128	130	132	133	134
