76.46209355535794
17.371383186069345
79.5304306374822
31.06937479674119
40.102929694608825
22.834391303773316
43.42262771890002
.7579831384537439
1.050774958228451
3.9885290364455983
77.47836682286375
90.77114914753423
32.93186532760588
65.68924429698396
.04377374059472139
57.04725279923635
50.717613686624595
96.90134443948068
35.21291025669604
14.356139689462854
20.60289342600017
34.2656120175169
23.991225982992038
35.27710482925177
46.819054694025496
55.46026549216663
95.10663422938934
95.31473255938498
29.44776235345381
33.13146991673479
53.935516857750265
78.7755688107034
18.791659144612648
52.928115353914194
86.61242668517563
57.58222961900283
75.87992103527814
67.284423118588
10.415967613649935
42.40217530513384
8.328809919241365
24.755079117850332
96.53066888263717
70.8381208456506
60.23116785510923
85.37561286089976
1.6424832367547326
7.399747555837921
70.07173337356913
63.38209938246748
86.50003017216106
11.232201471597381
35.7195028960859
82.13333720635829
22.435942512760665
44.21899866406991
94.7061464260216
61.35235053158241
11.635077491715307
19.388830365351417
70.46230336315308
67.90475211342519
98.41442578720034
12.443327421302165
1.1575704322428049
21.918344346818852
59.84346445184603
12.23597435406587
19.590538618096986
86.33328769706405
25.300641362646914
55.39711827658882
66.79031072521282
3.0839835564933082
59.670633666337245
52.94188397830122
70.08718103279985
78.21973529007917
37.486342255898265
18.930663042579198
87.51200821894467
53.114570987073996
37.570636126706994
11.5365695666098
33.12629411175394
38.18821963390611
22.04887984783388
63.372431945874986
97.64134095276513
15.586615787637005
.6139906652543159
2.1433970371052435
30.241691265971717
21.794598787986107
32.50958066894325
44.25130474807517
24.614770814834518
9.819506775172293
88.04583469227643
73.15547995897771
42.63678302885705
57.632588522210604
78.84085128010001
69.70710280601315
45.110950441963695
48.135497822698724
36.81044144205392
72.74612409156684
65.41004264776835
58.40109463542262
82.29903631608771
38.08469818114604
2.1617678376413707
48.03250202954432
20.858627546094887
41.35013068555378
34.355954978751214
71.5651441786572
88.43451717487028
71.64316912407256
33.11959336304318
42.20759160566463
26.283784961467347
22.949414352262878
44.99164603374266
57.670149346865344
49.16249598972151
43.26265407122578
69.59159233653645
6.581278009881597
75.02838679736585
93.62177618477266
18.22777147123167
56.0210267638358
60.25865348151169
23.421454036174328
31.715365811974937
92.45900828092952
74.8449263159898
95.58941685274402
22.504531868127042
71.76374666129381
22.85663183333897
89.63066485705056
57.33031167936213
9.981711523660252
48.684547593937566
81.08314210042849
77.57555486546133
57.557553631279966
99.3905937901408
.06002825447715132
65.30537668372962
72.99945193691306
.08302995127353
93.9096892592564
19.438730416732852
88.40567624232085
21.806856510143092
2.688365490524447
79.19558261036383
94.28543039957056
83.46924185136047
.6309856253804585
.31316061389153416
.7920919963485779
.9252632642506122
.196603999013937
.6593284883178844
.7011848894864056
.706712499249405
.08286265768314002
.2920123855873859
.7924567584390811
.9717292905525043
.18720491329148617
.8705137806570049
.7927858008466813
.8025934957339969
.2202154088176426
.26516953992393333
.26054589970764963
.27945892726411214
.4913830875112765
.5970630818568673
.29590657251634284
.23209250797491815
.4977539296435811
.34032442589790013
.1537182659532951
.2894302817656729
.1241431306892616
.4647311887377887
.8103762245397246
.7349585700566222
.5778196523409174
.12955569348589063
.2615507016057163
.6115903541810359
.16349545081249617
.03255153160946889
.942604314199846
.6583455798539838
.6067255081556027
.6847094734000007
.695421043372813
.5403294684263288
.6742509527681123
.8398009865128566
.23323328586348807
.5030771368929624
.6891676938628546
.033945660837172105
.23811469842114616
.47794333233312347
.424355433538323
.2632677845301727
.5676948302239305
.041058166987294975
.13768757328395015
.52689985240956
.41773617985820427
.709295175522236
.9371773797783848
.8843335995947103
.36645006919667805
.9331539247270854
.681795088658801
.350424327716305
.49786550681019864
.9137018291886205
.8846234350031694
.2333657338203316
.4487644306646982
.49140259682805
.6090277596312307
.5215909608620838
.4849793097478033
.18653378868073192
.46542193974928286
.9342562152346711
.28369441080855295
.5367934701557519
.13644334204980257
.7755590989569588
.5996638663627563
.24429951998983518
.22524990429441652
.5840538343511937
.6257235642051416
.059473229896794114
.6793771535170459
.7452088378709688
.14904829002803432
.9388855083492388
.4987896820532343
.3869305184763307
.5584808525917764
.06841966106820527
.666558198152477
.8863341415466646
.23284597952181915
.035115302519487315
.719584559644527
.8501678211591236
.2831235299543359
.5343062465922523
.35713904902354254
.3046602361547944
.9664208422211499
.4313925924845002
.17951352413380905
.6283876177677462
.6665122578969399
.7299893216522543
.3312599113198513
.8426564324950004
.8721797541199131
.3445340797584663
.6106754072461256
.9043076703964614
.033026548598124
.47939693024267754
.5454192772921337
.8050104627762266
.5833335322274456
.14692088484157256
.8762269127943263
.975852322579698
.5227596534993286
.6881878187330907
.04789203231209871
.9586545223629561
.21857409484576795
.4254764206097479
.5259935498903477
.5171160339633857
.9243866454576836
.8638075873024038
.42156497560187545
.08896833462612667
.5059938687106363
.6624199069272727
.264038972620743
.6063900345700434
.8433497115463858
.6237980285436616
.7252498673453047
.9971458557104065
.9418055775352722
.5570032988435482
.2740462508436601
.3861575789611234
.6283990383473909
.5068820475559584
.3421948338724018
.27503185081891
.5425665849415423
.3815813845924448
.43710944895982434
.36686249170436125
.626331240431385
.2055969235174127
.5250762280179345
.2572662434222733
.3066113679645373
2.1582090325256855
.15964666026933805
.03095745093827943
.0021661878501869325
1.9152243982133181
.011920005388795566
.037013228855311234
.045729217378493905
.04438889515283375
.028129816579373433
1.753624530476657
.027716919344861216
4.25987572088526
.27286093795723737
6.21119078991603
.015371707142314598
.0023669801914898755
1.2984839738435694
.004170311781630482
.12237404892412443
1.324061136185571
.02755012662843389
.018722571732318984
.36585481447826435
.02605017410334145
.01037690992784785
.04127273947437566
.019488829994512902
.009803908371965956
.010894019399552047
.19771478450718807
.0072695050300662836
4.802403659697763
2.6254341463757713
8.657033299796502
.004932816659648823
.061021326221298355
1.2985418494174814
.009947703782379021
.0014917041714014687
.2558672611904488
2.5754484760087815
.06165407502654106
.002756260691115074
5.630737671609852
.09017887145771783
4.952156753928567
.054236333475795415
.09718215318516923
.007916945967933046
.03845577319940374
.0045923074022092515
.07739638764607132
.049494211717020384
.054458847690930005
.0012733560818938253
.0795241274892049
.002476074144295538
.3245877449108444
.03788602873489238
.0011857875308649095
.0067701524859114836
.4425213079519838
.6041368452319968
.06020442596905412
.2963811795263638
1.5110955731283826
.038406025920013166
.044522183103845925
.02968128433803152
.20823898041253017
.14144793403634867
.0025979627722127582
.0763943702123094
.0013958413436661427
1.386864709661548
.006277904757951023
.2855590926029754
.5639879262008786
.0010149767761599056
.021428407636452
.005949912153571853
.4482001416958856
.06306064439163922
.03612434148344658
.0323122285044233
.00716549729048555
.0012096755751152106
4.09408006659969
.6045743648516099
.017474862795559026
3.5606409169677904
.036027148067425185
.0027617170869847236
.012680048923568162
.0013382258537879537
2.4993423568319315
.660737469177829
1.2535601012731261
.24482852411926978
4.844885784004936
.23674426423776065
1.9782254712990384
.001361237855567783
.09139399353079843
.002576955265870723
.0026412185699166745
1.4233836025478401
.027097260033352197
6.661791280220308
.049755133122293065
.22660493678288213
.005706355849428952
.05345766985789157
.032606869679489905
1.4074710346914614
2.9051203088597197
8.21480102716461
.729204877801112
.3715609393916617
1.834390522876045
.040555450435824834
1.84784329317657
.9411421034299727
.016836801968610014
.0963793672233864
3.1507970337001345
.16809550690677055
.03438241491481017
.023747131074366
5.825430519984609
.05262896143696359
.09188457762875946
7.415616333579177
.020673121130336196
.005949754520643008
.012741887359274723
.01203073523686075
.0015382190497653832
.0039409026206180175
.0727748113540617
.001403172900945652
2.574042214622164
.010976777594115947
1.9452486717876916
.0031033640661323825
.009540305204281908
.006737582239206915
2.4733246051916957
4.165720869537883
.008920048504134232
8.684111980397796
.7950976432842801
.010691839636030652
.0020816548349770598
.002972744974391848
.032968658210589565
.015070935245114913
2.8511817530421224
.008404630969505535
.484208024796161
.0024251140922156803
5.145449288003007
.20821551346170974
.8867652732271474
5.987642355743944
.010482296190426843
.03159166153752657
.47130300518928636
.017718276135335442
.48322363071010105
.006735119057697838
.03683756723354632
.5664178190117164
.05323149529835764
.3253493888055382
.04767245847765645
.005287918988884524
.08573670890868856
.00860017200621709
.21387984094813783
.12120593446347715
.1356412232967173
3.1029078282637506
4.86305918688367
4.325246879742967
.016057545338220833
.0013734869564041396
.007392958891078909
.30200833544039335
9.367414802848511
.21128017083577072
.004049365159269904
.1266575458570081
8.787958158405642
.34684458576439614
.004064597394387701
.5655642911984383
.004556948736484809
.0023193178066421797
.3891151321707366
.0014056058994605341
8.565501354182787
.0014879676011274093
.11442061150440125
.001831044820294842
.12157620658306395
.05247191270316306
.9705336160822009
6.564843424756241
2.1994496983856364
.007927670420100057
2.541596387556201
.3971023808633238
.03156852339863531
.027703637247861842
.9540694601919885
.005796106463914392
.13541764591623806
1.2974861491282192
.0017172498322955542
.008149440136005121
.0043193110189335936
.004999788763673458
.0013883707771605814
.005644147030897325
3.529241853981087
.0022589447900524433
.7909319770864243
.6539170683588382
.17833556606609352
.06023515302479034
8.478295190841314
.438202562377989
.0199104925982742
1.8071123003164238
4.973646100318446
.04062613510498961
.2407117246829023
.001163104997332548
.03870045747419401
.0024949590963506347
.0014878028497117303
.479158795274096
3.9265628548898297
2.306123493347458
3.3336790075895277
.1860646151948431
.0016684684808560253
.010915818241591557
.011597897767996405
.0010622051735565184
7.935449024122466
2.996306634475168
.0628767929334698
.2762028269173753
1.771694229822341
.03053755594623798
5.813600615331994
.002813842873707427
5.485373892082346
.3561199927655211
1.7683344030753487
1.6088979860867232
.22216433960087595
.037301925424336226
.04181153214454392
.007843752366370388
.0043087449117582815
6.8323050596723185
.0011118571105386578
.8442911993952998
.034120964007944836
.2264776797715517
.053252287193826964
.03663792966466763
.16363789724557082
.09676452799271917
2.5774646942655504
3.395426841630563
3.832505644663894
.903025770108922
.005934999349032972
2.0502241501858167
.0015613535077545516
.5317376955913814
.22376048330249565
.0017104139917104315
.0017052844607643525
.6686993982715279
.11762303685615216
.007792966014612581
.03356772169579984
.008852292816239128
.0577802848121666
3.300421907248711
.003214837255723603
.5601651113418433
.44138916633349584
.0071374027885109
8.223849264480751
.009884997175379832
6.682878872063367
1.7095587132234815
.001361511767162732
2.951890532796466
.005167612714112651
.004848606264329396
.4461062832750803
.00415884919746393
5.454953242825221
.0014613319436125064
.027632850786941988
.025828501960178885
3.32352587552481
.004946011415715528
.0048089451581712255
.01648279035869364
.0012085323040538312
.27840699469100544
.011383112846049839
.05161622274753523
5.013603182533405
.1984115164315029
4.454359088667797
.19580111883464482
.02108569618592647
.0756860045897588
.19762102060706055
.006570191371133367
.0365984639296209
.006520441117354506
.06733574599005696
.4420984407776509
.07300301111409965
1.0059638579159014
.14067285892207965
.011505876762946387
.07887809063752509
.43138440170311376
.0028923910488429863
2.461655825845949
1.7930673983892598
.004786349628256395
.056714327982494345
.9331993782998571
.008577528487180556
.001408360854851705
9.57363124648764
1.5816544899131733
.05212999682943625
.5103356930014115
.0012350028549894324
.17369790526469842
.0013848919475677873
.03486820233970111
2.862118217783758
.6572664993848418
.01397006700101778
.011562950565237129
.005937037383629477
2.7748717092673854
.0066013702450055415
.00407281720909111
.057733095954093525
.01877949833944625
.004115454406417071
.06760710194647598
.05403512918942292
.008307315337061486
7.36563199160921
.28919018884315484
.09434214593769133
.07534721514343735
8.872957871875839
.0016451206999053697
.2003603669212662
.0059967082697489574
3.719857828133404
.0721951100928713
.04567120482750382
.005853871850016288
.09135512245677134
.0013947318673693285
.03634849390650849
1.8456005247256786
1.0730026226791787
.006296204074389687
.0012233085691025546
4.785279467700283
.6929017877086076
.10163740654916976
1.9048346037453625
.10693379575724975
4.488138035225255
.13138419016053676
.005037357081698267
.045906449327488275
.001140260291987413
9.010009794196172
.056828853214214374
.30261335345866647
.0018674522583964448
.05414034239915265
.018431610814797876
.0023724337804093463
.8941916755079456
.0015454532326928307
4.447392185726565
1.2482555451023545
.43857012784479227
.6469438931731838
.0033695409683234313
1.0461509934572208
3.896207042166128
.015789774978850167
.0033170564289232607
6.640585014644397
.0015468060820082153
1.635282167994413
.008758645517269384
2.0608171145240592
.004115499739810802
.2025391989636372
.06378121527700291
.001138789877567435
.0010011715811512206
.003625603585587153
.004172772928532194
5.0865936605235875
.09748226117745422
.0834240457704616
2.0700681317861624
.0012454924836568485
.002702568573411154
.014933493798548943
.30270543608275924
.08045618752312692
.009327425618478255
.0018790939546515614
3.4215910568222805
.013431190545354469
.00390126677554238
1.1669698133785822
.2775248730548481
.6514700128683467
3.300107682768147
2.4953257359076253
.0026595522709940813
.006717087290993064
.13701324492218667
.008827246945276509
.007025941942858195
.3666739412034905
.46838141872570316
1.17085
2.9565
1.20274
.0162921
.00812746
.0764206
.00953642
1.09595
.0129062
139.75
.073836
1.64798
4.277
.382617
1.03476
.864245
.0261159
.288461
1.0277
7.82276
.117037
1.17055
.40326
1.38878
.0532845
1.31205
181926e-9
5.89223
.067948
.035341
185727e-10
.35985
.0519835
.290466
