4.77635901320328
53.275409976290746
36.067113020976116
5.974100595364074
55.47411391456705
81.50900646691377
99.8358349692388
.31560581913303576
62.24888562106656
8.406860851953457
76.5112205229349
11.589447585380697
1.4946270654996985
67.07215472966314
40.34078195853099
29.151329667718564
17.378522680154916
46.167973323845835
59.12067563455563
7.840036410899165
61.50318650643185
66.15384281452302
37.25168572357171
66.81054197192249
49.71125744243945
77.25303399999994
3.3488984923922605
50.08953904587115
25.336085551938336
23.683157598083614
50.05154935194442
19.201250117383097
57.356713412756164
91.81077594611904
36.151072436412115
40.7861325649028
14.183413780332366
74.59903125929274
88.37547761512654
74.21373872402151
9.725617624922789
84.89158024262167
64.98225045226103
30.057293305857115
87.72629125652252
46.14536018928588
99.21403050570244
55.07863183371491
67.58028067024068
44.32502375401577
10.13691263675458
42.33557028448087
55.57162384777199
61.12722107785529
92.63379076088776
27.386039688583686
85.72859118216421
77.66850575281295
70.59670216608703
74.3611040109735
15.241584190222813
36.63967286560275
.036750611080060835
58.30410132624604
54.72324393309782
15.851624917826213
57.59845524917442
54.479799295986034
84.23738250553663
56.67259292719557
42.10294957067025
14.406785856309456
28.758454349798356
79.82015243599756
76.41717881589372
44.382289898611326
57.85507724337262
54.58642960708493
96.32677320535252
3.3624198084703627
24.432691187304734
58.03814069205775
66.56015333638096
19.326063436623553
22.393968184880777
61.211813918396075
8.418114828015932
28.622751626208263
23.876119078261304
29.636271251165525
61.991719753791564
88.12835489243969
58.03423186108792
23.1281927673342
91.93911336508663
62.188179991457204
96.1335699244577
17.02990328463372
14.476858612206378
4.893988600464638
43.861262555177724
67.58832388657441
11.453812499875582
65.77581256930101
91.13492163118163
83.71654544944211
65.80863969207418
9.428819886210515
34.27222845873914
9.605278637898751
32.51406993396091
9.191018799045047
28.362073589651015
39.16098203631477
37.0607371159674
26.233866674360296
38.84457530852623
3.111471297612378
33.29030449027537
95.73998376934128
8.999458308252727
87.11712064804034
40.56855209284722
7.748499742935344
83.2918576943634
95.21990427900037
19.43575482090578
48.910528462768845
46.41150084240382
91.48184330750337
52.27068189968631
.11263405111199276
52.940122783470535
64.11664999877512
28.45722304331588
59.83402234477686
96.20175472430323
46.7694639687005
25.187704826446744
14.98556205539725
72.39935300405156
67.97327484129147
23.423053553578498
93.32508676797258
65.58202527810779
72.10154618092312
87.90099224641376
47.27565119340467
10.020733916986924
97.25521559234542
26.84189399508856
36.24051996779627
81.40136253843808
90.4746666393518
.046413431438598156
85.44066156649089
54.54704890087125
62.693034158574875
8.209359299586794
84.24119783871635
69.05086255983105
49.712600504035365
13.861074218755087
.48759179200746205
.8756129172524465
.5382170809501109
.6179743638751695
.7099708777423618
.5761849203331534
.5351913182136299
.6073197792330473
.2683999904595442
.5683633944913773
.8275625559017634
.8127613783432447
.7751916528040148
.7513908152203057
.2317555538153349
.5314161889621878
.911224417047462
.9592744161789302
.29433520206203595
.3688787061139002
.605568735157114
.5208317048529537
.6377341504762049
.7758413113277068
.3314480599916426
.3197122374911941
.8077575237105207
.14145649148839112
.673626688237511
.12386844186406523
.5775002226404579
.7491017665930594
.8434857482494534
.07605280806036552
.21447759137356934
.8770448052827595
.28715284125388296
.026751221944884246
.33782848107106134
.8598711500472518
.7563049179753184
.5390511590892461
.8252070142397514
.7866375866956059
.15105249741716462
.2720585635631075
.12609413743741116
.8637585998060423
.23437874937328051
.3856273030682946
.13349010684088736
.21765209157880058
.2984542578635788
.18429858091335777
.07304386297916314
.33647060512694754
.3807508825847958
.1562519816355183
.991481821531734
.29941090411225474
.09278782603956917
.7530220533959784
.8462128005662712
.9435768178940053
.1813444926246781
.26092330990427215
.7885063751847198
.9495446678261171
.7231198695213301
.8043540575362048
.3110337453224358
.17977904548722015
.9385541883503644
.891511098110289
.3650896541306826
.6138640210238017
.9557991665402724
.11593329830771615
.578552633229886
.43515856057821795
.41640288378708934
.46147854584514403
.6111470148623688
.43148158723952795
.19636486763960476
.11129640806480534
.38889330124097754
.5873265719122494
.5704035689297127
.7867502319684375
.9176896087463544
.06352899507643803
.1102738915982826
.6273724221958381
.2511410117039425
.8709502576552453
.8470409960667542
.27169514224128194
.14691492826163666
.623234043269124
.09656927248197544
.2322357163273845
.3151098268939326
.8651078011904971
.2718392796308457
.031406774085483966
.76219132280875
.8112347414566464
.35775109493238777
.030005486685922574
.18512287457486268
.18326092128398205
.9175954621214851
.4460175995101096
.2823047248562524
.34549726637436545
.25893453548002116
.08095142264464876
.7805127049979742
.695209468498644
.7085884394122224
.9177692095808678
.8524002739088685
.24320073069993056
.6619910432073071
.2789938280304984
.15129423004976403
.731601658421149
.7036834969433967
.8575009849989795
.9909136547666387
.8900830294494578
.12398248298316925
.5223579985073293
.07915435116634283
.47544824138059266
.7191982707165601
.22694599677987712
.21000337218472562
.9123473758437595
.1880584800856557
.6255262462682295
.23736954101930471
.09385717506482483
.43323055476881417
.5918989551405647
.2622368266783902
.8496810007362271
.7958914101612462
.537683406013758
.4151101972062911
.9932036884272232
.3015692196720907
.17422847966045393
.4940294632571739
.4504387605657876
.39465618118293216
.32256961182339877
.5015639763313491
.3185397230460913
.9010736884052442
.09006705916735085
.9052791261001728
.003716591862595586
.0013695580415409609
.16345922401822566
.011218571864136672
.045178794106204415
.18105474058317894
.05282870093717322
.6242644336522013
.03325961872169273
.0022591959085078127
.006397876073163217
.0027721906395837183
.40055541471299044
2.30662711730529
2.2703017102173413
.017703280532704653
.04700943000085987
.13533770220916297
7.886130849097918
.09075125399385922
.3149338325290987
.013133327479135683
6.5253954558719265
.006415151466784287
.0076681744053288025
.365561332712275
.7098537419357035
.16566500077610505
.2734144250004402
.43968794012372253
.23640151214676766
.0031245407803444604
9.727768427483555
4.2408861270955445
.01605207390759325
.07816174415145938
.03293159144846424
.2943791131503493
.006278239166234106
.0023033721153771993
1.7098550447890608
.0025069195652718526
.001690054200313858
1.2793173926460633
.5004070989908495
6.746864407423238
.06436271588220709
3.394685308613242
.001658723886565934
.00562613109742598
.7527419739898589
.8261764864665715
.08611163217296156
.0030116772778849416
.015592769114986329
7.736693064835667
.004424270614382622
.0011664630340139652
9.088784249515214
.012158021148196396
1.9970562542284231
2.9573348607688237
.010234349932007758
.07218176040227857
.031972507405254764
.14718741743946523
.01665403108632209
.001300834526339864
.007525842465697543
.005011028371262256
.008844210665241865
.0011883044189246869
.21696888091202554
.005851739786222627
.643857495616946
.0020226190722437676
8.535011276582267
1.7502942288270047
.0202930494554896
6.146438892681412
1.6879318305555806
.05843548611158268
.0010382975631195862
.0023066525711684686
.00137175169998981
.4519601530516108
.0015600294675562698
.09217030417618183
.001285436555329799
.006334415484383268
.041808435187597276
.00392343159716903
.8370618305577536
.10904480655164885
2.3150162495363027
.29090660389044404
.06920014034395086
.0012229270258908081
.0024778641257811648
.001081766475567207
.002752673212263004
2.890250239390003
.025608359308467728
.432145551166979
4.909360741589147
.4007076216227409
.7586754300120548
.001021937603222699
.004862773579990025
.058813582945355616
.30423832045604543
.5797077097068672
.0010643051106704806
.31550335589586354
2.207685512339472
2.824788200964091
3.026600090657845
.04037425640680291
.6275738621272787
.11483406992839588
.19367301312341578
2.695965357658103
.17240118369286034
.1127770183002099
.13409144031586806
.006017974088098371
.004476904009035966
.0029082881153029037
.002738638547259877
.8361039254260143
.2473179036913287
1.3660262899212612
.2950804534443436
.0024851888219171664
.03756165022917554
.27531506048358584
.05427052413648236
.2817417113665009
6.447271816515722
.4179644494308056
.002346372354208796
1.817177697414045
.0037866629843054697
.023326711745034884
.0019283806085724246
.039484203603608437
4.694057010600686
.36793797711410825
.4779939816109942
6.841898623783114
.002258625669241234
.6263968668738165
1.2853083890973784
.008153297299491958
.06326294628539211
2.2368324612044144
7.948358299848927
2.51864048632934
.016712575735791428
.025480961838540296
.012332823513613875
.10826346307098832
.0012337109790282403
.0034527816484074816
.0031174146981202376
.0011551514008816559
.006910793465655565
.5085253555568239
.007995994295558024
3.602728586313419
.34426162645300706
1.8513224786315177
.19070587653428928
.29207872499532794
.032957246018310724
.1417494807067623
.0012409604866998943
3.531696387283585
.3644683744027266
2.4689167822357643
.0015506541677663395
7.059399907196633
.007357446366345371
.26467285131713253
.09778071154590828
8.064756719388289
.01697420664151046
3.3911334094857972
.0010549203369201406
.0848044260251607
.003969132862329458
.4480486275126317
.4115041237180522
.06541500292495321
6.149292351460231
.18069675118658415
.004381461981908936
.1307803922159905
.9215690684245942
6.691512696465986
7.646446266739397
.003203703845252076
9.313612092645691
2.419055484849822
.01873593547163611
5.314424684445427
.009767816961759634
6.332505885125045
.05027537271409273
.7370923561574039
8.212278698524957
.06314793966252373
.04397751793180987
.09919696608038923
1.6552680033216944
4.48055193213083
2.149262590429243
.024752280592546135
.01242201787312405
.05497850201972685
.0015719267754100306
.0727179006223815
6.9745838200465125
6.255894131171095
.03517917525039676
7.0983488423251915
1.6226354297159984
.008072771039776971
.31501082941449937
.1268511110080117
.6492020747542933
.0014719092361658386
2.0698653058140253
2.6711472798027383
.04595451031234905
.3853709636406403
.002133839098215824
.6643566285007758
.09158761497999321
.5543147348030228
4.489004549773348
.0033439626408867437
.0012661903328751805
.7148212317687306
.7781039379255383
.13547886658288683
.0016085017655221884
.03748427752844115
1.4024573099602766
.23991640053350083
.08272764631820326
.019384198680422793
3.1357483362780645
.0019107061185181505
.17290259414202863
.08530983492619126
.03132968456990277
2.4236303122534775
4.7725690157894345
2.7772886686777167
.9056637983401397
.01034370400016128
.01897464211746439
.008081458631824188
.02139839531587958
2.1475305498536996
.11090397969507475
.025115092452106864
.001361142778434014
5.680117298028877
.0031812463250891375
.25136928520959056
.0320574234679545
.03613010014057044
.17287214820533847
3.1061739933093553
.0011628188331090127
1.548616993078615
.3732878923905756
.020499799954078954
5.758718930939608
.10236822524836714
.31963364063230637
.008991146441492142
.028209338465993567
.06624900460659858
.055742680829954434
.07230985530908655
.7830236131486839
.020167572552277684
.5624456089045936
.10077734700963956
7.303639379183359
2.008561185662939
.025852390146167144
7.020607431199252
.007183818778924607
.7854420862935885
.08230224570621628
.5370696649813559
1.558929877337609
.05999269926375528
.009541545700481546
.001513648966464381
.27370540383623787
.0013948466455781109
1.4272099752486487
1.911790094909215
.07261893271286626
4.6759588994949235
.0042425762215219185
.014843671737612233
.0039634302617105165
.07807866495361429
.05369435503186805
.0034218533953276524
1.1640495026307025
1.3331924174737793
.7072296152904542
.036210784975080006
.012714922374932448
.11602309964254627
.01279660532732884
1.2922033153920303
.014214652947350857
.2860700734401958
2.559346341965002
.08137917485418797
.00237413516608604
.14307222331191635
3.3567721165043376
.0017585304238344713
.6329328639962801
5.668531579245024
.19501167618567666
.8303053551203394
.03392546706302864
2.10701278461744
1.044081996026412
.04986343129326667
.25773073106119554
3.649084762775752
.03929293592775085
.11973442899038056
1.8054006228439334
3.506133717565848
.051996797073631806
.5506418577885168
.0206787706960564
5.253753996631826
.028679327070664166
.6834073538100567
4.397914024268309
.0018754463610989017
5.483571194545915
.026452931564162688
.010687980062492726
5.016455000306887
.015020959590880543
.010009432902440135
.4981790498203292
.005767256384760878
.1318868513625477
5.3182048674177205
.10759590175473913
.011689394685745615
.0014770215229546234
.0012166064376274248
.03432429327469184
4.83913735038368
.2976339580208107
.12866812533802155
.033630936917624574
4.624482818924415
.2197337774080425
.01605060866396118
.004722616705208391
.015173320679877545
.7207868911305275
.3245104459086541
.08779387390635854
.12331431904098307
8.838134951281846
.004101589115560018
.001581668296577289
.0072519577761701
4.378916506267541
1.116165054958676
.06859982046532305
1.5169154531485056
.1144130157792648
7.004008362081035
.1985351122663449
8.995901992008765
.11604638713544893
1.8540852625712696
1.781541415569435
.006462102585266695
3.6939249014765743
.03257567331983469
6.320431172950501
.007116483867922764
.0016775966048630938
2.073863319492976
3.4755909370628237
.00816806683507109
.0013880131618156603
6.0000120780683845
.0013364326849905996
.36035401760951025
.008908510102692807
.0033800030316921063
.010840206994660529
1.7983908010313372
.09936644075735979
.044349265443169666
.0021613277633695093
.0627617637119043
7.312702309521584
8.840682081652709
3.9593104926076172
.008539382860692415
.08513661692333316
.0021971807427300324
8.872380547568634
.16537797254702008
.012048807979653249
.02392919979023236
.15683781142427528
.0010311577186663664
.27739856026821763
3.7007309172898397
6.06234461238696
.39497402881975396
2.740524761143781
.0022519376720196303
.6632020712231368
.807693119532098
3.780428369329425
.9904047419615573
.7240258371021988
.012849387316651022
3.2267430954261256
.8277395123632857
.8917180139038434
1.0475738095444258
5.389857917137965
2.855770723700917
.025186174301389974
.003263319396432181
2.5060030921277376
.03255346588046558
.008189804783476638
.13607502264994029
7.053259260737192
1.17085
2.9565
1.20274
.0162921
.00812746
.0764206
.00953642
1.09595
.0129062
139.75
.073836
1.64798
4.277
.382617
1.03476
.864245
.0261159
.288461
1.0277
7.82276
.117037
1.17055
.40326
1.38878
.0532845
1.31205
181926e-9
5.89223
.067948
.035341
185727e-10
.35985
.0519835
.290466
