1
1.0925230844989648
0
1.1162410375947376
16026860740004864e-21
1.1237996298782784
0
1.1284519397864698
0
2.3202979006822155
0
1.5850146019126765
0
1.5144315718907781
0
3.037014987439502
1.8464361031606462
0.7488540866891559
0.04817465048444249
8299214056658088e-20
0.7204051539208172
0.09711103899998862
0.004416026473816776
0
0.026923604845141797
0.0005551361144098193
0.0073064715262441664
0.0005785911494772557
0.06633323737294256
0.06325224483422008
0.010815531732800313
0.006967291529970258
0.0154166411439029
0.018992463873138604
0.003139266372025689
2835794553385802e-23
0.048875907831129405
0.06608506765837688
0.17457711170762086
0.19087068327670592
0
0.0746322581776475
0
0.3609340829260402
0.3719459864502914
0.3524696743938672
0
0.4671172970216785
0
0.25904289473447645
0.02678394397723448
1.9314352919029325
1.8940079863969947
0.5605479936992862
4.59045648139881
3.451620357967834
0.06629292433764944
0.00026009153273454756
0.001048870920717959
0.543480466842088
2.8143983988683297
0.04234024268501334
0.021715061622689418
0.11721652301768908
0.048435977672085316
1.8426074785455893
0
1.8584612120644064
0
1.247530142972471
0.00014022427591156965
0.017349199705189736
0.41831845079732455
0.34756475810575704
0.05649110791590809
0.10588423851403218
0
3487283650436969e-20
0.02641351671294663
0.005328431667603694
0.0021138686675579305
0.0015465080888310417
7712269588900859e-20
42005885892569075e-21
8246547398151317e-20
0.15069682826288744
0.03893229278310524
0.0036655788881314187
0.007860491934847384
0.00014345746950169812
0.003265301322365007
0.0005115227092900722
0.008368476998633531
0.006054462457116358
0.10689320023226108
0.0016829073298126596
0.00018163894850813979
0.0066289185078404
52234803598697204e-21
0
0.07220110161567436
0.036764664500544664
0.004802669007945304
0
0.04781062392682171
0.0006448094354687621
0.0038398708144495256
0
0.00010316245622998798
0
0.010382473996593783
0.051105345614054686
0
0
0
0
0.0034390282441770044
0.031862022502785615
0.0054691023911774455
0.02267815991764215
0.029240280284690317
0.029671850965940723
0.01454393984071823
0.02859220043204724
0.0015058858337076999
0.036345512278232774
0.00011575142468633332
0.051708882308351675
7861596146998118e-23
0.00047911187064637824
0.044678151657487425
0.007720226994843506
0.0013816655282369698
0.008538693369057425
0.010785773314119814
0.015788224274935186
0.0014706248296644828
0.002786063783277701
0.014139968197380299
0.03133780211244867
0.018538528656306667
0.014055897280927312
0.019567260064631577
7867386640298573e-20
0.014384774723463884
0.031594085880420085
0.03480531133942643
0.044211747208343706
0.0008618228881273124
0.060483679061262084
0.04714675341471042
0.8911603495808053
0.175232485321492
0.23239623246613808
0.008567730221109748
0.037568821123481255
0.21814660274471945
0.34581603614369844
0.05170368006777376
0.41558883554880394
0.5824444882292179
0.3160187087280198
0.2020499368852831
0.2382148784501942
0.049602887434017605
2.433709536889358
51.847795836284085
0.33518283928326875
370.38607273041214
0.09212678634965854
1.9446065490610729
0.09781170096934311
3.768385299347208
0.10915707568346028
0.11699303655908357
0.09357796888039133
0.07180456614340676
0.08988321788726285
1.117674063964272
0
6552373789213025e-20
5836160085581429e-20
0
0.0005171636771882708
0.0005173297198877096
0.000593581134819913
0.000645443962409564
0.000550116649777571
0.0007446146408810184
0.000583647897335862
0.0007525020020167059
0.0005383411384549089
0.0005679171602875877
0.0006832721333201069
0.001307815535515788
0.0005878511934161714
0.0006650977338754751
0.0006227878313331064
0.0006933149966656506
0.0006709393802707234
0.0009091479896779675
0.0013452469534632142
0.0009208742000069694
0.0005820769862803197
0.0001590758961101156
0.000621430010897853
0.0019010792622964172
0.005847163775034551
0.0034201872380995625
0.00910101265026562
763789294780934e-20
0.0008429481581827658
0.017028563241038533
40252539723521165e-23
0.005992467194153038
0.0009110462343226611
0.0001062699000943142
4594979909120463e-22
10087418833784007e-23
0.008192839538787047
0.007170416729713751
0.00034641464214996544
0.0033364335715594575
0.0016819940263708086
0.0004831683406505632
0.0010087701129506631
4043368975386213e-20
0.024353056755164474
13148515536288657e-26
0.006371529685749095
2863172333316554e-20
0.0008031586159342638
0.0009100573493877785
1315342159949181e-20
14310151568882194e-21
0.02536580573378701
3295122160686688e-20
0.004636656196754648
0.01817174967423272
11038011637600956e-23
2165992703966681e-22
12120445411062704e-21
1052894094977525e-21
49775809263595125e-21
14240493030957275e-22
12087485281849915e-24
8412196279491394e-23
15977431125768331e-22
0.006199692244078612
0.006262837224914153
3643175471234069e-21
1781107182853272e-20
0.0016302709147318836
0.0006811471695711191
0.007359515796688243
0.0016778663174633307
2330724044845036e-21
0.010842667444530989
0.003185689599853766
46679624208777784e-24
0.02050731158681602
3734521544970012e-23
0.0003147762975941996
8225633669780982e-20
1925867279403338e-28
0.02091734411086251
0.025220213503799823
0.0015052014865513785
0.020108699774633747
0.026477742422155715
0.0006182289462062757
0.01479678167475253
18703907553231442e-27
38782794413671536e-23
52701064743418914e-21
7638517983467612e-21
0.010399443649935478
7240959611992238e-23
936434077142965e-20
0.012704126003216756
7778855266332607e-20
0.0009878771457113307
102184503834976e-20
0.010917288214516877
0.007794507688412865
0.0017644536745668093
26355962378335867e-22
12850978274487226e-21
10055971538205797e-24
0.0011393974386182018
0.012793772705045933
6979413192861365e-25
9299315994378042e-22
7626811229606702e-22
8082017166570667e-21
8866404411058665e-22
0.022450894897274032
0.012701129326621227
0.00043081796503187776
0.00012959237707689357
0.0034454528496229266
0.0004915235491108926
5661879663960403e-21
0.002351929639028547
6971088536641361e-21
6036432348875888e-20
0.006567196738340406
8350502410728055e-23
0.025901604026181493
0.025971900647916442
0.00015299090336569986
449720342599114e-19
4882733201497476e-25
8629372549878523e-20
870230485888881e-24
0.0008571951379731715
0.0024260380685825083
7567555178315776e-20
28273743124050107e-21
12943142072150876e-21
21928064581457449e-23
0.0005115441289032424
0.002533653797728846
0.0017823516451819068
9428239153485359e-25
0.026462304320426795
0.005494669606556742
0
0
6849020499882519e-21
5579249760811639e-21
8657041275508454e-23
6362393081363127e-23
1620348018697751e-20
0.0008135751055561198
0.0004504671354978519
12734024201848986e-25
11012808502364891e-21
6138022716366824e-22
0.004624227425106918
0.0011166263623498013
0.008080816154277965
322084050600155e-22
0.0049636396575489196
0.0006419068570106531
10061883723342699e-21
0.009857011419622015
2482345824033642e-20
15535839936710832e-30
7131173151011349e-21
3129143745605076e-22
10444785002237015e-21
0.001359766023644732
0.0003264235155434166
13696961451209856e-21
12739294343816017e-21
3182514507541753e-25
4307987082660857e-20
0.0019034365458964542
11001087755636045e-25
0.00015113316771661096
0.00015071045081955082
37007613095706892e-22
0.00867190590686031
3632507332180403e-21
0.022873685161691398
0.00015989647827646444
0.01414670389885644
0.0002762228646858895
58683306924769136e-21
47668207211279966e-21
3747983782692422e-21
0.024541065188873813
10135745576718723e-22
18063399114981714e-22
0.0006928655700132533
0.0005382637588912059
18187820630817595e-25
7305524594443542e-21
0.0002555893517144621
0.010492889781164751
0.002502640765346228
8384403040368617e-21
0.0019097379149940286
29654273383065576e-21
0
0.009013180047130432
0.0010281243584736195
0.02363745769401669
0.02222800640228838
0.022990702126566176
0.004288442910162361
0.0024585296982939904
0.026239211415446693
0.023386822756135513
0.026362396496043
0.02193621111221249
0.016183879200300313
6406760968687504e-20
0.0013094424103524324
0.01111497462394823
0.020028803010587473
0.010815031543125304
2505850592213322e-20
0.002237789843068758
0.01900497762019974
0.009137135664574697
0.012976052706136148
