0.0036366160089261706
0.009135281786873166
0
0.00917263332890867
11815291302173102e-23
0.009429640170401389
0
0.009905970276667864
0
0.01976482954631643
0
0.4826818048092982
0
0.43239597543807073
0
1.021195679977145
0.7471425125068315
0.009145949201915823
0.009952328847413348
18252205197276823e-36
0.31658579239671997
0.01795877210797123
51977206523482215e-21
0
0.00018927034159835828
4051579461654472e-21
9371326696101714e-20
0.00019342309459228517
0.0007145210816907241
0.0008225434973550421
11751671925938671e-21
15038607630011083e-22
0.00012577590453466503
130842545510595e-19
38046421168185157e-22
1232741258668134e-26
0.0002060588221699619
0.00022315681378727947
0.08707697707460153
0.08661878237404531
0
0.028835124914301832
0
0.10808791790681638
0.10746811280059389
0.11697869981599218
0
0.14170742132045513
0
0.12327966596169021
0.0128606487192651
0.5108910876235994
0.49165797539925654
0.02502383002100319
1.071738888408856
0.8663701046786652
0.030111556939702487
36521449713154795e-21
0.00039929914341819387
0.014611800805729954
0.9426777290987468
0.012336470904869305
0.007985631351333204
0.055633220144844134
0.016433305153406436
0.6601345233038888
0
0.6600767105453705
0
0.4365604493796061
14248749731327757e-21
1425775434299344e-20
0.006442406519138012
0.1570770322048042
0.010375960145751302
0.01520000726380983
0
15736761667898962e-21
0.01320167577889651
0.001668835204969618
0.0006700262287988376
0.000728709774821097
8879220514395358e-21
41136925147303896e-22
28873845366043094e-21
0.05334617270434788
0.012210430700789338
0.00036292599139627817
0.0008922552619830858
6309359515278441e-20
0.0005573260328282565
0.00016549728529381558
150266507300663e-20
0.0017874080298245147
0.04889158443388459
0.00048416826002502396
6813441418610293e-24
19294224925992513e-21
599265430099435e-20
0
0.020959574105255313
0.009394530837425688
0.0021722024762927403
0
0.008413889023870046
0.0003241663386220075
0.0017426661060711936
0
27465863357086928e-21
0
0.0033983269156890815
0.011899664127699711
0
0
0
0
9028519630669198e-21
0.009214049439528946
25880887076192917e-22
6539181864382537e-21
0.00893241041352836
0.0050599793104547834
0.004987364620230548
0.013468123711568868
43935979341126185e-21
0.011332520963000439
2519716323493977e-20
0.011550310996961927
26126982635831447e-24
6427094184533313e-21
0.013933591699869949
8672748511398402e-20
4142055182022785e-28
0.004260109969220129
0.00040282799232238683
0.004790205712878952
0.0005692381863700704
0.001104565036966925
0.0008132144962842806
0.0020292314757160814
0.005983459556374873
0.005458917851924368
0.005816002780341963
25489673031263813e-30
0.003008493250175986
0.003009225499837556
0.010905742866426777
0.01390682592754269
7577200367514473e-21
0.01394359620940839
0.018527824206857307
0.30330291640701773
0.05968849131117181
0.0784348365459077
0.002270078090403298
0.012768497770909977
0.07496514825060295
0.11697748877155391
0.014923658130638553
0.1408876560851771
0.19637305212254633
0.09524317994995465
0.06822672449504658
0.07960432321914787
0.018401705086590985
0.8095693040729439
17.420121286952785
0.11264623835652879
79.0890126953224
0.0309619234603916
0.6535392849240571
0.03273477814229229
1.2623694082788086
0.036756100149395815
0.039317780602134964
0.03096189493789972
0.02255775829855307
0.02973263565049793
0.4895922689896298
0
18819153746161863e-21
19830913832243866e-21
0
0.00015111702575540853
0.0001223885346371687
0.00011919438742155167
7852569737938797e-20
0.00012113837778670428
0.00020353169446492216
8303907672260749e-20
0.0002039569542165721
6691423991078006e-20
0.0001159788204810424
0.00016956427992286124
0.0003709323418421095
0.00011030881984367232
0.0001735586743176006
0.00013110118414843343
0.00018520210375725976
0.0001954032616146566
0.00024134136473456436
0.00031202506885642784
0.00024165432830660773
0.00014502251268839745
5341152044113774e-20
0.00020806633513300554
0.0006313757843230319
0.001887173354787699
0.001124238116068523
0.0028535599687488085
2566837610301486e-21
0.0002818487221079872
0.0047916327520925684
13528102426475456e-23
0.0019317989481880142
0.00030448902660853197
35692636238913005e-21
15442836187655035e-23
33901930652682335e-24
0.002591194204412516
0.002288758071830264
0.00011618103588784871
0.0010973545785635849
0.0005594105128889857
0.00016191084454268305
0.0003369445090037806
13585732255590154e-21
0.005273604937069171
441897315277462e-25
0.002047615594008967
962094701421994e-20
0.00026861097269999457
0.0003041603964358102
4420274665345078e-21
48089664531239965e-22
0.0050282206634299585
11072116210871303e-21
0.0015106498415541202
0.004994033602758993
3709669341627611e-23
7279491900399443e-23
407316286971034e-20
35385602838527967e-23
16723752335541737e-21
4785925916654495e-22
4062380196755235e-24
28271823360759736e-24
5369668186251726e-22
0.001995221986726476
0.002014496114731206
12243773287689185e-22
5985335269386725e-21
0.0005423891690045803
0.00022797694167090457
0.002345231190503195
0.0005580525792419662
7833023888255138e-22
0.003338311915512343
0.0010488806344229923
15688154929065343e-24
0.005304285058831544
12551034170123115e-24
0.00010559037746084842
2763123316228557e-20
6472484126953512e-29
0.00534040298716008
0.005074812339090756
0.0005011815945741155
0.005263193711857357
0.004465585698803791
0.00020699863140689846
0.004326735047431029
62860377779729425e-28
13034150512409146e-23
17706274092631122e-21
2567047654070983e-21
0.0032174030827348053
24335516983871287e-24
3147005900529718e-21
0.0038255314012319136
261311320370062e-19
0.00033000907671626754
34342114336881446e-23
0.0033584936508158345
0.0024742235811171984
0.0005865221628132068
8857612614340132e-22
4318644842327638e-21
3379626049504179e-24
0.00038026398351535156
0.003848084867225904
23456518214489373e-26
31253109468424836e-23
2563218676286216e-22
27160855397551873e-22
2979818940002841e-22
0.005408242920331935
0.0038247759495028
0.00014441421503083167
4351981031526479e-20
0.0011323410896818364
0.00016470228902564825
19027888076717515e-22
0.0007787859637572435
2342756521933251e-21
2028001186003431e-20
0.0021070522234697396
28064481873188584e-24
0.004811429984353308
0.004776609085645675
51370295838127966e-21
15110207086493e-18
16409964169762332e-26
2898675572270101e-20
2924683874990053e-25
0.0002865869839860394
0.0008029267609867225
2542164378773005e-20
9500677399137113e-21
4349614618956156e-21
7369607739850153e-23
0.0001713899164495775
0.0008379368268518694
0.0005924027655670331
3168656977309752e-25
0.004476975391906725
0.0017783963929996268
0
0
23017350964596075e-22
18750202883171433e-22
2909470131908556e-23
21382819586040284e-24
5445163220502941e-21
0.00027207712368040605
0.00015098271892063152
4279670243817236e-25
3700958011812953e-21
206286847500351e-21
0.0015067413688170852
0.0003727177605144877
0.0025584118225791767
10824647816495146e-24
0.0016131722125048219
0.00021489530346479417
33814099956525926e-22
0.003067098468169898
8341468369921616e-21
5221308782010728e-30
2396553471419448e-21
10516454375784947e-23
35100802775839915e-22
0.0004531772842286482
0.00010948965821234495
4602919065231961e-21
4281115674823717e-21
10695843278006257e-26
1447462073935645e-20
0.000632148933215899
3697262328063133e-25
507470843152375e-19
5060527422058848e-20
12437300162807921e-22
0.0027303610479173872
12207921201208202e-22
0.005403799178068697
5368677510810213e-20
0.004176996286584243
92679419490562e-18
19715455610064565e-21
1601583901028584e-20
12595999110347343e-22
0.005240285094877996
3406416213947648e-22
6070709237610532e-22
0.00023188228496226146
0.0001803126933244129
6112590432236181e-25
24551447176164e-19
8576707700757043e-20
0.0032430401138862862
0.0008278530909691787
2817701849667789e-21
0.0006342155517802728
996448747200307e-20
0
0.0028284573369196596
0.00034336749926707947
0.005362243671837223
0.005406039459728046
0.005400405332768926
0.001400832112849627
0.0008135028142447745
0.004626981884653889
0.005381177360369274
0.004547379745673386
0.005398842768291084
0.004625485631575998
21523691365885034e-21
0.00043654528610879653
0.0034117107548138664
0.005254293972096948
0.003330824658489138
8420440004337353e-21
0.0007415550485658404
0.005122578919106782
0.002863866602932507
0.0038936648961884535
