1.2510690803532472
3708041493112415e-35
16397891039923198e-39
538241102450832e-40
1865719360053949e-38
26098685709233496e-37
.0005748185312521449
.0015861363565028083
0
.0009514685876330397
.00575213360774358
0
16.807225818998482
1.2659635019713864
15.656095195042253
0
2.276438429544677
0
0
0
.015209369020976546
0
0
0
0
.2483426012763363
.5750946279881749
.029958262726420656
.01501612615046402
.04180215124710889
.0035356255106746685
0
19716048292522815e-22
0
1.346248081421838
5580024100043257e-20
9509922765456672e-25
.0023942948260944437
.0023378115927798248
20068449771369442e-24
305283862304524e-22
.038702324539443805
.0387462956248677
8631130542885059e-21
17112148340898672e-21
0
0
.003288204005720033
.3414768554112037
.4835808751664337
.9880331777302437
2.205489560448743
.00026626839059704885
2.2052728969175392
0
7.594991206090113
7.53380856712848
.003342142734944997
0
.5141219295462666
1.0658528308728683
10.445759323229247
.13195377367122021
19.071276072841503
8.736572590092246
0
3.2673427473788923
12.59677598978932
.1395338510347438
.18825822461122962
.6197385111275323
37.368832913773225
1.4178455070401599
9.430428206345125
33.624284588314545
10.126241665611415
9.459849497300398
1.4464199067464139
1.4187035118814957
5.224266441643767
11.701455209957501
11.178243228656354
5681651905661855e-20
.7220764595850317
4832904482899839e-32
0
0
.03489821055158772
.030304569869473958
4.236879025020948
0
0
.5039019323572024
.04826784371574284
0
.00028986019164685975
.002568903605426479
.16453489984817973
.17609773719210559
.02770114376307714
0
.06145744666077038
0
0
0
0
0
4.24211655310374
.2192229022884272
.014284404909919824
0
14294511517441775e-23
.24105824045814578
0
0
0
0
.0001831434537957848
0
.029228775017876595
0
.00010560679047367011
.0029053313047727397
.008493059736309488
.014957427232083495
0
0
0
0
0
0
.17398786897506793
0
19927955343890008e-39
0
0
.04053449884198407
0
.04499916893869249
0
.8118631715988791
0
33.37829597958802
0
0
.207523298957411
5487.066452798404
217.56758921738913
290.9163798108408
0
113.56540551376139
.08250661272826049
0
.03525159176172776
.0064903220635824845
0
4.125290346500443
0
0
0
.17841385738792337
0
0
.6464632734360293
.0001557605860923695
0
.010777874210639728
.01049923553694964
.01465262109895769
.009313132161704277
.007637171563548036
.006273490037137132
.010378198170271857
.0175745048124517
.014909072955556102
.011633124624447464
.00940980100961171
.010153836056395112
.010775362383993048
.009723064587566627
.01039847526741836
.00617110076669949
.010320592076150905
.009773043804751125
.009633785170068878
.010469684368311636
.007167672067380716
.00930367746740677
.005677868432810833
.1692153164528537
.28517591549852594
.28619863566463927
.23564110868008917
.005709227409149509
.002009013019804249
.004383322392897124
.007304181803337377
.007556197059888213
.0029091083059407372
.01640249449100171
.18876833263585402
.001420052098403135
.00835261762426757
.2577749066819137
.010553350169934536
.004033231368169517
.044431425083792025
.0038257637134617053
.008902592885753189
.032729906733252746
.06359193457245207
.03601633705957844
.0165157750289887
.10624204219922903
.020449964385157494
.04303845973159552
.0007311005013779654
.0015598486867985063
.009880128282227386
.003558405931463832
.2714205828273565
.2936705439235134
.005884808877993871
.047002559556807294
.01452593007098343
.0004948399483464642
.012110126286030762
.0002991747841357774
.04946470393394354
.037226430832544365
.0857286238909803
.012091196406972822
.011009969274663732
.001664829999272446
3853532352944285e-21
.016176342354985707
.03823239839014595
.2937142804998024
.28619863566463927
.01919908344208621
.0381481721386034
.013653096890297402
.024530850331195238
.003361299836677086
.24100831584484134
.053544527737254904
.06323270004032326
.24594590571241803
.0006967580550165886
.28619863566463927
.018690736196029557
.0008967679979320803
.024026108326242693
.024780990908338577
.009646870744001484
.094258966852197
.21221388173679837
.007208985672766191
.021615523619630848
.27763605830207305
.1102616890297672
.01355620733556713
.06683149460566985
.00026789027450038446
.021570085134723957
.16461538883147803
.00013010931864555306
.012603390510759137
.028785625734884687
.0003874188273135032
.0034361608032334183
.007372922589737727
.006133469680217688
.02106335269311276
.08331092663235848
.022865142480655416
.2916286806459023
.006886629671259851
.0068096082303052315
.030629107656942586
.00023008626847841518
.011572803483807076
.06751426046346934
.265985690357915
.255744489312414
.05990061991314852
.03953352054733831
.05913115659111228
.2919011888403287
.2756125936190441
.010107154579750277
.008311280433067676
.29404555931285087
.03158461193037166
.18278490768877143
.004320327943727269
.0061533209845924305
.10296951410073511
.16277642230082154
.280898956435623
.000550427320731199
.02526472926660805
.17718488570243293
.19495845916762855
.11142290203865707
.29084287807537273
.14730819144331325
.028190512047000193
.008547764387464128
.2925028588207028
.28619863566463927
.22259810467786278
.037861437928001215
.006907845361276579
.013982536341447799
.012412760490632257
.2910010145966249
.0740823571259309
.0018865203444773998
.002961921816212482
.014415109044051756
.05108457125589468
.007496551588629726
.2832209485266247
.002672672212985597
.28619863566463927
.28619863566463927
.28619863566463927
.005142934951971076
.046661193116954346
.11691864481545966
.07167768459863359
.014248548474947845
.01734520971659186
.020865097122521208
.0006889457116196566
.00032815601455735746
.05283794232135822
.2751807456105766
.28619863566463927
.28619863566463927
.28619863566463927
.024420658602645768
.0005412524725043781
.25669060456791815
.1939388732447311
.0052197107932889
.015011051972764837
.28619863566463927
.03657288134918617
.14479560569125163
.01950578117095559
.01950578117095559
.01950578117095559
.01950578117095559
.01950578117095559
.01950578117095559
.01950578117095559
.01950578117095559
.01950578117095559
.01950578117095559
.01950578117095559
.01950578117095559
.01950578117095559
.01950578117095559
.01950578117095559
.01950578117095559
.01950578117095559
.01950578117095559
.01950578117095559
.01950578117095559
.01950578117095559
.01950578117095559
.01950578117095559
.01950578117095559
