.00027577606696534807
35.30504313366771
1.2386814081963555
.09821176207033991
.011973551557580274
2.044338144603679
4.627906148489926
796.3852403046789
0
.287516463310044
.1707216001391085
0
13.721855357738505
.03186628245300816
14.452570170527622
0
.5459630359703687
0
0
0
.016030365134277615
0
0
0
17413043894927574e-96
2.2117643538339347
4.438504698075082
78.40267337944871
10.81417183197861
48.05927877842399
33.48496348924676
0
.04853252898350587
0
1.2093755465436982
1.0103814862841674
14.214479208362972
36.33740299115891
124.04677094751372
33.248439265370756
.00017896116009677738
664.8995870494209
41.8113986287743
.14748397365993726
16.597388057192116
0
0
1.4455713392141945
29.852269922791315
.07467532112727258
3.035124236381907
19.993524754899067
2.8675913167460347
70.20408788797525
0
5.047539845429114
234.25300555160263
305.43966049386836
0
.127900478475483
.06939276849063662
29.176537105517095
53.49453653266703
56.64637548460414
8.875864979284842
0
33.93668757049894
136.19641263394368
.12609033825244848
.0008108642865946634
1.6325703107675518
36.59417054412904
9.323835443840814
11.29914276105167
95.73212998435764
107.25383921252389
3.206255708309098
7.770955691600522
.6285796316951607
5.263944417736936
14.354535269289341
7.322835806458135
37.1120590532256
.5483283861923545
9.898555412525962
0
0
.47247924064819335
.033186462365373794
5.262760419245018
0
0
.5876916239197726
.15751260593425206
0
.0004101671290337317
.029641937332156854
.4440122472033928
.11552642154929421
.09914781135818224
0
136.31298713050577
0
0
0
0
0
6.542077256672026
.20855194549915917
.2402024869488042
0
.0001456618263884188
1.6037216744749276
0
0
0
0
.0010092772311391766
0
.03266269332100697
0
.11952143061574444
1.9706577253366109
1.2155312295160348
7.745235255985412
0
0
0
0
0
0
.23549628215306614
0
5.36729584992232
0
0
5.706219527916988
0
.16129873301894435
0
3.5211671836629845
0
35.554117680793894
0
0
.2615837103554883
5610.14054257548
223.47883514726558
291.1673953861841
0
121.91557060481249
.163105683251753
0
.13172568606038734
.450797617592508
0
90.11193383065493
0
0
0
.40429960960523753
0
0
.8264014302521456
11162689463043973e-21
0
6972181763908033e-23
11208207078406323e-69
.353815641820448
.33901527838677276
.31511620872725615
.3745727137512489
.3316063528059796
.5117378373190544
.2551778005302687
.38963771334996583
.32900225813610506
.3339737420460391
.36039272650720067
.3542953934891524
.3394036000568047
.3006931694120327
.33385836323875423
.3481412740737666
.3530114634067515
.32578916967466753
.2712816116330329
.3424469120527166
.005718626864149857
.22391317764611915
.6172930198434056
.9997242619558392
.37819008413090077
.005750439764090122
.002014080505345606
.004407554144969549
.007371842715323294
.007628642429976786
.0029197518188292188
.016749761385774522
.2619639725862962
.001422581125472105
.008441274393863671
.4560291982047131
.010695480141834093
.004053733349482243
.047129394261026476
.0038442034642351677
.009003415538492406
.03415862159384924
.06935491148584988
.03775812738505875
.016867933318430162
.12407957927764816
.020994081173968827
.04556245674131829
.0007317699790143414
.0015629009658020589
.010004541539054123
.003574350389717765
.5205166856257035
.7591184694077491
.005928609747285971
.05003839507532781
.014797285537468867
.000495146510525643
.012297845703575025
.00029928679997149346
.05284473962790579
.039091905952322405
.09675813696203545
.012278322556688924
.011164800997869777
.0016683076421484127
385355092699843e-20
.01651394966845969
.04020417949313757
.8380578117736331
.9997242619558392
.01967748604534619
.04011093067889753
.013892414615489304
.02532018912937269
.0033755215272346624
.3950491315447592
.05754031204744499
.06892614529160293
.41155303080713385
.0006973660750214939
.9997242619558392
.019143685661738564
.0008977755729850352
.02478253386197252
.025586913505033844
.009765425617508131
.1078757675260877
.3145099618095127
.007274882418237953
.022224840270575752
.5580043518114262
.12967927769481133
.013792096012164783
.07324344107489378
.00026798008308079395
.022176787968337736
.21556281215625098
.0001301304977894813
.012806908057559538
.029881887542022117
.0003876066996653951
.003451025129196102
.007441872093688498
.006181072894580311
.021641302665416123
.09366645435355998
.023548644651019326
.906377396670253
.006946727881834905
.00686836101300332
.03187493928142656
.00023015251369296988
.011744056143995374
.07406807370435274
.4925609921610909
.4478067688741682
.06497189006019978
.04164752650351649
.06406453100288285
.8998985364033475
.5449920782881051
.010237408023476615
.008399054889392576
.8044432515000706
.03291197212008321
.24984331783625113
.004343865398497253
.006201234651799272
.11958311593958955
.21228156573705034
.5811527620890701
.0005508066657576229
.02610323652589428
.23889417650927083
.2750040567109747
.13131307476526266
.9234142763700856
.18586426150523852
.02924064723315754
.008640646986921864
.719807270567631
.9997242619558392
.3410274268754917
.03979364793374329
.006968316883123332
.014233703491941654
.012610095114009125
.9201510311663363
.08209376462531566
.0018909876913482566
.002972956394959949
.014682282140132235
.05470224516407681
.00756784962739905
.5997546785215513
.0026816519275436137
.9997242619558392
.9997242619558392
.9997242619558392
.005176341128817663
.0496509097030269
.13914670337435522
.07913569388504096
.014509498387489729
.01773426020763764
.02143199553273773
.0006895401645834085
.0003282907909489828
.05672297702412528
.5423262591855954
.9997242619558392
.9997242619558392
.9997242619558392
.025202749288192324
.0005416192703102752
.45160347078333807
.27281913542260855
.00525412684206667
.015301109374412373
.9997242619558392
.038370989960095934
.18175802174162328
.019999889689877422
.019999889689877422
.019999889689877422
.019999889689877422
.019999889689877422
.019999889689877422
.019999889689877422
.019999889689877422
.019999889689877422
.019999889689877422
.019999889689877422
.019999889689877422
.019999889689877422
.019999889689877422
.019999889689877422
.019999889689877422
.019999889689877422
.019999889689877422
.019999889689877422
.019999889689877422
.019999889689877422
.019999889689877422
.019999889689877422
.019999889689877422
