.0004693157448957312
35.07390879173342
1.2369126636324843
.09818961044227012
.011970828085876049
2.0445973446103753
4.691998920048928
206.0129478903285
0
.28737959420906234
.17071763322612565
0
13.67701786120992
.0386317943190581
17.45616329808482
0
.6137609434595852
0
0
0
.016030234735909345
0
0
0
1615228391615046e-95
3.436471729920711
6.894071237671728
79.6746111983731
10.246586268166434
48.276466491445426
32.26423339886047
0
.04976530978660386
0
1.255775792489917
1.0105169317782239
10.184634303451244
37.78365729525288
111.72260637362791
27.54181387683953
7644051678509747e-20
623.3516068586453
41.81836572289612
.1307287500685959
16.52100786666938
0
0
1.3192663626829817
29.92841024299006
.11209721154832894
3.0747142957903373
22.865525397673995
2.8598055037984347
70.20054772302528
0
6.335174784505596
239.30266801091844
293.70635301676975
0
.20614391271654178
.11860492247091386
29.267415014669588
52.31120024618209
56.92698081811452
8.868599459550907
0
34.63124327137375
135.22567954234728
.212274990261621
.0026850171169182165
2.3921457209506203
36.699761864580616
9.322784205985062
11.528144859175583
95.29146239281108
96.5901202594616
3.3805825042087445
7.68228126661474
.6539547332753545
5.263487237351046
14.33064098044765
7.33150644282334
30.645767505923157
.5530383872858393
9.878590239039708
0
0
.47095719371036454
.03317226718488491
5.241096529290993
0
0
.5995907314802112
.15707084493230497
0
.0004092105803671384
.029599443066466127
.4440176810819578
.11557478590341182
.16006153825653385
0
134.3623763155852
0
0
0
0
0
6.535109720334732
.20866418527705735
.2416630174268186
0
.00021787925416543211
1.5395964178365023
0
0
0
0
.000904086489377127
0
.03294925169321586
0
.11933263366875412
1.9792558881809181
1.2393422728137928
7.751380134134723
0
0
0
0
0
0
.23547542939292904
0
5.377883198655446
0
0
5.667630922408252
0
.16126479156650747
0
3.519920163587907
0
35.553770295556426
0
0
.26566243161329656
5610.12128692429
223.47790816657172
291.1673565289059
0
121.91423218420266
.1630845374602919
0
.1316999020539625
.45068465403418234
0
89.88184454709213
0
0
0
.4042803259061853
0
0
.8263699555006438
1897097544608836e-20
0
20113717304940815e-23
20752805560007828e-64
.3532416501623076
.3383653827927994
.31459874100580015
.3749665748082159
.33109264957467455
.5109799091803802
.25459470703373127
.3890361195218095
.3284673173731919
.33344257566913355
.35981742918727516
.353711064364636
.3388660139807019
.3001447112590927
.3332656235347336
.3475875595713497
.35244162501778337
.3252851509069334
.27081445274370963
.3418790204912849
.005718620534874665
.22390347373681224
.6172192632679732
.9995307943665894
.37816240071395657
.005750433364199109
.0020140797202476946
.004407550385161537
.007371832197576573
.0076286311666904395
.0029197501689121465
.016749707087182892
.26195069027922424
.001422580733798587
.008441260603151136
.45598894589818456
.010695458002150144
.004053730169090005
.04712896437097592
.00384420060412314
.00900339984985219
.03415839576816018
.06935398052836188
.03775785145828435
.016867878250966185
.12407659952451625
.020993995870755663
.04556205496177312
.0007317698753762879
.0015629004930504072
.010004522167468286
.0035743479170569914
.5204642435591625
.7590069249086356
.005928602944666116
.050037910478409955
.014797243159974677
.0004951464630755031
.012297816433148586
.00029928678263564255
.05284419915037083
.03909161018734684
.09675632498565791
.012278293379123931
.011164776872562409
.001668307103478868
3853550924124394e-21
.016513896887994817
.040203866657986254
.83792186054444
.9995307943665894
.019677411105849845
.040110619293236394
.01389237726239653
.025320065048204637
.003375519322014064
.39501892486774154
.05753967125274224
.06892522580934239
.4115202474351839
.0006973659808993739
.9995307943665894
.019143614732938716
.0008977754169918401
.02478241499441002
.02558678679593412
.009765407160847535
.10787351522628869
.3144908164609143
.007274872175347305
.022224744672524673
.5579440835625693
.12967602291763777
.013792059196586229
.07324240279800312
.00026798006918206553
.022176692783225458
.2155538185378935
.00013013049451209068
.012806876313709926
.029881714724254407
.0003876066705881944
.0034510228242194763
.007441861375164238
.006181065500260587
.02164121202153464
.09366475632317438
.0235485373253323
.9062183741513832
.006946718542173583
.006868351882877201
.031874742641716886
.00023015250344113797
.011744029450394376
.07406701191620696
.4925140321335954
.44776795507633804
.06497107305265591
.04164719080325599
.06406373665581483
.899741779353222
.5449345882272533
.010237387739605808
.008399041236285197
.8043179883317264
.0329117624770737
.24983123622337852
.004343861746561986
.006201227209162464
.11958034823941016
.21227284383746206
.5810873894807098
.0005508066070400046
.026103104651414168
.23888313064471725
.27498941912039426
.1313097374582255
.9232492189739184
.18585757535324465
.029240481752876434
.00864063253707613
.7197069803803398
.9995307943665894
.34100491689363555
.03979334145481929
.006968307485320275
.014233664281029094
.012610064338324777
.9199871383942794
.0820924602675147
.001890986999282175
.0029729546843644543
.014682240418788623
.05470166602273246
.007567838542912251
.599685053725396
.0026816505357493705
.9995307943665894
.9995307943665894
.9995307943665894
.00517633594301251
.0496504325822883
.13914295600349727
.07913448183375764
.014509457642338023
.01773419933844442
.021431906633732706
.0006895400725619306
.0003282907700902731
.05672235430463897
.5422693301996065
.9995307943665894
.9995307943665894
.9995307943665894
.025202626355381525
.0005416192135351275
.45156399600783115
.27280472950649326
.005254121499234546
.015301064062014752
.9995307943665894
.03837070500330908
.1817516277609498
.01999981227458307
.01999981227458307
.01999981227458307
.01999981227458307
.01999981227458307
.01999981227458307
.01999981227458307
.01999981227458307
.01999981227458307
.01999981227458307
.01999981227458307
.01999981227458307
.01999981227458307
.01999981227458307
.01999981227458307
.01999981227458307
.01999981227458307
.01999981227458307
.01999981227458307
.01999981227458307
.01999981227458307
.01999981227458307
.01999981227458307
.01999981227458307
