1.2852999228731539
10120139050826075e-39
4238486303333556e-42
1296080728673107e-44
490319613662211e-41
6836944301962939e-40
.00012684387392948918
.0008197204589226361
0
.0006626748442894372
.0040439008498631135
0
16.797054520588794
.114774864027066
18.157784030633646
0
2.76205114128237
0
0
0
.01518750168110351
0
0
0
0
1.0061024940089098
.9745752788359969
.006681205038765835
.0021185987841553424
.011044124974879466
.0009360997239168132
0
17214005770315476e-22
0
1.2883745003719884
30891573105452905e-21
3332802605390317e-25
.002095968407025496
.002228496388482246
1189807666192708e-23
145080866112355e-23
.010213017237148578
.01022349248526394
3002950447754458e-21
10862416613779813e-21
0
0
.0006452152168622241
.30673200958583763
.4678118360708335
1.1463596570119643
2.1217829760813247
.00025651589202993724
2.121612871550291
0
9.176266338969187
9.10408348390957
.0007166036114807422
0
1.001831784791212
1.0677038497294884
3.3759434335607823
.06032980119234252
11.792578554623569
8.446952243782295
0
.8247266059000088
1.1760673482484119
.23617383387417723
1.980017653486685
1.0438546870011172
37.34064298705823
1.3932329630035065
11.632502352592612
33.4763243910158
10.407545288375541
9.491017789235016
1.4374811533381386
1.391364727092557
5.20299226203935
11.05996308397446
11.179730315111978
28703490902532064e-21
.7222398934862984
6873216624395998e-33
0
0
.30375073947263875
.029784257793283996
4.099231598043057
0
0
.6615281187337341
.04816445179927689
0
.00026891731801401565
.002207014884895491
.16164312801808514
.1755486894129438
.04799461726844121
0
.07259708692628468
0
0
0
0
0
4.053156245188695
.21892585054130953
.09561061371169538
0
9544599038293753e-23
.12829217083187278
0
0
0
0
8535865107917602e-20
0
.031233774422862553
0
.00039849790534419294
.004928324646554823
.00328172237790792
.0428459256061865
0
0
0
0
0
0
.17333624949131185
0
7966500915112648e-42
0
0
.3098244608486856
0
.04347302305376913
0
.7776306141185325
0
33.32015017035439
0
0
.25530604861768125
5483.736476105798
217.40803155427417
290.90951323393733
0
113.34510886674052
.08090576930260085
0
.03404953617152196
.005658354369217953
0
4.8650414988878286
0
0
0
.17778585568489796
0
0
.6421436092813482
.00013034911682992435
0
.010567375841798558
.010293009026431117
.014431546179845114
.009164316790983184
.007464362740091533
.006173935138993972
.010214136022772604
.017311762873276373
.014733316817986196
.011416248631177642
.009259123390710765
.00999302337875959
.01060240687075078
.009490580692721127
.010234436171587447
.006048121702114506
.01015029024605559
.009589584747917396
.009453323874861906
.010308900586527107
.00705086022214307
.009145376330060349
.005676757077698324
.16792320396179194
.2792122305239369
.27656759089055516
.23260990085747688
.005708103699954052
.0020088745157659737
.004382661111317871
.007302338862848087
.0075542241269058105
.002908817567763439
.01639309263442301
.18708304595853426
.0014199829489890052
.008350204462290388
.25378171830024854
.010549487122817938
.004032671744266008
.044359801663240966
.003825260312565795
.008899849571542388
.03269165836591792
.06344113860674438
.035969815799825215
.016506241469812374
.10579173678371166
.020435273313138866
.04297138664883408
.000731082188191937
.001559765237999696
.009876745265082306
.0035579705759378015
.2666266323342361
.28613617309739225
.005883614726413971
.04692211872216859
.014518574178408412
.0004948315612344558
.012105029394812202
.00029917171915363306
.04937530582211945
.037176649104348335
.0854451431936106
.012086115560060213
.011005762269624337
.0016647349275373908
3853531844623729e-21
.016167200630936768
.0381798176932088
.2854061899998741
.27656759089055516
.019186155666737575
.038095828881155834
.013646605691641521
.02450959773585051
.0033609114708231178
.2377707797915703
.05343916570360563
.0630836818392744
.2425049709833532
.0006967414226019627
.27656759089055516
.01867849202032118
.0008967404392205308
.024005734833178305
.024759295539187036
.009643646530381876
.09391153034283838
.20994125781220785
.007207190672462424
.02159908522248829
.27238246815508416
.10977330129777813
.013549808732057456
.066664142203732
.0002678878171046882
.02155371674659482
.1634051076734721
.00013010873907791078
.012597866486022668
.0287561962425744
.00038741368703380254
.003435754907999973
.007371044635349217
.006132172075329475
.021047754646078602
.08304422922901222
.022846718426240774
.28271731751754575
.006884992274970474
.006808007409943119
.030595705985048655
.00023008445579346645
.011568152033347146
.06734329728916318
.26153796154209064
.25185364871783056
.05976754403985563
.039477199886398126
.05900162277336495
.28304429567419387
.27051779683669175
.01010361328854012
.008308891221987332
.2860572112278645
.03154904827738759
.18122822650864037
.004319685583128561
.006152014934082946
.10254886318422905
.16159781330892828
.2753652720794651
.0005504169427535788
.025242164247449673
.17574176116875945
.1931316674538219
.11092316674961485
.28179105895328466
.14637390133100436
.02816230915116956
.008545236526387225
.2853823707973199
.27656759089055516
.22001443758146746
.037809898754368625
.0069061978168799
.013975725239707876
.012407403608295238
.2819757858533581
.07387446296031121
.0018863982337118063
.0029616204059908736
.014407865990216802
.05098900325677973
.007494609825406883
.27746472895647867
.0026724268855710595
.27656759089055516
.27656759089055516
.27656759089055516
.0051420237520924585
.04658195437523209
.11636305148008311
.07148377676952473
.014241473343676354
.01733468330059499
.020849795274716063
.0006889294502502753
.000328152326868624
.05273544613005578
.2701185871646534
.27656759089055516
.27656759089055516
.27656759089055516
.02439959956236064
.0005412424377296252
.2527525108844992
.19213600702605177
.005218772094715968
.01500319166160181
.27656759089055516
.036524874945031406
.14389747831406177
.019492431754622556
.019492431754622556
.019492431754622556
.019492431754622556
.019492431754622556
.019492431754622556
.019492431754622556
.019492431754622556
.019492431754622556
.019492431754622556
.019492431754622556
.019492431754622556
.019492431754622556
.019492431754622556
.019492431754622556
.019492431754622556
.019492431754622556
.019492431754622556
.019492431754622556
.019492431754622556
.019492431754622556
.019492431754622556
.019492431754622556
.019492431754622556
