1.286088798908113
8328422435362335e-39
3477655702862758e-42
10636319242007711e-45
4031625623325819e-42
5620798916645153e-40
.00012194082933143632
.00080886392838819
0
.0006571520097439964
.004010917993087089
0
16.796819421570422
.09762155328492464
16.655884114580488
0
2.7879883611656573
0
0
0
.015186998102761758
0
0
0
0
1.0661065567912127
1.019269515361776
.0064236516850288425
.0020339269917548784
.010719798843722317
.000908710863718874
0
1716371580588673e-21
0
1.2870565648390067
2788029349898233e-20
3275533367642692e-25
.0020899436938198067
.0020341656038701406
11816328661508266e-24
12179873803478584e-25
.009913630847935522
.009923861405946257
2760066318431279e-21
10675242699902163e-21
0
0
.0006253353559925197
.30422099741080705
.46688548209840286
1.1549433051834654
2.1189343432424703
.00025587599731748004
2.118764171205456
0
9.193510876251583
9.12057115676091
.0006852834748324642
0
1.0104990690765667
1.0675299597637518
3.1095342774262407
.05822872351806581
11.502421679412462
8.429403414739394
0
.7534083767901086
.9933346068171578
.24697575558655843
2.1649201918040943
1.0901211653981249
37.340058151957784
1.3912976467461762
11.74832688720575
33.458640151447355
10.388460530037218
9.482009699336354
1.4364479671385968
1.3893751436363508
5.201679671066183
11.022838689121908
11.179756471923595
28397491411589405e-21
.7222072847659696
6570242466539128e-33
0
0
.3263720920151667
.029755096674941504
4.093492056232177
0
0
.6702900200076578
.04814805135570724
0
.00026774668718587664
.0021958122788259637
.16157800823861174
.17553569884840123
.05030683927291163
0
.07271017581024496
0
0
0
0
0
4.043295326118166
.21891897126108129
.10083627540847824
0
9215231893799742e-23
.1270582326397656
0
0
0
0
8421309153457322e-20
0
.03125008577044457
0
.0004218690281972721
.00497844399445276
.0032093446750263363
.04442203610619674
0
0
0
0
0
0
.17332526420061553
0
5202348940101772e-42
0
0
.329956507535682
0
.04343847272205107
0
.7768453341278503
0
33.318808450259134
0
0
.2578049882230666
5483.659758065287
217.40435580523456
290.9093549903137
0
113.34003700227095
.08086603897472741
0
.03402235464485471
.005640959631250639
0
4.935538377503222
0
0
0
.17777152594813003
0
0
.6420444077946397
.00012958966369956758
0
.010562165054426732
.010287777149759541
.01440381177033181
.009146444575975663
.00744856094297861
.006162555204204576
.010194331769487976
.01727853894860308
.014705970156443883
.011393345919174899
.009241334865884989
.009973640773013548
.010581789916900765
.009470199273009053
.01021460004085978
.006035817545236354
.010129889978165064
.009570321867448363
.00943434560816362
.010289019671898226
.007037117739122428
.009127388714389178
.005676731468231401
.16789354283886093
.2790762731541189
.27634949938097525
.23254050594909056
.005708077805820739
.0020088713239466887
.00438264587275251
.007302296396352271
.007554178665224342
.0029088108678215706
.01639287602496419
.187044385120613
.0014199813554273855
.008350148857340279
.2536904251391905
.010549398112604214
.0040326588482191
.04435815240832286
.0038252487120867145
.008899786359727466
.03269077743005261
.06343766761660866
.035968744390361275
.016506021826510744
.10578138168059945
.020434934870553707
.042969842131038674
.0007310817661559188
.0015597633149107165
.009876667314512888
.0035579605434635305
.26651715603177656
.2859648357799545
.005883587209131155
.04692026652519595
.014518404700138278
.000494831367948699
.012104911958334361
.0002991716485191376
.049373247479812206
.037175502631336114
.08543862122572331
.01208599849321608
.011005665334917376
.0016647327366003
3853531832909092e-21
.016166990013803926
.03817860678354645
.285217519961045
.27634949938097525
.019185857838874273
.03809462343764879
.013646456133373754
.024509108170596632
.003360902521162967
.23769668323984477
.053436740000301804
.06308025174359257
.24242624211605934
.0006967410392998843
.27634949938097525
.01867820993847187
.0008967398041188581
.024005265514111293
.02475879577672876
.009643572238609429
.09390353851683372
.2098891713626102
.007207149310572144
.021598706534417852
.27226257435031737
.10976207156587481
.013549661306937862
.06666029038338059
.00026788776047238425
.02155333967099073
.16337732096388696
.00013010872572136013
.012597739209179224
.028755518372145718
.00038741356857291615
.003435745554398063
.007371001362088441
.006132142174265452
.021047395313313687
.08303809305770969
.02284629400481995
.2825151908904068
.0068849545445062
.006807970522246013
.030594936647436306
.0002300844140189191
.01156804485914375
.06733936241930916
.26143634179064357
.2517646826110486
.05976448069192848
.03947590287984447
.05899864091460124
.2828433816107809
.27040150031978993
.010103531691395077
.008308836168881742
.2858756949331367
.031548229157942136
.18119250831673409
.004319670780561558
.00615198483841479
.10253918924586312
.1615707522002757
.27523903751473283
.0005504167035874271
.025241644456917546
.17570864218600624
.19308977004340308
.11091167642690325
.28158580810216255
.14635243989768795
.02816165952651474
.008545178278702374
.28522033348268355
.27634949938097525
.219955249852441
.03780871182198261
.0069061598525875035
.01397556831175914
.012407280182087557
.2817711261812593
.07386967876346016
.0018863954196686819
.0029616134601225985
.014407699111392235
.05098680292780428
.0074945650819128636
.27733346083136046
.002672421232077995
.27634949938097525
.27634949938097525
.27634949938097525
.0051420027546952496
.04658012984476468
.11635027857704826
.07147931420417057
.0142413103332681
.017334440786582604
.020849442764211235
.0006889290754990635
.00032815224188349567
.05273308637198427
.2700030302556545
.27634949938097525
.27634949938097525
.27634949938097525
.024399114454756596
.0005412422064727334
.25266247031380745
.19209465676149967
.0052187504636771465
.015003010563227696
.27634949938097525
.03652376934376575
.14387684608424584
.019492124214803185
.019492124214803185
.019492124214803185
.019492124214803185
.019492124214803185
.019492124214803185
.019492124214803185
.019492124214803185
.019492124214803185
.019492124214803185
.019492124214803185
.019492124214803185
.019492124214803185
.019492124214803185
.019492124214803185
.019492124214803185
.019492124214803185
.019492124214803185
.019492124214803185
.019492124214803185
.019492124214803185
.019492124214803185
.019492124214803185
.019492124214803185
