1.2852999228731539
10120139895169494e-39
4238484686427372e-42
1296080837427359e-44
4903196545975717e-42
6836944871061021e-40
.00012684410274234724
.0008194314269343639
0
.0006626748442800608
.004043900849862967
0
16.797054516483865
.10516754659406871
16.7106623982765
0
2.762056532195172
0
0
0
.01518750168110351
0
0
0
0
1.0060080785486587
.974547288640968
.006681202021467414
.0021190311794824545
.011044108494446548
.0009360985809134422
0
17214681993048102e-22
0
1.2883745003717062
28264477390297844e-21
3326753130512592e-25
.0020960507529369787
.002051924959505285
11881135725134064e-24
13289566758077682e-25
.01021300796944135
.010223483753114068
30028987180237973e-22
10862389139623149e-21
0
0
.0006454166788995534
.3067403090214696
.4678116472627898
1.1463614438252208
2.1217847518836566
.00025651648564422544
2.1216145680517506
0
9.176175386669268
9.103321818175894
.0007166809400207873
0
1.0017865755489228
1.0677005702493203
3.3761695011676762
.06032313934531686
11.791547462489024
8.446949322508239
0
.8247877451214766
1.176092106159037
.23616916096039847
1.9792445368586127
1.0438257813502487
37.34064287006724
1.3932347095278015
11.63252468125094
33.476354375451024
10.409366197630897
9.491040544874945
1.4374831124664884
1.391373103916656
5.202992045304615
11.059956966975786
11.179730276318262
2866457363018607e-20
.7222398868935479
6873216581327817e-33
0
0
.30364057124709176
.029784251703971854
4.099230884192157
0
0
.6615297884634184
.04816448334616329
0
.00026891712697144
.002207013914802862
.16164312803403522
.17554868941551593
.047993175583264394
0
.0725907277501137
0
0
0
0
0
4.05315474952607
.21892585054135175
.09558314253923403
0
9546202878158985e-23
.12831846742330294
0
0
0
0
8537832361263291e-20
0
.03123366116100223
0
.00039837617361427756
.0049279782491366015
.0032819822056883354
.04283742236668946
0
0
0
0
0
0
.173336251206183
0
7966516869564945e-42
0
0
.30972446436749845
0
.043473023053837184
0
.7776306170496357
0
33.32015018537315
0
0
.25530652997441394
5483.736476105798
217.40803155427417
290.90951323393733
0
113.34510886674052
.08090576845913933
0
.03404953617155935
.005658354371632476
0
4.864964063328614
0
0
0
.17778585571260608
0
0
.6421436092813478
.00013034905608379704
0
.010567375840787025
.010293009023462333
.014431539526398867
.009164312645556252
.007464359296858786
.006173932200415185
.01021413131393682
.017311754892078313
.014733310065684575
.011416243368160776
.009259119021508415
.009993018771872721
.010602401982938154
.009490576354753784
.01023443145340495
.006048118913940431
.010150285804362308
.00958958032702654
.009453319516822201
.010308895834003339
.007050856968913395
.009145372113978707
.005676757077698324
.16792320396179194
.2792122305239369
.27656759089055516
.23260990085747688
.005708103699954052
.0020088745157659737
.004382661111317871
.007302338862848087
.0075542241269058105
.002908817567763439
.01639309263442301
.18708304595853426
.0014199829489890052
.008350204462290388
.25378171830024854
.010549487122817938
.004032671744266008
.044359801663240966
.003825260312565795
.008899849571542388
.03269165836591792
.06344113860674438
.035969815799825215
.016506241469812374
.10579173678371166
.020435273313138866
.04297138664883408
.000731082188191937
.001559765237999696
.009876745265082306
.0035579705759378015
.2666266323342361
.28613617309739225
.005883614726413971
.04692211872216859
.014518574178408412
.0004948315612344558
.012105029394812202
.00029917171915363306
.04937530582211945
.037176649104348335
.0854451431936106
.012086115560060213
.011005762269624337
.0016647349275373908
3853531844623729e-21
.016167200630936768
.0381798176932088
.2854061899998741
.27656759089055516
.019186155666737575
.038095828881155834
.013646605691641521
.02450959773585051
.0033609114708231178
.2377707797915703
.05343916570360563
.0630836818392744
.2425049709833532
.0006967414226019627
.27656759089055516
.01867849202032118
.0008967404392205308
.024005734833178305
.024759295539187036
.009643646530381876
.09391153034283838
.20994125781220785
.007207190672462424
.02159908522248829
.27238246815508416
.10977330129777813
.013549808732057456
.066664142203732
.0002678878171046882
.02155371674659482
.1634051076734721
.00013010873907791078
.012597866486022668
.0287561962425744
.00038741368703380254
.003435754907999973
.007371044635349217
.006132172075329475
.021047754646078602
.08304422922901222
.022846718426240774
.28271731751754575
.006884992274970474
.006808007409943119
.030595705985048655
.00023008445579346645
.011568152033347146
.06734329728916318
.26153796154209064
.25185364871783056
.05976754403985563
.039477199886398126
.05900162277336495
.28304429567419387
.27051779683669175
.01010361328854012
.008308891221987332
.2860572112278645
.03154904827738759
.18122822650864037
.004319685583128561
.006152014934082946
.10254886318422905
.16159781330892828
.2753652720794651
.0005504169427535788
.025242164247449673
.17574176116875945
.1931316674538219
.11092316674961485
.28179105895328466
.14637390133100436
.02816230915116956
.008545236526387225
.2853823707973199
.27656759089055516
.22001443758146746
.037809898754368625
.0069061978168799
.013975725239707876
.012407403608295238
.2819757858533581
.07387446296031121
.0018863982337118063
.0029616204059908736
.014407865990216802
.05098900325677973
.007494609825406883
.27746472895647867
.0026724268855710595
.27656759089055516
.27656759089055516
.27656759089055516
.0051420237520924585
.04658195437523209
.11636305148008311
.07148377676952473
.014241473343676354
.01733468330059499
.020849795274716063
.0006889294502502753
.000328152326868624
.05273544613005578
.2701185871646534
.27656759089055516
.27656759089055516
.27656759089055516
.02439959956236064
.0005412424377296252
.2527525108844992
.19213600702605177
.005218772094715968
.01500319166160181
.27656759089055516
.036524874945031406
.14389747831406177
.019492431754622556
.019492431754622556
.019492431754622556
.019492431754622556
.019492431754622556
.019492431754622556
.019492431754622556
.019492431754622556
.019492431754622556
.019492431754622556
.019492431754622556
.019492431754622556
.019492431754622556
.019492431754622556
.019492431754622556
.019492431754622556
.019492431754622556
.019492431754622556
.019492431754622556
.019492431754622556
.019492431754622556
.019492431754622556
.019492431754622556
.019492431754622556
