1.2897428259573336
337475878634481e-38
13898835809221959e-43
42547297948317624e-46
16271328618915705e-43
2266732382127165e-40
.0001018931849941393
.0007627968076525232
0
.0006321543730261681
.0038614790958139953
0
16.795730292429354
.06451575933020331
14.16296441449031
0
2.900647366606138
0
0
0
.015184665775798618
0
0
0
0
1.3536001196121703
1.2412698490142062
.00536932220792532
.0017060580117875485
.00931537380323069
.0007900437515349188
0
16939274807239255e-22
0
1.2809613391656922
22862623911856074e-21
3062329479877296e-25
.002063043552527698
.0017056171053212738
11562877539602052e-24
7599407783727135e-25
.008616951297980376
.008626091552138147
24123061691493963e-22
9824842272716653e-21
0
0
.0005763685824254277
.30150549639887675
.4625060239223983
1.1916937167156265
2.1062469140769187
.00025294081768659866
2.1060728427454176
0
9.24572386453511
9.172350965124675
.0006031753962347302
0
1.0375392970090294
1.066454335585353
2.714904750818136
.05416687317413267
11.011897761512639
8.348914228231969
0
.6497650371516603
.6805283805053235
.30083537814741307
3.015610036989487
1.317591367240554
37.337317343676204
1.3821422153607088
12.253825789447728
33.383233144005814
10.313467628950411
9.438239951599536
1.4320174827048011
1.3801998904812192
5.195599647516875
10.853828153853923
11.179855097280786
27507454367163146e-21
.7220519968727025
53316606138686866e-34
0
0
.42103449253572245
.029623026347667256
4.067174996161037
0
0
.7092298988383567
.04808220595569685
0
.00026244546176913843
.0021449675801165366
.16127735318515435
.1754753391316136
.06194514368053761
0
.07303305470510393
0
0
0
0
0
3.9981309911383023
.21888709230943348
.12049576498062853
0
10052503808953337e-23
.12308661897423592
0
0
0
0
8050179247810328e-20
0
.03129086512490901
0
.0005306308148280283
.005236509016210024
.0030293371971043116
.051354283392136636
0
0
0
0
0
0
.17327021331564707
0
6354517400978912e-43
0
0
.41041865781323594
0
.043278800067291734
0
.7732165971996503
0
33.31259439584785
0
0
.26869985372404315
5483.304418646721
217.3873307640735
290.9086220163486
0
113.31654738663711
.08068223414143133
0
.03389675546135731
.005561563826130995
0
5.271696961993938
0
0
0
.17770522610668088
0
0
.6415851166241056
.00012613799021444529
0
.010537654884861357
.010262793728534196
.01428742363501284
.00907127241790514
.007381533312750361
.0061152530895889875
.010111147553484322
.01713911395032573
.01459140957812669
.011296847265826231
.009166867563722689
.00989222643123754
.010495171755961003
.009383807819980057
.010131286062375589
.005983927642997455
.010043342280431085
.009489153802030054
.00935438343822706
.01020555378016339
.0069793744030903415
.00905174331382825
.005676612848205016
.16775622259733955
.2784473896639849
.2753415534875583
.23221934278169587
.005707957867261731
.0020088565396950376
.004382575289311817
.007302099697281206
.007553968092978129
.0029087798342891263
.016391872740117833
.18686541459168163
.0014199739741677163
.00834989130333591
.2532679887985645
.010548985832364223
.004032599115031885
.044350513957024516
.0038251949798138595
.008899493572202356
.032686697296943845
.06342159267281368
.03596378210145468
.01650500448987419
.10573343067551616
.020433367297662788
.04296268874019731
.0007310798113132686
.0015597544073074425
.009876306260118676
.0035579140740061616
.26601065430506987
.28517254871214226
.00588345975238631
.04691168821217208
.014517619712637542
.0004948304726615114
.012104368014387936
.0002991713213445576
.04936371447937791
.037170192697417066
.08540841834956067
.01208545626132079
.011005216350234468
.0016647225883471293
3853531778647591e-21
.016166014483512636
.03817299842265763
.2843452370171631
.2753415534875583
.019184478378160348
.038089040392249834
.013645763409718209
.024506840660895406
.003360861067178307
.23735377347093042
.05342550572242724
.06306436617617243
.24206190791596818
.0006967392638701197
.2753415534875583
.01867690340762433
.0008967368623714103
.024003091775676978
.024756481038209172
.009643228130986555
.09386652972224933
.20964807851927478
.007206957727843413
.021596952560313073
.2717079213280247
.1097100710954438
.01354897846344116
.0666424518824404
.0002678874981550644
.021551593165179336
.1632486761899664
.00013010866385462682
.012597149687154263
.028752378724907747
.00038741301986958213
.0034357022294004055
.007370800926222262
.006132003676210403
.021045730985253534
.08300967658924044
.022844328212785342
.2815808355885123
.006884779781928322
.006807799663225732
.030591373373522666
.00023008422052178996
.011567548447535193
.06732113933396187
.26096615988757216
.25135300661413484
.05975029349366614
.03946989577813318
.058984831087004606
.28191461816649344
.2698634735270152
.01010315374684954
.008308581170916629
.2850364234021037
.03154443532259428
.18102715556784732
.0043196022166099475
.006151845438983544
.10249439203850604
.16144546584458452
.27465508088356116
.0005504155957853394
.025239236957580853
.17555531841034303
.1928958222426712
.11085846945607267
.2806370465994901
.14625307284652092
.028158650699057017
.008544908484056308
.28447098545344585
.2753415534875583
.21968130341522082
.037803214507484986
.006905984006956763
.013974841453782586
.012406708495221906
.28082509051482785
.07384752268805765
.0018863823852424294
.002961581287484803
.014406926163776089
.05097661237278768
.007494357836184003
.27672624422167635
.0026723950455891142
.2753415534875583
.2753415534875583
.2753415534875583
.005141905497113947
.046571679659835816
.11629113353215331
.07145864749933493
.014240555303052871
.017333317520300227
.020847810034177235
.000688927339676315
.0003281518482377042
.0527221574896332
.2694684219716752
.2753415534875583
.2753415534875583
.2753415534875583
.024396867590877717
.0005412411353058025
.25224582592641953
.19190324083111357
.005218650271156501
.015002171754801915
.2753415534875583
.03651864870071465
.14378131739764158
.019490699771870793
.019490699771870793
.019490699771870793
.019490699771870793
.019490699771870793
.019490699771870793
.019490699771870793
.019490699771870793
.019490699771870793
.019490699771870793
.019490699771870793
.019490699771870793
.019490699771870793
.019490699771870793
.019490699771870793
.019490699771870793
.019490699771870793
.019490699771870793
.019490699771870793
.019490699771870793
.019490699771870793
.019490699771870793
.019490699771870793
.019490699771870793
