1.6242618782159035
346045923509678e-44
12610623942203948e-49
1561861695129763e-51
11782208830843911e-49
1467679017552019e-46
7307923779182596e-22
2990443822070906e-20
0
1740132288067345e-20
.00010833637692176809
0
16.694802569432333
.03428662664742347
18.20714155661939
0
2.349328010927223
0
0
0
.014972658734325961
0
0
0
0
4.58697104184825
3.4253380830631803
383592120012851e-19
5917851510168709e-21
3698521560984255e-20
31620037667427647e-22
0
7319656316308523e-22
0
.7898761316194223
12469023589565413e-21
5471367861930301e-27
.0008909682467027078
.0009494706518480681
2307498601495538e-24
17295334681174225e-27
3389544334594058e-20
3390327040716398e-20
8217509211924696e-21
8182952915550326e-21
0
0
.0006094675628445125
.3876584226079663
.4302898942963441
.8526170035029302
1.5148003144326625
.0001857835220673127
1.5146459868394266
0
9.274221950393455
9.218056682910849
.0006172876384651283
0
1.069776209630522
.9225421500561015
8.335298009627051
.06797255656256367
16.37776294119898
8.110763862230849
0
2.375582189746142
2.3754313460484897
.8549917831293614
10.839954883652402
3.684753315674255
37.05389026695812
1.1690698631685794
10.983566956218455
33.373631585492845
9.45918718248983
8.707135791699374
1.423624514911498
1.1696591118276691
5.174969439585067
10.240282949351451
11.188178306686972
11732640534176191e-21
.721058055734581
338153147851921e-37
0
0
.7294775501378061
.029419702473149997
3.2984066219123394
0
0
.6428963633994882
.05102296561190702
0
.0002390871038124683
.0008252696632912047
.13804845774982752
.16883411604562543
.21002304861512835
0
.05612845541815968
0
0
0
0
0
3.5444039397860316
.21581298641509114
.20306386362864948
0
12409708595530885e-22
.0906478061670896
0
0
0
0
6659370611196926e-20
0
.029225857410855934
0
.0017905698396531665
.006212765538511309
.002500500041249179
.09521044556341984
0
0
0
0
0
0
.16493890202411557
0
8954143092641291e-48
0
0
.6869314743267779
0
.030900470868868705
0
.5057881838123228
0
32.74202970525047
0
0
.2410604599970581
5450.871141630467
215.8343561095196
290.84152750187945
0
111.18661360522329
.06722256704500591
0
.02422337208136838
.0017660397866070647
0
7.367559977114132
0
0
0
.1713148748633959
0
0
.6009299210255571
3869733227549292e-20
0
.00828822903231319
.008106393483685536
.01198066612141444
.007441177406589865
.005634834193351265
.00533387335144443
.008408720493866626
.014359403681796178
.012429721309374727
.009092551681205971
.00778488117564933
.008221577644637195
.008705064220745736
.007166312182827495
.008425097996035566
.004786205355636398
.00769265072043315
.007643041069487641
.007545431228834473
.00851977399068586
.005781859531377358
.007440364638775697
.0056657639097951965
.15564908521836845
.22648930294014785
.19705708664485075
.2046205695077065
.005696988395393004
.0020075035311061065
.004376118326247923
.007284114708199465
.007534715459213034
.002905940177045357
.016300283612215676
.17118594751660254
.0014192983967520763
.008326346358455422
.21743034187608887
.010511310556210365
.004027134404756677
.04365677194275866
.0038202790910393373
.00887273020948938
.03231531825778258
.061967087595197506
.03551238236901312
.016412134438467837
.10143444401117821
.020290367289623013
.04231282933063936
.0007309008714215062
.0015589391490583827
.009843308286701656
.003553662455879008
.22349490578561482
.22120761893780916
.005871803025122725
.046132967866670684
.014445935145685127
.0004947485177266618
.012054674412229722
.00029914137066532894
.048498739103324674
.036687277770240584
.08268815534596476
.012035918905221469
.010964190177312387
.0016637937975810414
3853526811116135e-21
.01607695550059614
.03766303859661054
.21481519139222335
.19705708664485075
.019058610697736292
.037581374478828894
.013582494647432204
.02430014079617405
.0033570682009203324
.20796834566017286
.05240697174661633
.06162689257556435
.21092561909815624
.0006965767459007577
.19705708664485075
.018557679399673035
.0008964675920057716
.0238049218480782
.024545485428821723
.009611777709036167
.0905395075991182
.18871003065100025
.007189440259492258
.02143698157392834
.22543590050639534
.10505241627525432
.013486611031920243
.0650294320841337
.00026786348460397627
.021392302030882018
.15189059683652673
.0001301030002004339
.01254329679776067
.028466397568955283
.00038736279044119983
.003431738223874715
.0073524744838153544
.006119337691657684
.02089392119488208
.08044897748627258
.022665078476059673
.20791791416336639
.00686879938665831
.006792176004664906
.030266914496087496
.00023006650692621733
.011522193058156134
.06567357288448099
.22131727955308259
.2163808298095364
.0584656485962721
.038923812038865566
.05773416575699743
.20861624652461996
.224882613211896
.01006861348507383
.008285269726434267
.21777354246881714
.031199042814271175
.1665114276287103
.004313329928589402
.006139097064827358
.0984751207721552
.15037783497777757
.22612280503397247
.0005503141881088445
.025019805042375626
.16207096237451984
.1759410837939164
.10609405601450768
.20604280716528062
.1374362499456453
.02788455585973579
.008520245361283686
.22358557912098728
.19705708664485075
.19599457366049128
.03730331733931777
.006889904635355552
.013908458918021416
.012354483112473353
.20640617617736554
.07184707580668082
.001885189490389837
.0029586374253130353
.014336339700071234
.05005226339130898
.007475409151414062
.2264142275455515
.0026699988102815023
.19705708664485075
.19705708664485075
.19705708664485075
.0051330095436515856
.04580454037689878
.11100195446863813
.06959174476732617
.014171603064137032
.017230792428526216
.02069887715721409
.0006887684470142834
.0003281158127333226
.051731175088068855
.2247538076343778
.19705708664485075
.19705708664485075
.19705708664485075
.024192045680180376
.0005411430810418295
.21687373806211327
.17516374549964855
.005209485985252353
.014925578814537004
.19705708664485075
.03605289228710526
.1352992439016142
.019360734805902526
.019360734805902526
.019360734805902526
.019360734805902526
.019360734805902526
.019360734805902526
.019360734805902526
.019360734805902526
.019360734805902526
.019360734805902526
.019360734805902526
.019360734805902526
.019360734805902526
.019360734805902526
.019360734805902526
.019360734805902526
.019360734805902526
.019360734805902526
.019360734805902526
.019360734805902526
.019360734805902526
.019360734805902526
.019360734805902526
.019360734805902526
