1.8980503919624205
16639110370492216e-46
549433152512123e-48
3885794588665529e-52
43505070135062365e-50
4745156517514803e-47
15512982050326346e-23
6613898130461617e-21
0
913840810329099e-21
5687011276558361e-21
0
16.60907729115117
.02526224823777535
15.531544830045306
0
1.9499645139662705
0
0
0
.0148013504857429
0
0
0
0
4.777486742330845
3.2986314876336156
8110510528820591e-21
11596218799460413e-22
7528461198562723e-21
6514482329562933e-22
0
37240570486980973e-23
0
.49164035950563273
7806499143110156e-21
5890026768001384e-28
.00044466786042391386
.0005985713424838258
5776454601894408e-25
3029481883024784e-27
6885708467680589e-21
6886894941425045e-21
843213721966883e-20
8404207364907793e-21
0
0
.0005791038703451522
.3778045758851135
.4008483060905555
.6420565155786859
1.1632110466691576
.00015203445338647165
1.1630874989011346
0
9.211161421301458
9.166868058258366
.0005871965826945226
0
1.04771872589518
.813058946520477
8.632942556168189
.054175971160042864
16.501334825035666
7.922738903671068
0
2.4668291052164784
2.466795063894009
.8152954653206271
11.109788458802537
3.8046661453622233
36.816690228534185
1.057830268308047
9.923459895948387
33.54563304487929
9.073563604698757
8.399077564310526
1.4282290868779652
1.0582837795215017
5.157692081810571
9.776735041342054
11.14023396891952
5631695874687505e-21
.713518784887884
4852135732392536e-43
0
0
.47021165951540583
.02884904160640936
2.663834571449088
0
0
.5850079004550512
.053275723237230954
0
.0002220452757296015
.0004377275653028648
.12331571051747268
.1622139624181663
.21566145251722543
0
.04429942685036599
0
0
0
0
0
3.212878231110589
.21305150269171558
.20218247555136964
0
12102168268807628e-22
.07350373161876855
0
0
0
0
6184579798305134e-20
0
.027558688090805472
0
.0019169431371684454
.005029662029831417
.0017895311220202461
.08809493091504077
0
0
0
0
0
0
.15850039985829042
0
1625048622401767e-48
0
0
.6227353674744571
0
.02346318643456944
0
.3610634782759212
0
32.2611042318496
0
0
.2173436263516997
5424.468801789353
214.57157694156248
290.7866252323285
0
109.47318690351973
.0578942653705127
0
.018446319743308077
.0008251088400411334
0
6.556610483844714
0
0
0
.1649654793747291
0
0
.5696233526997192
17451597532431154e-21
0
.006602888490700982
.006457342123492237
.00972028896147721
.005929702633839181
.004218306663371958
.004434895117169708
.006781670922879298
.011633139099536725
.010181417346680738
.00709536814591064
.006393090233073125
.006626494263102568
.0070061412226956445
.005441917114702187
.006793176357753964
.0037562690285138645
.005691354082310518
.00598691570032729
.005928185127079687
.006887732806525617
.004654839385078658
.005950817907898016
.005656899982186777
.1463930867165509
.19126525799084604
.14986056618483262
.18449133337798818
.005688026074841727
.0020063968337494546
.004370840677884161
.007269427787735581
.007518994581481858
.002903618110796013
.016225703062897688
.15933716169925657
.0014187457067914647
.008307125314718538
.19190631025948882
.010480575222029427
.00402266730110503
.04309705897776699
.0038162603630235376
.008850885528473464
.032014503706233786
.060801499867141555
.03514715181639004
.0163365135583545
.09804631724679223
.020174073382703512
.041788270908456264
.0007307544499135349
.0015582722146570836
.0098163830182948
.0035501864823267904
.19380581327099622
.179687707746416
.00586227971662143
.04550525007883091
.014387528095832054
.0004946814514693755
.012014154332820229
.0002991168596383015
.047802087312096134
.03629670660372711
.080526344682871
.011995525988699478
.010930725973202285
.0016630340105381301
3853522745424059e-21
.0160044300326652
.03725073366613658
.17076265415445355
.14986056618483262
.018956208547097512
.03717091254122034
.013530930423255134
.0241322644513879
.003353967099233918
.18664607793816335
.05158781517444268
.060474802910690455
.1884465253903533
.0006964437606009468
.14986056618483262
.018460666587958162
.0008962472667226993
.02364394697102216
.024374134095317815
.00958611332542557
.08790443678549968
.17313903224661806
.007175134704383353
.02130693482175401
.1934921996865965
.10138787030970806
.01343577984374143
.06373834544521269
.0002678438322147951
.021262806064346534
.1431851250855063
.0001300983649424999
.01249939204190556
.028234453118115375
.0003873216848023349
.0034284972707070128
.007337509044170399
.006108990635136982
.02077048709135001
.07841205683356073
.022519417938912843
.16221552017352803
.006855747772077674
.00677941544228495
.030003922290622535
.00023005201017486463
.011485204119544375
.06435516553591339
.1933924380405839
.19141052684402182
.0574348063719626
.03848249461907638
.05673031268654098
.16304946193305592
.19370639317619198
.010040431756066124
.008266239057619194
.17471562872198496
.03091917104213319
.15550144101622598
.0043082031264751785
.0061286827667170075
.09530310314567589
.14188648980595933
.19285523284698952
.0005502312044764493
.024841630503715323
.1518090511645654
.16317945188006514
.10234737946267883
.16000412151931387
.13061708986041048
.027662208407350283
.008500112707937445
.18358545312296498
.14986056618483262
.17852145737780067
.03689909762413372
.006876772270406955
.013854362576027611
.01231190266811227
.16042964087998268
.07025019432856448
.001884213722002957
.0029562301867690054
.014278825349166085
.049308212779993775
.007459936179317878
.19212248737672222
.0026680392004986377
.14986056618483262
.14986056618483262
.14986056618483262
.005125740067852299
.04518608503183635
.10685252128938225
.06810012398485563
.014115417338070979
.01714733178056572
.020577774514681266
.000688638427923609
.00032808632226924276
.05093397861061237
.1937368378515418
.14986056618483262
.14986056618483262
.14986056618483262
.024025688617900415
.0005410628413399118
.19164718464428543
.16255572415592334
.005201997414334038
.014863182091171951
.14986056618483262
.035676115915300274
.1287307732028809
.019255009597402065
.019255009597402065
.019255009597402065
.019255009597402065
.019255009597402065
.019255009597402065
.019255009597402065
.019255009597402065
.019255009597402065
.019255009597402065
.019255009597402065
.019255009597402065
.019255009597402065
.019255009597402065
.019255009597402065
.019255009597402065
.019255009597402065
.019255009597402065
.019255009597402065
.019255009597402065
.019255009597402065
.019255009597402065
.019255009597402065
.019255009597402065
