1.8980503919624205
0
0
0
0
0
1541639027501224e-22
694581488743903e-20
0
9123027374759596e-22
5677439844870209e-21
0
16.60907728628744
.031323039306027645
19.188554041905753
0
1.949976471752676
0
0
0
.014801350485739537
0
0
0
0
4.777547265268589
3.2986677226730983
8060010692684865e-21
11547388490886947e-22
7496797900511593e-21
6487488341316326e-22
0
37127148965080344e-23
0
.4916403292953978
10169472757513821e-21
6199541988698886e-28
.00044331356398434043
.0007758946052609799
577182753149065e-24
3944681707150009e-27
6857176191632206e-21
68583741235161595e-22
8432034320863946e-21
8404126478368553e-21
0
0
.0005790949055641956
.37780126421781873
.4008477953206695
.6420598428793123
1.1632080801576958
.00015204245242016092
1.1631066699050485
0
9.211163008226602
9.166824563022265
.0005871940103004505
0
1.0477196147783767
.8130590044910808
8.632850592542352
.054175622213949455
16.501292875280374
7.922728113898701
0
2.46679320268434
2.4666615571406028
.8152887774721919
11.110150495737072
3.8047022544626623
36.81669057653722
1.057861767798579
9.923522827028853
33.545546488348876
9.07352249734985
8.398975349912577
1.4282235586529093
1.0582692055803713
5.1576911756086705
9.776714545186339
11.140233782695983
5644354410534453e-21
.7135187535941396
12443962275527047e-41
0
0
.4702247973683063
.028849020829890458
2.663832541739237
0
0
.5850126640310083
.05327561788062841
0
.0002220446957752233
.00043772487889809776
.12331570693546341
.16221396451349046
.21566432034061375
0
.04429942807889887
0
0
0
0
0
3.212873566308919
.21305150271825105
.2021844126675756
0
1210212443397031e-21
.07350327535426569
0
0
0
0
6184540517768547e-20
0
.02755868977989581
0
.0019169812174853688
.005029631012455444
.0017895103546394179
.08809504547839662
0
0
0
0
0
0
.15850040612119773
0
10748146679704352e-47
0
0
.6227440423549494
0
.023463184355032224
0
.3610634306949373
0
32.261104184381054
0
0
.2173449844565945
5424.468801789307
214.57157694155856
290.7866252323285
0
109.47318690342237
.05789426237052368
0
.018446318026547535
.0008251049959412209
0
6.556509527919912
0
0
0
.1649654656450952
0
0
.5696233526415485
17451482411629045e-21
0
.00660289178736888
.006457341121726383
.00972028790784709
.005929702070314185
.004218306310753369
.00443489462332545
.006781670196481333
.011633137847388215
.010181416461547745
.0070953673974075045
.006393089480602851
.006626493563929109
.007006140486539453
.005441916286995156
.006793175640190406
.0037562686540713514
.005691354148901582
.005986915072251989
.005928184510109665
.006887732073248111
.0046548389049654035
.005950817293070692
.005656899982186777
.14639308668474874
.19126525555717253
.14986055288793287
.18449133305004148
.005688026074841726
.0020063968337494546
.004370840677884161
.007269427787735579
.007518994581481855
.002903618110796013
.01622570306289758
.15933716163432063
.0014187457067914647
.008307125314718534
.19190630953631552
.010480575222029415
.00402266730110503
.04309705897774874
.0038162603630235376
.008850885528473459
.032014503706230046
.06080149986702064
.035147151816383906
.016336513558354384
.09804631724479092
.02017407338270318
.041788270908440804
.0007307544499135349
.0015582722146570836
.009816383018294789
.0035501864823267904
.19380581202854646
.17968770249111274
.00586227971662143
.04550525007880641
.014387528095831995
.0004946814514693755
.012014154332820206
.0002991168596383015
.04780208731206411
.03629670660371983
.08052634468226377
.011995525988699456
.01093072597320227
.0016630340105381301
3853522745424059e-21
.0160044300326651
.03725073366612822
.1707626467149499
.14986055288793287
.018956208547097265
.037170912541212076
.013530930423255092
.024132264451387046
.003353967099233918
.18664607754291596
.05158781517439409
.06047480291057314
.1884465249200364
.0006964437606009468
.14986055288793287
.01846066658795795
.0008962472667226993
.023643946971021394
.02437413409531692
.009586113325425564
.08790443678447511
.1731390320997453
.007175134704383352
.021306934821753568
.19349219804614534
.10138787030723839
.013435779843741388
.06373834544505501
.0002678438322147951
.021262806064346093
.14318512505879577
.0001300983649424999
.012499392041905533
.028234453118113446
.0003873216848023349
.0034284972707070128
.007337509044170397
.006108990635136981
.020770487091349623
.07841205683304152
.02251941793891225
.16221551048105343
.006855747772077673
.006779415442284949
.030003922290619878
.00023005201017486463
.011485204119544356
.06435516553574688
.1933924370474144
.19141052617354368
.05743480637187465
.038482494619066436
.05673031268645886
.1630494524685076
.1937063916825234
.010040431756066113
.00826623905761919
.17471562226764875
.030919171042130076
.15550144096381516
.0043082031264751785
.006128682766717007
.09530310314399784
.1418864897810691
.19285523092169166
.0005502312044764493
.024841630503714334
.1518090511218123
.16317945179926283
.1023473794600576
.1600041112134218
.13061708984695755
.027662208407348548
.00850011270793744
.18358544878845598
.14986055288793287
.1785214571682623
.03689909762412578
.0068767722704069535
.013854362576027563
.012311902668112244
.16042963069315494
.07025019432829012
.001884213722002957
.0029562301867690054
.01427882534916603
.04930821277995585
.007459936179317876
.19212248519969452
.0026680392004986377
.14986055288793287
.14986055288793287
.14986055288793287
.005125740067852298
.045186085031812755
.10685252128593087
.06810012398462599
.014115417338070925
.017147331780565576
.02057777451468089
.000688638427923609
.00032808632226924276
.050933978610567074
.1937368363867925
.14986055288793287
.14986055288793287
.14986055288793287
.024025688617899582
.0005410628413399118
.1916471839498273
.16255572407796365
.005201997414334038
.014863182091171882
.14986055288793287
.035676115915293634
.12873077319075743
.0192550095974018
.0192550095974018
.0192550095974018
.0192550095974018
.0192550095974018
.0192550095974018
.0192550095974018
.0192550095974018
.0192550095974018
.0192550095974018
.0192550095974018
.0192550095974018
.0192550095974018
.0192550095974018
.0192550095974018
.0192550095974018
.0192550095974018
.0192550095974018
.0192550095974018
.0192550095974018
.0192550095974018
.0192550095974018
.0192550095974018
.0192550095974018
