2.0046702258957763
0
0
0
0
0
12056710753499002e-23
5452125930359989e-21
0
2886145386597227e-22
1795533950598277e-21
0
16.574238745841864
.03217657465310798
20.795589414573897
0
1.8106681185738158
0
0
0
.014735172094397784
0
0
0
0
4.840094033208083
3.247558563661782
6294033689004593e-21
80780677937883e-20
5354309456517731e-21
46366851411752024e-23
0
308409483194544e-21
0
.4016223943152745
0
4586914206799209e-28
.0003640295100072673
0
4538281661141816e-25
32714240663333486e-28
4874098873196469e-21
4877115734797556e-21
8509203872146615e-21
848107812846987e-20
0
0
.0005642914870084939
.3738107142933239
.38893780786714616
.5742813627124881
1.0494578024962984
.00013951490386170554
1.0493203450747655
0
9.185970877307497
9.145170871262215
.0005724972733060802
0
1.0385798123044983
.7730086437853255
8.725571749496641
.04946128336476753
16.52188195828276
7.84661381240575
0
2.4930464388916382
2.4929933800065083
.7897405509099332
11.175106745792084
3.839138373303309
36.72055145890396
1.0104645628987072
9.5265010757616
33.586073258611556
8.877028156018294
8.230690858544978
1.42801558259236
1.0106778273863044
5.150546892603254
9.597582261081868
11.10892559437197
5274438885224523e-21
.7091271799893133
0
0
0
.3708562814845573
.028613922721102022
2.436690322216459
0
0
.5632196700811529
.05409493603065174
0
.0002156543276675448
.0003535719949213134
.11826646905021282
.15943988697323702
.21714502161256766
0
.04050043289441021
0
0
0
0
0
3.090975680952071
.21190909098965618
.2011721462674109
0
11635524034960015e-22
.06740813609598262
0
0
0
0
5972671717887482e-20
0
.02693800621932042
0
.001967134367384237
.004628605457042491
.0015696672500535415
.08536372860379919
0
0
0
0
0
0
.15609286484600313
0
0
0
0
.5985368091972916
0
.021079397482987275
0
.3175393396159886
0
32.06096347603104
0
0
.20831954820635448
5414.221727296134
214.0818215053235
290.76524777168976
0
108.81310328897068
.05462120006873808
0
.016595664339809125
.0006367033214362443
0
6.2546731827306346
0
0
0
.16219061540715643
0
0
.5578885935150482
1329596104188842e-20
0
.0060125340793583835
.005879790257736643
.008909682019489306
.005398512539771498
.0037439798532329484
.0040992210020952225
.006202998970173797
.010655317907334708
.009362617764149556
.006396932247890562
.005888642878706979
.006059569954546146
.006403565097142012
.004875063140940408
.006212811258779083
.0034037369072011455
.005009694589258427
.0054103957031905086
.005366282414160307
.006304962328673081
.004256264707945026
.005427327854833031
.0056534519083701615
.1429393362201422
.17908030589904317
.13470474545953617
.177199411252617
.005684539747203075
.002005966024248001
.004368787157012553
.007263716362337706
.007512881371154695
.002902714344401267
.0161967520062992
.15494804961543948
.001418530534255063
.008299652187550887
.1827975773150737
.010468630471419941
.004020929044329882
.04288103973866642
.00381469651759212
.008842393241412134
.0318981182832976
.06035354623438762
.03500594059512962
.016307159320973357
.096757727072842
.02012896627163752
.041585759014098465
.0007306974377916955
.0015580125715537788
.009805917607505328
.0035488337746085188
.18334164289775937
.16571447904446165
.00585857529117365
.04526311881321415
.014364846925143187
.0004946553367149313
.011998411712222257
.00029910731499805396
.04753350955742324
.036145736139363636
.07969985625603883
.01197983271437593
.0109177218562228
.0016627382250605
38535211621469136e-22
.015976275464634388
.03709139603439972
.15616299252574195
.13470474545953617
.018916479701167176
.03701228432810079
.013510903074474603
.024067203566597355
.0033527602307740563
.1789469738085799
.05127229094380966
.06003200061381123
.18035544182278476
.0006963919797947302
.13470474545953617
.018423024813998542
.0008961614814071798
.023581554382049803
.024307729841565758
.009576137546078917
.0868991490704037
.16742893894634228
.00716957148109673
.021256505185712538
.1823145873019788
.09999563991863847
.013416036826496438
.06324252820670621
.0002678361794917374
.02121258955315739
.13993160059839094
.00013009655990622523
.012482336079042972
.02814464050461665
.0003873056784577683
.003427235993787906
.0073316893862268966
.006104965977254383
.020722616397367683
.07763285617370057
.022462947806379453
.1472694269622798
.006850671871236363
.00677445266050962
.029902126119058247
.00023004636503825911
.011470831882487863
.0638489358729262
.18349686207618213
.18248527593821584
.057038306506111344
.03831199181168354
.05634412707710361
.14812887141419503
.1827698775853787
.010029478464917509
.008258839888644454
.16035193108007556
.03081086269628249
.15141356125368285
.004306208275365013
.006124631969648695
.09409566895147346
.13871099828362982
.18126634288260743
.0005501988920390517
.0247725888201695
.14799092475284545
.15846399638423453
.10092439001670056
.14499802227781092
.12805402332363056
.027576101395303733
.008492285444547113
.17002053636082995
.13470474545953617
.17214636834620503
.0367428723585324
.006871664985932358
.013833353126715029
.012295360549592224
.1454342516246302
.06963797613980405
.0018838338709692014
.0029552932801313017
.014256490350906054
.049021463005164724
.0074539192998272245
.18021972136082778
.0026672764704589896
.13470474545953617
.13470474545953617
.13470474545953617
.005122911945127723
.044947508985485926
.10527892011154719
.06752793844240937
.014093597577724309
.01711493967130381
.020530806146000218
.000688587802002023
.0003280748386901484
.050626865191741255
.1828505830981286
.13470474545953617
.13470474545953617
.13470474545953617
.023961215093533824
.0005410315972885124
.18263693319381766
.15789507661878163
.005199084097777465
.014838953936104458
.13470474545953617
.035530457665144066
.1262599923505461
.019213994025165302
.019213994025165302
.019213994025165302
.019213994025165302
.019213994025165302
.019213994025165302
.019213994025165302
.019213994025165302
.019213994025165302
.019213994025165302
.019213994025165302
.019213994025165302
.019213994025165302
.019213994025165302
.019213994025165302
.019213994025165302
.019213994025165302
.019213994025165302
.019213994025165302
.019213994025165302
.019213994025165302
.019213994025165302
.019213994025165302
.019213994025165302
