2.1764007707058175
6777955978326545e-49
2021147652395623e-52
9272003421102082e-56
13695968231781672e-53
12907204091984096e-51
58379484151515955e-21
.002803563225094793
0
4568621047928477e-23
28408151915942716e-23
0
16.51497992513398
.02328241682593034
16.49450234280084
0
1.6069631576102317
0
0
0
.014629203667121124
0
0
0
0
4.911724341215629
3.1537617866958247
.0030404426052262363
.00034536110066435004
.0024025694757288853
.0002099534271563205
0
.00017575023066874603
0
.28563854531762145
.0025640450165704052
11459697161720386e-23
.20270014287933444
.1970818346838478
.00012347154789901335
12736622904716644e-25
.0021876047883086936
.0021871131048369643
862776121202931e-20
8600178285956056e-21
0
0
.0005330296633085842
.36628869006545717
.36934804547071315
.4798946003351336
.8908964384898327
.0001195394709885323
.8907965968384061
0
9.14472540039287
9.109431540628684
.0005415341809373689
0
1.023304577356821
.7116406229620031
8.824523048589036
.04247171645332608
16.499278496444195
7.717323319494536
0
2.514608393415245
2.5147071086979893
.7292122939658212
11.189603571751821
3.8710412508187804
36.54769960528513
.9242803344701156
8.922750997961055
33.60972461916872
8.464345141129012
7.861030331458193
1.4239257175393145
.9243407123654892
5.138231549223559
9.304694532788718
11.045496244221706
.002509276083421107
.7004260218439808
8024133074357719e-42
0
0
.2339718429470544
.028219448940953816
2.1005440528479586
0
0
.5302911368482085
.05544228865748759
0
.00020547816066152481
.000259166917353419
.11074784579313157
.15479658912452088
.21787403057408858
0
.03526652406862962
0
0
0
0
0
2.9013838649548624
.20998193982292127
.19868278101060352
0
9939859418128305e-22
.05788141501649964
0
0
0
0
55727367266958236e-21
0
.025973597538481004
0
.002043809264880597
.004034721713747343
.0012658322268103265
.08082848843018188
0
0
0
0
0
0
.1523282166532106
0
15027739815082258e-48
0
0
.5614583290258669
0
.017740073660884027
0
.25903461433028574
0
31.677368381917056
0
0
.19444011140285208
5397.757641330315
213.295330899208
290.73081880538194
0
107.7582768870857
.04973192130350441
0
.0140011669788115
.00043499033218503616
0
5.796086868676614
0
0
0
.1571541265245075
0
0
.5395063698752127
8919365061904204e-21
0
.005152862790808371
.0050387304438857345
.00771386472989815
.004624613690409576
.003074873874122424
.003593046139559013
.0053534193690662904
.009212937080582453
.008144330842773995
.005383250806436572
.005138979142201109
.005227648059844744
.005520410992045122
.004081235797185477
.0053608730844469125
.0028977351159014727
.0040380214035014165
.004575701113574836
.004553546640743213
.005447489716792499
.0036728494471054978
.004664186831530895
.005647902579544149
.13754693613547586
.16106504393492999
.11344919971195247
.1660555150739494
.005678928877529995
.0020052723220298748
.004365481618150015
.007254526510810428
.007503045387372086
.002901259256402781
.016150229656165097
.14813135783281098
.0014181840285410062
.008287629495462107
.16902648700650827
.010449419903627811
.004018130846200035
.04253537583810931
.0038121790086547516
.008828732003848571
.031711547408432864
.059638964212939974
.034779686221314096
.016259989862793117
.09471773064898259
.020056525052491322
.041261638293504446
.0007306056187997774
.001557594460286076
.00978908462188514
.003546656077505199
.16766197445006772
.14545624295067322
.005852613564339793
.04487582841895058
.014328389945274547
.0004946132770736425
.011973098730643625
.00029909194226732816
.047104085512758756
.03590388998854215
.07838644455414538
.011954599009439796
.010896808890864184
.0016622619196041534
3853518611993806e-21
.015931031532077082
.036836185648093406
.13522594984331782
.11344919971195247
.018852664190428657
.03675820691847213
.013478707708383419
.023962779817385114
.0033508172636130588
.16720826677799583
.05076813443026913
.05932559395420986
.1680472758642971
.0006963085855262982
.11344919971195247
.018362557226696233
.0008960233258893844
.023481405798099996
.02420115391920673
.009560091569339305
.08530406637121792
.1586250701434848
.007160619970341442
.021175529954438523
.16565256208072002
.0977932831181287
.013384298100200798
.06245202109266305
.0002678238538555251
.021131955998872964
.13484592321072286
.00013009365262117841
.012454913281929391
.028000581301960627
.0003872798987328125
.0034252054544494244
.007322325476606341
.006098489111074517
.020645743836401508
.07639405929082832
.022372290006667264
.1260366080933983
.006842504114222286
.006766466839077167
.0297388905905726
.00023003727281501273
.011447720596348533
.06304192024599746
.168611682011037
.16897620527648594
.056405418585082225
.03803895304237341
.05572762484136697
.12691333761866674
.16643786259685284
.010011861323906794
.008246936109815953
.1396575003579618
.030637209609629616
.14505402011264726
.0043029971483648215
.006118113056070596
.0921829573122104
.1337450341670068
.16404648365264243
.0005501468509983744
.024661787898618028
.14204200504535702
.15115370597720837
.09867388684178473
.12372997283012842
.12403106093383337
.027437973645038576
.008479693371028
.1502471942356881
.11344919971195247
.16235329032645907
.036492632744075965
.006863446753432492
.013799580569188516
.012268763189605509
.12417181798316886
.06866308555522965
.0018832222131066573
.0029537848466271066
.014220589222870408
.04856310249531597
.007444238227752649
.16257892823653247
.0026660484140605795
.11344919971195247
.11344919971195247
.11344919971195247
.005118360021864283
.044565884616249905
.10279292772898428
.06661642059941708
.014058523796402845
.017062894917276184
.020455380376281578
.000688506267615033
.00032805634315212837
.05013609199959085
.16658762593810456
.11344919971195247
.11344919971195247
.11344919971195247
.02385773237615133
.0005409812768806505
.169006378616645
.15066756278602703
.005194395104001732
.01480001311379592
.11344919971195247
.03529709797791574
.12237966787427605
.019148114631736008
.019148114631736008
.019148114631736008
.019148114631736008
.019148114631736008
.019148114631736008
.019148114631736008
.019148114631736008
.019148114631736008
.019148114631736008
.019148114631736008
.019148114631736008
.019148114631736008
.019148114631736008
.019148114631736008
.019148114631736008
.019148114631736008
.019148114631736008
.019148114631736008
.019148114631736008
.019148114631736008
.019148114631736008
.019148114631736008
.019148114631736008
