2.3706248783766273
0
0
0
0
0
36992948110177405e-21
.001689263547887815
0
54114278924028676e-25
33631252526179255e-24
0
16.438830858484444
.02115193703312815
16.424506312659517
0
1.4163436640310363
0
0
0
.014510277201367574
0
0
0
0
4.8336705803616535
2.965838093271721
.0019218243903477764
.00018990353993240592
.001788616688708323
.00015816135557061422
0
.0001118292262796994
0
.1919035528179173
.0015966568645814651
447101807906101e-22
.12469220590556152
.1229336649369792
5171184295010977e-20
7338538441525178e-25
.0016315204557367294
.0016316304211754485
8707105416215475e-21
8694062877906014e-21
0
0
.00047824592480650506
.3498149007606935
.3459692264380842
.3946589376758534
.8156153819041715
.00010621011421730707
.8198505882790565
0
9.096759620165672
9.027000208656474
.00048705441224566117
0
1.0051196180759845
.6470027590547566
8.686429431442903
.03470424794162559
16.197374628539713
7.544453539871105
0
2.4370327110363683
2.4394300889816134
.6161598684142778
10.760689340731968
3.7998827529984043
35.07081916979115
.8028451936347691
8.362888745211905
30.914500106679323
7.847505897296133
7.291373467366616
1.2569628274259543
.7998271503980888
5.121494998351693
8.938076035712838
10.955461922925423
.0015642172529234894
.6877605663700957
6138007069682852e-45
0
0
.12401887431654321
.027718966056836096
1.764214550804477
0
0
.5014748769674054
.0614160446615939
0
.00019338199734453387
.0001897638359945832
.10284969727740152
.14933603032629758
.21046712841382914
0
.030967491741549523
0
0
0
0
0
2.6904368103604224
.2076610477864261
.19318091778811558
0
1451954961301068e-22
.04343472623263579
0
0
0
0
4975751052009861e-20
0
.02493461804688968
0
.0020608644484416717
.003371161620016439
.0009662330165161988
.07397149613038626
0
0
0
0
0
0
.148234966023278
0
0
0
0
.5593693032341678
0
.014597613229327629
0
.20665419982001154
0
27.28524002034341
0
0
.1812381369350327
5379.197383654002
212.40930564728515
290.6918851862687
0
106.57760384326231
.044721086655613314
0
.011552402949011163
.00029605876219417196
0
4.976903908229559
0
0
0
.11872992930294436
0
0
.5194635526483549
5933663072146925e-21
0
.004310194514074635
.00421350434155754
.006518526558929952
.0038634619692039865
.002444570355634574
.0030748315107678404
.0045090902903131
.007771943112068438
.0069141039872893245
.004393067379593793
.004381749788601089
.004401409641608584
.004644563874360983
.003335177852406021
.004514418104754409
.002408126449367746
.0031099041800134487
.0037619265832172463
.0037616390777338794
.004593217177068568
.0030947656933422436
.0039121137035108815
.005641632953807659
.13169292126015844
.14286322371211013
.09341960125526225
.1542939063292602
.005672589759910038
.002004488046580841
.004361746127898075
.007244146966641117
.007491936586440568
.002899614457429088
.016097774733691592
.1407824100218397
.001417792238906869
.008274053035887416
.15469719345009061
.0104277355798715
.00401496848175776
.04214779271762601
.0038093337540993292
.008813306825981634
.03150185379208441
.058840974599847475
.03452555831620326
.01620680646235959
.09246230849826383
.019974909465931962
.040898106737987036
.0007305017871016733
.001557121719294746
.009770081640736741
.0035441947521615068
.151537680333765
.12551086134248915
.005845878270559614
.044441801723901005
.014287269251241451
.0004945657126975679
.011944534557413752
.0002990745569419187
.04662308767848351
.035632315742699906
.07692706155036345
.011926124193406107
.010873204977786028
.0016617233912548015
3853515727819282e-21
.015880015851141235
.03654966272281589
.1149067435285396
.09341960125526225
.018780749399993274
.03647295111206388
.013442387777205746
.023845224332421595
.0033486211600810205
.15485696608529192
.05020391361189795
.05853667207794068
.15513577264886488
.0006962142801671137
.09341960125526225
.018294408613085192
.0008958671001893072
.02336865200814423
.02408118147068029
.00954197626043421
.0835353077467451
.14922447755222357
.007150509442509839
.021084320100698033
.1486348847331363
.0953608472318792
.013348492651984564
.06156987190934703
.0002678099144697537
.021041130208869923
.1293164546924468
.0001300903646132149
.012423971191216786
.02783854132581377
.0003872507444028229
.003422910401245611
.007311749476781289
.006091172173780291
.020559145952788686
.07501680518031922
.02227019851465662
.10568530149547141
.006833278264489099
.006757446364442139
.029555347729469963
.0002300269901097298
.011421638260990897
.06214148457524861
.1532260944199726
.1548984335385747
.05569809172845859
.03773249524558661
.05503849655154606
.10655458033975103
.14971758112927086
.009991973946681321
.008233493827564015
.119450318929549
.030441990234224055
.13818271424728137
.0042993683078368225
.006110748644858159
.09006652179246068
.12834248611094023
.1465332004085022
.000550087999464109
.024537071152912114
.13560148897399868
.14329137667048922
.09618901724282168
.10340807411944065
.11963323235104754
.027282587228321623
.008465474464012548
.13063917300139305
.09341960125526225
.15194697547373928
.036211669369261526
.006854163926031545
.013761483770746449
.012238751387452177
.10384320329914078
.06757693733710796
.0018825306785593425
.0029520797636844675
.014180094635271888
.04804986735221368
.007433304263126483
.1446983312448304
.0026646601860581738
.09341960125526225
.09341960125526225
.09341960125526225
.005113216753552068
.0441381773777861
.10005197424258638
.06560032781605163
.014018961161777362
.017004223938063702
.02037040906690192
.0006884140653473456
.00032803542629315584
.04958676684279947
.1499299417008068
.09341960125526225
.09341960125526225
.09341960125526225
.02374123375873384
.0005409243710588727
.15481185206038306
.14289115673078148
.005189097033611694
.014756094883483317
.09341960125526225
.03503501880219157
.11813458292312426
.01907387839569254
.01907387839569254
.01907387839569254
.01907387839569254
.01907387839569254
.01907387839569254
.01907387839569254
.01907387839569254
.01907387839569254
.01907387839569254
.01907387839569254
.01907387839569254
.01907387839569254
.01907387839569254
.01907387839569254
.01907387839569254
.01907387839569254
.01907387839569254
.01907387839569254
.01907387839569254
.01907387839569254
.01907387839569254
.01907387839569254
.01907387839569254
