2.3842984674125045
4629552519807857e-36
12628829971600904e-40
4549026658251485e-43
7713252608791546e-40
6539558122661139e-38
3458919806717565e-20
.0016346987983136695
0
4667719137018373e-24
29008219132985448e-24
0
16.43282269532129
.021703850446799164
16.41077854223661
0
1.4075065330065226
0
0
0
.01450194133890711
0
0
0
0
4.678569074389325
2.871125830369754
.0017958088613376465
51376309105984356e-21
.0017562401686008527
.00015531105383174244
0
.00010855295957488918
0
.18657498915633614
.0015521435448081903
41275602634623624e-24
.1207102552331149
.1194419941847742
47934933175330966e-21
7313088990438404e-25
.001601089600002954
.0016011053651075991
10696056351508111e-21
8858425891108637e-21
0
0
.00048543650081340865
.33431606625074994
.34212593764835914
.3901480430051381
1.1841522971042724
.00013968202086658892
1.181804870676528
0
9.090921545323996
9.08245496049124
.0004907284518710192
0
1.0025415145591459
.6423952027703712
8.521189980913146
.033574573184618484
15.978178970402116
7.487345278619943
0
2.315840348155516
2.326726979418736
.5977362801353544
10.04863300663046
3.7034564848871514
23.588712848677922
.72683872824018
8.347423504770983
13.661619536436259
8.302456207644285
7.736769491910732
.5201638879832098
.6832226830954685
5.116120850092458
8.833470969199949
10.948275443989465
.001535609360414835
.6865934345680025
26629793856674486e-46
0
0
.11335271056980871
.02759420859701772
1.736827482554043
0
0
.5012069913463739
.08200265386219359
0
.00019047154735558027
.00018457203311680897
.10212795663500727
.14894331509949182
.20291032589707156
0
.03844680320517147
0
0
0
0
0
2.6591937978676246
.2074915998325706
.187308616191887
0
11771603313791419e-24
.020468337252639926
0
0
0
0
45497085096814417e-21
0
.024860560268699636
0
.0018628099171957904
.003176075016620709
.0009030619209457402
.06931247681446867
0
0
0
0
0
0
.14795531462801706
0
7169355254635569e-52
0
0
.7210856738105023
0
.014398699833187954
0
.2034051035539207
0
9.895760773299767
0
0
.1808131659731876
5377.893128520762
212.34706736271767
290.6891444134744
0
106.49497228622316
.04437876705559742
0
.011393631789393956
.0002886341869873339
0
3.525069551733407
0
0
0
.028259686643960398
0
0
.5180816517153753
5717424967151227e-21
0
.004255323936871898
.004158803402805529
.006400252664663379
.003790481214296185
.0023897555382436314
.003021684260740336
.004426326291287955
.007630135605853639
.006790660428629056
.004302293727886642
.0043048995823130876
.004320508832769075
.004558981374782063
.003267140632564253
.004431493180286639
.0023618724586919274
.003028137119496776
.003686403593114116
.0036875174071455646
.00450921566920855
.003038104072289219
.0038392630242294243
.005641191827644594
.1312903083274877
.14166222075074006
.09215085440842329
.15349799065312575
.0056721437458253955
.002004432844292573
.004361483265778963
.007243416795218057
.00749115513474307
.0028994986969281067
.016094088275842914
.14027899334739946
.0014177646605678313
.008273098076746985
.15373544186128726
.010426210676427076
.004014745941651705
.042120639895452575
.0038091335251077057
.008812221892642446
.03148714348747195
.05878519927736532
.034507737560191896
.016203068854046668
.09230556325820509
.01996917616941075
.04087263473594652
.0007304944777928917
.0015570884432199671
.009768745200930871
.0035440215365464566
.15046279830674478
.1242145077429918
.005845404390688043
.04441140442258194
.014284378760065747
.0004945623642859583
.011942526178024927
.0002990733330341235
.046589410569391886
.035613274203036824
.0768253492042977
.0119241220927583
.010871545164355378
.0016616854848460188
3853515524770331e-21
.015876430453221367
.03652957537599644
.11359716947198575
.09215085440842329
.018775696868919656
.03645295240541576
.013439834505117015
.023836970060960593
.003348466606239501
.15402262762782545
.05016442894960536
.058481528079831105
.1542651069444022
.0006962076414482269
.09215085440842329
.01828962041716288
.0008958561027559874
.02336073444946568
.02407275772354944
.009540702217078104
.08341217618757722
.14858406023314708
.007149798188450973
.02107791365048112
.14750493805193465
.09519189883433132
.01334597552151747
.061508239246321705
.000267808933149127
.021034750702854352
.1289358299841904
.00013009013313699895
.01242179573292288
.027827168931757226
.0003872486919888873
.0034227488849510796
.007311005490678532
.006090657384313476
.020553063071555647
.07492078589439481
.02226302874109008
.10438320764509237
.006832629223502323
.006756811766477563
.02954246887723263
.00023002626621338056
.011419804276822126
.062078579705020544
.15219742158825614
.1539527436026523
.0556486306816934
.0377110135464248
.054990303515967204
.10525110598397973
.1486058510506887
.009990575343020846
.008232548302216532
.1181432821453716
.030428293541389265
.13771141853703806
.004299112948844356
.006110230516408779
.08991936667786075
.12797047030296602
.1453731934412251
.0005500838564891207
.024528314760010262
.13515923359071472
.14275352838206645
.09601645641889504
.10211023208580616
.11932956267389969
.027271681071020775
.00846447433627945
.12935939999699123
.09215085440842329
.15124001554400532
.03619197094578082
.0068535108781165345
.013758805680876968
.012236641292151674
.10254447843537016
.06750112193668514
.0018824820033420278
.0029519597610780197
.01417724812086318
.04801394009478455
.00743253510547585
.1435163273157953
.00266456248053341
.09215085440842329
.09215085440842329
.09215085440842329
.005112854856649152
.04410822145460214
.09986178538998322
.06552938056081525
.014016180107818755
.017000101046714636
.020364440310907932
.0006884075746723816
.00032803395377372
.04954832131949062
.14882206124840525
.09215085440842329
.09215085440842329
.09215085440842329
.023733053596301137
.000540920365052497
.15385870080512368
.14235906438178314
.005188724247351405
.014753007907237046
.09215085440842329
.03501664163441793
.11784133428359458
.019068662941278784
.019068662941278784
.019068662941278784
.019068662941278784
.019068662941278784
.019068662941278784
.019068662941278784
.019068662941278784
.019068662941278784
.019068662941278784
.019068662941278784
.019068662941278784
.019068662941278784
.019068662941278784
.019068662941278784
.019068662941278784
.019068662941278784
.019068662941278784
.019068662941278784
.019068662941278784
.019068662941278784
.019068662941278784
.019068662941278784
.019068662941278784
