2.4508256000202078
5250595356451933e-39
12425034961042691e-43
4704826064837616e-46
80467880897187635e-44
6572299020338475e-41
3034782593575976e-20
.0017177216628776048
0
22851007509056144e-25
14199674782627118e-24
0
16.401626619009672
.1985930391857018
14.427130428739874
0
1.729318583177507
0
0
0
.014461452863601437
0
0
0
0
.5555285610241794
.5378733159064886
.0015655332467496106
3562657032799041e-20
.0015239421172662416
.0001350758051707576
0
9686426184369894e-20
0
.1627072189867302
.0006981653378835745
3615176795456679e-23
.10628403796149857
.04603351922844842
3580399976235604e-20
7148075705868623e-24
.0013887857726367697
.0013887796244242963
18515073112570194e-22
5853818621901098e-21
0
0
.0004401771218354176
.12170647616865245
.3013531302344384
.45076283983697196
2.013028207016762
.00023351146648891002
2.012704484383798
0
8.455652232146438
8.408215778175489
.00041840940808753003
0
.7333779893158179
.621020955836808
1.507123404393554
.012418146432324861
8.285401696750379
6.778585895720216
0
.31597250292384027
.29257990081043833
.12771914886277494
.3844195447694672
.7886947069315123
15.997388277818455
.6718570205140867
10.555766497404704
11.254015479267915
9.811869433138826
9.528556023069855
.5837959926350803
.6739087794341018
5.043857236244985
7.629632563165873
10.899745720867022
.001568313638105754
.6791512199232018
3848139724000245e-47
0
0
.008240093554348713
.02606788679277802
1.5555592870984525
0
0
.6845481041312048
.12096807209332179
0
.0001591280539204783
.0001503747085174117
.09789677329876119
.14699082972798283
.03276172284373656
0
.040120314778099755
0
0
0
0
0
2.3525372029182283
.20665572779100205
.025999523764294635
0
9557753631021891e-26
.015060602879296213
0
0
0
0
6187599903471555e-20
0
.02388216789122586
0
5885838540436709e-20
.0006062392108521754
.0003933951759540439
.006101682974353071
0
0
0
0
0
0
.1468114908221012
0
8049905680487618e-55
0
0
.12258953247815704
0
.013469087901188637
0
.188181104742723
0
5.241861576457213
0
0
.2269281199829475
5371.55194963664
212.04451491266505
290.67580989588737
0
106.09385208513336
.04265094556570096
0
.010637539972762972
.0002565636778223325
0
3.0863846679260916
0
0
0
.01793757337802577
0
0
.5114118675760894
4287056516680463e-21
0
.003946236439338933
.003818606412441402
.005735476572626346
.003389438881789855
.002092524311065691
.0027220052347487617
.003963469239464075
.006836798647463746
.0060948320248411045
.003807775470023985
.003864250059870368
.003868282610424692
.004080924214593921
.0028937761443294657
.003967867114150823
.002106526706392858
.002608272598006307
.003272628383071843
.0032799461503154573
.004038975227144262
.0027212315179595834
.003433548606490251
.00563904607573088
.1293489438807815
.13596150160822068
.08621979769957143
.1496837822128781
.005669974220562705
.002004164286173027
.00436020456912438
.00723986528773804
.0074873542424005015
.0028989355446673555
.016076164319962283
.137855257783486
.0014176304892720487
.008268453415249412
.14914083844205828
.010418794631228705
.004013663376664917
.041988780646589896
.003808159486222074
.00880694519093971
.031415670304382894
.05851458495325053
.034421164073457536
.01618489628519564
.09154672267154564
.019941305006528784
.04074893009753854
.0007304589163112347
.001556926552797793
.009762245528683424
.003543178898479917
.14534095729113705
.11809594898587542
.00584309933566146
.04426380658188597
.014270323779757168
.0004945460733326747
.011932759477426008
.0002990673783357056
.04642590561356481
.03552077507823533
.076332396377278
.01191438591790398
.010863473164894997
.0016615010683058132
3853514536861277e-21
.015858997696791048
.03643200032795143
.10743565559704787
.08621979769957143
.018751133801230314
.036355807567193324
.013427418798299716
.023796850691120006
.0033477147456840843
.15002698449106688
.049972763957063626
.058213972257885736
.15009824478013867
.0006961753424973045
.08621979769957143
.01826634192641396
.0008958025980496504
.0233222508214503
.024031815065670335
.00953450594575693
.08281568014180064
.14550720427033753
.00714633868037983
.02104677163544849
.1421287745924402
.09437416339538869
.013333735510063564
.061209252503036764
.00026780415870799484
.0210037396049324
.12709987696984917
.00013008900692437734
.01241121674757342
.02777190423078729
.00038723870638149175
.003421963156417583
.007307386799634449
.006088153361444729
.020523493246674736
.07445536703876947
.02222817803006092
.0982735629829665
.006829472275502945
.006753725059919748
.02947988847044107
.0002300227442189846
.011410885457933008
.0617734314328013
.1472902870939961
.14943338607816972
.055408610204106146
.0376066714169533
.05475642783196755
.09913340299695965
.1433136084539064
.009983773405158958
.008227949516336309
.11198545127639008
.03036174188317969
.13544123018801538
.004297870748087557
.006107710254202729
.08920682577159109
.12617580671479786
.13985911003102874
.0005500636998091132
.0244857561965074
.13302799565446774
.14016537092442788
.09518129097342752
.09602467426522324
.11786306085163105
.02721868070760581
.008459610025921509
.12330961089378784
.08621979769957143
.1478470614504751
.03609628353272341
.006850334443090003
.013745783205215415
.012226380077999092
.0964539884265718
.06713346363877948
.0018822451981340396
.002951375973047011
.014163406913256085
.047839523483675477
.007428794000861863
.1379018565442394
.002664087157672501
.08621979769957143
.08621979769957143
.08621979769957143
.0051110944580983675
.04396276452034234
.09894159211652943
.06518528899405303
.014002657108681761
.016980055895349754
.020335425022933687
.0006883759959805453
.00032802678950939306
.049361694362511664
.1435475822828913
.08621979769957143
.08621979769957143
.08621979769957143
.02369329424154124
.0005409008747541981
.14930437797939045
.13979838085934734
.005186910884650199
.01473799782375065
.08621979769957143
.03492736728494735
.11642492547587344
.019043308143476115
.019043308143476115
.019043308143476115
.019043308143476115
.019043308143476115
.019043308143476115
.019043308143476115
.019043308143476115
.019043308143476115
.019043308143476115
.019043308143476115
.019043308143476115
.019043308143476115
.019043308143476115
.019043308143476115
.019043308143476115
.019043308143476115
.019043308143476115
.019043308143476115
.019043308143476115
.019043308143476115
.019043308143476115
.019043308143476115
.019043308143476115
