.0010886427142729575
34.4801458671141
1.2331128595327094
.09811872953460975
.011962096996908131
2.0454050276810656
4.702990844325545
21.56994100659882
0
.2869916375800717
.17070493112819124
0
13.526938229561033
.1166473297886028
51.078198441384494
0
.9674462871798047
0
0
0
.016029817468237693
0
0
0
12966042965054194e-96
6.285811006898269
12.631506628785964
80.38306771089145
9.814937315414044
49.00891217590111
24.336646896955543
0
.05198850179161585
0
1.379368926346296
.8255340763518485
2.1279973278088367
40.513679656451345
65.97661035569605
15.317501793411767
27245058472194945e-21
405.5716788078232
41.82964764660393
.0705342475400768
16.277817828769944
0
0
1.2505819856270262
30.113460122628737
.18316049240607823
3.1454519939955423
25.168634796516407
2.834864607245895
70.18910027111012
0
7.971951842538974
250.13534688308303
247.7557897032236
0
.4061169736485471
.26650859848070496
29.51548203320707
48.146120171161805
57.41220731443294
8.854639537718072
0
36.57432875397682
131.74696960778064
.47236818579098927
.016987244723847692
3.768786966056097
37.00835999605386
9.319400651082022
11.98285258141338
93.34612566992213
88.7253833061622
3.744360171096594
7.307842672005074
.7186293358900757
5.2625674516611864
14.280943780966533
7.358902853263623
17.183834425234433
.5618231577078304
9.814759849225114
0
0
.4664882746254831
.033143140857804336
5.175155810999554
0
0
.6214424514135138
.154989704742106
0
.00040721994354256705
.029503153357472268
.44400331230350587
.11572805984122807
.32228208869420905
0
121.35439190044512
0
0
0
0
0
6.520245630435249
.2090180619718069
.24410069469454176
0
.00043997210987489614
1.4861033795319505
0
0
0
0
.0008271008343091646
0
.03357449021282059
0
.1188450439048821
2.001744898910669
1.2640427734573498
7.767205006741112
0
0
0
0
0
0
.23537749565288238
0
5.384970858420433
0
0
5.5340882542294
0
.1611560949628745
0
3.5159133707795442
0
35.55265922043513
0
0
.2730383293109274
5610.059669284613
223.47494185419015
291.16723218565033
0
121.90994933699095
.163021357521794
0
.13161741252959466
.45032292496578247
0
89.57734501322318
0
0
0
.4042143587014235
0
0
.826269244625578
4388056199486613e-20
0
10696892086588033e-22
39715581167406356e-56
.35194162040377436
.3367942200994234
.3134175237563415
.37655577644529237
.3299480888396953
.5093244238132184
.2531164102968169
.3876974816316701
.3272514643762101
.33224596343948987
.3585194066037303
.35237302795088354
.3376569951194353
.29884377773570603
.3318752921618827
.34634009610514094
.3511500355976775
.3241628244658637
.26972896019256937
.3405780116980647
.005718600281241129
.22387242405301147
.6169833014429005
.998911949642311
.37807382739654016
.005750412884595733
.002014077207936433
.004407538353797454
.00737179854088791
.0076285951242858864
.002919744889183782
.016749533332872543
.2619081914220111
.001422579480444053
.008441216473022426
.4558601623915608
.010695387155469478
.004053719991851611
.04712758874916465
.003844191451778951
.009003349646387215
.034157673135987804
.06935100154837476
.037756968506156445
.01686770203628954
.1240670647953577
.020993722902802717
.045560769291037216
.0007317695437346151
.0015628989802460838
.010004460178645666
.0035743400045540104
.520296464448993
.7586500926423874
.005928581176335034
.05003635979981011
.01479710755280884
.0004951463112350857
.012297722768252143
.0002992867271609265
.05284246965940561
.03909066375446244
.09675052688927395
.01227820001138189
.011164699671929153
.0016683053797374938
3853550914927478e-21
.016513727991640824
.04020286560185992
.8374869647979596
.998911949642311
.01967717130137943
.04010962287536505
.01389225773317456
.02531966799255302
.00337551226531783
.3949222790215712
.057537620757648136
.06892228354853534
.4114153581928522
.0006973656797086751
.998911949642311
.019143387762545195
.0008977749178137981
.024782034622041326
.025586381331031634
.009765348099768045
.1078663081829348
.314429559176847
.007274839398194147
.022224438761524516
.557751268905791
.12966560817963285
.01379194138739524
.07323908041085891
.0002679800247061393
.02217638819361159
.2155250414806036
.00013013048402444124
.01280677473391991
.029881161714114115
.0003876065775411666
.0034510154483046195
.0074418270759903475
.006181041838496911
.021640921963665193
.09365932283279751
.0235481938864209
.9057096895566069
.0069466886553417335
.00686832266655518
.031874113402797846
.00023015247063527892
.011743944031278906
.07406361429642483
.4923637901296107
.4476437735292599
.0649684586975541
.041646116580606025
.06406119481138352
.8992403402667785
.5447506607828485
.010237322831489301
.008398997546490723
.8039172772532978
.03291109162841699
.24979257898805662
.004343850060389766
.006201203392784709
.11957149202929346
.21224493616683265
.580878246546224
.0005508064191436681
.026102682657554877
.23884778731015469
.2749425840659676
.13129905864566813
.9227212335436596
.18583618128313617
.029239952222270105
.00864058629773217
.7193861456723541
.998911949642311
.34093289493580303
.03979236073812435
.006968277412435665
.014233538806834782
.012609965856639592
.9194628776668035
.08208828646181839
.001890984784672415
.002972949210465486
.014682106911285757
.05469981281163364
.0075678030726635944
.5994623086885417
.0026816460820126447
.998911949642311
.998911949642311
.998911949642311
.0051763193484709305
.049648905826735076
.13913096509492573
.07913060339439913
.014509327258621469
.017734004558430064
.021431622159394592
.0006895397780932839
.0003282907033424109
.056720361648222875
.5420871975996716
.998911949642311
.998911949642311
.998911949642311
.02520223297441651
.0005416190318546954
.45143769991208516
.2727586356865543
.005254104402208256
.015300919063244106
.998911949642311
.0383697931558119
.1817311685342911
.01999956454765483
.01999956454765483
.01999956454765483
.01999956454765483
.01999956454765483
.01999956454765483
.01999956454765483
.01999956454765483
.01999956454765483
.01999956454765483
.01999956454765483
.01999956454765483
.01999956454765483
.01999956454765483
.01999956454765483
.01999956454765483
.01999956454765483
.01999956454765483
.01999956454765483
.01999956454765483
.01999956454765483
.01999956454765483
.01999956454765483
.01999956454765483
