.0010696844585144085
34.49552663722217
1.2331980461806684
.09812089950571794
.011962364619912192
2.0453807818792886
4.703230947028402
21.9817614068046
0
.28700259577607123
.17070532014468
0
13.531682699587522
.1408830448368662
61.1730751825663
0
.9523519268334895
0
0
0
.01602983024108325
0
0
0
13048543069947603e-96
6.215783031843959
12.489787586802821
80.37996258493452
9.817363367841336
48.986580249541106
24.702903553542335
0
.05195308082276866
0
1.376301995931391
1.0708086830663472
2.1926641513995717
40.46666684035049
85.18383582606415
15.593839865694502
3352164926948174e-20
414.2781756569456
41.8294621250968
.07252885112438562
16.285235371652014
0
0
1.2503848999539091
30.109371582041625
.18179663268247206
3.1442092868864515
25.153312210970352
2.835648460616919
70.1894612964242
0
7.944486952297135
249.822213909303
249.34955079165556
0
.4009125542192408
.26219696681045673
29.508758838718055
48.282635133826716
57.40395725405043
8.854911263730852
0
36.518211007690326
131.8642352760222
.46434019227079654
.01635471570022116
3.742094194624663
36.99965447899355
9.319504652950076
11.973664139326981
93.41105386118942
88.78173571820571
3.732722636238242
7.319862801311488
.7163719178835638
5.262586975784986
14.282017786779592
7.3580718242967125
17.48744117455584
.5616629658789905
9.816713904208552
0
0
.4666383076160848
.03314375887731971
5.177113989671685
0
0
.6210487370309931
.15506770812008833
0
.0004072630373136088
.029505460255575225
.4440046749820767
.11572341069221571
.3178973001626138
0
122.06016907303876
0
0
0
0
0
6.520576113352003
.20900734751900402
.24406924561834228
0
.000433183173043079
1.486386301888439
0
0
0
0
.0008276494133298072
0
.033560280619228645
0
.11886607294071433
2.0011726370341583
1.2636666214808763
7.766976808345632
0
0
0
0
0
0
.23538098306199196
0
5.384932561495385
0
0
5.5385512509307855
0
.16115942525112392
0
3.516036085801189
0
35.55269321464299
0
0
.27290706494875894
5610.061555455911
223.4750326555758
291.1672359919285
0
121.91008043725668
.16302321599999475
0
.13161993718094941
.4503340034619479
0
89.57874346863352
0
0
0
.4042164706639524
0
0
.8262723273040277
43119095188715e-18
0
10331108709774082e-22
26735924804309335e-56
.35197242991946603
.33683382001501394
.31344574551881443
.37650464478211987
.329974776445087
.5093622245851983
.25315517068914745
.38772865227578746
.3272803914065451
.33227418084665145
.35855006293353636
.35240507406382643
.33768545620311646
.29887601091731353
.3319093640535887
.3463695140868076
.3511806797684025
.32418897783329664
.2697553438359689
.3406092065799432
.00571860090122528
.22387337445289415
.6169905231461773
.998930887450046
.3780765384119512
.005750413511497044
.0020140772848409
.004407538722089789
.007371799571152586
.007628596227579611
.0029197450508017288
.016749538651649628
.26190949225482285
.001422579518810549
.008441217823889074
.45586410405165984
.010695389324154593
.0040537203033873
.04712763085781235
.0038441917319415957
.0090033511831644
.03415769525629863
.06935109273621491
.03775699553395171
.016867707430380477
.12406735665266407
.02099373125858877
.04556080864624451
.0007317695538865164
.0015628990265546079
.01000446207618361
.0035743402467638633
.520301599543038
.7586610131673002
.005928581842685562
.0500364072670146
.014797111703869653
.0004951463158830812
.012297725635423435
.00029928672885906626
.052842522600119554
.039090692725437415
.09675070437000195
.012278202869457022
.011164702035114542
.0016683054325030199
3853550915209005e-21
.01651373316171182
.04020289624488043
.8375002740686853
.998930887450046
.019677178642005386
.04010965337640622
.01389226139207563
.025319680146755483
.003375512481330571
.39492523710262434
.057537683524394756
.06892237361239742
.4114185685671742
.00069736568892844
.998930887450046
.01914339471030987
.0008977749330941635
.02478204626555656
.025586393742647245
.009765349907685062
.10786652879103568
.3144314341502734
.007274840401535397
.022224448125722388
.5577571701782966
.12966592697340454
.013791944993644665
.073239182110419
.0002679800260675945
.02217639751736083
.21552592231986153
.0001301304843454793
.012806777843373123
.02988117864218951
.00038760658038943457
.003451015674088967
.007441828125922113
.006181042562807262
.021640930842586704
.09365948915302726
.023548204399376122
.9057252566945142
.006946689570207464
.006868323560895956
.0318741326642846
.00023015247163950104
.011743946646039458
.07406371829885941
.49236838851671466
.4476475743471636
.06496853872417725
.04164614946329019
.06406127261844258
.8992556857022044
.5447562900759223
.010237324818389522
.008398998883878322
.8039295404821586
.03291111216360339
.24979376223829938
.004343850418115433
.006201204121827949
.11957176311755148
.21224579039580596
.5808846475164107
.0005508064248953734
.02610269557513351
.23884886912954312
.2749440176183266
.1312993855225671
.9227373912571628
.1858368361417853
.02923996843162162
.008640587713163887
.719395964640869
.998930887450046
.3409350993786534
.0397923907585445
.006968278332996651
.014233542647716611
.012609968871257073
.9194789214105374
.08208841422329138
.0018909848524639313
.002972949378027193
.014682110998074085
.05469986953946045
.00756780415844308
.5994691259227884
.0026816462183461426
.998930887450046
.998930887450046
.998930887450046
.005176319856446668
.04964895256164617
.13913133213402967
.07913072211472331
.01450933124978801
.017734010520821263
.02143163086739994
.0006895397871072798
.0003282907053856336
.056720422644511735
.5420927719641031
.998930887450046
.998930887450046
.998930887450046
.025202245016134203
.0005416190374161253
.4514415654454589
.27276004655173774
.005254104925565549
.01530092350178996
.998930887450046
.038369821068109926
.1817317947787589
.019999572130793463
.019999572130793463
.019999572130793463
.019999572130793463
.019999572130793463
.019999572130793463
.019999572130793463
.019999572130793463
.019999572130793463
.019999572130793463
.019999572130793463
.019999572130793463
.019999572130793463
.019999572130793463
.019999572130793463
.019999572130793463
.019999572130793463
.019999572130793463
.019999572130793463
.019999572130793463
.019999572130793463
.019999572130793463
.019999572130793463
.019999572130793463
