2.4718070032583843
22553330255250642e-42
5072914068818913e-45
19673692770893327e-49
3367203530678705e-45
26963439993022872e-44
9279461058978978e-20
.011353399538511093
0
18242847746538017e-25
11336020302979592e-24
0
16.391508910277494
3.744438253068077
11.76820721720763
0
1.832528570808679
0
0
0
.01444870714232022
0
0
0
0
.08875847320811765
.2983557090033115
.004648697083880715
.00012526179956660026
.002333240246450686
.00020314370951446221
0
936881063344477e-19
0
.15584654764526032
0
8699540779581408e-22
.10240423826464261
0
.00012626641540063453
8765557897497121e-22
.0020949295344452478
.0020915116802674764
4475514122429733e-22
35146614887506834e-22
0
0
.002610798543172384
.07368420296389568
.28740932871040165
.4683301335556986
2.0641268643265738
.00023784718792880177
2.0638453897218176
0
5.713936405997015
5.6684748669579665
.0023623601692536605
0
.2562072118963561
.5931084898617168
.5455603119498049
.00991747339029475
7.070172429259505
6.53350366650583
0
.11080938049626217
.10075698928296543
.06961674207221122
.04256966200519004
.4445840151524488
15.467424393801128
.6586907485146162
11.289613797510334
11.110835017108272
9.52588081061844
9.21480062068445
.5974376587430581
.6593267764849379
5.015888606163981
7.240158275704817
10.878146393536174
.0076863534623654705
.6767271888925147
9961850477757406e-48
0
0
.0011072900138953492
.025512704148538377
1.4973225819806164
0
0
.7520685826367701
.12440304944389141
0
.00014941764361828301
.00014043974267544202
.09660990187880854
.14636205253801093
.017936732426711233
0
.026797186491563887
0
0
0
0
0
2.250939965966136
.20638808107110684
.0035836840177321996
0
12010743990005101e-27
.031071016870556172
0
0
0
0
.0001855120079669049
0
.020136732003991405
0
14638015822786477e-21
.00021621136304297972
.0006845964716649167
.0017124114058495038
0
0
0
0
0
0
.1464426054776278
0
569670496378718e-59
0
0
.01735457589440911
0
.013188595423042192
0
.18367938452481533
0
5.006877092952592
0
0
.24193328006673248
5369.553612703544
211.94918501912744
290.67160456734456
0
105.96765999102128
.04210812737216016
0
.010409794692206528
.0002477493014570519
0
2.6915646428861004
0
0
0
.018070664691895787
0
0
.5093266871419267
38686834623763e-19
0
.0038279901551585777
.0036911667141613508
.005552345681452265
.003280636202389746
.0020082294724907716
.0026397317734585266
.003836248944176327
.006618650676400247
.005903342583438147
.003671788553070212
.0037400104299656315
.0037440033651817976
.00394956509035213
.0027921702511553024
.0038404501357164143
.0020365385705667614
.0025220130647111193
.0031589150949307807
.0031680061829602933
.003909706721158097
.0026340604134476526
.0033221370636169157
.005638369515346227
.128742648764448
.1342116309005545
.08442963080224636
.1485006245162016
.005669290165340084
.0020040795954695814
.0043598013700752326
.007238745570476858
.007486155912686918
.002898757959751173
.016070515583847256
.137099578086575
.0014175881768089874
.008266989117534167
.14772046643650366
.01041645684472897
.004013322016632891
.041947280408620446
.003807852344389806
.00880528167419157
.03139316267948372
.05842949696889659
.03439390550556866
.016179169228299317
.09130869508308577
.019932523038615358
.0407099937006352
.0007304477012495324
.0015568754991025016
.009760196551764438
.0035429131878810436
.1437620745019783
.11622950330391925
.0058423725533262635
.04421735883047195
.014265893973132998
.0004945409355844886
.011929680901269668
.0002990655003606944
.046374458352162765
.03549165246134995
.07617758540363341
.011911316961190965
.010860928651839168
.0016614429110516607
3853514225293441e-21
.015853503705528564
.03640128109235513
.10556262928912892
.08442963080224636
.018743393740218807
.03632522364833484
.013423505498037586
.023784211809727566
.0033474776580607944
.14878846303116242
.049912468461185765
.05812984436478786
.14880758630558905
.0006961651563280023
.08442963080224636
.018259006476710936
.0008957857243369575
.02331012696565142
.02401891697283818
.009532552593452554
.0826284427797633
.14455010088676679
.007145247964012475
.02103695957815689
.1404742212010795
.09411772500133089
.013329877570197093
.06111525951545362
.0002678026529569405
.02099396877574759
.12652629232037982
.0001300886517401738
.012407882204219055
.027754497562310743
.0003872355571626099
.0034217153898686097
.0073062459042733605
.006087363853401298
.020514176308612186
.07430918327182492
.022217198093055432
.096421887153922
.006828476936215917
.0067527518633893144
.02946017930053701
.00023002163345954582
.011408074075698306
.061677504897826696
.14577573167652214
.14803577095505455
.0553331272161435
.03757382379824951
.054682874371598696
.09727875535670825
.14168395058692382
.009981629162935823
.008226499678904391
.11011077093852577
.030340782952500225
.13473304765926802
.0042974790558453395
.006106915626664504
.08898327710956368
.12561504097994308
.13816383665268892
.0005500573429255023
.02447234935074073
.13236283932556314
.1393588885490917
.09491940534423562
.09418168311984217
.1174043026675709
.027201986766812555
.008458076494057441
.12146094702925661
.08442963080224636
.14679285799808495
.03606615803382125
.006849332960775902
.013741678719091677
.012223145669687383
.09460923823199589
.06701792703124144
.0018821705204155104
.0029511918812579257
.014159044460918141
.04778464730356732
.007427614517640041
.13617713074589952
.002663937267392914
.08442963080224636
.08442963080224636
.08442963080224636
.0051105393873214265
.04391698971710557
.09865314301924359
.06507714422571244
.013998394916615706
.01697373893646341
.020326282726075517
.000688366036957037
.0003280245300679636
.049302981671266115
.1419232041338215
.08442963080224636
.08442963080224636
.08442963080224636
.023680768712009033
.0005408947280272773
.14789618461482346
.13900038304037007
.005186339115707813
.014733267094865925
.08442963080224636
.034899259076149006
.11598175789676433
.019035318713344393
.019035318713344393
.019035318713344393
.019035318713344393
.019035318713344393
.019035318713344393
.019035318713344393
.019035318713344393
.019035318713344393
.019035318713344393
.019035318713344393
.019035318713344393
.019035318713344393
.019035318713344393
.019035318713344393
.019035318713344393
.019035318713344393
.019035318713344393
.019035318713344393
.019035318713344393
.019035318713344393
.019035318713344393
.019035318713344393
.019035318713344393
