2.5056653181439317
36817646334091954e-45
7937717114411971e-48
30810572155785524e-52
52709258907010285e-49
4090821686381772e-46
.0003281182196313578
.06093982400680627
0
12684731585395066e-25
7882107561193968e-24
0
16.375801878822145
4.568271296854052
11.866068653432112
0
1.875769687445835
0
0
0
.014428162801239729
0
0
0
0
.08029600295273523
.27897781826462337
.01638261370716861
.0004148828147513374
.007391491529495069
.0006421272711780499
0
9599651386058559e-20
0
.1454126906500295
0
20853802374595702e-21
.10426214175608084
0
.0005790036685279448
5761300054538223e-21
.006613105800790996
.00660034659132708
40706941654136645e-23
15489468717914854e-22
0
0
.0034096847611397724
.08749747440759414
.27398207770063887
.4698760053333846
2.086249254039481
.00024474494807855915
2.0860033090601657
0
5.613974247968545
5.588155368448032
.003410371232643439
0
.24749609583882867
.5849684429165266
.5074321950179129
.009151577414933068
6.850637328591673
6.352195417477155
0
.10292502600708699
.10318348626742602
.06520135630552513
.03954206144467978
.4181662819066339
15.462321671866848
.6558054711425226
11.700863829450116
11.5596833493964
9.715921251549284
9.183262580840113
.6466517650798442
.6566628438423309
4.994045230160955
6.9581318195109345
10.839385813728473
.03423080091377997
.6736421443371913
11356659827624564e-49
0
0
.0010570379388777135
.025080389020918803
1.4326380038615942
0
0
.79415422025349
.1279772391956361
0
.00014235248762694527
.00013086547039442835
.09458296868548767
.14533497335654044
.016801805159803587
0
.025528299174785576
0
0
0
0
0
2.166720538220986
.20595187240065868
.0032893540364128627
0
10675991758736591e-27
.030681889843056965
0
0
0
0
.00019312072300307028
0
.019842001543491895
0
16860295310359446e-21
.000248863085243285
.0007846827094087431
.001989098690887638
0
0
0
0
0
0
.145799577871283
0
0
0
0
.01669097859630664
0
.012748259459641295
0
.17669588042407247
0
5.03291218491631
0
0
.24967631601573
5366.33040462829
211.7954387084844
290.66481843181697
0
105.7643365208092
.041295360997489074
0
.010052723794016788
.00023458044327071863
0
2.650263295658375
0
0
0
.019610867774078954
0
0
.5059801690666328
342042738056627e-20
0
.0036298617376126115
.003496808208250222
.005395342120468103
.003187023120536761
.0019225530875377728
.002572079172805579
.003726777486202893
.0064317605155173796
.005741004910091982
.00354526640700758
.003632776382870147
.0036369921785789332
.0038363003759457662
.0026997206616520514
.0037307761678648395
.0019748177838436283
.0024479723730500397
.0030551330738720107
.0030671849618697416
.0037987123744604298
.002559075632217589
.0032255101001502843
.005637277900898788
.12777023984479113
.13143518318085787
.08161883783958106
.14661101873562277
.005668186459108634
.0020039429351081128
.004359150794398481
.007236939014608494
.007484222536817861
.002898471408628293
.01606140423578151
.13588884147781116
.0014175198985913538
.008264626683593566
.14545684202763093
.010412685395273891
.0040127712150154786
.04188039672455666
.0038073567527151355
.008802597870337076
.03135687545777264
.058292448814221756
.03434996306004051
.016169931579622463
.0909258873726176
.0199183594711461
.04064723932425116
.0007304296035337983
.0015567931157654431
.009756890963641903
.0035424844448014316
.14125027586814326
.11327957230366219
.005841199913681184
.04414250747740949
.014258748362147378
.0004945326447598875
.011924714586230062
.0002990624698413934
.046291556581441407
.03544470677391811
.07592842420224244
.01190636616144958
.01085682375223125
.0016613490652527172
3853513722507204e-21
.0158446419018782
.036351763164114516
.10260869010483939
.08161883783958106
.018730910110695262
.03627592371811311
.013417192894010273
.023763830225718076
.0033470950981164143
.146811350113896
.04981532121258401
.057994341001664555
.14674817606193802
.0006961487189177367
.08161883783958106
.018247175255142672
.000895758495394863
.023290575628741424
.023998117534032404
.009529401254630006
.08232718462080611
.1430188536154457
.0071434881936123
.021021135215429382
.13784474232049632
.0937053714309954
.013323654251745773
.060963884531567106
.00026780022309950236
.02097821088275041
.125606135631587
.0001300880785708983
.012402503041638898
.02772643090879236
.0003872304752283802
.0034213155994466298
.007304405183116722
.006086090016685439
.020499150207357802
.07407388722316355
.022199490878941755
.09350707751303067
.006826871033500705
.0067511816829199205
.02942840181160631
.00023001984100529108
.011403538725206221
.06152301944347695
.14336442342483893
.14580791196195247
.055211534872799985
.03752087711429123
.05456438727482924
.09435874970786709
.1390931132006
.009978169906610431
.008224160571845128
.10715150045677346
.030306991410105295
.13359803317008276
.004296847045697731
.006105633530576366
.08862371080247781
.12471536775310849
.13547135199936894
.0005500470847881464
.02445072980403461
.13129646357762234
.13806721851969062
.09449831146720945
.09128189740750191
.11666775367869708
.027175068847931392
.00845560237429213
.11853597289988957
.08161883783958106
.14510748784516012
.036017596633931434
.0068477171477196175
.013735057772208573
.012217928013114752
.09170642546740372
.0668319013566117
.0018820500170067772
.0029508948310745416
.014152007475268194
.047696224699637926
.007425711545382575
.1334392643804096
.00266369540277253
.08161883783958106
.08161883783958106
.08161883783958106
.00510964378021391
.04384322204794588
.09818943652493349
.06490300604114187
.01399151962625658
.016963550027598095
.020311538196730244
.0006883499660882421
.00032802088397290106
.049208382495196226
.13934057185699916
.08161883783958106
.08161883783958106
.08161883783958106
.023660569855279052
.0005408848090184067
.14565169695323527
.13772222542028079
.005185416568065709
.014725636179077252
.08161883783958106
.03485394771994011
.11527015996408034
.01902243300042166
.01902243300042166
.01902243300042166
.01902243300042166
.01902243300042166
.01902243300042166
.01902243300042166
.01902243300042166
.01902243300042166
.01902243300042166
.01902243300042166
.01902243300042166
.01902243300042166
.01902243300042166
.01902243300042166
.01902243300042166
.01902243300042166
.01902243300042166
.01902243300042166
.01902243300042166
.01902243300042166
.01902243300042166
.01902243300042166
.01902243300042166
