2.599810260843233
9081149293217276e-46
18785005684047033e-50
6817077369246939e-53
1158508091018862e-49
8592617417648165e-48
.009001456155311668
0
0
46210298173593527e-26
28713456091324266e-25
0
16.3257151144126
2.8134778477659363
12.014027772186033
0
1.8239885919395764
0
0
0
.014371192330613361
0
0
0
0
.11361277521035479
.3474415454316954
.448803883653848
.014610426017277746
.28146622019984235
.024797531214973363
0
.006764229931475825
0
.12098582601526381
.46771903662198877
0
7.292226187166912
10.472146223368332
.07053289344541303
0
.2540945574082174
.2538815899047503
5320523984232202e-22
5331808163894601e-22
0
0
.002927972686475097
.09069807368573866
.25198121910261734
.4394258507444162
1.9962984444421972
.00024317154386021563
1.9960908104506712
0
5.903137611337217
5.878845634537505
.0029456124228062373
0
.2744108291916842
.5712412305143697
.6328378827378792
.008348394044178064
6.870376999815019
6.246072209256586
0
.12849356150101304
.12409778854313241
.08165596945047669
.0473766511797271
.5253959911338851
15.296647728390504
.6420064666524228
11.737185201719937
11.987099412170505
9.974626949934606
9.22474891437809
.7057976100343863
.6427300352974082
4.980813333039614
6.789689022488051
10.721127031077952
.11137843988048982
.6711665530618965
31758603583518315e-52
0
0
.0012114392262193882
.024779677472571645
1.309854273922371
0
0
.8088942782743082
.1331391741000781
0
.0001375842688416606
.0001165166047860897
.08925324215204232
.14240494595136768
.021175952986904712
0
.024743276807914494
0
0
0
0
0
2.079096409192349
.20470987319730932
.0036887725544010787
0
17362703252505585e-27
.02812837725676105
0
0
0
0
.00017429179940164604
0
.020131254585781355
0
1784082337744116e-20
.0002462386853546866
.0006530710553500487
.002057585795540655
0
0
0
0
0
0
.14396771072858622
0
0
0
0
.018728139014353495
0
.011599811212166905
0
.15874483321108596
0
4.997964955734362
0
0
.24760105343632735
5357.3782596662195
211.36852440555953
290.64595003424904
0
105.20103237596308
.039212563736055084
0
.009124205464345973
.0002028946211876234
0
2.649691303442366
0
0
0
.02246158936536471
0
0
.4967932137001599
2765483003108168e-21
0
.003205537629514881
.003122291475521361
.0049286972621325875
.002909292369186493
.0016808421217476314
.0023673506255170343
.003402046042813817
.005876049921663896
.005255214331320321
.003179807041466875
.0033150326082262453
.0033196609904188185
.0035006668400634805
.0024338563195015375
.003405487975508396
.001794078163412205
.0022292693391025367
.0027539532831446457
.0027735162148239284
.003469083524558733
.0023367503397428244
.002940050723977325
.005634243716418736
.12510483360715252
.12401331214105536
.0742854537493348
.14148229008984498
.005665118671294248
.002003562992290617
.0043573423424654555
.007231918154105566
.00747884930082939
.0028976747860423487
.01603609676398846
.13257822444528597
.001417330064464014
.008258061351351093
.1393433709352302
.010402205844268852
.004011240077529986
.0416949828848367
.003805979071273686
.008795139701960093
.031256197112251326
.05791306593860972
.03422807348617363
.01614427349217046
.08986988352203415
.01987902975359818
.0404732552430801
.0007303792841773356
.0015565640671904824
.009747705473686976
.003541292573316584
.13449436122437056
.105464744920895
.005837940560338799
.043935044409259306
.01423889839670667
.0004945095923878288
.011910916332841689
.0002990540434739875
.04606182167810261
.035314497781289915
.07523989262834618
.011892610998092176
.010845418001379267
.0016610881496079628
3853512324482229e-21
.01582002718750819
.03621442955368306
.09482238267513712
.0742854537493348
.01869624236262874
.036139193890276186
.013399655943276296
.023707249842451306
.0033460315985224414
.14145087728597747
.04954619051782827
.05761922420065397
.14117044571735365
.0006961030158168672
.0742854537493348
.018214318158707745
.0008956827881450411
.023236298189223452
.023940378148602805
.009520644254973357
.08149527999125439
.13884585684979603
.007138597331016981
.020977197224135193
.130789168135689
.09256827021236343
.013306365232943491
.060544945686600266
.00026779346686055147
.020934457317053328
.12308260905754827
.00013008648485486813
.012387558232502567
.02764853909387602
.00038721634497589124
.0034202042052634135
.007299289391850862
.006082549443165736
.020457427114292444
.07342354202842918
.022150329119199463
.0858571568283347
.0068224077157464985
.00674681762683595
.029340222767975342
.00023001485705916226
.011390937403576554
.06109549474391427
.13686723629317685
.13978788049483556
.05487484309484231
.037374047710975196
.05423627494843078
.0866920409310698
.13213546250455008
.00996855755034257
.008217660048709201
.0993344716388829
.030213229810608953
.13049206673097713
.004295090194538504
.00610207000509018
.08763153495220868
.12224749984470183
.12825735484241924
.0005500185624676369
.02439071577616413
.12837628611715363
.1345382375163104
.09333722934990078
.08367962893100431
.11464393477428897
.027100361986974526
.008448726748803898
.11076787715214846
.0742854537493348
.14052223548106343
.035882912333192435
.006843226292159654
.013716664620516739
.012203431729991367
.08409464539877813
.0663173560858573
.0018817149910721864
.0029500690235289384
.014132459118909375
.047451219742601226
.007420422786500231
.12611235494916564
.0026630230000491465
.0742854537493348
.0742854537493348
.0742854537493348
.005107154319302552
.04363875752313228
.09691149869248464
.06442125032810089
.01397242023928036
.016935251330449777
.020270596398250226
.0006883052821086119
.0003280107460141849
.04894629711998789
.13240377851834859
.0742854537493348
.0742854537493348
.0742854537493348
.023604496311491037
.0005408572296142046
.1395881994536853
.13422967467797134
.0051828522350657324
.014704438757131951
.0742854537493348
.03472826592683173
.11331438616130492
.018986649382164055
.018986649382164055
.018986649382164055
.018986649382164055
.018986649382164055
.018986649382164055
.018986649382164055
.018986649382164055
.018986649382164055
.018986649382164055
.018986649382164055
.018986649382164055
.018986649382164055
.018986649382164055
.018986649382164055
.018986649382164055
.018986649382164055
.018986649382164055
.018986649382164055
.018986649382164055
.018986649382164055
.018986649382164055
.018986649382164055
.018986649382164055
