2.5957244769161107
1699830580721329e-45
35224296610758528e-50
12818647340368937e-53
2179310413580924e-49
16183163214749144e-48
.007730566395587144
.7966740690107758
0
4827986463319418e-25
29999423637519565e-25
0
16.328200632753692
3.090787566186228
12.046286125396309
0
1.8264267810778458
0
0
0
.014373660083175753
0
0
0
0
.10800704711800659
.33776357963528103
.38545446933411265
.012848407083198293
.24460720933916097
.02154968124526796
0
.005770876244497683
0
.12183689888040594
49.763940510564694
.0019151518990199834
6.215601169106971
1182.5222879635796
.13930681671563178
5260380067734774e-20
.22086960923033866
.22065299595478305
5115260376982916e-22
5346140642892234e-22
0
0
.002967092518099716
.08892170229543138
.25297613977386385
.4407489967060127
2.0021806217169416
.00024352064922841755
2.0019710131370854
0
5.847517630428619
5.822799461432095
.00296230862359636
0
.269064690966974
.5715435775815976
.6146278987236298
.008363710071983384
6.8566248930503795
6.250497994323
0
.1247518000042985
.11927482888247011
.07934830973059154
.045784427561378155
.5107823556414579
15.309069325044304
.6426644086280282
11.737076962325675
11.98441540118294
9.891978064941842
9.218485645044629
.7046827940096015
.6435286462649001
4.981373044761401
6.796682854903409
10.726504630425381
.23993208085031117
.6707640198270804
4121119627241672e-51
0
0
.0011795792103112461
.024792363044450455
1.3149948500322912
0
0
.8083886474663253
.13297683255139608
0
.0001377821200971356
.00011708429640620944
.08947576245266987
.1425342179197755
.020567625838249642
0
.024581841644686596
0
0
0
0
0
2.0827748630869403
.2047646790156162
.003593266068260154
0
16205693090734847e-27
.028345564422150315
0
0
0
0
.00017670024005087215
0
.020033751838772824
0
17394642561660116e-21
.0002411195184211638
.0006565253435577516
.0020088821584524933
0
0
0
0
0
0
.14404662338096152
0
4548253261471492e-63
0
0
.018264180759206324
0
.011647428699825426
0
.15948109452103798
0
5.002662960080381
0
0
.24773044674274222
5357.766462446399
211.38703412786407
290.64676887591634
0
105.2254167456801
.03930070781205439
0
.009162625684890955
.00020414463528302144
0
2.6466555030893972
0
0
0
.022376535760155362
0
0
.4971883373075781
27881253885499643e-22
0
.003220101490458067
.0031355279475770203
.004950385808863819
.0029221838330058766
.0016915514908929354
.002377018808473437
.0034171186701848198
.005901887772457361
.005277894044767045
.0031964134805806976
.0033297681711792677
.003334386249910854
.003516233149580821
.0024459144696078335
.003420584528006779
.00180238774102748
.002239388254873038
.002767689018408245
.0027869532165048856
.003484395935650869
.0023470660117307384
.0029532603878702347
.005634375362684135
.1252193465681725
.12432653748232168
.0745895889453067
.14170110077607137
.005665251775340115
.002003579479883339
.004357420811655982
.007232135981442523
.0074790824130916075
.0028977093540154416
.016037194251419706
.13272021288769523
.0014173383025224816
.008258346171047202
.13960327537132522
.010402660425913098
.004011306515034495
.041703012569926826
.003806038850739276
.008795463246815752
.03126055972101865
.05792947935611887
.03423335436644673
.01614538617852782
.08991545728002998
.019880735005695822
.04048079047366657
.0007303814679084787
.0015565740069397574
.009748103933989557
.003541344290864713
.13478073842245925
.10579243025867069
.005838081974824446
.043944027798683075
.01423975928884486
.0004945105928123712
.011911514829862992
.0002990544091638647
.046071768205499894
.03532013876234459
.07526964410320741
.011893207626614933
.010845912749234547
.0016610994722009167
3853512385154921e-21
.015821094644060143
.036220378892919076
.09514769802012911
.0745895889453067
.018697745570887433
.03614511709833069
.013400416551065794
.0237097025683393
.0033460777461856803
.14167940035635726
.04955784024677691
.05763545336669949
.1414080528704397
.000696104999217418
.0745895889453067
.018215742890600642
.0008956860736211477
.023238651140862022
.023942881086469067
.009521024131749335
.08153120859884647
.13902440669999452
.007138809519391064
.020979102175471814
.13108773859709685
.09261733147506832
.013307115090885767
.060563067255205716
.0002677937600701347
.02093635427664153
.12319106741555852
.00013008655401993425
.012388206446332773
.0276519149637854
.0003872169582021485
.003420252431017705
.007299511337008026
.006082703057284262
.02045923608527243
.07345164738720987
.022152460422261405
.08617577764005055
.006822601358097936
.006747006963358887
.029344044148332565
.00023001507335454005
.011391483997508315
.06111398701368029
.1371429961528222
.14004390799704827
.054889412426039653
.03738040799754896
.054250473610233954
.08701145556741867
.13243006331909554
.009968974523442177
.008217942057368649
.09966157215171635
.030217292930138397
.1306253509919032
.0042951664249769326
.006102224614880466
.08767436278580996
.12235358178485733
.12856230817657055
.0005500198002733542
.024393317256728452
.12850165979382003
.13468950207981042
.09338732159669276
.08399601843981583
.11473103304890579
.027103599912938717
.008449025027079277
.11109418730583576
.0745895889453067
.14071818907369266
.03588874701135366
.0068434211290574485
.013717462350955383
.012204060495097499
.08441147803817381
.06633960431465771
.0018817295295804166
.0029501048578438644
.014133306934666339
.04746182650923669
.007420652234439133
.12642181944117425
.0026630521780424397
.0745895889453067
.0745895889453067
.0745895889453067
.005107262333906671
.043647611226792456
.09696661292407933
.0644420835601898
.013973248589600305
.016936478481367794
.02027237151169881
.000688307221282527
.00032801118598361145
.04895764229957689
.13269753177548824
.0745895889453067
.0745895889453067
.0745895889453067
.023606927079049756
.0005408584264999318
.13984603111493935
.13437939250979877
.005182963497886646
.014705358067538242
.0745895889453067
.03473371095508912
.11339857161949812
.018988200952494514
.018988200952494514
.018988200952494514
.018988200952494514
.018988200952494514
.018988200952494514
.018988200952494514
.018988200952494514
.018988200952494514
.018988200952494514
.018988200952494514
.018988200952494514
.018988200952494514
.018988200952494514
.018988200952494514
.018988200952494514
.018988200952494514
.018988200952494514
.018988200952494514
.018988200952494514
.018988200952494514
.018988200952494514
.018988200952494514
.018988200952494514
