2.5957235778188723
17001144825472045e-46
3523019141243288e-49
1282080115875088e-52
2179676778365558e-49
16185888062037305e-48
.007730056934361717
.5758895371016071
0
4828033012596959e-25
2999971288311725e-24
0
16.328201173706915
3.171485394426666
12.141024185805717
0
1.8264274123317674
0
0
0
.014373660626263964
0
0
0
0
.10800508037028532
.337761666549504
.38542915266055994
.01284804760126814
.24459982785645373
.02154902774144014
0
.005676366108440911
0
.12183708940438512
54.08381033492433
.0013291343298129379
6.112910633428809
1274.2584522592624
.13200578386231215
3900473701465986e-20
.22086291983656986
.22064630368781926
5115228687458783e-22
5346146835550905e-22
0
0
.0029670920735484865
.08892061645587443
.2529763470898514
.4407493068639578
2.002181906848178
.00024352071068698927
2.0019722815422987
0
5.847485704791653
5.822798367378806
.0029623079841277398
0
.26906165887025985
.5715437342431926
.6146246590685459
.008363713953315732
6.856622335260807
6.250498686582394
0
.12475114896214692
.11927266184838796
.07934787915145824
.0457836601887128
.510779459505658
15.309085657737336
.6426645518450125
11.737077569024496
11.984431174447911
9.891861973831077
9.218485664868815
.7046835459918299
.6435292249503216
4.981373132101052
6.796683971501069
10.726505811104081
.22945283766763103
.6707024960935929
4121358752353801e-51
0
0
.0011795612294431715
.024792365180366437
1.3149959484494331
0
0
.8083885971020458
.13297587426065727
0
.0001377821537114006
.0001170844155084603
.08947581150175184
.14253424634668388
.020567505503116833
0
.024581838021213036
0
0
0
0
0
2.0827755743474223
.20476469106675207
.003592888298828265
0
1620532219305135e-26
.028345595731454433
0
0
0
0
.00017670037802728183
0
.020033699851348175
0
17394372913949798e-21
.0002411161663612266
.0006565258583328814
.002008852013144163
0
0
0
0
0
0
.14404664078639745
0
455066252952086e-62
0
0
.018263909646548806
0
.011647439199833095
0
.15948125693896284
0
5.002670609256197
0
0
.24773048815358342
5357.766547875463
211.38703820119966
290.6467690561068
0
105.22542211220488
.03930072715726787
0
.00916263415754949
.00020414491149148362
0
2.6466588328462004
0
0
0
.02237654933454518
0
0
.49718842429203897
278813024906487e-20
0
.003220104721166239
.0031355308734264987
.004950390342157569
.0029221865285807766
.0016915537686610742
.002377020820535025
.003417121821861441
.005901893172711252
.005277898779622925
.0031964169821004536
.0033297712530393053
.003334389329172778
.003516236405188099
.0024459170065292105
.0034205876847952102
.0018023894830180092
.0022393903731029096
.0027676919086729785
.0027869560398485482
.003484399136761743
.002347068168467885
.0029532631522738383
.005634375391653894
.12521937177885556
.12432660649612026
.07458965600862995
.14170114896368266
.0056652518046306725
.0020035794835115313
.004357420828923676
.007232136029377244
.00747908246438993
.0028977093616223424
.01603719449293558
.13272024414969305
.001417338304335313
.008258346233724286
.13960333261791683
.010402660525948255
.004011306529654523
.04170301433706946
.003806038863894151
.008795463318014729
.031260560681099586
.05792948296848558
.03423335552862057
.01614538642338847
.08991546731130688
.019880735380961193
.040480792131986215
.0007303814683890203
.0015565740091270561
.009748104021674534
.0035413443022455017
.1347808015082573
.10579250247940487
.00583808200594379
.043944029775725084
.01423975947829422
.0004945105930325199
.011911514961568573
.00029905440924433665
.04607177039451947
.035320140003769915
.07526965065146314
.011893207757909327
.010845912858108778
.0016610994746925184
38535123851682715e-22
.015821094878967233
.03622038020220856
.09514776973008994
.07458965600862995
.018697745901689246
.03614511840186916
.013400416718446103
.023709703108101856
.0033460777563407754
.14167945068461318
.04955784281065961
.05763545693851186
.14140810520107244
.0006961049996538759
.07458965600862995
.018215743204132304
.0008956860743441346
.023238651658667047
.02394288163728189
.009521024215344792
.08153121650685964
.13902444601604208
.007138809566084873
.020979102594684947
.13108780437397688
.09261734227410624
.013307115255900415
.06056307124354459
.00026779376013465694
.020936354694095913
.12319109129287868
.00013008655403515438
.01238820658897921
.02765191570670786
.0003872169583370921
.003420252441630099
.007299511385848913
.006082703091088245
.020459236483363168
.07345165357311881
.0221524608912879
.08617584788412563
.006822601400710511
.006747007005023922
.029344044989301245
.00023001507340213693
.011391484117791938
.06111399108361288
.13714305689626574
.14004396438875838
.054889415632519686
.037380409397281024
.05425047673512971
.08701152598557049
.1324301282197128
.009968974615201116
.008217942119427134
.09966164425023363
.030217293824308353
.13062538033674995
.004295166441751971
.0061022246489035575
.0876743722125926
.12235360513884788
.12856237536281376
.00055001980054574
.02439331782922783
.1285016873963966
.1346895353850455
.09338733262270088
.08399608819439944
.11473105222259819
.027103600625503134
.008449025092718066
.11109425921770781
.07458965600862995
.14071823222432087
.03588874829540825
.0068434211719328964
.013717462526505068
.012204060633463978
.08441154788998893
.06633960921131334
.0018817295327797007
.0029501048657294333
.014133307121238045
.047461828843569774
.007420652284931083
.12642188762389128
.0026630521844632385
.07458965600862995
.07458965600862995
.07458965600862995
.005107262357676078
.043647613175292005
.0969666250556911
.06444208814538832
.01397324877188835
.016936478751418294
.02027237190233853
.0006883072217092525
.00032801118608042897
.04895764479642991
.13269759648903595
.07458965600862995
.07458965600862995
.07458965600862995
.02360692761397989
.0005408584267633129
.13984608790446768
.13437942547432932
.00518296352237085
.014705358269843432
.07458965600862995
.03473371215338884
.1133985901518117
.018988201293939296
.018988201293939296
.018988201293939296
.018988201293939296
.018988201293939296
.018988201293939296
.018988201293939296
.018988201293939296
.018988201293939296
.018988201293939296
.018988201293939296
.018988201293939296
.018988201293939296
.018988201293939296
.018988201293939296
.018988201293939296
.018988201293939296
.018988201293939296
.018988201293939296
.018988201293939296
.018988201293939296
.018988201293939296
.018988201293939296
.018988201293939296
