2.5957275844067316
16985184175601747e-46
3519705892944913e-49
12808707684363082e-53
21776198999499944e-50
16170594958154015e-48
.007736129697085097
1.8574091182021073
0
4827825580927655e-25
29998423959519785e-25
0
16.32819874125614
2.6833418858988147
11.512421251476793
0
1.8264249189311268
0
0
0
.014373658206135871
0
0
0
0
.10803300602526351
.3377701993571858
.3857310448537837
.012849297083503285
.24463273584071285
.021551941085359776
0
.00624081515303092
0
.12183624167873609
29.407677339017834
.005315398945845315
6.726656183974976
733.5606567972125
.17630343913652338
.00010666838293390892
.22089273389382244
.22067615204666516
5115425402462067e-22
5346119241664872e-22
0
0
.0029670786290881736
.08894066977491523
.25297538773415074
.4407479876562258
2.0021761803094065
.0002435204397882765
2.001966668083793
0
5.848085315375156
5.8227998091340165
.0029623112165009366
0
.2691185647097558
.571543220020579
.614639126226483
.008363696258014159
6.856633767299819
6.250494700394978
0
.12475382876553635
.11930733450008046
.0793493682895302
.04579710689558014
.5107923729999678
15.308784553352881
.6426634879804547
11.73707700392768
11.98408526054201
9.894007691512412
9.218487369727319
.7046633480491519
.6435198564681269
4.981372628510634
6.796677642714771
10.726500549940168
.2909936485932681
.6710696584072122
41202943539450964e-52
0
0
.0011798990375158475
.024792353566105714
1.3149909426470485
0
0
.8083890279292009
.1329815379078189
0
.0001377819720847918
.00011708386466796755
.0894755929275586
.14253411966964796
.020568042065175884
0
.024582119195527972
0
0
0
0
0
2.0827720887098335
.20476463736403802
.0035958359036976314
0
16209619360357897e-27
.028344766409810606
0
0
0
0
.00017669746215675988
0
.020034664775958867
0
17399384571363416e-21
.00024118038321616273
.0006565236766156854
.0020094187696006955
0
0
0
0
0
0
.14404656333687918
0
45398314432912505e-64
0
0
.018269083352888217
0
.01164739240941616
0
.1594805331675786
0
5.00252539761569
0
0
.24773034780250924
5357.766167183558
211.38702004946302
290.6467682531358
0
105.22539819771583
.03930064071716913
0
.009162596401458044
.00020414368064795377
0
2.6465808276684943
0
0
0
.022375943008584316
0
0
.4971880366690347
27881080924678114e-22
0
.003220090324540856
.0031355178351899497
.00495036925827069
.0029221739955510606
.0016915433168549054
.0023770114305765233
.003417107168108478
.00590186805583031
.005277876739087964
.0031964008078570402
.0033297569259829293
.003334375012864837
.0035162212706276773
.0024459052653968785
.003420573007645039
.0018023813990040646
.0022393805345597793
.0027676785356062507
.002786942961562809
.003484384250724894
.0023470581391521277
.002953250306989533
.005634375262557865
.1252192594341885
.12432629895477909
.07458935715924064
.14170093422853333
.0056652516741050925
.0020035794673434566
.004357420751974786
.007232135815768906
.0074790822357926
.0028977093277242107
.016037193416684296
.1327201048389685
.0014173382962569124
.00825834595442053
.13960307751388665
.010402660080168177
.004011306464504257
.04170300646226865
.003806038805272951
.008795463000735417
.03126055640275429
.057929466870935364
.03423335034970208
.016145385332232094
.08991542260959677
.019880733708690868
.04048078474212603
.000730381466247614
.0015565739993799418
.009748103630929737
.0035413442515300412
.13478052038340407
.10579218064729613
.005838081867268708
.04394402096556357
.014239758634063524
.0004945105920514858
.011911514374657676
.0002990544088857348
.04607176063973639
.035320134471688316
.07526962147090663
.011893207172830784
.010845912372939718
.001661099463589357
3853512385108775e-21
.01582109383216624
.0362203743677084
.09514745017414498
.07458935715924064
.018697744427558928
.03614511259299687
.013400415972560262
.023709700702793594
.003346077711087296
.14167922641026184
.04955783138539893
.057635441021681215
.14140787200367294
.0006961049977089173
.07458935715924064
.018215741806961838
.000895686071122336
.023238649351206668
.023942879182731046
.009521023842823861
.08153118126690707
.13902427081461582
.0071388093580063245
.020979100726573125
.13108751125706017
.09261729415107414
.013307114520556506
.060563053470574564
.00026779375984713064
.020936352833821475
.12319098488998517
.0001300865539673299
.012388205953313294
.027651912396071537
.0003872169577357517
.003420252394338786
.007299511168202484
.006082702940449777
.02045923470937767
.0734516260072641
.022152458801196078
.08617553486053674
.006822601210818896
.006747006819354768
.029344041241748043
.00023001507319003398
.011391483581779957
.06111397294704225
.13714278620947193
.14004371309427405
.054889401343695216
.037380403159747576
.05425046280986386
.08701121218625275
.1324298390076185
.009968974206301794
.008217941842879994
.09966132296277501
.03021728983967782
.13062524956929333
.0042951663669984685
.006102224497288697
.08767433020464965
.12235350106803242
.12856207596546163
.0005500197993319255
.024393315278036634
.12850156439289853
.1346893869691842
.09338728348823705
.08399577735210467
.11473096678016029
.027103597450149355
.008449024800216254
.1110939387619388
.07458935715924064
.1407180399351222
.03588874257336067
.006843420980869867
.01371746174421456
.012204060016870556
.08441123661440672
.06633958739067204
.001881729518522942
.0029501048305894937
.01413330628983085
.04746181844123578
.007420652059927129
.12642158378603185
.0026630521558506544
.07458935715924064
.07458935715924064
.07458935715924064
.005107262251754036
.043647604492322356
.09696657099440008
.06444206771267239
.013973247959570143
.01693647754801006
.02027237016155651
.0006883072198076634
.00032801118564898735
.04895763366986908
.13269730811056532
.07458935715924064
.07458935715924064
.07458935715924064
.023606925230206022
.0005408584255896254
.13984583483721513
.134379278576726
.005182963413263501
.014705357368324151
.07458935715924064
.03473370681348501
.11339850756750654
.01898819977238142
.01898819977238142
.01898819977238142
.01898819977238142
.01898819977238142
.01898819977238142
.01898819977238142
.01898819977238142
.01898819977238142
.01898819977238142
.01898819977238142
.01898819977238142
.01898819977238142
.01898819977238142
.01898819977238142
.01898819977238142
.01898819977238142
.01898819977238142
.01898819977238142
.01898819977238142
.01898819977238142
.01898819977238142
.01898819977238142
.01898819977238142
