2.59573161184233
1696915536668394e-45
3516377512603308e-49
12796562627786664e-53
21755542491197276e-50
161552366494236e-46
.007748107570354287
2.5453996265288126
0
4827617077503218e-25
2999712838428552e-24
0
16.328196259698878
2.3869160520327806
11.056109141399636
0
1.8264229168517967
0
0
0
.014373655773415357
0
0
0
0
.10809675275439283
.3377788032204393
.3863265687998416
.012849911235796246
.2446659301689625
.02155487111326245
0
.006576208163846713
0
.12183539167986929
16.29470577445398
.008058627907531488
7.091837787013809
423.87116037028983
.2029123255541284
.0001302098919585717
.22092270632623695
.22070615154190953
5115867724081776e-22
5346091546104637e-22
0
0
.0029670394363280313
.08898914039557355
.25297436717530886
.4407467609017789
2.002170424792845
.00024352015519757015
2.0019610094686446
0
5.84953878916678
5.8229497764365625
.0029623144367007534
0
.2692565367189266
.5715430056746733
.6146538892288153
.008363678254679001
6.856645613108817
6.2504892670758965
0
.12475614407665667
.11938875276953516
.0793500683271509
.045829295826314155
.510805387368123
15.308056781582666
.6426616109747421
11.737079810936336
11.983224406059884
9.899206784233987
9.21849182622911
.7046116806250583
.6434977974241614
4.9813719412785655
6.796669139850459
10.726495261736384
.3257865640117331
.6712873147324145
4119224663337553e-51
0
0
.0011807184290180694
.0247923385741712
1.3149857351423846
0
0
.8083897867338176
.13298495616764155
0
.00013778173913471729
.000117083279162689
.08947537321570027
.14253399233327374
.020568582832979777
0
.02458356628129885
0
0
0
0
0
2.082768084699517
.20476458338180847
.0035994444406141804
0
16218885134717846e-27
.028342672553230242
0
0
0
0
.0001766904562869896
0
.020036997625533626
0
17411515875576377e-21
.00024133666478126122
.0006565216123420444
.0020107934810207435
0
0
0
0
0
0
.14404648566301026
0
4528969926847758e-63
0
0
.01828166812538715
0
.011647345375718921
0
.15947980563292913
0
5.002172543486387
0
0
.24773027645643506
5357.765784510801
211.38700180327777
290.64676744598677
0
105.2253741587964
.039300553458151755
0
.009162558449047694
.0002041424434098737
0
2.646384845568157
0
0
0
.022374317325817555
0
0
.49718764702939583
2788085034102612e-21
0
.0032200758532364617
.003135504729213899
.004950346668201736
.0029221605729699003
.0016915323335141394
.002377001321193389
.0034170914741584904
.005901841143370349
.005277853094906459
.0031963836463723225
.0033297415850867935
.003334359681454282
.0035162050654095937
.0024458927731976165
.003420557289198538
.0018023727644883364
.0022393700130178976
.002767664312219416
.0027869290290541073
.00348436830430313
.0023470473955733385
.002953236561772332
.005634375132790103
.12521914650505123
.12432598981394448
.07458905675601943
.14170071837636217
.005665251542900344
.0020035794510912535
.004357420674625505
.007232135601049096
.007479082006005799
.002897709293649694
.016037192334832955
.13271996480350473
.0014173382881364765
.008258345673663462
.13960282108292055
.010402659632068562
.004011306399014994
.04170299854649384
.0038060387463467234
.008795462681805196
.031260552102147794
.05792945068962816
.03423334514383656
.016145384235398106
.08991537767530944
.01988073202771925
.040480777313815046
.000730381464095065
.0015565739895821089
.009748103238151765
.0035413442005506903
.13478023779633871
.10579185714155083
.005838081727872053
.04394401210956132
.014239757785440038
.0004945105910653471
.011911513784692896
.00029905440852526704
.04607175083419768
.03532012891082212
.07526959213852429
.011893206584707888
.010845911885246171
.001661099452428422
3853512385048969e-21
.01582109277991843
.03622036850285011
.0951471289565009
.07458905675601943
.01869774294575829
.036145106753899814
.013400415222793347
.023709698284969886
.0033460776655983462
.14167900096928215
.049557819900691094
.057635425022033865
.14140763759324465
.0006961049957538386
.07458905675601943
.018215740402521493
.0008956860678837733
.02323864703173997
.023942876715408533
.009521023468364583
.08153114584360335
.13902409470177207
.007138809148845072
.020979098848741003
.13108721661560072
.09261724577766524
.013307113781386373
.060563035605130516
.00026779375955810814
.020936350963867513
.12319087793352997
.00013008655389915255
.01238820531433981
.02765190906820917
.00038721695713128234
.0034202523468014005
.007299510949423567
.0060827027890274854
.020459232926161634
.07345159829798448
.022152456700228945
.08617522020930239
.006822601019939214
.006747006632719513
.029344037474695443
.00023001507297682735
.011391483042978939
.06111395471610578
.13714251411472705
.14004346049266111
.05488938698052446
.03738039688975899
.054250448812143304
.08701089675524781
.13242954829127607
.009968973795274836
.008217941564893892
.09966100000457027
.03021728583431434
.13062511812153602
.004295166291855997
.006102224344884935
.08767428797814403
.1223533964557865
.12856177501092902
.0005500197981117953
.02439331271357093
.12850144074948538
.13468923778122355
.09338723409813435
.08399546489352774
.11473088089319737
.027103594258273436
.008449024506192459
.11109361663964046
.07458905675601943
.1407178466456338
.03588873682154008
.006843420788812672
.013717460957853556
.012204059397068803
.08441092372028526
.06633956545649713
.0018817295041920002
.002950104795266708
.01413330545409759
.04746180798477692
.007420651833752407
.1264212783679192
.0026630521270891894
.07458905675601943
.07458905675601943
.07458905675601943
.005107262145280845
.043647595764173784
.09696651665183839
.06444204717364405
.0139732471430252
.016936476338340143
.02027236841171671
.0006883072178961797
.00032801118521530074
.048957622485415214
.1326970182321794
.07458905675601943
.07458905675601943
.07458905675601943
.02360692283402875
.0005408584244098309
.13984558045361653
.13437913091492046
.00518296330358843
.014705356462113992
.07458905675601943
.034733701445796517
.11339842455354494
.018988198242906446
.018988198242906446
.018988198242906446
.018988198242906446
.018988198242906446
.018988198242906446
.018988198242906446
.018988198242906446
.018988198242906446
.018988198242906446
.018988198242906446
.018988198242906446
.018988198242906446
.018988198242906446
.018988198242906446
.018988198242906446
.018988198242906446
.018988198242906446
.018988198242906446
.018988198242906446
.018988198242906446
.018988198242906446
.018988198242906446
.018988198242906446
