2.5969181474004737
12849197012514002e-46
26610516547311984e-50
9676845307960232e-53
16449756828359262e-50
12211002360051774e-48
.00849592910057285
.4805310857111255
0
4766579963233547e-25
29617862858557724e-25
0
16.327454512960436
2.42478425542399
11.860214351070319
0
1.8258125178706481
0
0
0
.014372939079948445
0
0
0
0
.11501794767025741
.34108781675608596
.42388050480514894
.013184267145159738
.2563811989056535
.02255823009464959
0
.0069729677307121644
0
.12158692803706472
.2863312397228578
.0012871163943596639
7.523032655432621
7.037259782267019
.17064183211679942
25009661413425484e-21
.23116346564185697
.2309002621817766
5339189071671506e-22
534392286563809e-21
0
0
.002894614569369463
.0932458878067372
.25266903145193687
.4403814405093586
2.000499829493779
.00024316744423380864
2.0002909392789796
0
5.983396611524498
5.959107394752934
.0029486666975604672
0
.28228658420099434
.5720730091904502
.6247297306036456
.00836484981660028
6.864829201623658
6.248790051496247
0
.12678011323381055
.12694741887184444
.08004192085283973
.049021716143993206
.5157876885716751
15.25382634502384
.6418055774756737
11.737768378453385
11.923197287308712
10.183965678855582
9.229328548435833
.7012297764900232
.6417565288446251
4.981156909661168
6.794016473433486
10.724936387657461
.26483777855754165
.6714748676207786
38158657692574115e-52
0
0
.0012594423164439465
.02478769227577227
1.3134402055912566
0
0
.8086000180596394
.1330344951972881
0
.00013770964441566817
.00011690877410716724
.08941064188909598
.14249646924499504
.020776125468459312
0
.025213430890140633
0
0
0
0
0
2.081554175440036
.2047486760023454
.0038360707249609377
0
1715151531715822e-26
.027801718863424685
0
0
0
0
.0001724987005756457
0
.020251429099610686
0
18510110308896448e-21
.0002552286949207102
.0006541779668897148
.0021346631906925912
0
0
0
0
0
0
.14402359726743014
0
22378617924994754e-64
0
0
.019484995737277702
0
.011633496917297087
0
.15926556779254217
0
4.97623282670159
0
0
.24770635746567243
5357.65304526809
211.38162630543857
290.6465296493391
0
105.21829221572736
.03927482862274714
0
.009151383574730176
.00020377837936008604
0
2.6351697215921104
0
0
0
.02227842148488736
0
0
.4970728677235098
27812474507730426e-22
0
.0032158225380522244
.0031316463047428664
.004943620505828092
.0029181640835340317
.0016882734607460517
.002373991045825271
.0034124189797901366
.0058938279235989325
.005270811336649885
.0031912821975141987
.00332517469463702
.0033297951908140525
.0035113805630854786
.002442177312374177
.0034158775350921953
.0017998033741466245
.0022362352243223606
.0027634349260865524
.002782784954423472
.003479620434261056
.0023438491757849108
.002949144931679681
.005634336901629008
.12518588052863214
.12423494631734538
.07450060667309887
.14163713980003545
.005665212888386004
.0020035746629839483
.0043573978865685745
.0072320723420432696
.0074790143080959645
.002897699254865772
.016036873610360883
.1326787149451626
.0014173358957511879
.008258262959350088
.13952729365065872
.010402527616862613
.004011287105062141
.041700666520429405
.0038060213859438838
.008795368721265781
.03125928511260931
.05792468366026746
.03423181146177685
.01614506109690723
.08990214042034858
.019880236797535613
.04047858889494009
.0007303808299260945
.001556571103014255
.009747987521278575
.0035413291813946785
.1346970097200326
.10569659115308883
.005838040659926801
.04394140309240122
.014239507771989627
.0004945103005359991
.011911339974572865
.00029905430232674126
.0460688620842517
.03531849064454069
.07526095093017804
.011893033317225268
.010845768205260297
.0016610961642732677
38535123674292645e-22
.015820782776905573
.036218640679726744
.0950525412142296
.07450060667309887
.01869730639289363
.036143386520095945
.013400194333414507
.023708985973005275
.00334606426398168
.14161259870612114
.049554436470427746
.05763071150864478
.1413385941121934
.0006961044197621344
.07450060667309887
.01821532664061811
.0008956851137610528
.02323796369638943
.023942149820779378
.009520913148372188
.0815207103420329
.1389722192524058
.007138747527453089
.020978545621991477
.1310004401931886
.09260299543454421
.013306896013920138
.06055777243954673
.0002677936744082967
.020935800058081076
.12315937119672013
.00013008653381320893
.012388017065773223
.027650928653576486
.0003872167790466895
.0034202383416904705
.007299446494559431
.006082658178190925
.02045870757400507
.07344343523450839
.022151837736324675
.08608256982198881
.00682254478450386
.006746951647740692
.029342927672454583
.00023001501016336312
.011391324306213986
.061108583878973
.13706237492264398
.13996906056782188
.05488515556494966
.037378549714357265
.05424632505661557
.08691801640287053
.13234392721260724
.00996885270205881
.008217859666936935
.09956589782251107
.03021610582461037
.13058639764068536
.004295144153951942
.006102179444895584
.08766184837911221
.12232258020509285
.12847314051337513
.0005500194386454869
.024392557199946745
.1284650189518413
.13464529223839936
.09337268426090273
.08390346107683211
.11470558026247536
.02710265390596612
.008448937883356418
.11099875582836254
.07450060667309887
.14066091257675276
.03588704229959832
.006843364206468826
.01371722928751011
.012203876796681659
.08431879147794547
.06633310367553595
.001881725282112629
.0029500943887273597
.014133059238226697
.0474587274746231
.007420585200001057
.12633133029200447
.0026630436535964408
.07450060667309887
.07450060667309887
.07450060667309887
.005107230776973603
.04364502441267391
.09695050794367889
.06443599639048843
.013973006580210787
.016936119957416944
.020271852892447956
.0006883066547481687
.0003280110574455446
.048954327509293634
.13261164381094523
.07450060667309887
.07450060667309887
.07450060667309887
.02360621689924394
.0005408580768269413
.1397706558416269
.13433563486731245
.005182930991969357
.014705089483100568
.07450060667309887
.03473212009020736
.1133739701934102
.018987747644804976
.018987747644804976
.018987747644804976
.018987747644804976
.018987747644804976
.018987747644804976
.018987747644804976
.018987747644804976
.018987747644804976
.018987747644804976
.018987747644804976
.018987747644804976
.018987747644804976
.018987747644804976
.018987747644804976
.018987747644804976
.018987747644804976
.018987747644804976
.018987747644804976
.018987747644804976
.018987747644804976
.018987747644804976
.018987747644804976
.018987747644804976
