2.6099056454220406
5643255011138112e-47
11644270539958485e-51
4189071263776816e-54
7111612537452235e-51
5260250489936394e-49
.009369597165343604
.4830080769788982
0
41469148907770774e-26
25767407997708066e-25
0
16.31957780975722
4.00587268549838
12.276070710527046
0
1.8146822393315731
0
0
0
.014365096695549265
0
0
0
0
.11295424147688832
.3687337264562963
.4658760319316426
.019088946246350786
.35621795169113263
.0315350997006918
0
.006064553141675062
0
.11898936206547259
.34744490782579496
.0010429172677237095
6.519782156918803
6.180237425259314
.12790088351558127
41258917110964113e-21
.32310473639223025
.32294774543446586
5391237168435968e-22
5346816822158765e-22
0
0
.003145636433849558
.08668646738979109
.24987409891063184
.43552906036613115
1.9813333687225845
.00024252529354131325
1.981127382106953
0
5.729755523052986
5.706023183406596
.003073500195508647
0
.25817186541523734
.5675657428379086
.6619536309523725
.008306599335864738
6.898071526637265
6.24454155706913
0
.13449608712051267
.12231623858284679
.08681552563990587
.04429279983946959
.5576545153024928
15.297101397602905
.6410598432825694
11.715324656754786
12.029011524763773
9.85818175463202
9.196809506438766
.7105838967457846
.641714736263977
4.980624166047755
6.786519730015469
10.70775777761994
.2158825488394031
.6700981337779889
16508440835962455e-52
0
0
.0011154790099256007
.02477020678241809
1.2983680384425142
0
0
.8080053501842396
.1334942876052207
0
.00013742749072858895
.00011533780450331734
.08870675663816201
.1420847607399907
.022521426472837135
0
.02376654988721536
0
0
0
0
0
2.073316055319384
.2045740955582207
.003396033517849184
0
18967135046728968e-27
.02933157936030698
0
0
0
0
.00018381580718869857
0
.019854559617709076
0
16744080596804825e-21
.00023080631502376333
.0006564994246762575
.0019277936690789636
0
0
0
0
0
0
.143771796493356
0
0
0
0
.017191060426482514
0
.011482990338281915
0
.15694216870374345
0
5.001324048196649
0
0
.2468220380056652
5356.419187023923
211.32279649285633
290.6439268041245
0
105.14080633208444
.03899803615410489
0
.00902997847280358
.00019984894685792968
0
2.664281784852537
0
0
0
.02273861201542896
0
0
.4958183031319541
2716181344488346e-21
0
.003170524711146647
.0030904162857026277
.0048840033668985676
.002882693832232003
.0016575215780870525
.0023476777287764947
.003370947364485101
.005822809465241085
.005208637762500868
.0031445810117221814
.0032846112762520423
.0032892726330043514
.0034685291166529643
.00240853309704959
.0033743367583891123
.0017768039907218255
.002208312049894243
.0027250347322361475
.0027453629129573194
.0034375105916615114
.002315481017664505
.002912729739242311
.005633918450615945
.12482233739103263
.12324275694499692
.07353928621072028
.14094308807441927
.0056647898037457695
.002003522254401575
.004357148462438198
.007231379962210222
.0074782733451043614
.0028975893753197058
.016033385352396574
.13222804243985736
.0014173097096114313
.00825735764495746
.13870325738412806
.0104010827235687
.004011075924727919
.04167514931650237
.0038058313688361265
.008794340320178728
.031245420343775344
.05787253068253913
.034215028683254385
.016141524532980896
.08975737634326367
.019874816948030435
.04045464278573998
.0007303738885196811
.001556539507771452
.009746721005413468
.0035411647899303645
.13378937078279116
.1046594271536359
.0058375911601672385
.043912855619655224
.014236771479193134
.000494507120491316
.011909437661705194
.00029905313990880196
.046037254446092954
.03530056359107497
.07516643142778659
.011891136943140299
.01084419564734109
.0016610601734398176
385351217456874e-20
.01581738996467922
.036199733781798596
.09402333658672873
.07353928621072028
.01869252866935789
.036124562656706764
.01339777677591466
.023701190597402947
.003345917577011337
.1408878089273006
.04951741745422398
.05757914385778538
.1405850631687329
.0006960981151435369
.07353928621072028
.01821079832887783
.0008956746702576849
.023230485405582806
.02393419487094229
.00951970569907347
.08140657344420556
.138405668511501
.007138073071099358
.02097249110497832
.13005435616444877
.09244715829726104
.013304512622974524
.060500193143684426
.00026779274238320926
.020929770939649404
.12281503332251922
.00013008631395809294
.012385956734772118
.027640199571907654
.00038721482978615096
.003420085049274816
.007298741026218003
.006082169901402096
.02045295809293546
.07335414383330598
.02214506385502765
.08507493284588921
.0068219292769071144
.006746349826295672
.029330782820364373
.00023001432262525733
.011389586961026
.061049826994307464
.13618824859138312
.13915727861220842
.054838860952541896
.03735833699750904
.0542012080294737
.08590783207564626
.13141035335304638
.009967527344555391
.008216963287358658
.09853084934442707
.03020319276904815
.13016332334925665
.004294901845887835
.006101688003327221
.08752580322059665
.12198578084052158
.12750695712173726
.0005500155040396413
.024384289081364738
.1280670300524977
.13416521256835398
.0932135737949856
.08290297665057307
.11442901088116766
.027092363196082415
.008447989791228263
.10996571554803325
.07353928621072028
.1400392315917229
.035868499749632014
.006842744901987058
.013714693742231299
.012201878280730088
.08331688736272451
.06626241590058822
.0018816790689905314
.0029499804839558936
.014130364506155726
.04742502211055573
.007419855884057114
.1253509570413846
.002662950906794123
.07353928621072028
.07353928621072028
.07353928621072028
.0051068874405429615
.04361688899465069
.09677545363933342
.06436980328270746
.013970373715308508
.016932219598237822
.0202662110146405
.0006883004907121328
.0003280096589155267
.04891827608472361
.13168074182012182
.07353928621072028
.07353928621072028
.07353928621072028
.023598491307576578
.0005408542722930333
.1389531709760498
.13386045831789625
.005182577330875703
.014702167519735602
.07353928621072028
.0347148157048652
.1131066438924382
.01898281621860203
.01898281621860203
.01898281621860203
.01898281621860203
.01898281621860203
.01898281621860203
.01898281621860203
.01898281621860203
.01898281621860203
.01898281621860203
.01898281621860203
.01898281621860203
.01898281621860203
.01898281621860203
.01898281621860203
.01898281621860203
.01898281621860203
.01898281621860203
.01898281621860203
.01898281621860203
.01898281621860203
.01898281621860203
.01898281621860203
.01898281621860203
