.00176939942738973
34.02152280165106
1.2309420055648803
.09804078176878624
.011952472667491793
2.046256369692598
4.691487406999885
13.580226756379847
0
.286627151872657
.17069095361164932
0
13.349843536588724
.14689163690251023
63.20925487267568
0
1.5663376318268114
0
0
0
.016029358825154123
0
0
0
10452073006972507e-96
8.345903438992822
16.823362381278663
80.60961830361704
9.620106180553924
49.80038857754428
9.418615285824496
0
.05151587754389371
0
1.4504746364361385
.5377426406919992
.8139142492467543
40.292181819599314
40.550901076446955
7.972726267309613
21722454703503172e-21
124.95048087449055
41.83248255545565
.0005894520085843814
16.01254038655869
0
0
1.2172333005022147
30.11607175316784
.2089585356827041
3.1643644640574773
24.91493626432236
2.8052774548949193
70.17543894766168
0
8.59937082570053
93.36968993995703
185.35760654655465
0
.5593942384591479
.40924448571854166
29.72631829858841
42.82669788477052
57.52958957348763
8.849323787408178
0
38.49800161720129
126.94534582552166
.7954644334128881
.048386999889721706
4.338925906322424
37.291921070026866
9.315649709255243
12.176433491655489
90.85102757383115
85.04825930904421
4.3017928149836
6.870422692361482
.8270288526896084
5.2620914979517615
14.25511973485788
7.388437081229107
9.034991615015363
.5628679445789838
9.744533874116684
0
0
.4597313208667885
.033128778082434446
5.106740905190405
0
0
.6276988671818434
.1513262950780954
0
.00040617923281629413
.029437537073549503
.443910425906931
.11589296740064095
.4623559391190025
0
4.639114532080053
0
0
0
0
0
6.5119376094208254
.2093979576969783
.2430894957613924
0
.0006547596702724798
1.4555002622746147
0
0
0
0
.0007915592906796243
0
.03394570411906809
0
.11739467497806291
2.011374175608559
1.2756028276808042
7.749709874438117
0
0
0
0
0
0
.23523924115662057
0
5.387866298325033
0
0
5.351825826246374
0
.16103635590424398
0
3.51150520509841
0
35.55144035528609
0
0
.27509259759498933
5609.991940701214
223.47168136492675
291.16709550910923
0
121.90524185672437
.16295679388684542
0
.13152677556411158
.44992488074870857
0
89.76457524580769
0
0
0
.40413557683568013
0
0
.8261585590917648
7121040945478112e-20
0
27925909757942375e-22
21114614295567243e-51
.3510916872472419
.33561388612811494
.3126301618139595
.37776866015305205
.32922758760358894
.5083342332795383
.25191020163144145
.3868575656351052
.32644880223690886
.33147230026206415
.3576771001107915
.3514760619911794
.33687846344605005
.297902257024257
.3308948516281858
.3455334554797454
.35030288432588713
.3234573387983551
.2689764094309052
.3397035626119491
.005718578018774899
.22383829958374596
.6167240391305538
.998232165036941
.3779764926115674
.005750390373747579
.002014074446437899
.0044075251291054805
.007371761546040135
.007628555507107241
.002919739085781244
.016749342346315903
.2618614851469831
.0014225781027731844
.008441167965984936
.4557186470808163
.010695309282196499
.004053708805183756
.04712607672863345
.0038441813916580687
.009003294463668758
.0341568788450824
.06934772723723165
.03775599799967898
.016867508345372352
.12405658518171828
.020993422863825464
.045559356139171475
.0007317691791982736
.00156289731739156
.010004392041724808
.0035743313072466544
.5201121060790201
.7582580604709199
.005928557248941038
.05003465536809252
.014796958496486276
.0004951461443339894
.012297619813754022
.0002992866661838016
.052840568689160074
.03908962347331993
.09674415409271662
.012278097383508376
.011164614814542796
.0016683034850238808
3853550904818341e-21
.01651354234480444
.04020176528183192
.8370091930610394
.998232165036941
.019676907714577946
.04010852765345119
.013892126349286136
.025319231560967107
.0033755045086997083
.39481607435613997
.057535366962547255
.0689190495959498
.4113000960497218
.0006973653486436526
.998232165036941
.01914313828253877
.0008977743691236528
.024781616528070264
.025585935656328312
.009765283180955995
.10785838684356926
.3143622396768814
.0072748033701142585
.022224102512711428
.5575394062411028
.12965416139060262
.013791811894118546
.07323542865697126
.0002679799758187477
.0221760533972189
.21549341451962126
.00013013047249654485
.012806663079573002
.029880553863864713
.0003876064752650251
.003451007340806419
.007441789374935683
.006181015829877
.021640603140048946
.09365335076954288
.023547816388302546
.9051508790228913
.006946655804246034
.006868290552470805
.03187342176532059
.00023015243457548092
.011743850140337225
.07405987985367071
.49219869881153294
.4475073144077701
.06496558515141777
.04164493584002996
.06405840096308496
.8986894868949861
.5445485615812728
.010237251485747582
.00839894952345932
.8034770507973864
.03291035425546417
.24975009432350617
.0043438372151268926
.006201177214215898
.11956175814696916
.21221426462581827
.5806484460051493
.0005508062126103619
.026102218814880045
.23880894437715472
.2748911127434112
.13128732162601867
.922141226690711
.18581266802124005
.02923937017969649
.008640535472290095
.7190336530460201
.998232165036941
.3408537468202438
.039791282774081345
.006968244356834408
.014233400888394287
.012609857607649842
.9188869612824084
.08208369890990887
.0018909823504031484
.0029729431936335823
.014681960162854162
.05469777585684492
.007567764084387135
.5992175654894991
.0026816411865276443
.998232165036941
.998232165036941
.998232165036941
.0051763011080129375
.04964722768966298
.13911778602543184
.07912634048007247
.014509183943769125
.017733790461062562
.021431309472999562
.0006895394544170545
.0003282906299739839
.05671817142515557
.5418870702236213
.998232165036941
.998232165036941
.998232165036941
.025201800581902183
.0005416188321538322
.45129891752344653
.27270797890237564
.005254085609427955
.015300759683934628
.998232165036941
.038368790889072926
.18170868265683202
.019999292252751995
.019999292252751995
.019999292252751995
.019999292252751995
.019999292252751995
.019999292252751995
.019999292252751995
.019999292252751995
.019999292252751995
.019999292252751995
.019999292252751995
.019999292252751995
.019999292252751995
.019999292252751995
.019999292252751995
.019999292252751995
.019999292252751995
.019999292252751995
.019999292252751995
.019999292252751995
.019999292252751995
.019999292252751995
.019999292252751995
.019999292252751995
