.0017857927205892068
34.012448193859974
1.230906687218233
.09803890383386094
.011952240561410456
2.0462764162644422
4.6911588612353325
13.458333401043628
0
.28661896974359247
.17069061680549177
0
13.345400881490127
.14675079338179764
63.10904092338162
0
1.578549788901807
0
0
0
.016029347780737564
0
0
0
10400579633475675e-96
8.386508189235656
16.906962767636227
80.61692696623614
9.613503243343658
49.81928510541571
9.153419754071924
0
.05150020452966037
0
1.451327828801149
.5372663490121334
.796032370412542
40.28054224412432
40.51779338088578
7.847999435324193
215087624720549e-19
120.99261645350906
41.83248853873497
.00020465364608946246
16.00617965226616
0
0
1.2151615241614357
30.10858037803662
.20911408704526632
3.1643241262215893
24.89588771780962
2.8045251082842886
70.17509074749707
0
8.603633485346824
41.935209466836376
183.8127818235749
0
.560726789966071
.4106855317484446
29.730725253398255
42.68807300789106
57.528990709894
8.849280559401482
0
38.56114745107701
126.7982094960687
.8118051560682624
.04933794067199335
4.345046025820208
37.29810056319539
9.315559022461255
12.17842260981384
90.82111596457499
84.93022279868663
4.34870020736465
6.866695727999154
.8364989307369126
5.262084318566882
14.25474107486053
7.3891412107415615
8.894663114168468
.5628686185680223
9.742841127270921
0
0
.45925346808505935
.033128581742187316
5.105132461126284
0
0
.6276964659619176
.1512081829854281
0
.00040616383149881167
.029436284656406027
.4439073260502785
.11589689772587618
.4653743189262769
0
1.641914468119024
0
0
0
0
0
6.511805607496103
.20940699111746128
.2429844566261145
0
.000659207415686807
1.4544166038927282
0
0
0
0
.0007904365076423938
0
.03395190818046674
0
.11723418707863299
2.0108944100625696
1.275641149129357
7.74624592633452
0
0
0
0
0
0
.23523566331733153
0
5.387960661232856
0
0
5.344815932519031
0
.16103346961801696
0
3.511398943601152
0
35.551411164645785
0
0
.27509066275685046
5609.990309740196
223.47160284971548
291.16709221780405
0
121.90512849819717
.16295528072927506
0
.131524593388342
.44991528978347517
0
89.7738017061474
0
0
0
.4041336435776028
0
0
.8261558938639746
7186846022357225e-20
0
2843795865002525e-21
25926450958333766e-51
.35107611772234937
.33559008132544127
.31261551276737953
.3777550802224876
.3292147734453503
.5083174088937269
.2518847079669019
.38684266885335894
.3264339748818259
.3314582392463015
.35766174702885317
.3514592929982378
.3368643592816892
.29788369978616686
.33087590366674424
.3455187935033157
.35028731361199905
.3234448067411441
.2689620026729496
.3396871904689632
.00571857748267382
.22383747789700353
.6167177971818352
.9982158008585101
.37797414900293863
.005750389831665236
.002014074379938337
.004407524810642341
.007371760655169994
.007628554553089036
.002919738946029728
.016749337747198067
.2618603605165142
.0014225780695975273
.008441166797891059
.45571523979428114
.010695307406938257
.004053708535798139
.04712604031828566
.0038441811494007586
.009003293134818631
.03415685971800159
.06934764839049552
.03775597462923322
.01686750368113142
.124056332833199
.020993415638643785
.045559322109620985
.0007317691704198812
.0015628972773484046
.010004390400926261
.0035743310978071747
.5201076673531773
.7582486224478538
.005928556672746978
.050034614324411295
.014796954907081505
.0004951461403148471
.012297617334518772
.00029928666471541244
.052840522912764545
.03908959842266516
.09674400063466494
.01227809491213852
.011164612771101177
.0016683034393973344
3853550904574903e-21
.01651353787427122
.04020173878541154
.8369976912077207
.9982158008585101
.01967690136719128
.04010850127979585
.013892123185447816
.025319221051356748
.003375504321912912
.3948135171952307
.0575353126900265
.06891897172105242
.4112973208218213
.0006973653406712821
.9982158008585101
.0191431322748542
.000897774355910657
.024781606460041978
.02558592492413753
.00976528161765228
.10785819609707614
.3143606187346461
.007274802502524754
.02222409441557104
.5575343053715721
.1296538857530913
.013791808775807693
.07323534072138045
.0002679799746414912
.02217604533505382
.21549265296843073
.00013013047221894174
.01280666039083819
.02988053922638355
.0003876064728021151
.0034510071455700997
.0074417884670594505
.0061810152035651255
.021640595462519674
.09365320696106398
.023547807297850082
.9051374265661133
.006946655013161157
.006868289779133826
.03187340511019292
.0002301524337071255
.011743847879359984
.0740597899269271
.49219472393237035
.44750402885048424
.06496551595515931
.0416449074070449
.06405833368596431
.8986762259640027
.544543695757752
.010237249767677871
.008398948367020738
.8034664526830708
.032910336498999784
.24974907133997587
.004343836905800759
.006201176583811499
.11956152375525149
.2122135260795094
.5806429133025468
.0005508062076368371
.026102207645192502
.23880800907890468
.27488987338201015
.13128703899994462
.9221272640499136
.18581210183538371
.02923935616368001
.008640534248366997
.7190251668058847
.9982158008585101
.3408518410821248
.03979125681600388
.006968243560824854
.014233397567198667
.012609855000918843
.9188730970966387
.0820835884402947
.0018909822917835817
.0029729430487424845
.01468195662902525
.05469772680589952
.007567763145513453
.599211673064075
.0026816410686396467
.9982158008585101
.9982158008585101
.9982158008585101
.005176300668765507
.049647187279166255
.13911746867583116
.07912623782772198
.01450918049262356
.017733785305418623
.021431301943258964
.0006895394466226134
.00032829062820720003
.056718118683466365
.541882251870104
.9982158008585101
.9982158008585101
.9982158008585101
.025201790169555368
.0005416188273448393
.451295576032753
.2727067591530527
.005254085156880095
.015300755845944104
.9982158008585101
.03836876675382396
.1817081412090284
.019999285695667838
.019999285695667838
.019999285695667838
.019999285695667838
.019999285695667838
.019999285695667838
.019999285695667838
.019999285695667838
.019999285695667838
.019999285695667838
.019999285695667838
.019999285695667838
.019999285695667838
.019999285695667838
.019999285695667838
.019999285695667838
.019999285695667838
.019999285695667838
.019999285695667838
.019999285695667838
.019999285695667838
.019999285695667838
.019999285695667838
.019999285695667838
