.001832278426373905
33.987146552515554
1.230809853170296
.09803357838789499
.011951582302197295
2.0463331470566026
4.690216877187231
13.12285123459342
0
.2865958953373108
.17068966168358746
0
13.332755065509021
.14628714765268042
62.76953511205374
0
1.6124738309775155
0
0
0
.016029316462635928
0
0
0
10256490814019154e-96
8.49955198447629
17.14036819121552
80.6364611270184
9.59561537628973
49.87283516864088
8.4507517561445
0
.0514568117539925
0
1.4535913015810784
.5358224240969657
.7475444066119047
40.24826421167746
40.418564270872
7.504983228661089
20911507068900676e-21
110.64288387808953
41.83249690853565
5379458781549787e-20
15.98815277680464
0
0
1.2093860713533096
30.08572152137147
.20945647220974886
3.1641104414146706
24.839523780472998
2.802380244115979
70.17409782247604
0
8.6106601709314
12.6295025958922
179.4119794653238
0
.5629344405592968
.41317328109862445
29.743057884568316
42.29233300601047
57.52660852224902
8.849174543612893
0
38.751338852848534
126.36104397968798
.8655602465558623
.052104068924377155
4.3607688250116245
37.31548466179906
9.315301825724788
12.183517904714341
90.75533064284217
84.60742922227028
4.506614780997704
6.860201147491717
.8685635138012371
5.262064841069909
14.253714869414347
7.391135955568454
8.508614719313796
.5628699214573175
9.738040693608745
0
0
.45761123356961264
.033128054017521676
5.100579935229439
0
0
.6276588839808404
.1508684056129082
0
.0004061220450603254
.029432799420864724
.4438983983278594
.11590803585948911
.47385259882101577
0
.4341592062889735
0
0
0
0
0
6.511444604292831
.2094325777415005
.24261887290135672
0
.0006717554502092664
1.4514706700051883
0
0
0
0
.0007873871235238664
0
.03396891686100475
0
.11667413876850385
2.0092998771277437
1.2756899676783764
7.734276420985696
0
0
0
0
0
0
.23522546822962886
0
5.3882151001640235
0
0
5.322733463250009
0
.1610252847606017
0
3.511097587221734
0
35.5513284744858
0
0
.2750748675084719
5609.985684901802
223.47138020790047
291.16708288480197
0
121.90480705322074
.16295099810479763
0
.1315184056092956
.4498880916712701
0
89.800935241449
0
0
0
.40412815710600336
0
0
.8261483362487474
7373448572272204e-20
0
2991452062860991e-21
45925937521932983e-51
.35103292657803614
.3355235011260074
.3125748151061676
.37771218136905227
.32917932282977796
.5082710700138613
.2518131188934259
.3868014675014698
.3263928080317914
.33141925938293626
.3576191737356112
.3514126834471503
.33682527154336805
.2978318808434675
.3308231052354803
.34547814721227904
.35024410341904705
.3234101405471075
.26892187542068674
.3396416794244454
.0057185759624769775
.223835147894192
.6167000975191768
.9981693991709978
.37796750341901714
.005750388294507603
.0020140741913686065
.0044075239075912235
.007371758128971196
.007628551847824239
.002919738549742834
.016749324705698516
.2618571714800066
.00142257797552285
.00844116348558198
.4557055780474733
.0106953020893567
.004053707771913862
.04712593707129396
.0038441804624429546
.009003289366660656
.034156805480278586
.0693474248089283
.037755908358816245
.016867490454965446
.1240556172629279
.02099339515054271
.04555922561373166
.0007317691455273989
.00156289716379988
.010004385748190925
.0035743305039093636
.5200950808689387
.7582218601198022
.005928555038860349
.05003449793891967
.014796944728776597
.0004951461289179507
.01229761030426839
.000299286660551569
.05284039310696574
.03908952738776562
.09674356548206609
.012278087904191656
.01116460697661001
.0016683033100162474
38535509038845965e-22
.01651352519739284
.04020166365082875
.8369650767920446
.9981693991709978
.019676883368210673
.040108426493331566
.01389211421390127
.02531919124976288
.0033755037922502612
.3948062660619975
.0575351587922198
.06891875089527454
.4112894513378392
.0006973653180643995
.9981693991709978
.019143115239150275
.0008977743184431749
.02478157791062055
.025585894491383376
.00976527718466537
.10785765520787367
.3143560223489292
.007274800042341756
.022224071454899363
.5575198413247864
.12965310414369424
.013791799933361198
.07323509136705365
.0002679799713031992
.022176022473559917
.21549049348746385
.0001301304714317554
.012806652766519898
.029880497719592003
.00038760646581815464
.0034510065919475287
.007441785892637274
.006181013427561761
.021640573691718665
.0936527991711909
.023547781520492195
.9050992811418732
.006946652769918736
.006868287586218277
.031873357882062504
.00023015243124477002
.011743841468013423
.07405953492639977
.4921834527253427
.44749471227833826
.06496531973892002
.041644826781045516
.06405814291171906
.8986386236174863
.5445298982027598
.010237244895828368
.008398945087762025
.8034364008591122
.03291028614786439
.24974617053552642
.004343836028659024
.006201174796203156
.11956085910396222
.2122114318317667
.5806272247595341
.0005508061935336423
.026102175971850456
.23880535691669583
.27488635901240815
.1312862375735244
.9220876719828223
.18581049633763458
.029239316419144765
.00864053077774564
.7190011033106329
.9981693991709978
.34084643712634194
.0397911832079724
.006968241303617755
.014233388149441566
.012609847609134849
.9188337842017874
.08208327518751106
.0018909821255587889
.0029729426378815173
.014681946608314145
.05469758771463418
.007567760483193271
.5991949645000553
.0026816407343501136
.9981693991709978
.9981693991709978
.9981693991709978
.005176299423212024
.04964707268916251
.13911656878613543
.0791259467419083
.014509170706373642
.017733770685804933
.02143128059153507
.0006895394245202769
.0003282906231972125
.056717969126556425
.5418685889201602
.9981693991709978
.9981693991709978
.9981693991709978
.025201760643766915
.0005416188137082002
.4512861008561861
.27270330039579815
.0052540838736112065
.01530074496273654
.9981693991709978
.03836869831469368
.18170660585922677
.019999267102058266
.019999267102058266
.019999267102058266
.019999267102058266
.019999267102058266
.019999267102058266
.019999267102058266
.019999267102058266
.019999267102058266
.019999267102058266
.019999267102058266
.019999267102058266
.019999267102058266
.019999267102058266
.019999267102058266
.019999267102058266
.019999267102058266
.019999267102058266
.019999267102058266
.019999267102058266
.019999267102058266
.019999267102058266
.019999267102058266
.019999267102058266
