.002725900220098858
33.6015208762465
1.2296081375070478
.09793111219408829
.011938903453942095
2.047391421687221
4.669944792769518
8.832921407602251
0
.28618159402074084
.1706712842349348
0
13.075190538722314
.14257852884355374
58.08911513757038
0
2.1057713116588093
0
0
0
.016028714428388702
0
0
0
7941836502282721e-96
10.238792847464929
20.792312148757457
80.61620781603246
9.55651363157819
50.88046961227128
3.994605997597221
0
.05087952066793462
0
1.475536840089907
.5238360370221935
.23669871906878187
39.81656036574188
39.58831961421607
3.2181320977978305
13763040982665416e-21
49.33097102876034
41.8315614867126
5631176000527409e-20
15.644594164420948
0
0
1.164646916855136
29.552854291855404
.19213136037519635
3.1387527431118674
23.258863496719762
2.75737241267628
70.15316745757846
0
8.71787379427162
15.117070079541069
95.62212781246554
0
.5984783403518861
.45272671632839273
29.938554832352764
33.88504200864797
57.3336282938528
8.85042189781056
0
41.14751279618937
116.49368931667718
1.8468288065368466
.13514541638566155
4.254206724547502
37.6101482369346
9.310343869404193
12.161924174179388
86.99372382797782
83.13094193170706
6.426923411902118
6.296706849212148
1.2726965933924559
5.261877673643412
14.243440811778688
7.428946881777406
3.677247868980572
.5628325582615028
9.645646648510159
0
0
.42339523959854963
.033123639331271056
5.0150656078795866
0
0
.620379402485187
.1435993785454903
0
.0004056936407319819
.029379552327339405
.4437083328677255
.11612106727073056
.617322675763447
0
.4387061151791563
0
0
0
0
0
6.507150047681501
.2099162246460905
.23473739829993395
0
.0009286634759977032
1.4421688640957684
0
0
0
0
.0007750053603494809
0
.03417967601661886
0
.10523766646304612
1.974699694630606
1.2676990109489972
7.473711647802096
0
0
0
0
0
0
.2350187541637998
0
5.38868145120481
0
0
4.855087286493749
0
.16086793906159438
0
3.505301227679846
0
35.549738919338
0
0
.2725685718024573
5609.89677968118
223.46710027775012
291.1669034711261
0
121.89862789399992
.16287030264809077
0
.1313994878240847
.449364827214229
0
90.53740077314868
0
0
0
.4040211637837667
0
0
.826003065705446
.00010961489396196039
0
6526049122715157e-21
29718748923793477e-47
.3503936793292629
.3344293913298272
.31195954376727153
.3770781258559243
.3286736167971674
.5076514309623458
.25057840382007845
.3862159284100607
.32577559120909344
.330846961668793
.35699175122647947
.3507037825400538
.3362537742014304
.2969948827691692
.32999792078367035
.34488127981243727
.34960050248769053
.32291643571627787
.26829436985734456
.3389482044295619
.005718546738926316
.22379036160752133
.6163599453220096
.9972778116724113
.3778397741993322
.0057503587449111255
.0020140705663862883
.004407506547749657
.0073717095665487885
.007628499843130083
.0029197309316995376
.016749074003331615
.2617958743228815
.0014225761670717538
.008441099811388285
.4555198844749085
.010695199866903588
.004053693087349531
.047123952338214946
.0038441672566769045
.009003216929472027
.034155762853684345
.06934312691037467
.03775463442660806
.01686723620269051
.1240418622411792
.02099300129973097
.045557370656783815
.0007317686670048802
.0015628949809920734
.010004296306370614
.003574319087085064
.519853182751529
.7577075758739343
.005928523629793688
.05003226064546001
.014796749066654888
.0004951459098288231
.012297475158452387
.00029928658050759307
.0528378978364851
.0390881618676159
.09673520067070321
.012277953187125438
.011164495586316452
.0016683008228502115
3853550890614446e-21
.016513281504268913
.04020021932228398
.8363383578620569
.9972778116724113
.019676537366524933
.040106988856682076
.013891941749763558
.025318618363187197
.0033754936102528246
.3946668991892225
.057532200405075444
.06891450597028151
.41113820092938
.0006973648834792702
.9972778116724113
.019142787754839744
.0008977735981842509
.024781029094859717
.025585309471863688
.00976519196716759
.1078472579069875
.31426767641211134
.007274752748972989
.022223630073147448
.5572418634594342
.12963807972696034
.013791629950964751
.0732302980486472
.0002679799071292767
.022175582998330185
.21544898473356153
.0001301304562992152
.012806506200691613
.02987969982157366
.00038760633156144125
.0034509959493557022
.007441736403193667
.006180979286514002
.02164015518318979
.0936449603341248
.023547285992814946
.9043663018449491
.0069466096469040905
.006868245430661711
.03187245000181062
.000230152383909482
.011743718219645127
.07405463307342905
.49196682991433544
.4473156520847695
.06496154787508046
.04164327689084799
.06405447565774122
.8979160775708884
.5442647277144982
.010237151241878835
.008398882048910943
.8028589155889377
.03290931823364054
.2496904132311285
.004343819166887055
.006201140432067117
.11954808284335983
.21217117690496473
.5803257171456428
.0005508059224197867
.026101567104221856
.23875437858315945
.2748188089719468
.1312708322376669
.9213269009705342
.18577963561582955
.02923855239729942
.008640464060241085
.7185386732397188
.9972778116724113
.3407425703897442
.03978976822438463
.00696819791215331
.014233207107623566
.012609705513408733
.9180783763915195
.08207725357919826
.0018909789301256332
.0029729347396729115
.014681753975678391
.05469491395099124
.007567709304044045
.598873856593166
.002681634308115851
.9972778116724113
.9972778116724113
.9972778116724113
.0051762754792703015
.049644869910198786
.13909927081392193
.07912035123794385
.01450898258087545
.017733489646799872
.021430870139047244
.0006895389996343261
.0003282905268873182
.05671509418363673
.5416060050311555
.9972778116724113
.9972778116724113
.9972778116724113
.025201193059064937
.0005416185515632109
.4511039926843017
.2726368192173979
.005254059204646932
.015300535750004361
.9972778116724113
.03836738269316574
.18167709345748795
.019998909669633552
.019998909669633552
.019998909669633552
.019998909669633552
.019998909669633552
.019998909669633552
.019998909669633552
.019998909669633552
.019998909669633552
.019998909669633552
.019998909669633552
.019998909669633552
.019998909669633552
.019998909669633552
.019998909669633552
.019998909669633552
.019998909669633552
.019998909669633552
.019998909669633552
.019998909669633552
.019998909669633552
.019998909669633552
.019998909669633552
.019998909669633552
