.003636736997726402
33.34101127538256
1.22896696345676
.09782645363817088
.011925932250195354
2.0484086781261035
4.647077085274177
6.956335828148729
0
.28579686960591316
.1706525191152008
0
12.781619961783532
.14710813821398439
55.86181546781202
0
2.4105487452973757
0
0
0
.0160281008195828
0
0
0
6217642404509565e-96
11.41610036448594
23.4363621835184
80.2873919691395
9.752416985450083
51.83815299895003
3.873535810534599
0
.05059689200384979
0
1.4893031808342054
.5226524343644312
.08644694001716365
39.60777397475919
39.35393970153997
1.4316120193456907
11200562191704576e-21
47.7778026016536
41.830204105855024
0
15.300239245323112
0
0
1.167804450265738
28.69208562679367
.14225948361367607
3.0892744475101725
21.060581056085994
2.7021117310720175
70.12712529416895
0
8.80770585720063
0
42.103948836532794
0
.6312988428992827
.4897893402593504
30.071016482376706
23.79533959703696
56.969351470772295
8.854560714848985
0
42.54104834922808
102.37706135150188
2.6991196722143944
.2588116936684777
3.4661424298224257
37.841159271965026
9.305255487374254
12.000640550477366
81.0302900702857
85.21142286707592
7.314669128183173
5.460554548920889
1.4727463493699025
5.261864557200576
14.24132009159859
7.466486449100926
1.6482376946283712
.5627707341080513
9.551227809949873
0
0
.384327596819085
.03312406045518969
4.930785759310782
0
0
.6058417776841598
.1347209487821667
0
.0004055880103304993
.029338100256395102
.44350681555544896
.11633729499705543
.7362078431122092
0
0
0
0
0
0
0
6.505110963828576
.21039356377238058
.22486607129152494
0
.0012026482819723612
1.4692731658541491
0
0
0
0
.000798086177614296
0
.0342644381738432
0
.09275193274926923
1.9317315215654334
1.2523441023234534
7.147792833855064
0
0
0
0
0
0
.23479549682296325
0
5.385743045979324
0
0
4.304795232369833
0
.1607076830686825
0
3.4994037271256087
0
35.54811827421438
0
0
.26758502848686716
5609.806163215065
223.4627379821636
291.16672060128803
0
121.89233002002224
.1627895176395688
0
.13127834484456255
.448830658793505
0
91.53185512178104
0
0
0
.4039097435046295
0
0
.8258550238110002
.00014619363200121544
0
11453370786883283e-21
15809671454629878e-44
.34991229312209887
.33348669875908094
.3114789666810188
.3766078632210989
.32831220084916674
.5072574004036289
.24945154049734744
.38580001246958434
.32529869745736834
.3304187353631621
.35651950462220877
.3501462301867427
.3358288815717961
.29628078020331405
.3293401466558336
.3444345066321098
.34910828802908894
.3225645579987922
.26778083301947064
.3384001272383775
.005718516952558563
.22374472176681634
.6160134334091075
.9963698679210795
.3777096287873467
.005750328626219092
.002014066871577996
.004407488853553538
.007371660068935306
.0076284468369675704
.002919723166920547
.016748818475224775
.2617334110860115
.0014225743237845083
.008441034911051129
.4553306915165092
.010695095676213545
.004053678119952327
.04712192945669344
.0038441537965579124
.009003143097432584
.03415470017438686
.06933874648999762
.03775333599724232
.016866977056371506
.12402784380826705
.020992599869269195
.04555548004314028
.0007317681792642901
.001562892756137175
.010004205142340575
.0035743074503613473
.5196067404194159
.7571837432804225
.005928491615825095
.050029980355094004
.014796549637905033
.0004951456865192001
.012297337410677416
.00029928649892164934
.05283535461766602
.03908677009078757
.09672667546152589
.012277815876352538
.01116438205131233
.001668298287774518
3853550877088655e-21
.01651303312027227
.04019874722318372
.8357000485729099
.9963698679210795
.01967618470562559
.040105523578020955
.013891765965431065
.025318034453701323
.0033754832321381055
.39452489814066694
.05752918518326176
.06891017953891052
.41098409402944064
.0006973644405224486
.9963698679210795
.019142453967543747
.0008977728640506492
.02478046971906388
.025584713196127335
.009765105108781025
.10783666134097608
.3141776541046567
.007274704544847735
.02222318019751317
.5569586731788545
.1296227676672839
.013791456696135105
.07322541271324606
.0002679798417191053
.0221751350658875
.2154066845713629
.00013013044087515927
.012806356813103763
.02987888657454726
.0003876061947184164
.003450985101775742
.007441685960710054
.00618094448795747
.021639728620722762
.09363697116267602
.023546780929882754
.9036198130772505
.006946565693430932
.0068682024632748025
.03187152465850795
.0002301523356623235
.011743592598316355
.07404963712365045
.4917461321338086
.4471332161573182
.064957703574347
.041641697202485305
.06405073797279336
.8971802100441743
.5439945817920762
.010237055784634729
.008398817796148442
.8022707326265024
.032908331702537215
.24963359461233633
.004343801980352482
.006201105406126577
.11953506186222009
.21213015435394775
.580018562322839
.0005508056460832541
.0261009465218101
.23870242938746622
.2747499747106696
.13125513198930266
.9205521201764066
.18574818565894238
.02923777367766481
.008640396058001721
.7180676408475994
.9963698679210795
.3406367353067669
.039788326033931835
.006968153685061435
.01423302258053434
.012609560681958001
.9173090552978973
.08207111642350384
.0018909756731403029
.002972926689332566
.014681557634713774
.05469218881370817
.0075676571393213385
.5985467398576304
.0026816277581006346
.9963698679210795
.9963698679210795
.9963698679210795
.005176251074179667
.049642624796852663
.1390816418220678
.07911464834780409
.014508790833784424
.017733203198362975
.021430451787575786
.0006895385665635214
.00032829042872211186
.05671216400696476
.541338493597141
.9963698679210795
.9963698679210795
.9963698679210795
.025200614553404832
.0005416182843683167
.4509184519522234
.2725690740051795
.005254034060571924
.015300322509882556
.9963698679210795
.03836604177355438
.18164701745320092
.019998545358103054
.019998545358103054
.019998545358103054
.019998545358103054
.019998545358103054
.019998545358103054
.019998545358103054
.019998545358103054
.019998545358103054
.019998545358103054
.019998545358103054
.019998545358103054
.019998545358103054
.019998545358103054
.019998545358103054
.019998545358103054
.019998545358103054
.019998545358103054
.019998545358103054
.019998545358103054
.019998545358103054
.019998545358103054
.019998545358103054
.019998545358103054
