.0037211827535932928
33.32128344760847
1.228916013580479
.09781673789488275
.011924727209087955
2.0484999290527295
4.644904597416573
6.851643705238664
0
.28576242600409013
.1706507775921736
0
12.752660300304154
.14779725984870526
55.718186209912865
0
2.4323277962952625
0
0
0
.016028043931696715
0
0
0
6081296858415225e-96
11.502058327505033
23.64546248670967
80.25843612597578
9.768695146146452
51.9231346196136
3.8779670198507508
0
.05057910427752421
0
1.4905610727957184
.5226752561655468
.07954378298949545
39.59491346262465
39.33472428449438
1.334297423973119
11084706211105043e-21
47.836403385131
41.83007789896153
0
15.26861030276047
0
0
1.1676666833097116
28.583558732436764
.13670863734146915
3.0840574985859335
20.839018359659093
2.6963880226055927
70.12439950258701
0
8.816063072304201
0
39.22610430299122
0
.6345108983179986
.4935642120796542
30.080353800456457
22.805824296347986
56.930898939310666
8.854983405751183
0
42.63778211621419
100.77380651357583
2.769832363471818
.271273955212396
3.3632829942982507
37.85954324422907
9.304781772384821
11.9817173763575
80.40954628853456
85.3757559159989
7.370227309286912
5.379695761023789
1.485577114614852
5.261866062751121
14.241244322059032
7.469916542533331
1.5369717695012124
.5627653823160823
9.542460545789305
0
0
.38062282794602675
.033124160729592296
4.923088210920169
0
0
.6043157533988203
.13382106886151005
0
.0004055830082322562
.02933445773152773
.4434880867768661
.11635731074447503
.7462468555490535
0
0
0
0
0
0
0
6.50495578449
.2104370430435066
.22387322090638104
0
.001226732717567679
1.4714760229306099
0
0
0
0
.000799998596569958
0
.03426882092344931
0
.09160161441539262
1.9274132604767968
1.2509414568318213
7.11514561954695
0
0
0
0
0
0
.23477442213681596
0
5.385491173736465
0
0
4.251244864928463
0
.16069283306810622
0
3.498857711211649
0
35.547967968532525
0
0
.2670596402060454
5609.79776202988
223.46233354810005
291.16670364701395
0
121.89174614623816
.1627820505436738
0
.13126711676274902
.44878109260711047
0
91.63001741445278
0
0
0
.40389930990329587
0
0
.8258412998990178
.0001495843358745721
0
1197601317536824e-20
25954050813895604e-44
.34987021506011934
.3334024293432014
.3114364666269651
.3765677525503791
.32828084075725134
.50722417337502
.24934944926987285
.3857639709825086
.32525657935560065
.3303811949016948
.3564780487221374
.3500968817070404
.335791685075583
.29621649021316965
.3292829287291804
.34439533421149715
.3490649308654822
.32253404483072096
.26773498185974787
.33835151654011253
.005718514191004305
.2237404908645558
.6159813173684001
.9962857322669594
.37769756498020923
.005750325833854424
.002014066529024232
.004407487213087842
.007371655479915458
.007628441922663959
.0029197224470312168
.016748794784828432
.26172762073177347
.0014225741528892631
.008441028894018066
.4553131549864624
.010695086016508358
.004053676732293582
.0471217419151307
.0038441525486419565
.009003136252326419
.03415460165263931
.0693383403852467
.03775321561915521
.01686695303052667
.12402654420761908
.020992562652123993
.045555304764010006
.0007317681340447635
.0015628925498659613
.010004196690357426
.0035743063714960594
.5195838981071957
.7571351959134147
.005928488647745779
.05002976894943575
.01479653114854676
.0004951456658156606
.01229732463984506
.00029928649135763146
.05283511883624727
.03908664105849248
.09672588510798985
.012277803146035273
.011164371525281535
.0016682980527420617
3853550875834648e-21
.016513010092214463
.040198610744247944
.8356408941450708
.9962857322669594
.019676152009949134
.0401053877314047
.01389174966817719
.025317980318802735
.003375482269961027
.39451173548774726
.05752890564317247
.06890977843934518
.4109698093534277
.0006973643994549252
.9962857322669594
.019142423021656762
.0008977727959874784
.02478041785869714
.025584657914747237
.00976509705598096
.10783567896190434
.31416930923745817
.007274700075749477
.022223138488977962
.5569324252528961
.12962134814290877
.013791440633394788
.07322495979916334
.00026797983565477986
.02217509353750703
.215402763247517
.00013013043944515992
.012806342963127913
.029878811177681104
.0003876061820313898
.0034509840960735803
.007441681284089625
.00618094126171382
.02163968907356909
.09363623050288826
.023546734104894673
.9035506356197097
.006946561618418235
.006868198479683941
.03187143886917989
.00023015233118921984
.011743580951744407
.07404917395482029
.49172567575472703
.4471163058756383
.06495734717197853
.0416415507490083
.06405039145454157
.8971120166419196
.5439695427402814
.010237046934620915
.008398811839153128
.8022162226740998
.032908240240485734
.24962832748351937
.004343800386953093
.006201102158801734
.11953385472919023
.2121263514614322
.5799900935345699
.0005508056204634707
.026100888986946142
.23869761363159905
.274743593802642
.1312536764785747
.9204803214928746
.18574527013137926
.029237701481841284
.008640389753386062
.718023986003895
.9962857322669594
.34062692476002343
.03978819232781222
.006968149584681055
.014233005472728051
.012609547254388013
.9172377624471828
.08207054745704181
.0018909753711780456
.0029729259429682486
.014681539431627965
.054691936166890644
.007567652303029089
.5985164211709306
.0026816271508345894
.9962857322669594
.9962857322669594
.9962857322669594
.00517624881153386
.04964241665241484
.1390800075111872
.07911411964066932
.014508773056602475
.01773317664130919
.02143041300167001
.0006895385264125527
.0003282904196209931
.05671189235126832
.5413136986956253
.9962857322669594
.9962857322669594
.9962857322669594
.025200560919497815
.000541618259596075
.4509012539136765
.2725627940447272
.005254031729413455
.015300302740054863
.9962857322669594
.03836591745621158
.18164422929043783
.019998511582285997
.019998511582285997
.019998511582285997
.019998511582285997
.019998511582285997
.019998511582285997
.019998511582285997
.019998511582285997
.019998511582285997
.019998511582285997
.019998511582285997
.019998511582285997
.019998511582285997
.019998511582285997
.019998511582285997
.019998511582285997
.019998511582285997
.019998511582285997
.019998511582285997
.019998511582285997
.019998511582285997
.019998511582285997
.019998511582285997
.019998511582285997
