.0037400738157142557
33.316953246847774
1.2289046751011452
.09781456411448108
.0119244575767386
2.0485202722472025
4.64441777362384
6.829380804325017
0
.2857547435240969
.1706503879607656
0
12.746139316050382
.14798671981255665
55.69222049826995
0
2.4370764730203014
0
0
0
.01602803120553597
0
0
0
6051265297561243e-96
11.520699363867777
23.691557943993768
80.25203957757054
9.772259475225418
51.94206120632499
3.8790226493680398
0
.05057527797372719
0
1.4908425564684364
.5227682943883167
.0780963233025681
39.59215942954969
39.33627818170556
1.3136342326920183
11063072438813942e-21
47.85033891299629
41.83004968086148
2647591157027679e-20
15.261541554678645
0
0
1.1676107277978736
28.55812152920463
.13545506959934298
3.082880119818522
20.789148373644785
2.695091875361817
70.12378139882682
0
8.817581624573277
7.471949572267227
38.62224882941295
0
.6350987252591987
.4942652237982038
30.082377121485305
22.583970153347
56.922217658554494
8.855078172848087
0
42.65893910733895
100.40379537343959
2.785961325158197
.2740321518950472
3.339686539168991
37.863591143466415
9.30467575355517
11.97741623864208
80.26959393456552
85.41085842735758
7.382983731600651
5.361636390133283
1.4885239127446612
5.2618664194903575
14.241228200794623
7.470682683092578
1.5133340558914068
.5627642324186768
9.540498939809694
0
0
.37974453121218854
.03312418332622456
4.9213687167946
0
0
.6039716194028837
.13361784662678886
0
.00040558192215899095
.02933364452269951
.44348389662023274
.11636178770072701
.748473522531331
0
.19946657289912947
0
0
0
0
0
6.50492130365775
.2104467518949224
.22363550889458503
0
.0012320638552179288
1.4719564306591897
0
0
0
0
.0008004158520469189
0
.03426973325424981
0
.09132910659996826
1.9263961242540881
1.2506259403188786
7.107362974992422
0
0
0
0
0
0
.2347697008207298
0
5.385435810514623
0
0
4.238853934925423
0
.16068951120814717
0
3.4987355798195807
0
35.54793435140289
0
0
.26694109005718375
5609.795882632104
223.4622430736827
291.16669985423323
0
121.89161553027664
.16278038029472763
0
.13126460504622658
.44877000334952905
0
91.6520593597002
0
0
0
.4038969737910089
0
0
.8258382298033651
.0001503428316449342
0
1209443673250514e-20
28950613345918214e-44
.34986082142758107
.33338361683984924
.3114269717632932
.3765584196209135
.3282738382137218
.5072167601332378
.24932663904887525
.38575592333548225
.32524716916400315
.33037280983912326
.35646878865850345
.35008585694144895
.3357833771633056
.2962021191921577
.3292701824379712
.3443865845247482
.34905524514567116
.32252723152860435
.2677247353381649
.3383406550352436
.0057185135732269275
.2237395443952884
.6159741330314232
.9962669115490731
.37769486628121557
.005750325209184561
.002014066452392746
.004407486846105132
.00737165445332241
.007628440823302868
.002919722285987339
.016748789485138034
.2617263254095892
.0014225741146588935
.008441027547969415
.45530923204364093
.010695083855570985
.004053676421865404
.047121699960971514
.0038441522694751353
.00900313472103258
.034154579612725645
.06933824953731114
.03775318868985058
.016866947655794367
.12402625348040702
.02099255432641677
.04555526555302647
.0007317681239288632
.0015628925037217596
.010004194799595072
.0035743061301469563
.5195787882715637
.7571243359792686
.005928487983767429
.05002972165674405
.014796527012360816
.000495145661184145
.012297321782929025
.0002992864896655117
.05283506609056193
.03908661219319128
.09672570830167261
.012277800298182717
.011164369170541678
.0016682980001637845
3853550875554118e-21
.01651300494069329
.04019858021309015
.8356276614898515
.9962669115490731
.01967614469572214
.040105357341700426
.01389174602237864
.025317968208491404
.003375482054715825
.3945087909772097
.05752884310843123
.06890968871109604
.4109666138469119
.0006973643902678548
.9962669115490731
.01914241609886841
.0008977727807613073
.02478040625721232
.025584645547961075
.009765095254518377
.10783545919857299
.3141674424669961
.007274699075983649
.02222312915851941
.5569265535912985
.1296210305882467
.013791437040058382
.07322485847973521
.000267979834298151
.02217508424735019
.21540188603176474
.00013013043912525987
.01280633986480073
.029878794310940218
.0003876061791932198
.0034509838710915382
.007441680237899771
.006180940539982465
.021639680226624755
.09363606481330206
.02354672362985453
.9035351608996405
.0069465607068118496
.006868197588529199
.031871419677583585
.00023015233018855758
.011743578346332467
.07404907034135189
.4917210996468115
.4471125230237206
.06495726744272973
.04164151798648815
.06405031393642258
.8970967620459659
.543963941500093
.010237044954816593
.0083988105065353
.8022040289519072
.032908219779867666
.24962714920792567
.0043438000304994165
.006201101432354383
.11953358468738744
.21212550073909564
.5799837250736453
.0005508056147321594
.02610087611604207
.23869653632914237
.27474216637250304
.131253350873614
.9204642604291992
.18574461791525787
.02923768533119271
.008640388343003366
.7180142204960961
.9962669115490731
.34062473011589744
.03978816241694942
.006968148667399757
.014233001645603878
.012609544250555658
.9172218145334919
.08207042017610179
.0018909753036271408
.002972925776001746
.014681535359482948
.05469187964832217
.0075676512211196355
.5985096388947034
.0026816270149852637
.9962669115490731
.9962669115490731
.9962669115490731
.005176248305365483
.04964237008927643
.13907964190789457
.0791140013659451
.014508769079734802
.017733170700329825
.021430404325021475
.0006895385174305216
.00032829041758501395
.05671183158030898
.541308152071132
.9962669115490731
.9962669115490731
.9962669115490731
.025200548921261324
.0005416182540543644
.4508974066909298
.2725613891967347
.005254031207918361
.015300298317419954
.9962669115490731
.03836588964567256
.18164360556624054
.019998504026424935
.019998504026424935
.019998504026424935
.019998504026424935
.019998504026424935
.019998504026424935
.019998504026424935
.019998504026424935
.019998504026424935
.019998504026424935
.019998504026424935
.019998504026424935
.019998504026424935
.019998504026424935
.019998504026424935
.019998504026424935
.019998504026424935
.019998504026424935
.019998504026424935
.019998504026424935
.019998504026424935
.019998504026424935
.019998504026424935
.019998504026424935
