.003843107443217571
33.293849895507265
1.2288430431239352
.09780270613036504
.011922986610802537
2.04863077510238
4.6417576419579625
6.714827780351599
0
.28571298330887057
.17064826260735091
0
12.710296685804508
.1489729185090867
55.53226296479279
0
2.462223141857297
0
0
0
.016027961796037063
0
0
0
5890411648789358e-96
11.619130831042835
23.93877307772589
80.21775095635745
9.791145475638794
52.04475265250951
3.8850854625154367
0
.05055520909710881
0
1.4923785127122784
.523038391408285
.0707680421988077
39.57775517316785
39.32761599315127
1.2075792981659248
10951132722985675e-21
47.93024843510051
41.829895882278116
3119191987687921e-20
15.223032282078163
0
0
1.1671959785302621
28.413032512111982
.12855448013077328
3.076396973059902
20.515292588169242
2.687918838071548
70.12035497178722
0
8.826218042828467
8.774198716449884
35.56992311692714
0
.6384592440463084
.49828751091850243
30.0929970153828
21.37200020773612
56.87439253729706
8.855595510224571
0
42.76981600371563
98.33200165142975
2.8722696340973806
.28915484532774594
3.207402535757781
37.8852608882654
9.30409721719238
11.953547593597044
79.49726015608479
85.59404966706252
7.44897360715937
5.262966252470561
1.503797965141792
5.2618684377584035
14.241143130021316
7.474853869896749
1.391942345858659
.5627579837570473
9.529798107109945
0
0
.37499435915616436
.03312430632479686
4.912006256784312
0
0
.6020784818770086
.13249824945971334
0
.0004055761123922002
.029329215796247244
.4434610401486957
.11638620094854547
.7605005450897033
0
.23416945091362817
0
0
0
0
0
6.504734046706612
.2104995910634427
.22234012450564178
0
.001260864337836488
1.474487972218218
0
0
0
0
.0008026150102322044
0
.034274374146335725
0
.08986164870056802
1.9208372697267468
1.248919328195504
7.06495336094093
0
0
0
0
0
0
.2347439089339073
0
5.38514105383034
0
0
4.171329477594267
0
.16067139463658542
0
3.498069563032179
0
35.54775098350911
0
0
.2662884585677987
5609.785632231156
223.46174961835587
291.1666791680518
0
121.89090314101547
.16277127139172132
0
.13125090641059572
.44870951518460983
0
91.7727552306827
0
0
0
.40388421764069765
0
0
.8258214854209761
.00015447954508244208
0
12749984469462178e-21
5200935025800484e-43
.34980966348169096
.33328119815143914
.31137522359628284
.3765081515928287
.32823568252892144
.5071763824832511
.24920237132892115
.38571207332754653
.32519587643720266
.3303271139145709
.35641832256090916
.3500257724875484
.33573810256856595
.2961237677579754
.3292009477320177
.3443389008639648
.3490024563912183
.322490107372105
.2676688808433772
.33828145149949485
.005718510203812247
.22373438233345733
.6159349504574051
.996164267843182
.37768014766275965
.00575032180217764
.0020140660344374743
.004407484844547495
.0073716488541899945
.007628434827286994
.002919721407639054
.016748760580158242
.26171926071354007
.0014225739061468844
.008441020206497396
.4552878365398461
.010695072069623227
.00405367472876138
.0471214711397034
.003844150746873428
.009003126369216713
.034154459405216345
.06933775404623113
.03775304181523134
.016866918341529622
.12402466783887502
.020992508917285557
.045555051693232644
.0007317680687557948
.0015628922520469725
.010004184487205853
.0035743048138065633
.5195509196324533
.7570651076197855
.005928484362368444
.050029463718747516
.014796504453234443
.0004951456359234242
.012297306201052263
.000299286480436532
.05283477841156577
.03908645475950199
.0967247439890968
.012277784765738965
.01116435632757804
.0016682977133969507
3853550874024082e-21
.01651297684384114
.04019841369369542
.8355554930331707
.996164267843182
.01967610480328885
.040105191593803706
.01389172613786769
.02531790215781767
.0033754808807485138
.39449273172692223
.05752850203927418
.06890919932685227
.41094918569148986
.0006973643401607118
.996164267843182
.01914237834137445
.0008977726977163443
.024780342981719796
.02558457809845279
.009765085429178061
.10783426059660106
.31415726112075326
.007274693623169315
.022223078269390885
.5568945300868733
.12961929862898006
.013791417441680531
.07322430587652337
.0002679798268989701
.022175033578030547
.21539710167751921
.00013013043738049467
.01280632296624639
.029878702318318483
.00038760616371357484
.0034509826440186023
.007441674531884609
.00618093660359334
.021639631974622903
.09363516113189381
.023546666498083558
.9034507649871829
.006946555734827084
.006868192728089556
.03187131500501778
.00023015232473085195
.011743564136181156
.07404850522631314
.49169614187387817
.44709189155728807
.06495683259363906
.0416413392970791
.06404989114697048
.897013566611886
.543933392825019
.010237034156784581
.0083988032383162
.8021375265076615
.03290810818595849
.24962072288003298
.004343798086368097
.006201097470243781
.11953211186476367
.2121208608796013
.5799489921202341
.0005508055834730507
.02610080591703382
.238690660705914
.2747343811649561
.13125157500778656
.9203766668113927
.18574106070756818
.02923759724419516
.008640380650647693
.7179609608367513
.996164267843182
.3406127605695316
.0397879992806895
.006968143664463507
.014232980772127212
.01260952786738441
.9171348379942716
.082069725977372
.0018909749351982037
.00297292486535092
.014681513149641355
.05469157139176816
.007567645320286558
.5984726490756902
.0026816262740504003
.996164267843182
.996164267843182
.996164267843182
.005176245544676483
.04964211613031398
.1390776478901057
.0791133562876001
.01450874738954409
.017733138297705286
.02143035700182707
.0006895384684416816
.0003282904064805927
.056711500130933866
.5412779012603746
.996164267843182
.996164267843182
.996164267843182
.025200483481852873
.0005416182238293551
.45087642415439166
.2725537271512501
.005254028363636031
.01530027419597618
.996164267843182
.03836573796473488
.18164020375356899
.019998462816099107
.019998462816099107
.019998462816099107
.019998462816099107
.019998462816099107
.019998462816099107
.019998462816099107
.019998462816099107
.019998462816099107
.019998462816099107
.019998462816099107
.019998462816099107
.019998462816099107
.019998462816099107
.019998462816099107
.019998462816099107
.019998462816099107
.019998462816099107
.019998462816099107
.019998462816099107
.019998462816099107
.019998462816099107
.019998462816099107
.019998462816099107
