.008205065063924327
32.7718579234169
1.2251610856791617
.09729733378335699
.01186014958824073
2.052643751722544
4.526725882765944
5.620857738261326
0
.2840672503804415
.1705578605110073
0
10.658403931488364
.27119403147445986
51.6856604175448
0
2.8806991111739415
0
0
0
.016025023600255053
0
0
0
1981228781917774e-96
12.841794048905312
30.559251145369018
79.12211999479341
10.245648019343058
55.704847283074756
4.147364022852395
0
.05016396590755845
0
1.5587355605778757
.5606673820371229
.013051952128303266
39.3397501478234
39.1543383164225
.259604186654461
1671317306662234e-20
51.364891560927134
41.82355439827247
32872272545658405e-21
13.660817383421815
0
0
1.0834897390554394
20.497180717301834
.02786488861557659
2.775303448922175
9.774657678401434
2.054370336329071
69.74514960785852
0
9.03520403706513
8.864676380317961
14.997928146913566
0
.736410393175564
.6559773945316586
30.112792661971472
4.0361933858016315
54.55636024629408
8.8711429358667
0
43.17872458421994
37.416617412138066
5.408395630955163
.6530772160589075
.861598342198183
38.3515495545425
9.279186481022949
10.720331296793315
43.92879526769705
86.29599607532242
8.512411061632951
2.0608836725946564
1.759277544929296
5.2616249220465505
14.221959654705657
7.639966426852307
.301858984476301
.5626635626192451
9.07390605607434
0
0
.17099959065037104
.03311665840015023
4.537884955010118
0
0
.5181974229060072
.07864157292795743
0
.00040471423310712695
.02912175003002674
.4424932399613576
.1174130205376535
1.14991829565865
0
.2233838939913849
0
0
0
0
0
6.492455311415558
.2125714002134089
.14297609302446834
0
.002008793234421108
1.526422182129933
0
0
0
0
.0008495692046630071
0
.034241522469738564
0
.03523784693648294
1.5546932356661258
1.181191397731108
4.532194724026858
0
0
0
0
0
0
.23362011572636893
0
5.376911223465506
0
0
1.424684476424415
0
.15990626638358102
0
3.4699787749848334
0
35.53998065308154
0
0
.23645800067820283
5609.351695802496
223.44086004772444
291.16580341408593
0
121.86074776004543
.16238345625316278
0
.1306717496396934
.44613897384450873
0
96.64459624938762
0
0
0
.40333033738223006
0
0
.825112929206979
.0003288772443839909
0
544609898679309e-19
405126576472997e-35
.3473559913517376
.3289445808649637
.30889102405580776
.3740131935360905
.32630520980747973
.504976290445021
.24389780064672043
.38348422598149007
.3227024560038818
.328075692276674
.35393878429340886
.34715139699274067
.3334991694066013
.2925190088834958
.32635652022292655
.3419889399401362
.3464314985070474
.320608865317024
.2650500676332825
.33544850894354045
.005718367560514526
.22351595420727302
.6142784294796485
.9918285046176024
.37705755667248453
.0057501775674323585
.002014048340262945
.004407400108875365
.007371411817244347
.007628180988590416
.0029196842227596155
.016747536925460712
.2614203496785606
.001422565078760322
.008440709409070204
.45438297352674556
.010694573120121419
.004053603051374665
.04711178494610673
.003844086287654785
.009002772799848076
.034149370774543254
.06931678053955209
.03774682436100561
.016865677360613708
.12395755785065495
.020990586599034116
.045545998799552574
.00073176573299223
.0015628815973611919
.010003747919056673
.0035742490866102275
.5183724631188379
.7545619039465559
.0059283310514523496
.05001854506085597
.01479554943781917
.0004951445665048804
.012296646556024474
.0002992860897253363
.052822600877023576
.03907979034159762
.09668392836233589
.012277127213385412
.011163812630649418
.0016682855730875466
3853550809249643e-21
.016511787399549553
.04019136468096554
.8325059316823841
.9918285046176024
.019674416020086634
.04009817523826679
.013890884347608008
.025315106042015072
.003375431180886464
.3938134581739033
.05751406463522986
.06888848429494944
.4102120374004969
.0006973622188640089
.9918285046176024
.019140779935554457
.0008977691819915029
.024777664344138528
.025581722767643353
.009764669479698604
.10778352966376456
.31372653349265506
.007274462780488965
.02222092397070343
.5555404937714156
.12954599687027626
.013790587764384698
.07320091508906243
.0002679795136527495
.02217288858432195
.2151946521431456
.00013013036351539048
.012805607581646165
.029874808044584082
.0003876055083790162
.0034509306959406975
.0074414329701400165
.006180769957751351
.021637589311235
.0935969115242723
.023544247935631257
.8998850622134421
.006946345247716974
.006867986963164414
.03186688397780824
.0002301520936774646
.011742962561198347
.07402458487778117
.490640708722526
.4462193253522232
.06493842580506609
.041633775133982434
.06403199479628965
.8934985328667032
.5426416785759408
.010236577029507732
.00839849554198446
.7993271781796526
.03290338417351645
.24934881418289068
.004343715781819611
.006200929735498431
.1194697761481952
.2119245241898878
.5784804692040039
.000550804260111515
.026097834195443932
.23844204716876197
.27440499449535993
.1311764152646598
.9166760026524419
.18559052779315227
.0292338682997919
.008640054998887092
.7157098183831239
.9918285046176024
.34010641209613585
.039781093474739994
.006967931867044177
.014232097115697458
.012608834300743827
.9134602174684582
.08204034226448247
.0018909593377212902
.0029728863129477798
.014680572920565583
.05467852285740146
.00756739551107797
.5969087699363441
.0026815949065521986
.9918285046176024
.9918285046176024
.9918285046176024
.005176128671481177
.049631365897833894
.13899325680517569
.07908605153862672
.014507829158959413
.017731766577784715
.02142835365692795
.0006895363944885421
.00032828993637213765
.05669746990515194
.5399987742362884
.9918285046176024
.9918285046176024
.9918285046176024
.025197713241948763
.0005416169442466248
.44998901766951116
.2722295498008959
.005253907951555474
.015299253042747507
.9918285046176024
.038359317059602195
.18149624548217547
.019996718243252082
.019996718243252082
.019996718243252082
.019996718243252082
.019996718243252082
.019996718243252082
.019996718243252082
.019996718243252082
.019996718243252082
.019996718243252082
.019996718243252082
.019996718243252082
.019996718243252082
.019996718243252082
.019996718243252082
.019996718243252082
.019996718243252082
.019996718243252082
.019996718243252082
.019996718243252082
.019996718243252082
.019996718243252082
.019996718243252082
.019996718243252082
