.009090482280802921
32.72923515161997
1.2241972394818983
.09719389745043465
.011847261489350029
2.0533088597925406
4.5035035147813405
5.628016798035689
0
.28374967798143
.17053940670280687
0
10.087346634822485
.39286724935655587
50.545031289813124
0
2.8866139686143506
0
0
0
.01602442725262028
0
0
0
15988192157683744e-97
12.711096567783082
31.339528337320335
78.8002061570182
10.403378281258215
56.30112519696037
4.18972031111148
0
.05012679444441461
0
1.5723868811840005
.5993601558403981
.013120749986173368
39.33297546705477
39.4532115704953
.26065661024409664
24238482300070894e-21
51.93338774635971
41.82230033751027
3292747820754377e-20
13.359754391510387
0
0
1.0794865832383824
20.15770516179725
.03222205515126688
2.715365402792504
8.587857075291652
1.7329157380413045
69.45917576281677
0
9.008663933467258
8.789330452348302
14.659173177878992
0
.7312238922337668
.6833195344354744
30.085584990027957
4.4773783146423645
54.05738664443929
8.87297920705406
0
42.95276860674236
34.35968349496151
5.784896430092048
.5252026920075832
.9985768915540474
38.37929559668124
9.274059220490217
10.465901881990778
39.27962517030991
84.8392326945325
8.5912848990237
1.7754799020950722
1.78374604037256
5.261511190276879
14.214927683898962
7.670657016041941
.3038700347153555
.5627237113762182
8.980824799454608
0
0
.11488140854448871
.03311233260504467
4.4671613277909366
0
0
.5024347020093315
.07095631749999379
0
.0004044154020515751
.02907606558983544
.4422979310140558
.11761991385888693
1.2072707335839523
0
.22029444610170001
0
0
0
0
0
6.489086214954759
.21295552426724385
.10809573507167666
0
.0020010020419675457
1.5474341860510863
0
0
0
0
.0008707685507326361
0
.03415719609927253
0
.022729251328673664
1.3535417655521838
1.1643911522988006
3.439395588231201
0
0
0
0
0
0
.23338806121308686
0
5.374039145045581
0
0
.9261833264332805
0
.15975140638681593
0
3.4643018380765063
0
35.5384030880363
0
0
.23063804752062003
5609.263616792696
223.43661999152246
291.16562564843485
0
121.85462754467667
.16230431142994325
0
.13055437479281273
.44561487513979026
0
97.46211295268755
0
0
0
.40321637450938425
0
0
.8249691788355099
.0003640424968915821
0
6597845046761878e-20
315622026541464e-34
.346799028398859
.3281243735612563
.308327450995846
.3734319857529624
.32584918988135697
.504429381785578
.242825779849672
.382956323253116
.3221293054628387
.3275542963835132
.3533657342437055
.3465009534730933
.3329791985656585
.2917292739681828
.32580456343313713
.3414445841696154
.3458413442194905
.3201639713027836
.26446719872223934
.3348072237879093
.005718338606327509
.22347164235428285
.6139427229036024
.9909507111980929
.3769313046529089
.005750148290210734
.0020140447486086143
.004407382908901888
.007371363702945292
.007628129463868409
.0029196766747999355
.01674728855135479
.2613597165565163
.0014225632869293255
.008440646322877637
.45419951850481594
.010694471843098404
.00405358850200881
.047109819025555846
.003844073203454686
.009002701031839637
.03414833794529197
.06931252398170583
.037745562428600186
.016865425469757153
.1239439398832308
.02099019641644334
.04554416140669808
.0007317652588653622
.0015628794346158454
.01000365930407162
.0035742377748642987
.5181335792577384
.7540547995548762
.0059282999319356135
.050016329014905034
.014795355590391855
.0004951443494279524
.012296512661504983
.0002992860104164164
.05282012934822622
.03907843769545339
.09667564545632143
.012276993743629375
.0111637022709069
.001668283108783019
3853550796101326e-21
.016511545969229508
.04018993397955991
.8318882730245095
.9909507111980929
.019674073238093674
.04009675116477312
.013890713482027226
.02531453850678842
.003375421092589502
.39367571788477695
.05751113448380146
.06888428018964031
.4100625679858954
.0006973617882708328
.9909507111980929
.019140455497521684
.0008977684683495461
.02477712065301889
.02558114321379135
.009764585049856209
.10777323489864656
.31363917385585677
.007274415923504069
.022220486703290413
.5552660452972092
.12953112268655187
.013790419357434514
.07319616799428402
.0002679794500681332
.022172453205526237
.21515358091870038
.00013013034852179855
.012805462373321494
.02987401762271677
.00038760537535527747
.0034509201512930654
.007441383937395976
.0061807361314931445
.021637174702291484
.09358914928955142
.023543757031152853
.8991629937513435
.006946302522516347
.006867945196476127
.031865984615635744
.00023015204677684305
.01174284045353907
.07401973032057123
.490426747115159
.44604241447726484
.06493469011782078
.041632239881003646
.06402836269458546
.8927867129652147
.5423798531646367
.010236484241469642
.008398433085250625
.7987579195189378
.032902425346966385
.24929365664190695
.004343699075322196
.006200895688213252
.11945712682734055
.21188469274393112
.578182833626025
.0005508039914877694
.026097231018272434
.23839161367563938
.2743381817774692
.1311611641294222
.9159266375234333
.185559986586913
.029233111433593393
.00863998889757114
.7152537300197578
.9909507111980929
.3400037222817147
.03977969183775904
.0069678888758761375
.014231917752332124
.012608693520942441
.912716119661767
.08203437906076119
.0018909561716643766
.002972878487402874
.014680382074387077
.05467587456507596
.007567344804261973
.5965918233398642
.0026815885394276258
.9909507111980929
.9909507111980929
.9909507111980929
.005176104948157174
.04962918403321128
.13897613283243404
.07908051020199926
.01450764277791459
.017731488150521304
.021427947028418725
.0006895359735054298
.0003282898409466894
.05669462238670928
.5397394983916028
.9909507111980929
.9909507111980929
.9909507111980929
.02519715095865032
.0005416166845093536
.44980909975363936
.2721637933630841
.005253883509901332
.015299045771051742
.9909507111980929
.03835801383565627
.1814670378723274
.019996364137615123
.019996364137615123
.019996364137615123
.019996364137615123
.019996364137615123
.019996364137615123
.019996364137615123
.019996364137615123
.019996364137615123
.019996364137615123
.019996364137615123
.019996364137615123
.019996364137615123
.019996364137615123
.019996364137615123
.019996364137615123
.019996364137615123
.019996364137615123
.019996364137615123
.019996364137615123
.019996364137615123
.019996364137615123
.019996364137615123
.019996364137615123
