.010383310116996771
32.689717779317434
1.2228488665785773
.09704232684861312
.011828363549524757
2.0541958458131573
4.470551855436368
5.823660787298128
0
.28329170124833014
.17051239784218156
0
9.181208368306955
1.3514218720552993
42.83793361750715
0
2.867869427705364
0
0
0
.016023556544867902
0
0
0
11716042651848038e-97
10.150642645343304
32.30815365288346
77.60695049200187
11.121008016960019
57.05481591805363
4.23828863458539
0
.050064326232754794
0
1.5923073536319627
.8353753135466072
.015616005098706646
39.318343956824755
39.0377878950715
.3007940085276743
8602675730333355e-20
52.668774143102354
41.820483744037595
3191404679045442e-20
12.929744491843655
0
0
1.1714693289976306
16.97067139230463
.052446966553053455
2.6283447865431464
7.53392262468919
.8474912468427779
67.6193938173983
0
8.623118495226151
8.419664955206986
14.251032606279377
0
.613578878773041
.7119766027347634
30.03026374313354
6.776949761916084
53.302970423654905
8.875825130640013
0
42.480794808195114
21.154992587905056
6.260038336219709
.1996605570897815
1.6041246322042073
38.40172247968022
9.266580272284921
10.096134169716834
35.01230519611157
74.62179013547242
8.559933299348002
1.5314094860933123
1.8087247354081002
5.261370222970459
14.205501352078498
7.713522996248941
.35503326574033617
.5628298515366632
8.844730024580613
0
0
.03465184839773065
.033105918524171725
4.367172988684385
0
0
.48005958079447864
.06367101754976015
0
.00040401253054152595
.0290118207083414
.4420156222939604
.11792118285266064
1.2836935503568774
0
.20967043802813903
0
0
0
0
0
6.484402552839711
.2134963214705467
.0397309347043361
0
.0015432681291994716
1.6548725875993064
0
0
0
0
.000987539749972369
0
.033550098889546826
0
.0064831477523389375
.7225476546041517
1.1258487133155104
1.2772683323325638
0
0
0
0
0
0
.23304642850516122
0
5.361029826199476
0
0
.27940532937247675
0
.15952557474938478
0
3.456052151187127
0
35.53609868845788
0
0
.22225510696332607
5609.135012114473
223.4304290855543
291.16536608694787
0
121.84569176182188
.1621889602600802
0
.13038310471814502
.444848226836386
0
98.5396676797411
0
0
0
.40304976912407225
0
0
.82475933052634
.00041526371726827074
0
8445989489033277e-20
4344922277218006e-34
.3460031928831282
.3271053448901274
.30751688046599984
.372594325652238
.3251953743048625
.5036486762844096
.24130955211702165
.38219948112417923
.321299982011846
.3268052071971407
.35254201045912636
.3455674135153664
.3322323575734936
.2905869187126745
.3250604056653422
.3406623522491527
.34499239334515974
.31952619790454506
.26362652912709567
.3338831885978738
.0057182963295961614
.22340695688614792
.6134528757942823
.9896704103052011
.3767470357022504
.005750105541809971
.0020140395043232963
.004407357794755332
.007371293450182492
.007628054231491918
.0029196656538019654
.016746925898478773
.2612712093273826
.0014225606706199103
.008440554209425976
.45393178260587225
.010694323966790122
.004053567258077956
.04710694866533953
.0038440540988484533
.009002596241953612
.03414682993222749
.06930630930607237
.03774371991388538
.016865057682094765
.12392405851216143
.02098962671057932
.045541478699937805
.0007317645665771253
.001562876276723076
.010003529915723513
.0035742212582630804
.5177849745072749
.7533149712158532
.005928254493562674
.050013093467070266
.0147950725517222
.0004951440324667069
.012296317160175091
.0002992858946147988
.052816520792544834
.03907646273483468
.09666355257759669
.012276798862498621
.011163541132847364
.0016682795105745806
3853550776903019e-21
.016511193454936266
.04018784505517837
.8309872315759411
.9896704103052011
.01967357274115682
.040094671917396664
.0138904639991478
.025313709852125516
.0033754063623776484
.3934746851211994
.057506856338015756
.06887814209309134
.4098444204166651
.0006973611595475476
.9896704103052011
.01913998178437648
.0008977674263376368
.02477632681252383
.02558029701105396
.009764461772278757
.10775820492748031
.3135116607643657
.0072743475065665305
.022219848249701496
.5548655572355171
.12950940745158887
.013790173464404183
.07318923715242359
.00026797935722609626
.022171817509471756
.21509362550348698
.00013013032662914737
.012805250352658117
.02987286353838673
.0003876051811228677
.00345090475475177
.007441312343596599
.00618068674095389
.02163656933192008
.09357781654244064
.023543040263187
.8981097175261005
.006946240138467656
.006867884211968159
.031864671471882815
.00023015197829566518
.011742662162267199
.0740126425880368
.4901145020598123
.4457842268521946
.0649292358996083
.041629998307517305
.0640230597092065
.8917483789132767
.5419977798508797
.01023634876000541
.008398341890880455
.7979274536471137
.032901025381845805
.2492131411512293
.004343674681711694
.00620084597494825
.11943865952854929
.21182654693872233
.5777485208103713
.0005508035992613243
.026096350323778113
.2383179931732861
.27424065546947013
.13113889861207187
.9148335641337372
.1855154013581647
.029232006342671944
.008639892381696554
.7145883018454015
.9896704103052011
.3398538370722191
.03977764534856067
.006967826103483785
.014231655861833118
.012608487966382502
.911630725676134
.08202567276238218
.0018909515488063605
.0029728670610952124
.014680103417837506
.054672007933623576
.007567270766123081
.5961293410656825
.0026815792425993225
.9896704103052011
.9896704103052011
.9896704103052011
.005176070309119049
.04962599839063388
.13895113332563924
.07907241980499301
.014507370640903327
.017731081617242822
.021427353310141263
.0006895353588141105
.000328289701612792
.056690464884898394
.5393611444787021
.9896704103052011
.9896704103052011
.9896704103052011
.025196329972190193
.0005416163052583407
.4495465246729169
.2720678086752515
.005253847822013844
.015298743131632445
.9896704103052011
.03835611103350624
.1814243992882286
.01999584710717587
.01999584710717587
.01999584710717587
.01999584710717587
.01999584710717587
.01999584710717587
.01999584710717587
.01999584710717587
.01999584710717587
.01999584710717587
.01999584710717587
.01999584710717587
.01999584710717587
.01999584710717587
.01999584710717587
.01999584710717587
.01999584710717587
.01999584710717587
.01999584710717587
.01999584710717587
.01999584710717587
.01999584710717587
.01999584710717587
.01999584710717587
