.010763512873152461
32.68202357367328
1.2224703987630545
.09699762866172637
.011822788042716368
2.054438270932034
4.46147454705183
6.027236785745035
0
.2831579975930328
.17050444041125162
0
8.929949681217552
2.2909844163051343
37.448566834890585
0
2.8549716213743257
0
0
0
.016023300490756762
0
0
0
10696319365687206e-97
8.523824195558962
32.572668485914434
76.75788918051059
11.613393032050016
57.23059008031139
4.245856420256011
0
.05001980486891593
0
1.598139350336949
1.0510255158121806
.0181441113153859
39.288324247189166
38.75201481731159
.3388379070143153
.00015047103876569473
52.85275375658519
41.819952174459424
3075833403515238e-20
12.805431443190848
0
0
1.2614722832648884
14.66341628411364
.06481308227192907
2.6027923038985126
7.336997314282261
.4000834224067145
63.91946968014244
0
8.298207700633245
8.10173275509699
14.170271817581527
0
.5335309296405057
.7132237911719055
30.006673551178277
8.15318242694632
53.07318924882277
8.876723531805435
0
42.276965530679036
16.15355045642846
6.376826616045757
.1340774357066716
1.962193604826613
38.40566698308969
9.264395066522882
9.987710078511098
34.20022095778123
68.42191695163797
8.465165319780036
1.4866999444173952
1.8120766335067737
5.261336538026571
14.20298856931005
7.7257160963797125
.40313548630071144
.5628154456177726
8.804670611859065
0
0
.02174440721530149
.03310407723589062
4.338499006424111
0
0
.47360295154650034
.062244849763922916
0
.0004039043254704626
.028993607445716482
.4419336647075295
.11800961594216065
1.3057129411329085
0
.2014085954449134
0
0
0
0
0
6.483097702484902
.21365098786503559
.025861528038717507
0
.0013103041582112414
1.7309581247603463
0
0
0
0
.0010792400569883637
0
.03304904746152109
0
.004034994773362605
.518547440874159
1.105040346967771
.8330709688370989
0
0
0
0
0
0
.2329452458621508
0
5.35097354614641
0
0
.1748700250743462
0
.1594592268488773
0
3.4536467506298627
0
35.53542052896102
0
0
.21980920866823694
5609.097191821331
223.42860845851723
291.16528975355453
0
121.84306399657012
.16215509652930438
0
.1303327620863563
.4446224517805716
0
98.83284527807874
0
0
0
.4030010023435517
0
0
.8246976275479069
.000430300247190627
0
9025500891501888e-20
8755753156238705e-34
.3457743550316233
.3268536962937192
.3072824636020417
.3723509072921177
.32500706529908197
.5034250554906131
.24087530264063606
.3819815296556821
.32105896955642566
.3265889250279012
.3523040506780122
.3452991019427115
.3320167955771845
.2902545044370492
.32485447864757694
.3404364630127396
.34474693420749297
.31934253898355
.26338263532359885
.33361550529213174
.005718283896654639
.2233879373492145
.6133088929306166
.989294206408643
.3766928619002506
.005750092970158005
.002014037962054235
.004407350409059985
.007371272789945618
.007628032106833428
.0029196624126870603
.01674681924878636
.261245186281223
.0014225599012004724
.00844052712032724
.4538530752227466
.010694280478805579
.004053561010553384
.047106104565444465
.0038440484804664974
.009002565424931963
.034146386459149046
.06930448176209826
.03774317807294812
.01686494952236467
.12391821228322575
.02098945917091961
.045540689783114666
.0007317643629848702
.001562875348031775
.010003491864721294
.0035742164009740017
.5176824993175265
.7530975361069251
.005928241130832955
.05001214197710533
.014794989315000921
.0004951439392528344
.012296259666533853
.00029928586055915583
.052815459613222676
.03907588194527023
.09665999651734308
.012276741551246544
.011163493744819
.001668278452392804
38535507712570636e-22
.016511089786798366
.04018723075211764
.8307224335263343
.989294206408643
.019673425554364243
.04009406046006567
.013890390630541866
.02531346616143075
.003375402030438642
.39341558370743096
.057505598255166865
.06887633706801105
.4097802883245817
.0006973609746488474
.989294206408643
.019139842474134104
.0008977671198966001
.02477609335987167
.025580048159878424
.009764425518347239
.10775378522004803
.31347417079643447
.007274327386215473
.02221966049283668
.5547478342194065
.12950302199457908
.013790101151504799
.0731871990127328
.0002679793299225455
.022171630563537024
.21507599662587995
.00013013032019082264
.012805188000986283
.029872524146657475
.0003876051240018253
.0034509002268553455
.007441291288983113
.006180672215955641
.021636391304103424
.09357448399965126
.02354282947581048
.8978001984230487
.006946221792289798
.00686786627737227
.03186428530479397
.00023015195815630335
.011742609729789242
.07401055831323707
.49002271294963645
.44570832589074477
.06492763197677079
.041629339114775316
.06402150025824925
.8914432491100392
.541885468606265
.01023630891712491
.008398315072067997
.7976833894802667
.03290061368283349
.24918946760954144
.004343667507914854
.006200831355041567
.1194332290950893
.21180945009945037
.5776208575189239
.0005508034839130136
.026096091329383682
.23829634673006353
.2742119809312419
.13113235135113943
.9145123546901237
.18550229149865513
.029231681358690934
.008639863997920102
.7143927264659085
.989294206408643
.3398097704830004
.03977704352447304
.006967807643100432
.014231578844382552
.012608427516271784
.9113117720232063
.08202311253647236
.0018909501892900124
.0029728637007847823
.014680021469813197
.054670870862914396
.007567248992669977
.5959933996702084
.0026815765085370473
.989294206408643
.989294206408643
.989294206408643
.005176060122301927
.04962506157619577
.13894378217278186
.0790700406888185
.014507290610149801
.01773096206321122
.021427178708951403
.0006895351780420134
.00032828966063663427
.056689242279227434
.5392499263115851
.989294206408643
.989294206408643
.989294206408643
.02519608853653615
.0005416161937259225
.4494693341501064
.27203958735027245
.005253837326746672
.0152986541307111
.989294206408643
.038355551463716366
.1814118617778636
.019995695058230328
.019995695058230328
.019995695058230328
.019995695058230328
.019995695058230328
.019995695058230328
.019995695058230328
.019995695058230328
.019995695058230328
.019995695058230328
.019995695058230328
.019995695058230328
.019995695058230328
.019995695058230328
.019995695058230328
.019995695058230328
.019995695058230328
.019995695058230328
.019995695058230328
.019995695058230328
.019995695058230328
.019995695058230328
.019995695058230328
.019995695058230328
