8022200781694915e-22
35.67882676192468
1.2418771598782785
.09824324141818293
.011977416764543983
2.0439640482565675
4.205413159969434
3075.9281591255944
0
.28772766542932415
.17072723435767587
0
13.780910230203608
31.023963250986053
1147.7732463838229
0
.2137832778207579
0
0
0
.016030550401160974
0
0
0
19509142911240636e-96
.00760652014859164
.0152982858721864
72.76004165862037
12.339286901605
47.8072881043591
34.568075318985514
0
.0229190576648187
0
1.1387511986179266
1027.6505720723076
17.66067166218433
13.500508556880254
24544.471967620797
35.79667635203711
.30184800253666505
709.4763344829357
41.795480158879066
.16958490815970625
16.706234842331636
0
0
1.8646654865891616
29.734971751311136
.00026966899245341663
2.9569364075393705
.18198972392405005
2.8798917956013144
70.2095688710622
0
.028479641102437555
209.6312932951832
320.0764504091914
0
.0003875033738584314
.00018628486753257032
29.034986402399056
55.08531226266263
56.076752647517964
8.889590265021283
0
32.47852940873305
137.60671575902248
.000329177403264736
14838352203666624e-25
.006231225991172685
36.44752284734534
9.325324101712706
10.869606604429835
95.24123550921037
141.80389622384564
2.540028585134515
7.668515598092175
.5203143851904549
5.264799311954737
14.398331341823038
7.310419719077329
46.17215167230595
.4686808635922978
9.92696267342676
0
0
.47666273239413004
.03321257661808451
5.294712052597567
0
0
.5647345083200301
.15569885370489878
0
.0004119216786846034
.029717240679007155
.44399892094926385
.11545743606978442
.00031942131582183306
0
138.3633112175298
0
0
0
0
0
6.554698441710908
.20839110129313235
.20693049822370985
0
5981838073670945e-22
.12069231711707622
0
0
0
0
.0013573804086149759
0
.03214617590482225
0
.12052485020752857
1.9573679260227406
1.1412243585453647
7.748461489765844
0
0
0
0
0
0
.23551252593185112
0
5.328451982938914
0
0
5.770651019600431
0
.16134694843578043
0
3.5229447450312126
0
35.55461096855433
0
0
.25360158146286454
5610.167900389316
223.4801521729517
291.16745059314263
0
121.91747220740987
.1631373572773747
0
.13176232386236436
.450958049675879
0
90.58657453121926
0
0
0
.40432713800758496
0
0
.8264461505193188
325519148400633e-22
0
7418526950328469e-28
12139122723125413e-127
.35482815157075703
.3401254455280873
.31602580827410975
.3741699976690579
.33251962467945917
.5130974517574101
.25614850493795516
.3907078702559277
.3299445219419058
.33491324938188066
.3614095651027068
.35532226808876255
.34035521516044115
.30163934739915604
.33488629723229274
.34912064610442395
.3540164983652166
.32668546482071786
.2720957915295325
.3434434546666178
.0057186358565564635
.22392696531630077
.6173978255502972
.9999991977803242
.3782294191666346
.0057504488568252176
.0020140816207835214
.004407559486767939
.007371857658565434
.00762865843245619
.002919754162970531
.016749838531460445
.2619828447434829
.0014225816819471966
.008441293987224664
.4560863932683439
.010695511597137641
.004053737868067413
.04713000503927773
.0038442075277777114
.009003437828365456
.034158942441005744
.06935623417649209
.03775851941484067
.01686801155650725
.12408381292114248
.020994202370140512
.04556302758057729
.0007317701262593891
.0015629016374699531
.010004569061534364
.0035743539027835187
.5205912024153114
.7592769757994661
.005928619412204133
.05003908358035221
.014797345746016878
.0004951465779410135
.012297887290008516
.00029928682460161557
.05284550752743076
.03909232616785004
.09676071140782418
.012278364011187815
.011164835274282733
.0016683084074700068
38535509310817495e-22
.016514024657235987
.04020462396166252
.8382510040657871
.9999991977803242
.019677592517036133
.04011137308801267
.013892467685522018
.025320365420244132
.0033755246603310745
.39509205202006986
.057541222476569814
.06892745167828031
.4115996126720233
.0006973662087466599
.9999991977803242
.0191437864351439
.0008977757946143086
.024782702745485382
.025587093529604515
.009765451840092712
.10787896758923785
.31453716480026145
.007274896970973985
.022224976093374486
.5580899898529316
.1296839020994762
.01379214831851393
.07324491624470124
.0002679801028275823
.02217692320444406
.2155755905940062
.00013013050244587373
.012806953158154534
.02988213307668227
.00038760674097718437
.003451028404022272
.007441887322188508
.006181083400165038
.021641431449463993
.09366886690378044
.023548797136133223
.9066033778330354
.0069467411512937
.006868373984761711
.031875218661767304
.00023015252825838513
.011744094069357374
.07406958227892592
.492627718890163
.44786191983447365
.06497305085125334
.04164800345839014
.06406565959806029
.9001212978519917
.545073768420119
.010237436842101415
.008399074287248795
.8046212542155317
.03291226997523036
.24986048393913413
.004343870587033893
.006201245226031225
.11958704829337759
.21229395809804316
.5812456536633618
.0005508067491814023
.026103423889308502
.23890987093376082
.2750248545853762
.13131781643061013
.9236488344158134
.1858737613504855
.029240882342886233
.008640667516757154
.7199497831019754
.9999991977803242
.34105941076074436
.039794083371454216
.006968330235187905
.014233759201507427
.01261013883906543
.9203839340220298
.0820956178431353
.00189098867460998
.0029729588253109545
.014682341416441523
.05470306799671642
.0075678653758461485
.5998536126971866
.0026816539049534225
.9999991977803242
.9999991977803242
.9999991977803242
.005176348496622223
.0496515875859928
.13915202767054768
.07913741595353962
.0145095562768554
.0177343466886421
.021432121837712443
.0006895402953240611
.00032829082058425003
.05672386177215136
.5424071520113611
.9999991977803242
.9999991977803242
.9999991977803242
.025202923947506773
.000541619350974266
.45165956098413135
.2728396041110162
.005254134432969618
.01530117375278212
.9999991977803242
.038371394819549244
.18176710645410535
.019999999679111972
.019999999679111972
.019999999679111972
.019999999679111972
.019999999679111972
.019999999679111972
.019999999679111972
.019999999679111972
.019999999679111972
.019999999679111972
.019999999679111972
.019999999679111972
.019999999679111972
.019999999679111972
.019999999679111972
.019999999679111972
.019999999679111972
.019999999679111972
.019999999679111972
.019999999679111972
.019999999679111972
.019999999679111972
.019999999679111972
.019999999679111972
