6726790972725347e-21
35.6703690383705
1.2418046851354416
.09824256304188754
.011977333537689152
2.043972182362856
4.22122129485143
3033.635201198436
0
.287722945914265
.17072711298428722
0
13.781861061552814
15.246252134700784
1058.5311105438998
0
.35927116532129644
0
0
0
.016030546409388717
0
0
0
19460096327135585e-96
.06330500056032533
.1273145407128042
72.95764813164129
12.298722784562846
47.81143624127814
34.55220662467026
0
.038675354776508054
0
1.140323722173768
547.8953861276358
18.17970007236325
26.556514050878775
15047.05495995896
41.16543743532686
.15486853597685685
708.6587232901775
41.795935932309554
.16913979941378568
16.703885489349084
0
0
1.8519122175597025
29.736061858754596
.002249749530560965
2.958836893990443
1.459943709182608
2.8795771058098674
70.20943201377895
0
.23645135945862955
216.30166623049786
319.7851679775761
0
.0032800599719579313
.0015820008003199382
29.03820111100593
55.051954896768635
56.09083415888824
8.889276651515805
0
32.66693577954369
137.53724520546987
.0029089857703743288
15976016025608365e-23
.0517250280710254
36.450290922214776
9.325292072378847
10.879885221914554
95.6148625206578
140.74064126643418
2.672762855132016
7.745375757677597
.5477502704456453
5.264779881630768
14.397334249301498
7.310686162349138
47.76861440440556
.5189752668584071
9.926349705911043
0
0
.47588115002629683
.03321198333536562
5.294015774477345
0
0
.5652847852507507
.15730238249012565
0
.0004118817342747516
.02971554238756866
.44399926900580244
.1154589254117363
.0026627794254285263
0
138.3266149893475
0
0
0
0
0
6.554412221904175
.20839458401676433
.22867345617331336
0
49524911862043565e-22
.6882298548438242
0
0
0
0
.0013465659453806484
0
.03215840980524909
0
.12025167481542944
1.9573146126744374
1.1435328499692963
7.743769744253264
0
0
0
0
0
0
.23551232203448202
0
5.329750089084902
0
0
5.764147457279436
0
.16134590962500464
0
3.5229033859033785
0
35.554600536812934
0
0
.2537945807592496
5610.167310938005
223.48012379630924
291.1674494036565
0
121.91743123527563
.16313666645301136
0
.13176153440672136
.45095459378237257
0
90.57420964407615
0
0
0
.40432580569337806
0
0
.8264451869526023
2729396780794072e-22
0
4192825079469948e-26
10017188715932927e-106
.35480527984210314
.34010054109397664
.31600528387340227
.37417842453763145
.3324989741300655
.5130666598095674
.25612687173865306
.39068367773483903
.32992324365903364
.33489202495334547
.3613865966734309
.35529877642581903
.3403337141596097
.30161806945545416
.33486315233450964
.34909852126583285
.3539938054306933
.3266651971205752
.2720774472441964
.34342097398877824
.005718635662806433
.22392666823899327
.617395567224938
.9999932732317629
.3782285716130664
.0057504486609135114
.0020140815967503527
.004407559371673785
.007371857336598867
.007628658087667323
.002919754112463776
.016749836869280128
.26198243811072536
.001422581669957414
.008441293565066739
.45608516087114226
.010695510919402481
.0040537377707101805
.04712999187940077
.0038442074402248094
.009003437348108535
.03415893552801936
.06935620567760871
.03775851096814634
.016868009870790256
.12408372170177752
.020994199758847303
.045563015281231634
.0007317701230868552
.0015629016229982318
.010004568468535768
.003574353827091167
.5205895967683553
.7592735602809195
.00592861920396419
.05003906874576218
.014797344448764339
.0004951465764884858
.012297886393988098
.00029928682407093633
.05284549098219357
.039092317113862525
.09676065593823936
.01227836311801006
.011164834535763977
.0016683083909804278
385355093099377e-20
.016514023041528478
.04020461438511712
.8382468410862409
.9999932732317629
.019677590222997074
.040111363555839566
.01389246654207597
.025320361621878087
.003375524592825527
.3950911272087956
.05754120286036373
.06892742353068612
.4115986089662356
.0006973662058654249
.9999932732317629
.019143784263880238
.0008977757898390961
.02478269910671867
.02558708965079198
.009765451275101651
.1078788986398583
.31453657866136747
.007274896657421254
.02222497316693542
.5580881445620245
.12968380246057765
.013792147191522209
.07324488446046315
.0002679801024021191
.022176920290645896
.21557531526252757
.00013013050234554738
.012806952186418002
.02988212778638516
.0003876067400870829
.00345102833346302
.0074418869940757835
.006181083173812117
.02164142867468213
.09366881492245538
.023548793850687207
.9065985082619068
.006946740865390427
.006868373705272684
.031875212642228534
.0002301525279445595
.011744093252218386
.07406954977493994
.4926262811045714
.44786073148342315
.0649730258406966
.04164799318188993
.0640656352812031
.9001164976652871
.5450720082001138
.010237436221176104
.008399073869303213
.804617418563999
.032912263557631855
.2498601140668244
.004343870475241912
.006201244998199234
.1195869635657431
.2122936910853116
.5812436520702813
.0005508067473839581
.02610341985237284
.23890953277171414
.2750244064589764
.13131771426515304
.9236437800135247
.18587355666224126
.029240877277205438
.008640667074421975
.7199467122376153
.9999932732317629
.3410587216061516
.03979407398948779
.00696832994750481
.014233758001189988
.012610137896966252
.9203789152890071
.0820955779133684
.0018909886534246734
.002972958772946729
.014682340139275005
.05470305026788062
.007567865036530655
.5998514808950446
.002681653862348248
.9999932732317629
.9999932732317629
.9999932732317629
.005176348337875815
.04965157298026735
.13915191295141685
.07913737884955455
.01450955502957198
.01773434482532284
.021432119116344784
.00068954029250713
.0003282908199457302
.05672384270927515
.5424054089719561
.9999932732317629
.9999932732317629
.9999932732317629
.02520292018429434
.0005416193492362839
.4516583523944219
.2728391630776313
.005254134269416339
.015301172365686564
.9999932732317629
.038371386096425424
.18176691071061987
.01999999730928379
.01999999730928379
.01999999730928379
.01999999730928379
.01999999730928379
.01999999730928379
.01999999730928379
.01999999730928379
.01999999730928379
.01999999730928379
.01999999730928379
.01999999730928379
.01999999730928379
.01999999730928379
.01999999730928379
.01999999730928379
.01999999730928379
.01999999730928379
.01999999730928379
.01999999730928379
.01999999730928379
.01999999730928379
.01999999730928379
.01999999730928379
