10381873976376223e-21
35.66508049706438
1.2417581623502698
.09824214452996842
.0119772821908299
2.0439771989545084
4.230829693594206
3002.3640399367564
0
.28772001309481576
.17072703810418421
0
13.781647416936693
5.255096106019805
822.22640758106
0
.43123390578162407
0
0
0
.016030543946719898
0
0
0
1942972411597481e-95
.09733051608348643
.19573959944030034
73.07866375905783
12.273406700593208
47.814033098703426
34.5423233051978
0
.044333746899495395
0
1.141293102956517
196.96105884004734
18.291689692743756
31.86707914175307
9043.914819783206
42.34952154368259
.05489354958523548
708.1515577284111
41.796213901010915
.16886118567825895
16.702436180573997
0
0
1.8439975274942308
29.73689071616886
.003460709998052853
2.9600389324871226
2.194203477078296
2.879385422060379
70.20934851778584
0
.36244168377861324
219.6127115598957
319.60500857077636
0
.005088010447581134
.002458981148223773
29.040178761104084
55.03139264118038
56.09973562183072
8.889074120280485
0
32.75962093844751
137.4982880626325
.004608172138272353
43935278240921084e-23
.07940036719059193
36.45202713061226
9.325272315848508
10.886356805084784
95.79065844689347
140.08230531746102
2.74113115926147
7.781874603633685
.5617885498628488
5.264767321194534
14.396693132828467
7.31085150797118
48.11153400543158
.5345043438966935
9.925971717942897
0
0
.475466950921109
.033211601346217486
5.29358374311919
0
0
.565632962881183
.15773899569277788
0
.0004118560504294853
.029714453516639327
.44399948242310094
.11545984417661459
.00409811198705853
0
138.30356715098205
0
0
0
0
0
6.554228392375303
.20839673225637997
.23532772340179592
0
7589507989850608e-21
.8865985486628872
0
0
0
0
.0013398671689915929
0
.03216609886549128
0
.12010798407971401
1.9573181915313915
1.144959788815728
7.7413280682429
0
0
0
0
0
0
.23551221256421775
0
5.330551040998186
0
0
5.760642951666886
0
.16134526874432642
0
3.5228784383403084
0
35.55459408071702
0
0
.25391666504185256
5610.16694728411
223.48010628972946
291.16744866981935
0
121.9174059580845
.16313623588362497
0
.13176104736414243
.4509524616992832
0
90.56664841399923
0
0
0
.40432506094122345
0
0
.8264445924938707
4212295982252383e-22
0
9958691495052088e-26
22980891448897244e-102
.3547906509445942
.3400846797700343
.31599215948681697
.3741830160693795
.33248574776683126
.5130469126526821
.25611313187669843
.3906681779625067
.32990963683377905
.334878441080771
.36137189812101644
.3552838244324506
.3403199516955797
.30160450139970035
.3348483849174749
.34908436111809094
.353979287663711
.3266522154831197
.2720657321982276
.3434066026729348
.005718635543275004
.22392648496140685
.6173941739861035
.9999896181800292
.3782280487274279
.005750448540048467
.0020140815819234183
.004407559300668023
.007371857137966003
.007628657874954555
.002919754081304324
.016749835843820792
.2619821872445202
.0014225816625604813
.008441293304622193
.4560844005621995
.010695510501283064
.0040537377106469675
.047129983760596454
.0038442073862102444
.009003437051820606
.03415893126314763
.06935618809561812
.03775850575707471
.01686800883081029
.124083665425271
.020994198147845824
.04556300769332017
.0007317701211296039
.0015629016140701014
.010004568102693411
.003574353780393806
.5205886061888884
.759271453131111
.005928619075493406
.0500390595937669
.014797343648442178
.0004951465755923685
.012297885841200586
.000299286823743541
.052845480774838305
.039092311528129774
.09676062171705331
.01227836256697629
.011164834080144953
.0016683083808074074
3853550930939493e-21
.016514022044739902
.04020460847699952
.8382442728032353
.9999896181800292
.019677588807721177
.04011135767509683
.013892465836642613
.025320359278528378
.003375524551178903
.39509055666020415
.057541190758416946
.06892740616541851
.41159798974489387
.0006973662040878864
.9999896181800292
.019143782924348932
.0008977757868930942
.02478269686183157
.02558708725781192
.009765450926538159
.10787885610250333
.31453621705153567
.0072748964639791905
.022224971361509048
.5580870061380716
.12968374098975974
.013792146496240124
.07324486485161893
.00026798010213963536
.022176918493018154
.21557514540071177
.00013013050228365242
.012806951586918473
.029882124522609157
.00038760673953794697
.0034510282899324553
.007441886791651131
.006181083034166781
.02164142696281858
.09366878285330203
.02354879182377644
.9065955040596176
.006946740689006317
.006868373532845754
.03187520892855696
.00023015252775094905
.011744092748095689
.07406952972205734
.49262539408450146
.44785999834806284
.0649730104107804
.04164798684194491
.06406562027925515
.9001135362684918
.5450709222592828
.010237435838104743
.00839907361145741
.8046150522203448
.032912259598382836
.24985988587943322
.004343870406273379
.0062012448576414065
.11958691129421745
.21229352635562523
.5812424172182341
.0005508067462750495
.026103417361840894
.23890932414750185
.2750241299938854
.13131765123561084
.9236406617829277
.1858734303827401
.029240874152003375
.008640666801529346
.7199448177163652
.9999896181800292
.34105829644234265
.03979406820141299
.006968329770022664
.014233757260670606
.01261013731575108
.9203758190639302
.08209555327925437
.001890988640354688
.0029729587406413364
.014682339351344642
.054703039330320655
.007567864827194609
.5998501657126378
.0026816538360635678
.9999896181800292
.9999896181800292
.9999896181800292
.00517634823993939
.049651563969466884
.1391518421770648
.07913735595876693
.014509554260077582
.0177343436757736
.021432117437434384
.000689540290769263
.00032829081955180415
.056723830948697526
.5424043336304198
.9999896181800292
.9999896181800292
.9999896181800292
.025202917862632165
.0005416193481640598
.4516576067731381
.2728388909884702
.005254134168514381
.01530117150993699
.9999896181800292
.03837138071481444
.18176678994945805
.019999995847250842
.019999995847250842
.019999995847250842
.019999995847250842
.019999995847250842
.019999995847250842
.019999995847250842
.019999995847250842
.019999995847250842
.019999995847250842
.019999995847250842
.019999995847250842
.019999995847250842
.019999995847250842
.019999995847250842
.019999995847250842
.019999995847250842
.019999995847250842
.019999995847250842
.019999995847250842
.019999995847250842
.019999995847250842
.019999995847250842
.019999995847250842
