.011224747801717384
32.67411149674766
1.221982975563025
.09694332827593749
.011816013365894894
2.0547214012904864
4.451219481701739
6.394484037244279
0
.28299615581143883
.17049477814061811
0
8.675797964915263
3.8624854616790483
32.95403589365914
0
2.8359784227203506
0
0
0
.016022989869606492
0
0
0
9578798702721433e-97
7.120881302324963
32.884626391010634
75.4339832999585
12.291875174093747
57.39786847521069
4.249688814000807
0
.0499370390374505
0
1.605176670725771
1.3733626505269743
.02345355575563991
39.22339955488117
37.98248321212362
.4153857308050441
.00026775283797696024
53.042337000152244
41.819308495405295
29392900236434703e-21
12.65592474944551
0
0
1.4014611888766437
12.537242547853658
.08231186751821248
2.572548776583485
7.145504311628253
.0052413055118460325
7.258715330354624
0
7.919066164729978
7.732847854671839
14.110456236724461
0
.4575964580348568
.7052780293314327
29.974284793557327
9.986772214866013
52.79473830598953
8.877650981146559
0
41.99786187932586
12.899587513327589
6.505224920126043
.0991489245261308
2.455958225516575
38.40941115637234
9.261760397726489
9.859737008601888
33.406052154921575
64.24254399131728
8.300997255254277
1.4434617023520464
1.8139421089462255
5.2612933125025
14.199532592971314
7.740334147859645
.4992112245989112
.5627447128016485
8.756047046978686
0
0
.014801572757799525
.03310155834271953
4.304107002310824
0
0
.4660323466481338
.06082882167477331
0
.0004037569656414182
.02897127407537254
.4418391662243499
.11811698514915958
1.3323105201322498
0
.19192297968540378
0
0
0
0
0
6.481400590761472
.21383602699058332
.01798593754859811
0
.0011654562994193416
1.8366622024901713
0
0
0
0
.001221311603382908
0
.03244324808236114
0
.0027368346552176714
.3824656735124409
1.0746045113037246
.5797561781018445
0
0
0
0
0
0
.23282258825715696
0
5.33475029782157
0
0
.11787580863470368
0
.15937879860230256
0
3.4507506740403207
0
35.5345975696882
0
0
.21692516989528207
5609.051311275304
223.42639982326665
291.1651971513404
0
121.83987625483395
.16211395500639833
0
.13027170556589257
.4443483661073942
0
99.17600207068223
0
0
0
.40294209601668973
0
0
.824622780291815
.00044851060498287727
0
9749702080026481e-20
1973698466050402e-33
.3454887575956756
.32655629641785416
.306990582229047
.3720446216943825
.3247705529766934
.5031411754828025
.240346371639439
.3817076193725839
.32075830432776414
.3263184545354275
.35200661827695695
.3449672440806671
.3317470595259256
.2898440332781052
.32459899325719366
.340153976291387
.3444406002748992
.31911180936091793
.2630802805663145
.33328248148073547
.0057182688139309976
.22336486637405634
.6131342685306616
.9888380145786284
.3766271525556704
.005750077719161336
.002014036091084744
.00440734144927657
.007371247726494159
.0076280052668582805
.0029196584808019246
.016746689869880444
.2612136204528232
.0014225589677961212
.00844049425787702
.4537576113460218
.010694227722514731
.004053553431514074
.04710508058382207
.003844041664656335
.009002528040055847
.034145848476899346
.06930226478048802
.037742520760522355
.016864818311607917
.12391112042453362
.020989255925521772
.04553973274370998
.0007317641160013099
.0015628742214103151
.010003445704147403
.0035742105084653965
.5175582109342352
.7528338435527154
.005928224920160583
.05001098772148792
.014794888338762413
.0004951438261724208
.012296189919700409
.0002992858192452784
.05281417229460387
.03907517738428751
.09665568273370588
.012276672025672942
.011163436257305152
.0016682771686828738
3853550764407791e-21
.016510964024864246
.040186485535963455
.8304013126435643
.9888380145786284
.019673246999299506
.0400933186960608
.013890301625490275
.025313170536370114
.003375396775245964
.39334389799463
.0575040720755269
.06887414740352822
.4097025013054081
.0006973607503429675
.9888380145786284
.01913967347422252
.000897766748144281
.024775810154679407
.025579746274590302
.009764381537838044
.10774842378884028
.3134286966531728
.0072743029777120405
.022219432721698826
.5546050545616737
.1294952760351576
.01379001342715008
.07318472656288474
.0002679792967998244
.02217140377614806
.21505461246559335
.00013013031238030568
.012805112360782514
.029872112425938815
.00038760505470665274
.0034508947339415836
.007441265747104248
.0061806545953071845
.0216361753353911
.09357044135519924
.023542573766098338
.8974248550638739
.0069461995360773805
.0068678445204596325
.03186381684064378
.00023015193372466513
.01174254612275236
.07400802989815972
.48991138400893375
.44561626559333634
.06492568626490684
.04162853944306089
.0640196084943089
.8910732274973798
.5417492518373683
.010236260582785685
.008398282537508113
.7973874084120366
.03290011424580388
.24916075157218287
.00434365880519092
.006200813619257403
.11942664161108581
.21178871128304366
.5774660233659412
.0005508033439806839
.0260957771392649
.2382700894448528
.27417719904670973
.13112440911888193
.9141228376432234
.185486388793642
.029231287116101085
.008639829564867476
.7141555401858398
.9888380145786284
.3397563197029166
.03977631344653886
.006967785248342644
.01423148541285159
.012608354182888144
.9109249899465668
.0820200067598568
.0018909485400228341
.002972859624300387
.014679922056915616
.05466949148139016
.007567222578750169
.595828526856686
.0026815731917709928
.9888380145786284
.9888380145786284
.9888380145786284
.005176047764407199
.04962392512332312
.138934864799315
.07906715461046568
.01450719352312727
.017730817029849664
.021426966897122365
.0006895349587422327
.0003282896109272825
.05668775913642325
.5391150351311379
.9888380145786284
.9888380145786284
.9888380145786284
.025195795647086825
.0005416160584227601
.449375709892948
.2720053551767183
.005253824594663527
.015298546161821676
.9888380145786284
.03835487264442488
.181396653325533
.019995510604821458
.019995510604821458
.019995510604821458
.019995510604821458
.019995510604821458
.019995510604821458
.019995510604821458
.019995510604821458
.019995510604821458
.019995510604821458
.019995510604821458
.019995510604821458
.019995510604821458
.019995510604821458
.019995510604821458
.019995510604821458
.019995510604821458
.019995510604821458
.019995510604821458
.019995510604821458
.019995510604821458
.019995510604821458
.019995510604821458
.019995510604821458
