.011332633739841648
32.672405327971155
1.221861105906931
.09693061506859481
.011814427003676183
2.054785910028177
4.448952383059618
6.488782283260995
0
.2829583372068668
.17049251666369186
0
8.62682091681674
4.252230124450458
32.38183959076017
0
2.831330522979373
0
0
0
.016022917214106015
0
0
0
9334819444848768e-97
6.919774154521394
32.95552751451451
75.11814017210892
12.438425431401408
57.42937630362072
4.249986965003562
0
.04991325657917068
0
1.6068154575920552
1.4506805715919868
.02502274142541666
39.203869328709686
37.87291491035656
.4374297446719176
.0002987331238044683
53.080354550775596
41.81915808104888
29149090519624848e-21
12.621159448500553
0
0
1.4337989799332695
12.221095073120194
.0864620608451641
2.56566494074895
7.10706290453287
.005205923834575513
7.214774845615913
0
7.852205058878993
7.6667942912340665
14.101121380271527
0
.4456220418749586
.7017998653026956
29.966401560154697
10.397036712741052
52.73021800978083
8.87782501079905
0
41.930250395445256
12.516618675063183
6.533715510564409
.09543966311389812
2.5709590983327915
38.410150441210554
9.261144524146596
9.830681079019602
33.246087738159474
63.960687251926615
8.261013173775321
1.4348110496695745
1.814188059620494
5.261282492797866
14.198610984799743
7.74373122513067
.5267809471510355
.5627202563486869
8.744669460322475
0
0
.013978078716593548
.033100895941016235
4.296120485925193
0
0
.4643203286921459
.06054014381948607
0
.00040371802821486785
.028965969898442648
.44181842238797525
.11814213949134225
1.3384454063675366
0
.1902268043368018
0
0
0
0
0
6.48097192440082
.2138789042621898
.017033092801425023
0
.0011537720385844826
1.8595742999084401
0
0
0
0
.0012546662437493208
0
.032335073693338004
0
.0025839104655222336
.36477202984379153
1.0674867045170118
.5490344433219707
0
0
0
0
0
0
.23279396725649848
0
5.330800323105061
0
0
.11101728374384831
0
.15935999817170976
0
3.4500767930938454
0
35.53440504788199
0
0
.2162704789926529
5609.04057956254
223.42588321184368
291.1651754910667
0
121.8391306327329
.16210431383149249
0
.13025742649936783
.4442842254046071
0
99.25438702030443
0
0
0
.4029283431695738
0
0
.8246052740309304
.0004527637934885775
0
9922395215706135e-20
2373740744847381e-33
.3454197325836979
.3264860120320218
.30692027126973276
.37197020951579357
.3247130539331686
.5030713850723723
.24022155327247383
.38164098735753244
.32068580183234463
.32625300492377607
.3519346862338956
.3448876632673464
.33168174456750665
.28974607944936687
.32453725827169155
.34008562043896445
.3443666379767513
.3190557010110979
.2630078050784176
.3332023504524795
.0057182652859866885
.22335947026234682
.613093429889896
.988731338616338
.37661178435417825
.005750074151856934
.002014035653452703
.0044073393535258645
.007371241863997342
.0076279989888220065
.002919657561108429
.016746659607432296
.2612062375446242
.001422558749466682
.008440486571148337
.45373528460394974
.010694215382502611
.004053551658728077
.047104841070876445
.003844040070394445
.009002519295505404
.034145722640472095
.06930174622387934
.037742367012396714
.01686478762068067
.12390946164987152
.020989208385346337
.04553950888868749
.0007317640582302135
.0015628739578861294
.010003434906910828
.003574209130169581
.5175291433556476
.7527721774241108
.0059282211283821695
.05001071773721473
.014794864719843565
.0004951437997221587
.012296173605506147
.0002992858095816867
.05281387118668733
.03907501258458932
.09665467373861138
.012276655763232568
.011163422810633459
.0016682768684146683
3853550762805701e-21
.016510934608444015
.0401863112269094
.8303262182341867
.988731338616338
.01967320523430816
.040093145194473746
.013890280806695049
.025313101388187213
.0033753955460223894
.39332713211149756
.05750371509773533
.06887363523638994
.40968430853176685
.0006973606978763307
.988731338616338
.019139633944226953
.0008977666611889467
.024775743911555816
.02557967566211419
.009764371250531046
.10774716975267903
.31341806089858504
.007274297268411473
.022219379444841515
.5545716627472165
.12949346427024458
.013789992907916658
.07318414825236394
.00026797928905219874
.02217135072939402
.21504961087414967
.00013013031055337352
.01280509466809686
.029872016122524825
.0003876050384980497
.003450893449113537
.007441259772700411
.006180650473726777
.0216361248191743
.09356949577879746
.02354251395428529
.8973370823866149
.006946194330210563
.006867839431382034
.03186370726473622
.00023015192800994173
.011742531244690256
.07400743849740866
.48988534707451753
.44559473481754536
.06492523115828824
.04162835239670923
.0640191660061233
.8909866991315404
.5417173947647763
.010236249277093039
.0083982749274749
.7973181923086471
.03289999742523261
.2491540351763285
.0043436567695680365
.006200809470746052
.11942510080690329
.21178386062806506
.5774298126107029
.0005508033112495801
.026095703648638252
.23826394810756157
.2741690639677185
.13112255144699625
.9140317509425683
.1854826692412007
.02923119490088686
.008639821510765712
.7141000720919914
.988731338616338
.3397438184209104
.039776142678355365
.006967780010069234
.014231463558679417
.01260833702978024
.9108345427216047
.08201928031488165
.0018909481542484054
.0029728586707841982
.014679898803670374
.05466916883983798
.007567216400370769
.5957899685840641
.002681572415957796
.988731338616338
.988731338616338
.988731338616338
.005176044873817134
.04962365930314253
.13893277904854417
.07906647955261648
.014507170813916387
.01773078310574648
.02142691735321946
.0006895349074465557
.0003282895992999333
.05668741222499023
.5390834880505303
.988731338616338
.988731338616338
.988731338616338
.025195727138774833
.0005416160267744494
.4493538133667827
.2719973486637642
.0052538216165484795
.015298520907285465
.988731338616338
.038354713865781084
.18139309615069676
.019995467460179606
.019995467460179606
.019995467460179606
.019995467460179606
.019995467460179606
.019995467460179606
.019995467460179606
.019995467460179606
.019995467460179606
.019995467460179606
.019995467460179606
.019995467460179606
.019995467460179606
.019995467460179606
.019995467460179606
.019995467460179606
.019995467460179606
.019995467460179606
.019995467460179606
.019995467460179606
.019995467460179606
.019995467460179606
.019995467460179606
.019995467460179606
