.011666460088602393
32.667304537002046
1.2214612231881858
.09689124844692464
.011809514273736596
2.0549814320250777
4.442241447528949
6.779367781158197
0
.282841359221367
.17048551569943088
0
8.503019131849584
5.441391367518426
31.140108161992153
0
2.8169574826409005
0
0
0
.016022692401712644
0
0
0
861859206155756e-96
6.476064491844911
33.16896533735447
74.19669796095636
12.835803711946559
57.50984735614261
4.2500193318004245
0
.04983024152350365
0
1.6118666097883936
1.676785331497045
.030450448912917934
39.13431563477779
37.56509385947609
.5119937464930331
.000397834806674275
53.18180210099985
41.81869290075779
2856667760511047e-20
12.514078319385057
0
0
1.5249007646548611
11.505319143467128
.09896508659347288
2.5449167471476146
7.000986602939864
.005026578391925613
6.990900408540322
0
7.689720686802951
7.507847270690021
14.076968255154359
0
.4182774213205019
.6917274200828641
29.94173766290445
11.564427027417356
52.53282123601702
8.878240514996843
0
41.71974704150366
11.754827883060752
6.619163770299039
.08870277748061023
2.9127374584789782
38.41216555998253
9.259236374937563
9.74329578202534
32.80375485854375
63.84543737866299
8.144155009799293
1.4109948702953232
1.8147568872804578
5.261241706544957
14.195430880238982
7.7541940495902635
.6198790331508562
.5626287322112482
8.709450241506175
0
0
.012260267861905453
.03309863816301904
4.271542382996526
0
0
.459185736260557
.05973390636353576
0
.0004035845898731538
.028949073916331586
.44175418687042395
.11821992386746297
1.3571029677328204
0
.18613903837337148
0
0
0
0
0
6.479553577758032
.21401061754180126
.015034904947365771
0
.0011417487335906166
1.921790054541222
0
0
0
0
.0013504784778704212
0
.03206893938553072
0
.0022659458699460094
.3266587452441966
1.0468351808322875
.4845345844502156
0
0
0
0
0
0
.23270565658169132
0
5.31911360601722
0
0
.09658495561988893
0
.15930183892648198
0
3.44799915113416
0
35.5338093002001
0
0
.21430129015085153
5609.007373062059
223.42428469315124
291.1651084687179
0
121.83682351848218
.16207442894248456
0
.13021324937374498
.444085685477458
0
99.49253735327545
0
0
0
.4028858210619831
0
0
.8245511076706727
.00046590684291654357
0
.00010464534845572281
41491290960985904e-34
.3451997082510328
.3262642096042957
.3066968366897004
.371732202771937
.3245288693433344
.5028456840337344
.23983180881322824
.3814274354196194
.3204552483012489
.32604419785370164
.3517053173207907
.3446355166511359
.33147324736921724
.2894374040786373
.32434021704317645
.33986754699604466
.3441311357101087
.31887592911993723
.2627785045995276
.3329479762796339
.005718254369649486
.22334277415518236
.6129670820471814
.9884013291295789
.3765642352282699
.005750063113729895
.002014034299309208
.004407332868750027
.007371223723980626
.007627979563024429
.002919654715346236
.016746565968118656
.2611833942831995
.0014225580739004506
.008440462786512169
.453666206981808
.010694177199477746
.004053546173285237
.04710409996502649
.0038440351373495722
.009002492237710925
.03414533327371247
.06930014170330218
.037741891280820436
.01686469265555182
.1239043291226524
.02098906128471511
.045538816231663524
.0007317638794718747
.0015628731424760032
.01000340149760688
.003574204865377482
.5174392112643837
.752581398836956
.005928209395677168
.05000988234689721
.014794791637180425
.000495143717878374
.01229612312540461
.00029928577968009446
.05281293949359604
.0390745026570909
.09665155171959613
.012276605443269977
.011163381203336684
.0016682759393093231
3853550757848428e-21
.016510843586940063
.04018577187544804
.8300939001727277
.9884013291295789
.01967307600343509
.04009260834148603
.013890216388280635
.02531288742743629
.0033753917424969356
.3932752587599197
.05750261053229893
.06887205048599555
.40962802061091796
.0006973605355313263
.9884013291295789
.019139511628951007
.0008977663921272272
.024775538939717717
.025579457170508333
.00976433941907287
.10774328954042739
.3133851534729429
.007274279602421506
.022219214593594362
.5544683527715841
.12948785837244414
.013789929416417893
.07318235884245547
.00026797926507908905
.02217118659013928
.21503413542344427
.00013013030490038405
.01280503992261243
.029871718137398532
.00038760498834454124
.0034508894735339932
.007441241286415951
.00618063772053313
.021635968509984255
.09356656998704818
.02354232888238747
.897065545922231
.006946178221968141
.006867823684514129
.03186336821158195
.00023015191032714464
.011742485208326728
.07400560858400922
.4898047909863634
.445528119747097
.06492382296363987
.041627773633365575
.06401779685525986
.8907190117270096
.5416188327995876
.010236214294502827
.008398251380153227
.797104058253616
.03289963595549918
.2491332540975236
.0043436504708426
.006200796634221438
.11942033329541385
.21176885217980213
.577317781768078
.0005508032099712882
.026095476251383785
.23824494626108908
.2741438935069958
.1311168035075671
.9137499631663111
.1854711604787012
.029230909565559588
.008639796589387636
.7139284670840849
.9884013291295789
.3397051392096739
.03977561428309688
.0069677638015528546
.014231395936562072
.012608283953878648
.9105547330393494
.08201703255135533
.0018909469605653602
.002972855720366152
.014679826852488236
.05466817051742498
.007567197282935958
.5956706753522225
.002681570015397187
.9884013291295789
.9884013291295789
.9884013291295789
.005176035929611423
.04962283679736674
.13892632540705652
.0790643907895927
.014507100546105862
.01773067813641182
.021426764052592792
.0006895347487247958
.00032828956332198015
.0566863388068207
.5389858851059147
.9884013291295789
.9884013291295789
.9884013291295789
.025195515157929574
.0005416159288465919
.44928606674102894
.27197257598272223
.005253812401518831
.015298442763634217
.9884013291295789
.038354222568707026
.18138208979492249
.019995333960347385
.019995333960347385
.019995333960347385
.019995333960347385
.019995333960347385
.019995333960347385
.019995333960347385
.019995333960347385
.019995333960347385
.019995333960347385
.019995333960347385
.019995333960347385
.019995333960347385
.019995333960347385
.019995333960347385
.019995333960347385
.019995333960347385
.019995333960347385
.019995333960347385
.019995333960347385
.019995333960347385
.019995333960347385
.019995333960347385
.019995333960347385
