.01712857693671065
32.59968004342273
1.211365285639504
.09624104743542113
.011728264860133033
2.0573561774240714
4.364834140649896
9.0982957207237
0
.28093076269572975
.17037023388009398
0
10.25236015224904
18.06932296619193
25.469814420971325
0
2.6553159714558268
0
0
0
.016019014434264588
0
0
0
23307011987715196e-98
5.175458754447899
35.64551855332471
68.63553960757554
14.482140505259736
57.22064766866074
4.194236048309577
0
.04731151550766262
0
1.689655494625722
3.3204411312449285
.10310996750670756
36.92126472185846
34.34934179020028
1.3378046646697377
.0017039420538183044
53.06682791227354
41.81104275508706
2608915442690214e-20
10.865420646402793
0
0
1.8875133398669017
8.812363989017099
.23119961817609241
2.31458440234977
6.487311721381466
.004717509650765528
6.606175481212259
0
6.98452703078707
6.809530673089631
12.921105603458786
0
.32353236034216554
.6403530894354619
29.49337646061628
11.571566728506099
49.37099716870813
8.86539939357914
0
38.17599963860909
10.133146042273653
7.669778337925181
.10863070558153816
6.148825241801973
38.41994684882459
9.227491299402093
8.800680693008877
30.662259629527867
64.4293155045307
7.476162181573374
1.2978554858217266
1.8185049732180798
5.259413284380047
14.092146526577887
7.916127666527483
1.6570205539660239
.5594816442051908
8.131101472033274
0
0
.007436496726348287
.03302924357693395
3.898882522622016
0
0
.40496240314975296
.0550404050914223
0
.0003993904498395175
.028597958777176326
.44068379312668526
.11948167757326604
1.5953892963997858
0
.16767164669652984
0
0
0
0
0
6.4419592289613155
.21597495337181674
.009409038241125739
0
.0012155554172798419
2.176346807676593
0
0
0
0
.0018631275108496944
0
.031021780624417534
0
.00139141450655641
.20965348760102553
.9090745430926204
.30266874915546876
0
0
0
0
0
0
.23132572886540312
0
5.243259257263373
0
0
.05701013754253541
0
.15835328709115168
0
3.41469154954351
0
35.52405888516472
0
0
.1929318605384276
5608.464071237418
223.39813111468638
291.1640118411738
0
121.79908037339376
.1615773640619491
0
.12949169391614587
.44082192917874025
0
102.55355715805365
0
0
0
.40218692774893006
0
0
.8236653517340131
.0006768763307854138
0
.00020832097385786288
51192363161697535e-31
.34059693218128095
.3217710581155542
.3021240426155872
.36666322587542705
.3205317562351234
.49761613159753104
.23295972732055337
.3767754382780124
.3157163194031255
.32164319150720994
.3468889536993441
.3395315785925498
.3270601901592272
.2835228744542867
.32014784958950776
.3352716498912377
.339238428253216
.31496819867877446
.258244541565772
.3277824764127317
.005718075757860959
.2230697671466351
.6109034542475902
.9830172831029403
.3757870814560084
.005749882509247444
.0020140121427393177
.0044072267652292395
.007370926920643877
.007627661722234122
.0029196081529518857
.016745033901975927
.26080991303940415
.0014225470202298936
.00844007362824341
.45253744116923394
.010693552462455156
.004053456420700143
.047091975535871584
.0038439544230277787
.009002049525565709
.034138963026944594
.06927389357272133
.03773410814101839
.016863138897806645
.12382038013271855
.020986654548527703
.04552748436975596
.0007317609546072947
.0015628598006735006
.010002854865407342
.0035741350849315488
.515969946680537
.7494667097123575
.005928017426694297
.0499962155470231
.014793595898948303
.0004951423787400019
.01229529719183857
.0002992852904261763
.0527976973257113
.03906616009194153
.09660048309720289
.012275782129781459
.01116270044052541
.0016682607372216437
3853550676736789e-21
.016509354350695758
.04017694795397821
.826301896698566
.9830172831029403
.01967096162905856
.040083825293280986
.013889162406944317
.025309386826372567
.0033753295092510765
.3924274702724123
.05748454048016874
.06884612574089295
.4087081269119783
.0006973578792233541
.9830172831029403
.019137510399064975
.0008977619897104226
.024772185400578562
.025575882443118408
.00976381860271343
.107679820769328
.3128472077388208
.007273990554934709
.02221651744645327
.5527807104665834
.12939616829437053
.013788890600502072
.07315308646269263
.00026797887282777245
.022168501091600772
.21478108190055806
.0001301302124053565
.012804144202019604
.029866842882212724
.00038760416772622554
.0034508244251550456
.007440938817576811
.006180429054601353
.02163341111593799
.09351871073571337
.02353930091484844
.8926342786240108
.006945914661792584
.0068675660370251575
.031857821085381335
.00023015162099875643
.011741731980069283
.07397567369223221
.48848860014330836
.4444395674302917
.06490078620921853
.04161830496349276
.06399539876194363
.8863504761416048
.5400086919335825
.010235641921089788
.008397866104717787
.7936085221788758
.032893722097515746
.24879347705700514
.004343547411448503
.006200586604852551
.11934235358444328
.21152343271573767
.575487800610781
.0005508015528433124
.026091755824805114
.23793425035975
.27373237872422435
.1310227906413743
.9091516292766407
.18528295377654785
.02922624126168727
.008639388832267666
.7111264905054316
.9830172831029403
.33907288926846635
.03976696959749399
.006967498600729385
.014230289538962004
.012607415549741792
.9059886353683606
.08198026305559114
.0018909274294511527
.0029728074455989467
.014678649626531958
.05465183840542932
.007566884487456894
.5937221708559377
.002681530737369262
.9830172831029403
.9830172831029403
.9830172831029403
.005175889585369759
.04960938077062111
.13882077252707606
.07903022197217591
.014505950861981086
.017728960700661975
.02142425588050368
.0006895321517007154
.0003282889746458679
.05666877826438098
.5373913988011483
.9830172831029403
.9830172831029403
.9830172831029403
.02519204694882233
.0005416143265387981
.44817903593502734
.27156756198184206
.005253661626115687
.015297164222172354
.9830172831029403
.03834618478603482
.18120209697885056
.019993149742643917
.019993149742643917
.019993149742643917
.019993149742643917
.019993149742643917
.019993149742643917
.019993149742643917
.019993149742643917
.019993149742643917
.019993149742643917
.019993149742643917
.019993149742643917
.019993149742643917
.019993149742643917
.019993149742643917
.019993149742643917
.019993149742643917
.019993149742643917
.019993149742643917
.019993149742643917
.019993149742643917
.019993149742643917
.019993149742643917
.019993149742643917
