.018083314213664926
32.59568888386713
1.2091233911928658
.09612623844711407
.011713899771495504
2.0576230930827406
4.354049753751461
9.137726214035593
0
.28059863078738345
.17034994091953023
0
10.758664373097627
19.489011971495025
24.92443492624996
0
2.6447209690835747
0
0
0
.016018371639428115
0
0
0
18548411001873743e-98
5.103606970020809
35.9401784047477
68.2791087712602
14.54592110443928
57.05940491734105
4.180699999971815
0
.04675615220252153
0
1.7022937384383745
3.5202217879804767
.10736996544771472
36.43274591845014
34.78482679151125
1.3862503621218532
.0018381629994049628
52.923237185814465
41.80968966255135
2589332717790868e-20
10.596763795185675
0
0
1.887830648530004
8.608385312200735
.24763961239058188
2.293479212686831
6.475206818012987
.0046269179543599265
6.491890739830342
0
6.931236849025733
6.76351747012678
12.652608964001326
0
.31772872155784093
.6384924707390449
29.391159391152403
9.222395060596456
48.518873616839954
8.860385281778637
0
37.43757586540472
10.035802584922669
7.808124751989372
.11454356181380913
6.507398138900026
38.41969089403358
9.221840979308492
8.71974133945349
30.61836643559358
63.93256551626989
7.438726302455758
1.2955692242207089
1.8189803178725652
5.258933580033698
14.067208636816519
7.942727241545255
1.720093975670437
.5587845987868985
8.029840333302287
0
0
.00716889294080757
.03301268823126569
3.839445230346408
0
0
.400353804113028
.05477692098404042
0
.0003983900944840021
.028526853939439534
.44049241385189125
.11970008759643139
1.6274513948829694
0
.16637508511705074
0
0
0
0
0
6.433443019633729
.21628448088329486
.009096762892567244
0
.0012071064726444773
2.1851609756826433
0
0
0
0
.001889857276385111
0
.030972770569646323
0
.001344202091708382
.20259879898437996
.8970261553484231
.2926870830899531
0
0
0
0
0
0
.23109891164176083
0
5.2379884230804645
0
0
.05516239278075961
0
.1581880898568556
0
3.408930083277062
0
35.522354343716536
0
0
.19105154239124217
5608.369111534908
223.39355997862
291.16382015928417
0
121.79248435377437
.16148941781452594
0
.12936582042900768
.4402485755056323
0
102.95184092349677
0
0
0
.40206301153257806
0
0
.8235106291843781
.0007129052420742929
0
.00022898028638198832
13377424547226077e-30
.33965791805688356
.3208611366353449
.30120129428915515
.3656211738290084
.31969963108237365
.4964921115346393
.23170658880097875
.3758050545875001
.31475792435973926
.32074083407666665
.3459032972219426
.33850319756727965
.326153324380885
.2823743735495427
.31928293298202465
.33432928814647483
.33824284749461336
.314154026938519
.2573477645012155
.32674455575037153
.005718044538425607
.22302208183308275
.6105434614770652
.9820792077379056
.3756514055433481
.0057498509415136725
.0020140082699612177
.004407208219387617
.00737087504286184
.00762760616739489
.0029196000142689567
.0167447661226347
.2607446861593105
.0014225450881395606
.00844000560812344
.4523404298771168
.010693443266831438
.0040534407328218745
.04708985659654658
.003843940314940477
.009001972145020735
.03413784967735988
.06926930661616033
.037732747871047065
.016862867327241852
.12380571231644498
.02098623389733226
.045525503934369035
.0007317604433639863
.0015628574686376488
.010002759321243735
.0035741228879700468
.5157135588732821
.748923610317672
.005927983872586462
.049993827075860496
.014793386902748326
.0004951421446689764
.012295152830508983
.00029928520490832343
.05279503356016487
.03906470205667809
.09659155945386037
.012275638226394792
.011162581452527008
.00166825808002435
38535506625590805e-22
.01650909405710201
.04017540579727707
.8256408635627615
.9820792077379056
.019670592075523394
.0400822902795408
.013888978187081017
.025308774997128174
.0033753186314617765
.39227947092385146
.057481382552934224
.0688415952908909
.4085475485866344
.0006973574149215757
.9820792077379056
.019137160620495048
.0008977612202030242
.024771599273562168
.025575257658732427
.009763727570751403
.10766873074094602
.3127532736921113
.007273940032769601
.022216046038870313
.5524862510215072
.12938014822010968
.013788709031264543
.07314797107138217
.00026797880426522754
.022168031719889097
.21473688061782434
.00013013019623792245
.012803987643175363
.029865990805673648
.00038760402428844425
.0034508130553095673
.007440885949542521
.0061803925820764685
.021632964133574722
.09351034780939059
.023538771688698976
.8918619766473113
.006945868594466858
.006867521003158578
.03185685158825981
.00023015157042634993
.011741600326349896
.07397044253981705
.4882589032072447
.44424956986206593
.06489676039573716
.041616650131780925
.06399148454699359
.8855890914956842
.5397277431844354
.010235541877773263
.00839779876326061
.7929991043147204
.03289268850840901
.24873413416143206
.004343529397686312
.006200549894016133
.11932872854168546
.21148056443542093
.5751685296459106
.0005508012631902167
.026091105576455748
.23787998464973742
.27366051245930106
.13100636481610087
.9083502540114157
.18525007626319176
.029225425353547215
.008639317561340891
.710637856213446
.9820792077379056
.33896249757474434
.0397654587638541
.006967452246640245
.014230096157746959
.012607263765318233
.9051928697329925
.08197383771473264
.001890924015578806
.0029727990076102617
.01467844386591015
.054648984175094686
.007566829814468179
.5933822418070257
.0026815238719220696
.9820792077379056
.9820792077379056
.9820792077379056
.00517586400591289
.04960702913219075
.13880233090679328
.07902425103409368
.014505749915127786
.01772866052278572
.02142381750087954
.0006895316977612846
.0003282888717497835
.05666570937115048
.5371131791890862
.9820792077379056
.9820792077379056
.9820792077379056
.02519144078076192
.0005416140464678359
.4479858154584396
.2714968305067633
.0052536352721442876
.015296940753633909
.9820792077379056
.03834478001454373
.1811706539211419
.01999276798218188
.01999276798218188
.01999276798218188
.01999276798218188
.01999276798218188
.01999276798218188
.01999276798218188
.01999276798218188
.01999276798218188
.01999276798218188
.01999276798218188
.01999276798218188
.01999276798218188
.01999276798218188
.01999276798218188
.01999276798218188
.01999276798218188
.01999276798218188
.01999276798218188
.01999276798218188
.01999276798218188
.01999276798218188
.01999276798218188
.01999276798218188
