.01935629724960396
32.594845486349286
1.20573091466642
.09597263275156934
.01169467332056723
2.057916023706431
4.340345856955899
9.41260387688959
0
.2801568322534019
.17032281701657645
0
11.389506958597499
21.20217001347016
24.19406463507072
0
2.6467668754671347
0
0
0
.016017514619652222
0
0
0
13681992304346862e-98
5.007477364130285
36.29000504935309
67.83285225191733
14.621009450791705
56.82586876391055
4.161498335161845
0
.0459847442816047
0
1.7187108400297626
3.27135394091805
.11572414504117604
35.75545174525709
30.731821905995776
1.4540492531869353
.002049423489139282
52.71323932188708
41.807876943630355
25566547631486754e-21
10.2473091890393
0
0
1.8854349145882412
8.346177195389416
.26822811654097994
2.2792980688072153
6.46533265810784
.004601371294693803
6.460711238554263
0
6.862297022978523
6.695850061378633
12.297811149270103
0
.31042389091831446
.6362812883628551
29.232602986592994
5.81330528351437
46.6340285915515
8.851395568563209
0
36.33775855437392
9.883465020078912
7.978496856313476
.12194606337681241
6.945002141495063
38.419193614763834
9.214258813272334
8.672371493131628
30.587881116469106
63.24047295699759
7.3920148201477405
1.2939787587521685
1.819585946515972
5.258157851013833
14.028152776925571
7.97742735736254
1.8083955958701579
.5578126605073206
7.894851366373003
0
0
.006841092701237503
.0329868694590383
3.7625076119649745
0
0
.39753859749253057
.05447516108656034
0
.0003968314720820532
.028423559905146563
.44023520720337167
.1199903153424581
1.667125622833559
0
.16449239717835584
0
0
0
0
0
6.420442175694484
.216682999578075
.008708679097728048
0
.0011864833124485144
2.1949299192827167
0
0
0
0
.0019225875778490528
0
.030913242393173713
0
.0012860420229404976
.19385380228372265
.8812756098785828
.28040120266947305
0
0
0
0
0
0
.23080927628386105
0
5.231262409711073
0
0
.05293679712442082
0
.15796811238424271
0
3.40126697293973
0
35.520081564709585
0
0
.18986707520238813
5608.242501099261
223.3874652760282
291.1635645836276
0
121.78369021660039
.16137119589680277
0
.12919810554389538
.43948281761033997
0
103.43114025698947
0
0
0
.4018966858775515
0
0
.8233043791541498
.0007603667184814517
0
.0002575208564030651
4385408002321818e-29
.3382924424805805
.31954067766553096
.29986883929135255
.3641058302727015
.3184804647083069
.4948214869491682
.229978384046439
.37438211609447714
.3133730738833813
.31942820515657333
.3444709274913266
.33701748491780825
.32483273922570455
.28074867417470767
.3180206363072411
.33295854434588207
.3368000394524092
.31296070441873447
.2560658013142368
.32524967551434125
.005718002912776949
.2229585172713833
.6100638010845454
.9808298329516771
.37547058052239496
.005749808851471572
.002014003106268669
.004407183491720186
.00737080587305376
.0076275320949053295
.0029195891627270096
.016744409090174266
.26065774236064915
.0014225425120231987
.00843991491548288
.4520778815654775
.010693297674400975
.004053419815745297
.0470870314924243
.0038439215042379536
.009001868971995456
.034136365267727196
.06926319114653565
.037730934254030075
.016862505239958636
.12378615793090939
.020985673042187195
.04552286348786126
.0007317597617067975
.0015628543592619258
.010002631930445203
.003574106625419458
.5153719066308547
.7482000899399945
.005927939134071455
.04999064262513867
.014793108245741267
.000495141832574448
.01229496035137282
.00029928509088455763
.05279148208182441
.03906275809430862
.09657966254502681
.012275446357836653
.011162422803835448
.001668254537101209
3853550643655469e-21
.01650874700536084
.040173349680421876
.8247603085837993
.9808298329516771
.01967009934827626
.04008024368599449
.013888732564397476
.025307959247809483
.0033753041277972424
.3920822252806531
.05747717225314667
.06883555515463986
.40833354228856855
.0006973567958530189
.9808298329516771
.01913669425901304
.0008977601941941858
.024770817792446297
.02557442463662627
.009763606196122272
.10765394581312625
.3126280721682344
.007273872670428645
.022215417510986084
.5520938824101443
.12935879120632268
.013788466942666963
.07314115110606065
.00026797871284852824
.02216740590639922
.21467795972394726
.00013013017468134684
.012803778901027468
.029864854741435496
.00038760383303815173
.0034507978955738688
.0074408154594144465
.0061803439523781
.02163236817145651
.09349919840428035
.023538066072341626
.8908332799869156
.00694580717184116
.006867460958462509
.031855558971325644
.00023015150299649192
.011741424790353634
.07396346824535413
.4879528086295098
.443996366113248
.0648913930328829
.041614443791852966
.06398626596613845
.8845749292625508
.5393533722121401
.010235408488205623
.008397708975491048
.7921872750638194
.03289131044012044
.2486550323183955
.004343505379452934
.006200500946572338
.11931056423770638
.2114234202425021
.5747431105386908
.0005508008769863257
.026090238603864658
.23780764962139628
.27356472012197475
.13098446691895824
.9072828523562605
.1852062486535663
.029224337511458986
.008639222534353112
.7099868660680453
.9808298329516771
.3388153645546387
.039763444408289196
.006967390441667776
.014229838320214792
.012607061388929402
.9041329360390102
.0819652713769541
.0018909194637585982
.002972787756995938
.01467816952290107
.05464517876652474
.007566756917764383
.5929293058021615
.002681514718019822
.9808298329516771
.9808298329516771
.9808298329516771
.0051758299001670414
.049603893787688154
.13877774589060796
.07901629048505346
.014505481990320184
.01772826029352342
.021423233008667407
.0006895310925091751
.0003282887345550544
.056661617772034864
.5367424437565228
.9808298329516771
.9808298329516771
.9808298329516771
.025190632579369935
.0005416136730401115
.4477283177308038
.27140255052965
.0052536001337214
.015296642800660815
.9808298329516771
.038342907065941095
.1811287383313783
.01999225897957177
.01999225897957177
.01999225897957177
.01999225897957177
.01999225897957177
.01999225897957177
.01999225897957177
.01999225897957177
.01999225897957177
.01999225897957177
.01999225897957177
.01999225897957177
.01999225897957177
.01999225897957177
.01999225897957177
.01999225897957177
.01999225897957177
.01999225897957177
.01999225897957177
.01999225897957177
.01999225897957177
.01999225897957177
.01999225897957177
.01999225897957177
