.03385070093837054
32.88793660738439
1.1450131946522493
.09418512564791083
.011470603154611233
2.0569640039865535
4.237218510154788
9.278122561140096
0
.2751951865101216
.1700084971908262
0
15.097388544133802
34.65301067847976
13.429843202340335
0
3.6714827753804196
0
0
0
.016007759668517908
0
0
0
4316724978052523e-99
3.2051137469419415
38.321603257814964
60.080473918094704
15.635287720918663
52.524558076765324
3.7979773729157107
0
.03669727292434488
0
1.8716750303433922
3.4223132839985495
.11852687422085964
27.82487235136003
24.52463804402196
1.459284202225768
.003183216382004089
48.8376646904052
41.78652670193654
1620613309145734e-20
6.919256746415458
0
0
2.019454182615649
4.8733030191685245
.3871378534800309
2.90042950660802
6.421024100933118
.004549617148011711
6.416549499437667
0
5.582778517344534
5.452039966132725
9.040027260016789
0
.20226660033962224
.5735556684714793
24.393051969622338
.9804138030691136
32.19067968799478
8.610769810540253
0
17.4711046072506
5.940219769863695
9.299176137042489
.13261059087798532
9.355557540816378
38.41029074279972
9.123186271173179
11.69913880771826
30.604491993054722
50.35642114663671
6.47535787702089
1.2947613435864973
1.8249258469317375
5.241152458155691
13.269124094636682
8.308232007490995
1.8733337292607786
.546380561736427
6.383230671509897
0
0
.0033791301145666376
.032473248137773365
3.0622847004620892
0
0
.5703247504066767
.05193863616418893
0
.00036743764637964574
.0268010222852513
.43715658633809323
.12321669475340123
1.9816639382840993
0
.131772398754316
0
0
0
0
0
6.179968148630877
.220276931728623
.00431697751083612
0
.0005000709181503228
2.314564901345833
0
0
0
0
.002498322181065829
0
.02893998163202563
0
.0006438178503314592
.09814271797804626
.6636211724988028
.14375077592084098
0
0
0
0
0
0
.22815972261195686
0
5.097066628638018
0
0
.027905134845558052
0
.15548889237991018
0
3.3158649662075055
0
35.49420475467692
0
0
.2533847927155354
5606.801094449358
223.31808166862507
291.1606545710845
0
121.68360342426348
.15996924730678014
0
.12729826120632956
.43067550576714014
0
105.67197504703068
0
0
0
.3999353419887664
0
0
.8209597350337939
.0012465714446905718
0
.000631827280212153
3151985580931305e-25
.31668416483379275
.29881368566821503
.27923018033192126
.3400966611015114
.2986685272469312
.4663749227295916
.20795625831163003
.35119199043000765
.29192259926355746
.2986141044061413
.32183424999783306
.31401164161181455
.30381554151265594
.2574326013002196
.29777979339102256
.3112230850951418
.31421407384011507
.2935459148407018
.2369793654529261
.30236163560754564
.005717528977352612
.2222360364992195
.6046288057678995
.966715822189785
.37341780336008656
.00574932962874223
.002013944312511161
.004406901948030977
.007370018339498222
.007626688743527151
.002919465608048945
.01674034439397244
.25966982726685295
.0014225131802483976
.008438882342204202
.44909918550785144
.010691640073731929
.004053181657926717
.047054876320337884
.003843707328836223
.009000694309572958
.034119468075291357
.06919359741821611
.03771029024478593
.016858383000115475
.12356372600345583
.0209792881059329
.045492809706856
.000731752000285635
.001562818955811627
.010001181551311992
.0035739214624405016
.5114977192510172
.7400110864632204
.0059274297574568435
.049954398221952835
.014789935779262537
.0004951382790263659
.012292768963307454
.0002992837925934213
.05275106118147936
.03904063062483979
.09644430557867649
.012273261920907453
.011160616561550388
.001668214197299819
3853550428415702e-21
.01650479592899402
.040149945799396076
.8148001362824016
.966715822189785
.019664489941381966
.040056948187513985
.013885936168581456
.025298672839696418
.0033751389909740938
.38984333393699955
.05742925479664875
.06876681848389914
.40590472031112734
.0006973497470707578
.966715822189785
.01913138498834395
.000897748511963853
.02476192145239655
.025564941616779555
.009762224310120533
.10748574517897422
.31120603547634046
.007273105715222227
.022208262238233717
.5476459070969372
.12911586503174707
.013785710779974569
.07306354263203024
.00026797767196447335
.022160281532094046
.21400821524320948
.00013012992923472296
.012801402367004198
.02985192236560331
.00038760165543609744
.0034506252889131965
.007440012893785209
.0061797902732535475
.021625583601941455
.09337234306296015
.023530033294589137
.8792036972978734
.00694510784156592
.006866777316249317
.0318408447106418
.00023015073522992944
.01173942629236411
.07388410408339831
.48448106523749573
.4411235010817452
.06483031061056119
.04158933027288244
.0639268763089911
.873109075889609
.5351089870379989
.010233889814231083
.00839668670420321
.783002045774982
.03287562358832992
.2477561370514493
.00434323191308384
.006199943649808621
.11910393722121813
.21077385444358013
.5699213468538067
.0005507964796215261
.026080369136100588
.23698557996157685
.27247637370250405
.13073539165335163
.8952173216045599
.18470795053175904
.02921195400938607
.008638140614436558
.7026164987756162
.966715822189785
.3371445794481517
.03974051580360582
.006966686758284628
.01422690286716202
.01260475732564057
.8921515127204659
.0818677966842438
.0018908676367238374
.0029726596585695065
.014675046167783437
.05460186841136017
.007565926952882134
.58779641354782
.0026814104923186537
.966715822189785
.966715822189785
.966715822189785
.005175441582128618
.049568208186835126
.13849812354522892
.07892570683251332
.01450243170133472
.017723703851416413
.021416579004215803
.000689524201042068
.0003282871724363266
.05661505094883106
.5325391878138316
.966715822189785
.966715822189785
.966715822189785
.025181432087576564
.0005416094211460005
.44480682033790253
.27033136837608085
.005253200058169834
.01529325066609744
.966715822189785
.038321587801123116
.18065216350153698
.01998646430207006
.01998646430207006
.01998646430207006
.01998646430207006
.01998646430207006
.01998646430207006
.01998646430207006
.01998646430207006
.01998646430207006
.01998646430207006
.01998646430207006
.01998646430207006
.01998646430207006
.01998646430207006
.01998646430207006
.01998646430207006
.01998646430207006
.01998646430207006
.01998646430207006
.01998646430207006
.01998646430207006
.01998646430207006
.01998646430207006
.01998646430207006
