.03675028968360058
32.98704189254689
1.1366925120318865
.09381927016936169
.011424741932642436
2.056023128859461
4.23218731212338
9.124954476124477
0
.27421129171027675
.16994438089149969
0
15.406784091461448
36.626382282721295
11.4428595776959
0
3.8184063296098896
0
0
0
.016005808912976108
0
0
0
2159999795387624e-99
2.8010660956141216
38.4980150456753
57.65247047368113
15.838514755409655
51.16301029319622
3.6798063362188125
0
.03488890790141429
0
1.8946856114872788
3.3191148563577504
.11394508295506978
26.33171574740652
23.131459654984887
1.4109389803642551
.0032925169612017533
47.61238368250268
41.78208735693608
1315419537449543e-20
6.383244961107479
0
0
2.092789646340656
4.2160883855837605
.39682879324481585
2.9859852968812253
6.411528845227083
.0045373479898632605
6.407064498211804
0
5.211858172153038
5.0897242587622715
8.56647565975904
0
.17852838650328529
.549387316082238
22.2234457364392
.8377207928234882
30.131162359121085
8.58019486429802
0
13.375959791611178
5.093917086650303
9.490540789639985
.12309397134180466
9.544508217181393
38.4082403443119
9.103563883472823
12.153483544900599
30.615968127030797
46.83226685549358
6.17355471244807
1.2953407930005838
1.8256777241302624
5.2389364165391035
13.172289243221641
8.363271817181136
1.8281767191828602
.5443264614120158
6.092631625597078
0
0
.002834116564985695
.03240384810925887
2.961516447653036
0
0
.5983246120344697
.05152026707170756
0
.000363753282383636
.026570652730950932
.43650736755894703
.12384507549266674
2.028352330696937
0
.12258061080974916
0
0
0
0
0
6.147167537897511
.22082715079786383
.003628087315972364
0
.00035828021637286704
2.3486012587600102
0
0
0
0
.0026752711324095455
0
.028126713987316834
0
.0005417730267370248
.08272637821880101
.6166968060761627
.1213717120365546
0
0
0
0
0
0
.22759499421376603
0
5.048658796600643
0
0
.02365626342248136
0
.1549983264168862
0
3.299208411721807
0
35.489028845392376
0
0
.2628003616165672
5606.512787182498
223.30420414496515
291.1600724299216
0
121.66359105250369
.15969914621731976
0
.12692040169118188
.42889531307797196
0
105.69872545723948
0
0
0
.39953119039019336
0
0
.8204915186061366
.0013390373026916235
0
.0007135089405108634
10160942302124468e-25
.3134379062399973
.2956984503442419
.2760375239862916
.3364063414356604
.2956805159844153
.4621639508880256
.20465677215661485
.34769624270442356
.2886162702653083
.2954417371138997
.31837468910817374
.31047850319072423
.3006170932784102
.2536968149055039
.29471398492158657
.3079062266313697
.3107454844408714
.2906205088733442
.2339918990138532
.29880950413409835
.005717434171832735
.22209178631653392
.6035473672297341
.9639168043233828
.3730084967803011
.005749233765582212
.0020139325510937847
.004406845627699535
.007369860804418946
.007626520043249484
.0029194408917056964
.016739531374629846
.25947264589207636
.0014225073125332663
.008438675792274728
.44850566081201443
.010691308503473414
.00405313401640937
.047048446351479235
.0038436644847264995
.009000459338109602
.03411608881552233
.06917968366887081
.03770616179053921
.016857558471758054
.12351927675237968
.020978011039998527
.04548679986466852
.0007317504476321621
.0015628118734884841
.010000891429883474
.0035738844219515304
.5107261954121665
.7383836760110983
.005927327862506416
.04994715072576684
.014789301212671864
.0004951375681462307
.012292330625537104
.0002992835328724525
.052742978742688386
.03903620555486206
.0964172503531322
.012272824973480966
.011160255259948612
.0016682061274861527
3853550385357236e-21
.01650400563423667
.04014526551683955
.8128221005553988
.9639168043233828
.01966336797802913
.040052289575402
.013885376820409832
.025296815513520313
.0033751059565128405
.38939698326222844
.057419673760896094
.06875307603328493
.4054205741838906
.0006973483369785463
.9639168043233828
.01913032305169201
.0008977461749653923
.02476014213338396
.025563044971713373
.00976194788889697
.10745212839429552
.3109223360505158
.007272952296424666
.022206831110826213
.5467604055828856
.12906732271756546
.013785159478939518
.0730480270337615
.00026797746373730363
.02215885658409507
.21387448464749426
.00013012988013346444
.012800926997064387
.029849335931012144
.00038760121981078584
.0034505907601861023
.007439852351847493
.006179679516337239
.0216242266120689
.09334698646499118
.02352842667574499
.8768955007327908
.0069449679498027024
.0068666405625820125
.03183790195568384
.00023015058163942132
.011739026535978683
.07386823759927605
.4837895176483557
.4405510229270768
.0648180980457632
.041584308161846106
.06391500209488506
.8708332471868542
.5342639204210266
.010233586032302266
.008396482214948745
.7811773750175953
.03287248634987144
.24757670452448743
.004343177208518733
.00619983216924622
.11906264469850397
.21064414930371245
.5689616251819954
.0005507955999379822
.026078395208640616
.23682146730301987
.27225917154471785
.13068562131483194
.8928229553064391
.1846084276101869
.029209477334011583
.008637924193869048
.7011512750686909
.9639168043233828
.3368113310978897
.03973593054992017
.0069665459957662336
.014226315705854314
.012604296450984013
.8897737696366389
.08184831090302983
.0018908572689558018
.0029726340332895747
.01467442142397474
.05459320834600032
.007565760930292095
.5867749305040948
.0026813896425735835
.9639168043233828
.9639168043233828
.9639168043233828
.005175363903049886
.049561072405720455
.1384422530824831
.07890759814599009
.01450182157153828
.017722792481005736
.021415248126395142
.000689522822420287
.0003282868599371685
.05660573990432791
.5317022906893828
.9639168043233828
.9639168043233828
.9639168043233828
.025179591943197004
.0005416085705634929
.44422467041784575
.27011758763933724
.005253120027174182
.015292572163787897
.9639168043233828
.03831732432985836
.1805569758779373
.019985305285138245
.019985305285138245
.019985305285138245
.019985305285138245
.019985305285138245
.019985305285138245
.019985305285138245
.019985305285138245
.019985305285138245
.019985305285138245
.019985305285138245
.019985305285138245
.019985305285138245
.019985305285138245
.019985305285138245
.019985305285138245
.019985305285138245
.019985305285138245
.019985305285138245
.019985305285138245
.019985305285138245
.019985305285138245
.019985305285138245
.019985305285138245
