.047684349692546216
33.403139930300235
1.1025726055755853
.092416400002007
.011249156848864234
2.0508891847625397
4.267405305532165
8.481487471797335
0
.2705081630381117
.16969877547598183
0
16.105370519073972
42.17626405329052
7.6948290400059065
0
4.473344915382775
0
0
0
.015998454940444145
0
0
0
15683796374620537e-101
1.9763536957892667
38.84468997224628
49.9457891039623
16.036268386577927
44.75621410551577
3.1542693716535584
0
.028560357509867476
0
1.957690559900928
2.841870726751234
.09383466751933284
21.238521038326407
18.492838978029006
1.1917791149681372
.0034782954559662627
41.75823088634634
41.764735725739634
5392231316099208e-21
4.684999738655701
0
0
2.2984756724123385
2.9021697549792296
.4137559906322046
3.373734700492465
6.370982630736207
.004479768047877737
6.366601331614481
0
4.275037239702079
4.176080420136775
7.058648910674458
0
.12949343198097177
.47277737275090465
13.282578410712315
.4246594651474861
21.3564073001496
8.44166670403951
0
4.821464269010115
3.452727212311612
10.098663412869369
.106503380912167
9.929647983710606
38.400123061573495
9.022036667620851
14.276858155028707
30.65673797877987
38.69494477312448
5.214248729780394
1.2973897501904152
1.8275745218308683
5.229211587002714
12.769076357126426
8.546393321150791
1.5999506752968893
.5376460671574744
5.053910020769572
0
0
.0018214294712210382
.032108173621205154
2.655726359951953
0
0
.737656096316963
.05017274319119162
0
.0003486464671573966
.025673001344218044
.43396135578178635
.12616448949131034
2.1791967948735387
0
.09936088234130239
0
0
0
0
0
6.011056764661051
.22252936498123127
.0023215721295706863
0
.00011365428384767813
2.4050125952121224
0
0
0
0
.00317862044153872
0
.02580435540237694
0
.00035203891149638905
.05373612862193127
.48052514038647715
.07967067773359862
0
0
0
0
0
0
.22549154381724545
0
4.86443933236668
0
0
.015684447904659157
0
.1531640581760539
0
3.237576636124729
0
35.46951316861391
0
0
.3068293760854282
5605.4257425783435
223.2518811440368
291.1578772441181
0
121.58815599553417
.15867437710424814
0
.12550232609223796
.42213338776068027
0
105.04432832339447
0
0
0
.3979742289154479
0
0
.8187283937096838
.0016612277788610442
0
.0010276039113591476
3278768229623883e-23
.30038445207386855
.2832138466054415
.2632548335433962
.3215185005611454
.28355597959713336
.4448393099204082
.1927939145434531
.33349746231938987
.27538884746016784
.2826623437301191
.30444940565221057
.2963626221946962
.28771838499385216
.23908896241033667
.28232333496066003
.2945424130010993
.2968221223873388
.2787463547827235
.2221866623821473
.28464345222041715
.005717076683811943
.22154867496355565
.5994867391739339
.9534346810123645
.37146907385043787
.005748872289543204
.0020138882005795665
.004406633255820488
.007369266785634038
.007625883924891482
.0029193476907222867
.01673646591493049
.25873044046094146
.0014224851861823586
.008437896958562738
.4462745851289023
.010690058277586045
.004052954370035466
.04702420748272303
.0038435029281569653
.00899957333932988
.03410334897424663
.06912724147000032
.03769059786648675
.0168544496202802
.12335180683975092
.020973196050948693
.04546414448981642
.0007317445927603824
.0015627851670428738
.00999979748661038
.0035737447494145094
.5078273086825046
.7322789980530002
.005926943642565434
.049919830597432914
.014786908570235947
.000495134887497311
.012290677838111011
.00029928255349260613
.052712511809911294
.039019523568433294
.09631529604860647
.012271177428234501
.011158892932846682
.001668175697374692
3853550222988059e-21
.01650102585189479
.04012762154514207
.8054062175616188
.9534346810123645
.019659137741900916
.04003472728674232
.013883267776902394
.02528981294821092
.0033749813897620776
.3877184312667335
.05738355900644182
.06870127932145936
.4036000958668958
.0006973430196870805
.9534346810123645
.01912631912467827
.000897737362431968
.02475343364884993
.025555894177946716
.00976090560243186
.10732545739775036
.3098548581326436
.007272373798548202
.022201435301611772
.5434341266819172
.12888443859465978
.013783080776023542
.07298954889195522
.00026797667853486676
.022153484071446544
.21337095115086765
.00013012969497768162
.012799134583209176
.029839584759713083
.00038759957711558083
.003450460558907415
.0074392469953706115
.006179261880906262
.021619110304483213
.0932514311873072
.023522369263007097
.8682458913014544
.006944440457259886
.006866124902637864
.031826807566435134
.00023015000246585332
.011737519216959341
.07380843731310097
.4811906276459339
.43839893944089864
.0647720663722589
.04156537573643508
.06387024545399266
.862304549502339
.5310892447549174
.010232440582054228
.008395711151157868
.7743348856056258
.032860658829241704
.24690125047369854
.004342970929256791
.006199411805193273
.11890706344457457
.210155761704684
.5653571240844678
.0005507922827516993
.026070953068822178
.23620363643914927
.27144168010598196
.13049811270477552
.8838514943371798
.18423361870857727
.029200139926824176
.008637108142263825
.6956534921659107
.9534346810123645
.33555764496212137
.03971864477390219
.006966015219929506
.014224101797087963
.012602558690189126
.8808643933683113
.08177487367488673
.0018908181736477763
.0029725374049013537
.014672065816605472
.05456056445641318
.007565134908431099
.5829389607029832
.0026813110217223874
.9534346810123645
.9534346810123645
.9534346810123645
.005175070993477657
.04953417332591628
.1382317737973496
.0788393494606433
.014499521063806437
.01771935621560007
.02141023026275084
.0006895176237998224
.0003282856815366819
.056570642656436854
.5285582475525644
.9534346810123645
.9534346810123645
.9534346810123645
.02517265415174751
.0005416053631136934
.44203628587405264
.2693129613675952
.0052528182492376785
.01529001387000869
.9534346810123645
.038301251471175024
.18019848377178324
.019980935352419425
.019980935352419425
.019980935352419425
.019980935352419425
.019980935352419425
.019980935352419425
.019980935352419425
.019980935352419425
.019980935352419425
.019980935352419425
.019980935352419425
.019980935352419425
.019980935352419425
.019980935352419425
.019980935352419425
.019980935352419425
.019980935352419425
.019980935352419425
.019980935352419425
.019980935352419425
.019980935352419425
.019980935352419425
.019980935352419425
.019980935352419425
