.05239734609638923
33.58967058108416
1.090315405852509
.09180103950398477
.011172334664310576
2.0480435695152415
4.297884403778252
8.200986219447573
0
.2689122229653552
.16959100567254703
0
16.276247934515734
43.72100221738333
7.421988722124349
0
4.715794740283474
0
0
0
.015995286137372586
0
0
0
5027353116072999e-101
1.9114451472241172
38.88830219928507
48.82619298525141
15.873246745568016
42.12099504831503
2.9601728145916337
0
.026110736331138196
0
1.9746294108957567
2.623739842381321
.08510054405809614
19.321141903927117
16.78469799916735
1.0919823499800883
.003475474177406961
39.294811148912785
41.756951509694126
4718194885882226e-21
4.092001511894106
0
0
2.306780434220897
2.786607071527658
.4169147392562626
3.5116061070161773
6.351677227641151
.004447492728521671
6.347332359638709
0
4.189870342065142
4.09298185527182
6.469580260076194
0
.12615086989243038
.4639766948284883
12.085768707537627
.3817100393966864
20.223510692175026
8.392289953039535
0
4.1652845359227
3.328431054453951
10.31734642615542
.1117364488690221
10.016144516046941
38.39648835694833
8.980913649686933
15.08353940794861
30.672873941532877
38.16007369106276
5.067259550847333
1.298196225212343
1.8280119939688606
5.225789083216881
12.630100166194243
8.61489200244576
1.4906683515572894
.5353818008401707
4.6403773177074985
0
0
.0017329736997146162
.03200249298929541
2.5566551414366856
0
0
.7944570027824973
.049705582073614876
0
.0003434978920115246
.025354930259937368
.43281720683071695
.12714011164890648
2.2344399856950004
0
.0969523063712641
0
0
0
0
0
5.962296351342268
.22311214646936214
.0022017581645136317
0
.00010082566483498176
2.3966560661688066
0
0
0
0
.00324165566174198
0
.025690131792881866
0
.0003362185326736524
.05115550604396201
.45614105235361774
.07626122738955458
0
0
0
0
0
0
.22457310112220286
0
4.82642520017161
0
0
.015059441174322523
0
.15238102120864494
0
3.2114784578470195
0
35.461102391977974
0
0
.3234127069426101
5604.957249948609
223.22933171869667
291.15693104051417
0
121.55565503924241
.15824047047942774
0
.12489446102633982
.4191971080464992
0
104.43536651783167
0
0
0
.39728534235255764
0
0
.81796962278566
.0017926386952786782
0
.001162695092973754
10523111325571567e-23
.2953869647814769
.2784198708791041
.25828626899801727
.3157414599325837
.27888336908216466
.4381891657888586
.18859120650435182
.3280241293219036
.270262942508263
.2777250867488917
.29906291694571463
.29089747927794074
.282736685497062
.23336605858874634
.27754414785366344
.28937502422672
.29142834646491106
.2741720663778066
.217599636595461
.2791401075970075
.0057169225997501325
.22131498310079523
.5977448909209397
.9489517186869612
.37080748498436555
.005748716486609301
.0020138690841196025
.004406541718606687
.007369010755674967
.007625609750010001
.0029193075184655447
.016735144758160698
.25841117679583575
.001422475648988346
.008437561273732413
.4453163328381409
.010689519427691772
.004052876938060334
.04701376345866813
.0038434332932152228
.008999191467002803
.03409785908468872
.06910464914715485
.03768389120382241
.016853109763690435
.12327969097509092
.020971120948103602
.045454382640647446
.0007317420691020483
.0015627736556881719
.00999932599229123
.0035736845469136725
.5065828585245489
.7296632411139667
.00592677803681522
.04990805919068507
.014785877369584312
.0004951337320399817
.01228996549230703
.0002992821313435707
.05269938482972447
.03901233519565266
.0962713831164673
.01227046734168379
.01115830576925743
.0016681625810085951
385355015300076e-20
.01649974161812151
.04012001871302821
.8022305948588608
.9489517186869612
.019657314629666012
.040027159646535186
.013882358797606797
.02528679517366885
.003374927698164986
.3869971449169175
.05736799917793708
.06867896500232296
.40281792378774084
.0006973407277443978
.9489517186869612
.019124593538070108
.000897733563921023
.024750542597055517
.02555281253037918
.009760456371581716
.10727090343838049
.3093958655809235
.0072721244581169684
.022199109906658698
.5420066223785355
.1288056885163054
.013782184872554197
.0729643570256578
.00026797634008341326
.022151168715584507
.21315427482686958
.00013012961516856687
.012798362061962127
.029835382615931993
.0003875988690535151
.0034504044387114255
.007438986078859179
.006179081872830477
.021616905354366705
.0932102733964951
.023519758768351065
.8645439457055288
.0069442131002355615
.006865902645500884
.03182202665444137
.00023014975282043107
.011736869564733113
.07378267604492508
.4800747174867701
.4374745549752807
.06475223505097054
.04155721779847842
.06385096330413284
.8586541675897695
.5297266635814201
.010231946888903803
.008395378815128595
.7714040291770646
.03285556202984447
.2466106727087289
.004342882018058208
.006199230621062924
.11884006471468736
.20994559743958427
.5638104984823596
.0005507908529242024
.026067745878100193
.235937825171488
.2710900676495212
.13041737235010442
.8800123121244126
.18407229658404453
.02919611606925928
.008636756416711725
.693297054478986
.9489517186869612
.3350186987678623
.03971119626528946
.006965786447795979
.014223147624331235
.012601809722979593
.8770516817350521
.08174323975723431
.0018908013223299606
.002972495755353652
.014671050576717002
.05454649971720511
.007564865085136394
.581293255882207
.002681277133851387
.9489517186869612
.9489517186869612
.9489517186869612
.005174944743406356
.049522583300948976
.13814114793013618
.07880994988608563
.014498529569892457
.017717875259795485
.021408067734998103
.0006895153830084456
.0003282851736024849
.05655552111791759
.5272087857890426
.9489517186869612
.9489517186869612
.9489517186869612
.025169664288929118
.0005416039805864984
.44109633695723205
.26896687644844725
.005252688176797491
.015288911279929311
.9489517186869612
.03829432553630201
.18004417962777855
.019979052039651973
.019979052039651973
.019979052039651973
.019979052039651973
.019979052039651973
.019979052039651973
.019979052039651973
.019979052039651973
.019979052039651973
.019979052039651973
.019979052039651973
.019979052039651973
.019979052039651973
.019979052039651973
.019979052039651973
.019979052039651973
.019979052039651973
.019979052039651973
.019979052039651973
.019979052039651973
.019979052039651973
.019979052039651973
.019979052039651973
.019979052039651973
