.05764998582728951
33.7946205549226
1.081862200972106
.09110765563569297
.011085962721957499
2.0445263437946335
4.333342209264364
7.899286863855421
0
.26713181676417747
.16946951407614813
0
16.416711401714217
45.01514629868652
7.367952773881207
0
4.89412622821886
0
0
0
.015991755240311507
0
0
0
14060008279248996e-102
1.8954795322909401
38.89127845421338
48.43668976345425
15.662524236023472
39.749702375593344
2.7921691894450285
0
.02358986773978926
0
1.9882437879200483
2.3881286624186564
.07590363487340203
17.378206772135492
15.068019337980038
.9833636275038597
.0034388382808530605
37.06017920938991
41.74808593405295
4563539634201068e-21
3.5148035821897774
0
0
2.2896786170802814
2.7458999212906323
.42078487857130664
3.606397285673379
6.3293160392749215
.004402978699701172
6.3250187568957
0
4.172838710470385
4.076548607956929
5.867772349019796
0
.12608882035956825
.4635653686493227
11.759331507822123
.36539898750358535
19.868025779502226
8.365379223318023
0
3.9972370847152545
3.3014923194580406
10.537844283605416
.12030575301382726
10.096763368258145
38.392365002125786
8.927167855831849
15.684097414604235
30.690756323121064
38.15554574845545
5.005621690290955
1.2990895623564431
1.8283021942705335
5.223954928014208
12.548442360119916
8.685828564929484
1.371760825581861
.533345031877142
4.207522941153728
0
0
.0017000901635957533
.03193754632539471
2.466805980062702
0
0
.8382899495424839
.04926637097815571
0
.0003404418123175589
.025124775262593744
.43150789545765156
.12821053257952317
2.290662024017191
0
.0961051617958877
0
0
0
0
0
5.929953600660714
.22367468583430555
.0021598603158538457
0
.0001010707599880533
2.3852469920538195
0
0
0
0
.0032639577772555915
0
.025804871867962285
0
.00033114538622361616
.050110869183688185
.44220521615632374
.07513518781956731
0
0
0
0
0
0
.22352927680885218
0
4.803506481614725
0
0
.01488371839576321
0
.151513442093842
0
3.182636097132458
0
35.45172974100403
0
0
.3355742767928238
5604.435160529512
223.20420304278215
291.1558764991691
0
121.51944292391909
.15777318247675326
0
.12421939608850528
.41590920629095157
0
103.61883447550771
0
0
0
.39650404117784466
0
0
.817124824330739
.0019410999560370876
0
.0013126030244038614
3273876341493391e-22
.29116385950078466
.2743325111202474
.2539196748718827
.31072522004995196
.27492425551007377
.4327115694271778
.18509402889986099
.323390011923781
.2657800031050631
.27347602502387086
.29440942902647743
.2861265471763404
.2784589688794242
.22808825380808548
.2734653999872144
.28492064201342504
.28673603184751606
.2703013003626451
.21349835994381305
.2742803074248709
.005716750877785242
.22105482370257976
.5958095619720309
.9439802849890567
.3700715317626996
.005748542849041663
.002013847779017538
.004406439702520665
.007368725420482288
.0076253041934149285
.002919262747092118
.016733672450358148
.2580558212710879
.0014224650198503622
.008437187168351613
.44425078387691525
.010688918910890294
.0040527906417810984
.04700212631543623
.003843355686481817
.008998765888962713
.0340917416379987
.0690794786783653
.03767641802699087
.016851616617536293
.12319936744193645
.02096880848559601
.04544350551863237
.0007317392564922852
.0015627608263704712
.009998800537543501
.0035736174523545595
.505199510462201
.7267589854399762
.005926593474474802
.04989494321546285
.014784728180047496
.000495132444284681
.012289171630764501
.0002992816608587031
.05268475864757536
.039004325306594305
.09622246569549862
.01226967599785027
.01115765141118901
.001668147962925519
3853550074999839e-21
.016498310455923617
.040111547045503064
.798706111485561
.9439802849890567
.019655282968267462
.04001872718865453
.013881345809296598
.02528343228489851
.0033748678598268123
.38619485146759175
.05735066270314643
.06865410420880307
.4019479781388215
.0006973381733806062
.9439802849890567
.019122670553319367
.0008977293304952907
.024747320914479485
.025549378468595833
.009759955727661534
.10721013566388311
.3088851189755015
.007271846578002393
.022196518538390282
.5404200852501664
.1287179781622036
.013781186455759048
.07293629090769493
.0002679759628793958
.02214858853403743
.21291304807993552
.00013012952622127742
.012797501141114734
.02983070001929396
.00038759807991908
.003450341893766136
.007438695297899972
.0061788812598087385
.02161444819999304
.09316442439714838
.023516849710521974
.860436718834804
.006943959719349994
.006865654948151967
.03181669916893248
.00023014947459064952
.011736145568973356
.07375397567743419
.4788340834217432
.4364466239369464
.06473014017568615
.04154812765417794
.0638294801857648
.8546040186801781
.5282121842030728
.010231396695405666
.008395008441755392
.7681506559823271
.03284988257273369
.24628722640806747
.004342782928573343
.006199028697387724
.11876543903683116
.20971161677181974
.5620917675170265
.0005507892593842414
.02606417192536446
.23564193067136452
.2706987318252613
.1303274459958581
.8757531860003118
.18389266933934825
.02919163212889649
.008636364435070022
.6906802063366132
.9439802849890567
.3344190625351305
.03970289654004717
.006965531489851651
.014222084273153237
.012600975050639488
.872821852831902
.08170799813996181
.0018907825416944841
.002972449337574066
.014669919173508603
.05453082882180007
.007564564378114179
.5794645899193599
.0026812393662861496
.9439802849890567
.9439802849890567
.9439802849890567
.005174804041190707
.04950966940059155
.13804021530793778
.07877719694545741
.014497424628711637
.01771622487875072
.021405657852784477
.0006895128856525461
.0003282846075101837
.05653867290915073
.5257088684209116
.9439802849890567
.9439802849890567
.9439802849890567
.025166332501931624
.000541602439762561
.4400511177662502
.26858168844014385
.00525254321471353
.015287682535746862
.9439802849890567
.038286608049892236
.17987236317369773
.0199769532946428
.0199769532946428
.0199769532946428
.0199769532946428
.0199769532946428
.0199769532946428
.0199769532946428
.0199769532946428
.0199769532946428
.0199769532946428
.0199769532946428
.0199769532946428
.0199769532946428
.0199769532946428
.0199769532946428
.0199769532946428
.0199769532946428
.0199769532946428
.0199769532946428
.0199769532946428
.0199769532946428
.0199769532946428
.0199769532946428
.0199769532946428
