.06560084219347612
34.09098522345955
1.0772490653800106
.09004222169148741
.01095370753646732
2.038642514122981
4.385329225914221
7.478212551080914
0
.2644314764779601
.16928278982887304
0
16.565447789020894
46.40580954079272
7.395912641415644
0
5.018511071006608
0
0
0
.015986412043390463
0
0
0
2016361896065208e-102
1.893495595218042
38.83645460054814
48.32585372170162
15.397689804701624
37.24921236341907
2.6175304721837502
0
.02018228999100979
0
2.0014614443030943
2.058974716027796
.06352135468523411
14.798038023355593
12.8042454699022
.8303752238470063
.0033498831772414113
34.695446658251704
41.73435723359962
45936828465632985e-22
2.7860699259473924
0
0
2.253080992438594
2.725746656353028
.4278076755612649
3.660227914295862
6.294253413842968
.004302147534644109
6.2900605103686456
0
4.183053745614103
4.08741557528968
5.090623867261974
0
.1276441226051516
.4681024854867366
11.741125870989237
.3514301908013681
19.52783340317438
8.37002520322741
0
3.987193566405262
3.311383403807992
10.833904627940957
.13391550948982586
10.20377298189512
38.38600632215613
8.812635253359165
16.113077949169625
30.718380137720118
38.382426874815465
4.97019771095811
1.3004709234494851
1.8284059101978007
5.22439756688551
12.540052490378482
8.78572505430946
1.204580846251668
.5311814975657685
3.611654276883179
0
0
.0016863072901183909
.03192450294715981
2.362347887116259
0
0
.870613210740702
.04875691422061812
0
.00033998154310310746
.02497480065894648
.4294548663272111
.1297973024680133
2.3669760274668117
0
.09567930999874673
0
0
0
0
0
5.915942063518438
.2243791318439969
.0021535043365360365
0
.00010770072379962127
2.3751065769045554
0
0
0
0
.0032771881848004747
0
.026068451490421893
0
.0003299301325169147
.04939313034750577
.43079458860098035
.07465689435212963
0
0
0
0
0
0
.22191845136828672
0
4.778021122227984
0
0
.01485271922754156
0
.15020983384642966
0
3.1393959230893986
0
35.43754507825216
0
0
.34389041668352627
5603.644972694651
223.16617145553005
291.1542802601296
0
121.46464961121187
.15709268549040944
0
.12320230458463519
.4108987518461343
0
102.29058990815608
0
0
0
.3952946921475884
0
0
.8158477715350029
.002170507629579609
0
.0015398079908024607
1417333159597429e-21
.28674054943720645
.2699728811261863
.24901055745328177
.3051966388250269
.27075431907172254
.4272533743385377
.1816550295785564
.3185150617609882
.26077927600778006
.26886951029293193
.28932855211427866
.2808235879105226
.27384012891648996
.22167278603718812
.2691107425044555
.2800769051456086
.2815491806567999
.26623427986069753
.20875243067236776
.2687674000121378
.005716490954165268
.2206616053010694
.5928919921144622
.9365045880985478
.3689603062550477
.005748280025961962
.002013815530174531
.004406285286515106
.007368293533118376
.007624841699435802
.0029191949785193163
.016731444082508463
.2575188534118686
.0014224489308056049
.00843662092117925
.4426427239414029
.010688009980150721
.004052660019656884
.046984516794201694
.003843238217102105
.008998121734989315
.03408248382187344
.0690413958890303
.03766510879023691
.016849356712180047
.12307788224870855
.020965308624553675
.04542704590404439
.0007317349990999354
.0015627414069899158
.009998005215664367
.003573515894539455
.5031127365499739
.7223848250965432
.005926314115656837
.04987509628189418
.014782988835855273
.0004951304950316412
.01228797006983528
.000299280948692934
.05266262689735666
.038992203964339334
.09614846727827601
.01226847824748254
.011156660990406731
.0016681258359560786
3853549956930805e-21
.016496144359412608
.0400987269893493
.7934005787592602
.9365045880985478
.019652208066788884
.04000596646005262
.013879812601933465
.025278342772215006
.0033747772852863196
.38498359279011063
.05732443066035205
.06861648985008133
.40063472496897823
.0006973343068892507
.9365045880985478
.019119760122725458
.000897722922448639
.02474244509084907
.02554418124935358
.009759197957951306
.10711821771287598
.30811361164810036
.0072714259744804015
.022192596591492142
.5380273938221508
.12858532568794032
.013779675302095975
.07289382810618736
.00026797539191130896
.022144683516619152
.21254842536922158
.0001301293915829715
.012796198085957762
.02982361342829706
.0003875968854190164
.0034502472224061196
.007438255167950671
.0061785776067282226
.021610729366890003
.09309506623058914
.023512446989859173
.8542567490599489
.0069435761973987474
.006865280028711971
.03180863671619176
.00023014905343828003
.011735049750431107
.07371055352069006
.47696224746820703
.4348952504123118
.06469670977613413
.04153437179683215
.06379697520334285
.8485096710361395
.5259279684373113
.01023056393053674
.00839444784320613
.7632521483471534
.032841287515838195
.245798436580886
.004342632942336115
.006198723060508764
.1186525682048569
.20935793910336783
.5595001077447368
.0005507868472711097
.026058763009105233
.23519474461313977
.27010744603915743
.13019144352669687
.8693453805958674
.1836211032041175
.02918484615342628
.008635771131109478
.6867378935408339
.9365045880985478
.3335134416992945
.03969033664770872
.006965145580890368
.014220474842752144
.01259971172252564
.8664579876619081
.0816546822389391
.0018907541140316922
.002972379076929161
.014668206748333627
.05450711654430519
.007564109224321677
.5767074987001032
.0026811821989977344
.9365045880985478
.9365045880985478
.9365045880985478
.005174591069249806
.04949012819425324
.13788757511619773
.07872764511504474
.01449575225299344
.017713727009656358
.021402010559708366
.0006895091054527453
.00032828375062506445
.05651317953039404
.5234465760155181
.9365045880985478
.9365045880985478
.9365045880985478
.025161290055842094
.0005416001074445961
.4384736921630721
.2679996832533373
.005252323794995212
.015285822788611689
.9365045880985478
.03827492914414771
.1796125985964766
.01997377686947627
.01997377686947627
.01997377686947627
.01997377686947627
.01997377686947627
.01997377686947627
.01997377686947627
.01997377686947627
.01997377686947627
.01997377686947627
.01997377686947627
.01997377686947627
.01997377686947627
.01997377686947627
.01997377686947627
.01997377686947627
.01997377686947627
.01997377686947627
.01997377686947627
.01997377686947627
.01997377686947627
.01997377686947627
.01997377686947627
.01997377686947627
