.08152713179455734
34.61411687614659
1.0817508977570751
.08784802588216917
.010683426046037031
2.0253339662081538
4.481097511328337
6.790262355625257
0
.25899837169862505
.16889822048815786
0
16.73961804006844
48.051799841037166
7.489628581314423
0
4.9826343910596425
0
0
0
.01597571448753149
0
0
0
3913629750563071e-104
1.8872807728557415
38.621565058113546
48.39469742681428
15.102488650007242
34.79644662103589
2.4466500028140015
0
.014686346948979027
0
2.012900324656876
1.5158547722015525
.044580709902963984
10.736625442365913
9.266519272381982
.5776256962316698
.003147783353720151
32.3717685059739
41.70600401038474
47462226191437275e-22
1.7383615816047218
0
0
2.1873763481160045
2.7097357822968258
.4433005182170296
3.598074796575788
6.2211094723571465
.002380889753774779
6.218769325648169
0
4.217536918744561
4.122375633112903
3.958697918691417
0
.1313174230520456
.47988855518611107
11.885168170149168
.36136567919374674
19.9768743357941
8.457175590865331
0
4.058697808765738
3.3523727670298924
11.323574155889341
.15879443717224995
10.384192172783989
38.37296694517598
6.293089008910931
16.02105292109072
30.775755565930307
38.8621493991189
4.93830495982764
1.3033457886656383
1.827340797161712
5.230726131586272
12.720309125497785
8.969403182367065
.9248056906137396
.5296562988015597
2.6344330086142076
0
0
.0016982687979170805
.03204356559940157
2.225492060740169
0
0
.8645474977414543
.04822409535887473
0
.00034618532301709424
.02503611335657812
.4250788014303755
.13285685401101477
2.4954086146429355
0
.09513761155821399
0
0
0
0
0
5.947168201406133
.22538239749064892
.002199633227815677
0
.00012279677865561814
2.372122445913358
0
0
0
0
.0032993965592921144
0
.02654178437361307
0
.0003319392369133967
.048477984952533894
.41882299259872696
.07431470527374322
0
0
0
0
0
0
.21862170827600627
0
4.717964273131122
0
0
.01488826329722549
0
.14763166071981584
0
3.0541955946738653
0
35.40914186443727
0
0
.3406966812386396
5602.062489556456
223.09001021117993
291.15108287424204
0
121.35496791304413
.15577925500793516
0
.12118185645630775
.4007294057120362
0
99.76675079314045
0
0
0
.3927776339067731
0
0
.8132958957296927
.002630597809985419
0
.0020003059249595364
14056695461529634e-21
.28012810463659354
.26326608415469344
.24106942624783587
.29636920587645965
.2644205609947593
.41942553604712135
.1780713895607909
.3111094565415952
.2527456708131953
.2616688021607929
.28132038632607426
.27234710450875493
.26664745866442624
.21057168783652241
.2624060991560786
.2724754095857959
.2732757749796483
.2600726689139604
.2009020065947916
.2597585099307685
.005715970339020868
.2198760555461492
.5870907324091943
.9217076666453192
.3667444459044368
.005747753603532031
.0020137509343574516
.004405975993464494
.007367428499518868
.007623915366233203
.0029190592366262
.016726981351194627
.25644661610908503
.0014224167035306306
.008435486790808862
.4394391187524286
.010686189541541692
.004052398384305125
.04694926315986837
.003843002926032175
.008996831574583617
.034063947133593835
.06896517572704976
.03764246556797194
.016844830827383767
.12283489652842182
.020958299840938926
.04539409372545863
.000731726471229725
.001562702508927413
.009996412303756773
.0035733124736648594
.4989586269644718
.7137020036642219
.005925754574100848
.049835364807563835
.014779505386420089
.0004951265905233122
.012285563587176022
.0002992795221651194
.05261832294461711
.03896793514031943
.0960004128243503
.012266079396045407
.011154677351774406
.0016680815145033556
3853549720427784e-21
.016491806326110026
.04007305957159104
.7828788722562156
.9217076666453192
.019646050205780998
.03998041779531872
.013876741957237008
.025268151095910164
.003374595863541874
.3825687453128164
.057271921571475384
.06854120683538249
.3980170499774289
.0006973265620193205
.9217076666453192
.01911393159735405
.0008977100866850178
.02473268126114385
.025533773925345803
.009757680253142623
.10693433464403178
.3065740031285466
.0072705835404798785
.022184742658738828
.5332664289913261
.12832002173075677
.013776648822019004
.07280884558709161
.00026797424821387657
.022136863481673673
.21181992988155016
.00013012912189059857
.012793588346821202
.029809423404045226
.0003875944927376456
.0034500575948605886
.007437373625891781
.006177969406828589
.021603282129753956
.09295629076946757
.023503630418284314
.8420108804179439
.00694280803170218
.006864529092497519
.03179249303330208
.00023014820983403617
.011732855033800265
.07362365186071225
.4732347684027921
.4318042736042911
.0646297975608918
.04150683125807682
.06373191454092904
.8364325329020904
.5213821421415048
.01022889603050415
.008393325025836246
.7535337403334551
.0328240775972724
.244822261744421
.004342332521819692
.006198110887320701
.11842680017654658
.20865128351307938
.5543446609436357
.0005507820156205425
.02604793183296444
.2343015410194872
.2689269284401569
.1299194449095486
.8566506262509936
.18307833710215587
.029171257970660967
.008634582811817535
.6789086296225972
.9217076666453192
.33170677013521266
.03966518998846135
.006964372634390991
.014217251554820962
.012597181542164472
.8538497942714103
.08154799024646994
.0018906971721189593
.002972238343451995
.014664777205908888
.05445964970071549
.007563197592180901
.5712241853868699
.002681067691377293
.9217076666453192
.9217076666453192
.9217076666453192
.005174164493413399
.04945100857273501
.13758233037213033
.07862848201156897
.014492402912309566
.01770872460953216
.021394706568493252
.0006895015334305131
.0003282820342128382
.0564621485389114
.5189442362637234
.9217076666453192
.9217076666453192
.9217076666453192
.025151192615561136
.0005415954356294541
.4353309512498452
.2668376643115848
.005251884304879526
.015282098226118285
.9217076666453192
.03825154594601279
.17909339425001441
.019967415719524605
.019967415719524605
.019967415719524605
.019967415719524605
.019967415719524605
.019967415719524605
.019967415719524605
.019967415719524605
.019967415719524605
.019967415719524605
.019967415719524605
.019967415719524605
.019967415719524605
.019967415719524605
.019967415719524605
.019967415719524605
.019967415719524605
.019967415719524605
.019967415719524605
.019967415719524605
.019967415719524605
.019967415719524605
.019967415719524605
.019967415719524605
