.08422302292824752
34.69271208654802
1.0832360693095466
.0874685726444132
.010637004354571121
2.0229189999743804
4.496372409498257
6.694024429327089
0
.25807540076014124
.16883169244060936
0
16.75962050523101
48.239252949547065
7.504770886294437
0
4.956622582084847
0
0
0
.01597390438658496
0
0
0
19939604238802555e-105
1.8848172670959764
38.57909610503843
48.41837730817352
15.07513987445871
34.58598016594133
2.4320167523713554
0
.01391113397825672
0
2.0137140628448207
1.4386280555717716
.04205676872491605
10.172358863159198
8.776852028611628
.5419378785118306
.003115732646599912
32.17204879940609
41.70110739988421
47701217196099535e-22
1.6041479430444556
0
0
2.177984152291578
2.708108824822461
.44588433093197616
3.5758835638066206
6.208462173023499
.0005840143055396138
6.207979446001407
0
4.223246087330133
4.12817991022171
3.8126426954996755
0
.13192080189560743
.48194519817417775
11.908007208882726
.362845981034401
20.02410789931223
8.476143837107571
0
4.070093181641291
3.3593280651775745
11.39556550399232
.1626477124790912
10.411167036642336
38.370730539963205
2.129482391715957
15.938097391865895
30.785660333450572
38.93383125625068
4.9348209120818725
1.3038426947714252
1.8265451654844442
5.232070451350586
12.761738833484342
8.998962479793905
.8844637804790095
.529709742756114
2.4962948669945493
0
0
.0017036178661196189
.032071361652454534
2.208880971126748
0
0
.8585054722544796
.048188489673093714
0
.0003476379578815086
.025069083327243617
.4243005625746743
.13335921722241065
2.5145418904116803
0
.0950428996374407
0
0
0
0
0
5.955618563984978
.22551015824871895
.0022107365627138395
0
.00012523340484878493
2.3725229704135873
0
0
0
0
.0033029813494278187
0
.02660974880402809
0
.00033244209107994747
.048347323615373285
.4174610836258689
.07427363390909589
0
0
0
0
0
0
.21805775076004275
0
4.704558381174481
0
0
.014894373172739018
0
.14719953252201345
0
3.039964922928565
0
35.40433606277505
0
0
.3387642266602938
5601.794662086936
223.07712073986545
291.15054164655254
0
121.33641156480907
.1555601250258484
0
.12084205592203433
.3989897317066978
0
99.36113048180053
0
0
0
.3923391392149919
0
0
.8128647460458844
.002706914364612131
0
.002079185684338265
19450655797404237e-21
.27894489579050374
.2620596948569729
.23966420548802708
.2947881233184237
.2632759910250899
.41797620027137483
.17763383007085
.3097685709184749
.2513207511821507
.2603806184592491
.27988874929000807
.2708445640547046
.2653587660100785
.2086456268413814
.26120056954150694
.27111522537242544
.27180193793576385
.2589583952410831
.19952971532305916
.2581651346941737
.0057158822176156
.21974336020339624
.5861143689418835
.919226189321349
.3663706797780955
.00574766449918874
.0020137400002334864
.0044059236406444125
.007367282082719814
.0076237585741523554
.0029190362598107106
.016726226048996956
.2562655576110822
.0014224112483947364
.008435294828224872
.4388991341461755
.01068588142108782
.004052354098170675
.04694329828903163
.003842963099027846
.008996613203543237
.034060810370263865
.06895228203999065
.03763863402872895
.016844064837515427
.12279381310254964
.02095711367487109
.04538851817669834
.0007317250277012184
.0015626959246307296
.009996142691864789
.0035732780411451208
.49825885074409365
.7122426002022422
.005925659864040367
.04982864247391046
.014778915813653247
.000495125929598444
.012285156281232047
.0002992792806931214
.05261082717019264
.03896382857829399
.09597537377161862
.012265673381639726
.011154341610178004
.0016680740121937552
3853549680394205e-21
.016491072127017337
.04006871639652734
.7811116926246684
.919226189321349
.01964500803702136
.03997609471066009
.013876222247168857
.025266426326778762
.003374565154700542
.3821614785161761
.05726303796064117
.06852847162880195
.3975756440069882
.0006973252510303126
.919226189321349
.019112945161115582
.0008977079139547119
.02473102888955274
.02553201266585624
.009757423370025574
.1069032394558004
.30631415138380574
.007270440948791878
.022183413474920748
.532464705951307
.12827516713212542
.013776136586383884
.07279447014760725
.00026797405461724164
.022135540034060385
.21169686259118728
.0001301290762390115
.012793146641072811
.029807022084039944
.0003875940877227065
.0034500254970647494
.007437224414945058
.00617786646092001
.021602021767437536
.09293282030940238
.02350213833779674
.839955429512435
.0069426780103854285
.006864401987385846
.031789761154305214
.00023014806703490438
.011732483568111447
.07360895189684609
.4726066960671088
.4312832331634808
.06461847797879558
.04150217119547919
.06372090809419899
.8344052805346944
.520616554464027
.010228613726940325
.008393134978012792
.7519009669514365
.03282116531502738
.24465740578139206
.004342281670788473
.00619800726889975
.11838862627675363
.20853190206329808
.5534766965051342
.0005507811977566553
.026046098852648948
.23415068181173998
.2687276099021271
.12987345915321052
.8545201694737693
.1829866203523926
.029168958484108404
.00863438167760548
.6775922087525968
.919226189321349
.3314019194303994
.03966093491450192
.006964241803891954
.014216706011447358
.012596753301179592
.8517337998381678
.08152994397197874
.001890687533559152
.002972214521730772
.014664196756265733
.05445161893651685
.007563043288329081
.5703011819307251
.002681048308810574
.919226189321349
.919226189321349
.919226189321349
.005174092289113601
.049444389737123985
.1375307275870125
.07861170873885458
.014491836035889383
.0177078779779729
.02139347044655155
.0006895002516996737
.00032828174367144575
.05645351493034633
.5181859535421595
.919226189321349
.919226189321349
.919226189321349
.025149483792416903
.0005415946448211855
.43480120377958015
.26664146509124254
.005251809914699917
.015281467847996362
.919226189321349
.038247589215432844
.17900565561513168
.01996633914896798
.01996633914896798
.01996633914896798
.01996633914896798
.01996633914896798
.01996633914896798
.01996633914896798
.01996633914896798
.01996633914896798
.01996633914896798
.01996633914896798
.01996633914896798
.01996633914896798
.01996633914896798
.01996633914896798
.01996633914896798
.01996633914896798
.01996633914896798
.01996633914896798
.01996633914896798
.01996633914896798
.01996633914896798
.01996633914896798
.01996633914896798
