.08567502489338075
34.733864623346285
1.0840673378836447
.08726323859209145
.010611926224756933
2.0216012228074285
4.504503637455253
6.644429710705166
0
.2575779044267461
.16879568530389513
0
16.769616789974897
48.33253901442721
7.512804150333292
0
4.941307698630021
0
0
0
.015972929554322956
0
0
0
13855049379082895e-105
1.8833314798521408
38.55593390855431
48.432168269736884
15.062275974709053
34.48839513724779
2.425240724963562
0
.013510212489720359
0
2.0140699314827057
1.3986508843973462
.04076730844905751
9.88124489544724
8.524394952589862
.5235090529493793
.003098936652114886
32.07938766078532
41.69845907441758
47826521271583745e-22
1.536118418301976
0
0
2.1731294018344545
2.707335666479339
.44726029029991143
3.563175056077283
6.201626745300043
.0005128223148875913
6.2014660680323015
0
4.226285890670715
4.1312720392616065
3.7385098322611734
0
.132242674363075
.48305579232016926
11.919941801440034
.3635506921361829
20.044589281134254
8.486555444276663
0
4.076051542943455
3.3630459254808054
11.4332183849046
.16468335870659562
10.425320529757897
38.3695232528583
1.8988270894593102
15.888935524782202
30.791011458318245
38.97127683741691
4.933114170859625
1.3041112141492743
1.8259784285415093
5.232804194819518
12.784591137692303
9.014730095427055
.8635076750993436
.5297707243137982
2.4249307259276485
0
0
.001706840512692463
.032086661728390684
2.200553592626344
0
0
.8549312131238302
.04817493485784028
0
.00034844116123192425
.025088201799471615
.4238765462824607
.13362792788127908
2.5245762996771695
0
.09499105805933845
0
0
0
0
0
5.960312260083002
.22557481453422554
.0022169502849782178
0
.0001265285974406033
2.372768091191972
0
0
0
0
.003304856570223814
0
.026644992974510326
0
.000332722239193929
.04827924314246716
.41677858456938655
.07425280631621388
0
0
0
0
0
0
.2177535941157771
0
4.6967348366320945
0
0
.014897538464849779
0
.14696730335314181
0
3.0323245728160786
0
35.40174804626194
0
0
.33763224439985856
5601.650416014025
223.07017880308902
291.15025014273954
0
121.32641832576643
.15544231579909645
0
.1206593037574328
.3980505273849703
0
99.14278061824493
0
0
0
.39210147423758795
0
0
.8126326271308407
.00274771700184877
0
.002121818650862996
23023185871684668e-21
.2782786474041351
.2613814449593263
.23888204523815312
.29390375158730947
.262630790640778
.41714868778003306
.17740099908464113
.3090123052548202
.2505265299057093
.2596587485482838
.27908735374947446
.2700067570101991
.26463600841936263
.20758734030345485
.2605229512943555
.2703532718873627
.2709787889004529
.2583299772781129
.1987704585289002
.2572793394609834
.005715834756153045
.21967192392237905
.5855891743554654
.9178924395654909
.3661695278938004
.0057476165083270355
.0020137341111591952
.004405895443770353
.007367203224109037
.007623674127564455
.0029190238846154358
.016725819258765446
.25616809281226316
.0014224083102773288
.00843519143934315
.4386085744239211
.01068571547166389
.004052330245941321
.04694008593466977
.0038429416484481926
.008996495591502004
.03405912103503511
.06894533852289518
.03763657053039604
.016843652291225385
.12277169133926638
.02095647483584295
.045385515480231405
.0007317242502206217
.001562692378352241
.009995997482412734
.0035732594959913197
.49788235930428854
.7114578051079181
.005925608854004634
.04982502221319774
.014778598280599286
.0004951255736259012
.012284936912601074
.0002992791506368318
.052606790402440186
.03896161697091768
.09596189049033317
.012265454708602292
.011154160784563926
.001668069971477698
3853549658832194e-21
.01649067670229081
.0400663773655351
.7801615463743004
.9178924395654909
.019644446749766908
.039973766498970255
.013875942340354814
.025265497418104424
.003374548615091337
.38194230504764964
.05725825383528354
.06852161345062233
.39733810643707773
.0006973245449350855
.9178924395654909
.019112413889480515
.0008977067437283773
.0247301389710194
.02553106410509945
.009757285016057235
.106886495391789
.3061742869874122
.0072703641503318785
.022182697611978684
.5320333989472421
.12825101502534972
.013775860705112218
.07278672873862645
.00026797395034651103
.022134827260414155
.21163060840595121
.00013012905165115803
.012792908745494685
.029805728817689885
.0003875938695825867
.0034500082093751674
.007437144051446206
.006177811015155338
.021601342969098613
.09292018161864846
.02350133474526085
.8388504472885772
.006942607982154264
.006864333529783572
.03178828986661044
.00023014799012359354
.01173228350225332
.07360103573972403
.4722687629295982
.4310028623035512
.06461238209435657
.04149966151119238
.06371498083000804
.8333154428039647
.5202046762639886
.010228461681992618
.00839303262039053
.7510230246603604
.03281959687227429
.2445686606662112
.004342254282764101
.0061979514609281396
.11836807098388888
.20846763174013708
.5530097757073056
.0005507807572571856
.02604511166629527
.23406946957289748
.26862031852425866
.12984869805474128
.8533749056180255
.18293724092054214
.029167720060021118
.008634273349033165
.6768842448823132
.9178924395654909
.3312378435092646
.039658643328693455
.006964171339846147
.01421641219147176
.01259652265741136
.850596302761402
.08152022593677286
.0018906823422690734
.0029722016914750064
.014663884136683914
.0544472940725046
.007562960181865039
.5698046721003289
.0026810378694541426
.9178924395654909
.9178924395654909
.9178924395654909
.005174053400429123
.049440825211615566
.13750294244255867
.07860267616789883
.014491530726488273
.01770742200055638
.021392804703158522
.0006894995613628078
.0003282815871864971
.05644886543179745
.5177780030759239
.9178924395654909
.9178924395654909
.9178924395654909
.025148563471546526
.0005415942188937971
.43451614992919996
.2665358523353764
.0052517698487237275
.015281128338283045
.9178924395654909
.03824545829726663
.1789584175604196
.019965759334113316
.019965759334113316
.019965759334113316
.019965759334113316
.019965759334113316
.019965759334113316
.019965759334113316
.019965759334113316
.019965759334113316
.019965759334113316
.019965759334113316
.019965759334113316
.019965759334113316
.019965759334113316
.019965759334113316
.019965759334113316
.019965759334113316
.019965759334113316
.019965759334113316
.019965759334113316
.019965759334113316
.019965759334113316
.019965759334113316
.019965759334113316
