.0880144982680178
34.79846046492938
1.0854378979045536
.0869309931932441
.010571411863141022
2.0194535485856635
4.517469634095628
6.567716785961501
0
.25677577905073734
.16873741055871366
0
16.784693312521092
48.472603970833795
7.52561888322207
0
4.9150831830513635
0
0
0
.015971359024146967
0
0
0
76968481413327e-103
1.8807236670483236
38.51832871241769
48.45592365117506
15.043970124766696
34.35147358873741
2.415750052635765
0
.01288775790814746
0
2.0145389573521513
1.3365306711486156
.03878700656492974
9.430175891917587
8.133415027971889
.4949462014601469
.0030726077566135116
31.94928870155771
41.69417587729808
4802375694508055e-21
1.4323931205552998
0
0
2.1655977680239995
2.7062517682548335
.44945188591389834
3.5418039425492047
6.19058221083096
.0004879438633328596
6.190211079757643
0
4.231145253576992
4.136215612961574
3.6253419010641004
0
.1327573385302317
.48484933650502504
11.938650999450141
.36466594017712073
20.075012742378107
8.503534220160159
0
4.08539684151987
3.369012729585813
11.492303747289304
.16790750698300838
10.447592889600235
38.36757415446177
1.8171990017360846
15.804461328036025
30.799654337628613
39.030104749992496
4.930619408955522
1.3045449967511529
1.8250585794384269
5.233996377054469
12.821993395916428
9.039919030579457
.8308400395793882
.529914077900778
2.314279323788755
0
0
.0017125271091322865
.03211164040966362
2.1880037593284514
0
0
.8487986389808647
.04816094812282249
0
.00034975841369750906
.025120694824930175
.4231875219306957
.13405821170351284
2.5403610715453904
0
.09490658595066832
0
0
0
0
0
5.96802038785352
.22567323393817731
.00222727574853211
0
.00012859083385157895
2.373184058657993
0
0
0
0
.0033077807800901368
0
.02669989544427831
0
.0003331871493938333
.04817309673207963
.4157472315975448
.07422151983553794
0
0
0
0
0
0
.21726308734348068
0
4.683093256285223
0
0
.014902536058149243
0
.1465939008658131
0
3.020051040811541
0
35.397578456807395
0
0
.3357002045160336
5601.418013779035
223.05899437165075
291.1497804708424
0
121.31031889658598
.1552527707290611
0
.12036524082644824
.3965340092679786
0
98.78939445801738
0
0
0
.3917163365696977
0
0
.8122587794088425
.002812974614957267
0
.002190766430255133
29945428487256292e-21
.2771551125030761
.2602397700794617
.23757844246845133
.2924228763227271
.261541949242021
.4157350460748292
.17702334455305138
.307735431739101
.249201019874317
.25844755500769423
.2777442206084267
.2686078752030214
.2634223367325778
.20584656825123873
.2593825896291556
.2690753037638586
.26960230036830635
.2572689709787875
.1975125023721494
.25580495240774137
.005715758286818354
.21955687425014161
.5847439677405247
.9157475640783695
.3658456631833209
.005747539186035497
.0020137246226872565
.004405850013194835
.007367076168466902
.007623538068735587
.0029190039457446214
.01672516385696829
.25601113497343353
.001422403576379528
.008435024861286607
.43814082760415196
.010685448098480902
.004052291815396447
.046934910634456914
.0038429070874107674
.008996306097583024
.034056399345281325
.06893415256163438
.037633246048759436
.01684298761567915
.12273605701838608
.02095544557593003
.04538067793739658
.0007317229975414409
.0015626866645861992
.009995763524599978
.0035732296161422534
.4972763525854629
.7101951575508172
.005925526667284456
.04981918978296041
.014778086683986565
.0004951250000815642
.012284583472923176
.0002992789410895575
.05260028699207538
.038958053881283955
.09594017013954541
.01226510238962927
.01115386944352856
.0016680634610748476
3853549624091365e-21
.016490039611790144
.04006260899344642
.7786330960817534
.9157475640783695
.019643542434458795
.039970015557008146
.013875491364868004
.02526400082729188
.0033745219665545696
.38158943595373135
.057250546467560816
.06851056496082394
.39695568312201135
.0006973234072721623
.9157475640783695
.019111557932829582
.0008977048582566228
.024728705196854942
.02552953585303855
.009757062103526172
.10685952278244812
.3059490710445068
.007270240413946623
.02218154425835152
.5313392095497149
.12821211058652424
.013775416215345596
.07277425747061946
.00026797378234503453
.022133678883962716
.21152390292157852
.00013012901203508602
.01279252545616571
.02980364521802783
.0003875935181143109
.0034499803555389725
.007437014571171389
.006177721681687917
.02160024933043347
.09289982170774494
.023500040050444822
.8370731507567315
.00694249515377749
.006864223231962804
.03178591946320457
.00023014786620372996
.011731961162243364
.0735882829756003
.47172479144755614
.4305515106107606
.06460256158223875
.041495618213616796
.06370543194985413
.831562483731618
.5195417412065066
.010228216711109527
.00839286770386498
.7496106350623063
.03281706994654249
.24442574176897036
.0043422101553953285
.0061978615438812255
.11833495969270308
.2083641207151248
.5522582988268194
.0005507800475228121
.02604352118504041
.23393867922429723
.2684475401808934
.129808812769955
.8515328780428926
.1828577085431178
.029165724815076836
.008634098812313903
.6757451252722656
.9157475640783695
.33097365436215825
.0396549513918406
.006964057809296367
.014215938799920889
.012596151051815163
.848766755852882
.08150457062280864
.001890673978064566
.002972181019414427
.014663380456352052
.0544403265509317
.007562826282204281
.5690056018916505
.0026810210495924296
.9157475640783695
.9157475640783695
.9157475640783695
.005173990743386415
.049435082569502575
.13745818667605716
.07858812502415295
.014491038823869925
.017706687351989756
.021391732097403873
.000689498449089791
.0003282813350572632
.056441374940246834
.5171213865502956
.9157475640783695
.9157475640783695
.9157475640783695
.025147080716455637
.000541593532638003
.43405726268314926
.2663657764826272
.005251705294850417
.015280581334274318
.9157475640783695
.03824202520019599
.17888233357358357
.019964825168720623
.019964825168720623
.019964825168720623
.019964825168720623
.019964825168720623
.019964825168720623
.019964825168720623
.019964825168720623
.019964825168720623
.019964825168720623
.019964825168720623
.019964825168720623
.019964825168720623
.019964825168720623
.019964825168720623
.019964825168720623
.019964825168720623
.019964825168720623
.019964825168720623
.019964825168720623
.019964825168720623
.019964825168720623
.019964825168720623
.019964825168720623
