.10409373266008921
35.18898457925052
1.0949945142022224
.08460107944214516
.010289639786825452
2.0039026484505267
4.602453537629254
6.136424730258221
0
.25124546631550787
.1683280279614181
0
16.86248565734723
49.171512114187166
7.611252506193111
0
4.7096431676383155
0
0
0
.0159605689135849
0
0
0
12979070112964786e-107
1.8568947290382667
38.25988275544593
48.67738569291929
14.975391804104579
33.88963143279827
2.3844620932012432
0
.009311032270407416
0
2.015459914664411
.9782668402942095
.02790988603837546
6.855541046378399
5.905880151860748
.3326955001108636
.0029179395861970467
31.507521176150885
41.66417266638038
49242377869137316e-22
.8841301534986531
0
0
2.122355522432942
2.704193978319579
.46356285301139727
3.3806184310361918
6.113899762775034
.00048650091675432155
6.113527872631971
0
4.263666991270123
4.169337776773487
3.023418827241352
0
.13618555688534525
.49741971117971134
12.051963341755544
.37367036263478054
20.298037974703693
8.62193390332421
0
4.142090815715372
3.4097297836279212
11.851546200558447
.18840861435354744
10.584761944562024
38.35406931922811
1.8176634912260938
15.137212584838988
30.859548013477955
39.38669990680945
4.922502936205545
1.307553424398965
1.8187360024365162
5.242168614681931
13.085664165464937
9.206383238220655
.6391916259846951
.5322015599189374
1.6842601587264006
0
0
.0017667212704852967
.032284808623510484
2.1289910377792354
0
0
.8010469384586325
.04828929429766409
0
.0003591208200727531
.02537539944579123
.41826265774631377
.13692801774935004
2.6374193297121065
0
.09430486103872521
0
0
0
0
0
6.021999943936941
.22618798095355278
.00230624473131729
0
.00014195500721447588
2.375358513776965
0
0
0
0
.003323351281711533
0
.027022210601711324
0
.0003367543395459507
.047559858030344196
.41056127521432667
.07408822375986465
0
0
0
0
0
0
.2138932871515045
0
4.526864511057291
0
0
.014935674647033353
0
.14405357848225042
0
2.937028051288277
0
35.368928788323664
0
0
.3206683875311973
5599.820970699691
222.98213878294567
291.1465524295886
0
121.19972507116009
.153956372616426
0
.11835710997410698
.3860024053617802
0
96.13250008178746
0
0
0
.38899498434791213
0
0
.8096941026940104
.003242219633663268
0
.0026800969842488056
.0001414217183372144
.26710968606675395
.25015445655808066
.22664401176027782
.27971257916085096
.2517991782456688
.40233256209741586
.17372881218319497
.2962886086931956
.23800397640869997
.2479240254754885
.2661471332768268
.2567538603881739
.25283340926754355
.19229969181812753
.24932074720015215
.25799666587263165
.25785766987189596
.24775351179423014
.1872889300827847
.2435374931113235
.005715232739651798
.218767764775541
.5789677636729422
.9011407918766305
.36362747303012166
.005747007776948586
.0020136594094917843
.0044055377808651704
.007366202972480891
.007622603000128923
.0029188669092815116
.01672065996571182
.25493496032276747
.001422371040657625
.00843388005688945
.4349394648727126
.01068361061971733
.004052027691565341
.046899356155616995
.003842669557309228
.00899500381111655
.03403769901566198
.068857320374437
.03761040478198891
.016838420000612742
.12249142148843982
.020948372825206434
.04534744338305256
.0007317143879173076
.0015626473943546567
.009994155677309097
.003573024258266747
.49313116898447523
.7015773815265633
.005924961827606346
.049779121873072804
.01477457095218416
.0004951210581210038
.012282154551997944
.00029927750087207556
.05255561070517809
.03893357352911447
.09579101880805153
.012262681170017267
.01115186725824684
.001668018715669224
3853549385317158e-21
.016485661545420492
.040036718505013426
.7682087437427939
.9011407918766305
.01963732818845668
.03994424479961235
.013872392200342934
.025253717135164663
.0033743388164688974
.3791729660958792
.057197601679551076
.06843467671410142
.39433722182906267
.0006973155881486283
.9011407918766305
.019105675967439697
.0008976918994890849
.02471885309501959
.0255190346292219
.009755530160248918
.10667432371135387
.30440563435584433
.007269390028953174
.02217361886444199
.5265924797531167
.127945038924057
.013772361618744634
.07268860005890924
.00026797262767130225
.02212578768776134
.2107919687909081
.00013012873975357567
.012789891413738309
.029789328547656955
.0003875911024763831
.003449788921803503
.0074361247123550306
.0061771077264217026
.021592734233944887
.09276000839166705
.02349114352376106
.8249592277285799
.006941719732318336
.00686346520139202
.03176963242785259
.00023014701450251778
.011729745954282484
.07350069280661109
.4680029816114598
.42746212600546013
.06453510543238473
.04146783922702056
.06363984106571435
.8196137312195123
.5150081796669091
.010226533181410691
.00839173431786603
.7399748627324495
.032799707612524015
.24344571517522434
.0043419068794830675
.006197243578007758
.11810763576932108
.2076540771668999
.5471209428054559
.000550775169532927
.026032592411805642
.23304173037859316
.2672630351154035
.12953501190305403
.8389797196446368
.18231201606995898
.02915201515991694
.008632899314367058
.6679676360227357
.9011407918766305
.32916357064367635
.039629585953530416
.006963277562255842
.014212685599397297
.01259359729775327
.8362982773212503
.08139705273504913
.001890616491766947
.0029720389439325512
.014659919122182952
.05439246279162948
.007561906052033576
.563543816221004
.0026809054492941565
.9011407918766305
.9011407918766305
.9011407918766305
.005173560121152758
.04939563134962274
.13715097352918992
.07848818765728875
.014487658421773068
.017701638926318965
.02138436151739925
.0006894908044697796
.0003282796021746255
.056389919568406124
.5126309249144629
.9011407918766305
.9011407918766305
.9011407918766305
.025136892084253765
.0005415888160155154
.4309164089202459
.2651997752525475
.005251261636611834
.015276822297527606
.9011407918766305
.03821843781062544
.1783602816761716
.01995840581888853
.01995840581888853
.01995840581888853
.01995840581888853
.01995840581888853
.01995840581888853
.01995840581888853
.01995840581888853
.01995840581888853
.01995840581888853
.01995840581888853
.01995840581888853
.01995840581888853
.01995840581888853
.01995840581888853
.01995840581888853
.01995840581888853
.01995840581888853
.01995840581888853
.01995840581888853
.01995840581888853
.01995840581888853
.01995840581888853
.01995840581888853
