.18000538167761435
36.15093675104451
1.1103271701415023
.07267229682703848
.008922618559781879
1.9009665092100172
4.822948143173888
5.311021980447335
0
.22488126584024415
.16616376704175134
0
16.99279916493078
49.78725750573367
8.231734325243103
0
4.200253562955771
0
0
0
.015909725853351618
0
0
0
20055636908328843e-116
1.7708127212044755
37.260988359916816
52.45634930004275
15.131457680641805
37.099706788491126
2.6435157681374992
0
.0020544252447473143
0
2.0370292286056286
.2334052454126978
.007321092483478619
1.6160618704487277
1.3901275465143246
.03923708210738743
.0025982900181217507
34.452293849126
41.50538316820392
545024258183005e-20
.08825981707779812
0
0
1.938865414260594
2.8282481686391074
.5082372569959566
2.90829293087795
5.74923763772644
.0004692641201106218
5.748885527109738
0
4.47171498216059
4.379111675001724
2.0283641090142446
0
.15412928818365687
.5880897384593374
12.469871548446633
.39469293863610916
21.109837402919613
9.034877810280374
0
4.353845231649249
3.701310720382627
12.714141683430892
.2622804109193301
10.965375626435597
38.28907776454666
1.788370380116753
13.491132063323157
31.140833630452434
39.95237993941877
5.276170851204244
1.3217150622904348
1.789168348196186
5.268366540325973
13.984378702613501
9.8566757054731
.19471464070123395
.5583689295480839
.41783116551315524
0
0
.0023675206064879173
.032815537484920936
2.9990999387775457
0
0
.6921929779420255
.0521243638432676
0
.00039148396751585127
.026196070006079323
.3911750269367121
.14854473949156577
2.8836965876932035
0
.09258018820105175
0
0
0
0
0
6.162095470276232
.22678595879089955
.002803259713556616
0
.00018320055791512662
2.3077509337145057
0
0
0
0
.003162095605374056
0
.027990315527170795
0
.0003652572046149471
.04736184030405105
.4224512487398232
.0766243804817362
0
0
0
0
0
0
.20129152041345014
0
.003076465622576632
0
0
.015524016448138181
0
.13281589290566015
0
2.601809823823905
0
35.23407788601376
0
0
.2828885407121815
5592.287320201074
222.61965344862577
291.1313130122732
0
120.67896081154257
.147901935062134
0
.10918969288920348
.3340623346948776
0
57.848556639083164
0
0
0
.3743407831024599
0
0
.7976978277848964
.0045634659246102036
0
.0072789039537988
.004681896113329684
.09006523302317349
.08226061454421942
.07243455213068287
.08963443613439073
.08350679925733827
.1360496654558383
.06721505852152958
.09821433674046723
.0765326699479718
.08113355610104477
.08666828059580482
.08280515214241096
.08290960042317919
.05634513374864727
.08222492828430598
.0841509571404126
.08325491836880722
.08230231173734819
.05865697113747747
.07722796981244552
.005712752232241517
.21508043257653828
.5524589161245962
.8352656153131827
.35333544886999824
.005744499605783065
.002013351560093653
.00440406400008857
.007362081925756491
.007618189997815352
.00291822003352107
.016699413025475583
.24991500989935922
.001422217446360745
.008428477420544079
.4201385633323441
.010674939967825755
.0040507809694208885
.04673186335271563
.0038415483525690184
.008988858133903887
.033949551496552134
.06849574294973347
.03750275599500093
.01681687256276265
.12134304183823659
.020915013897332236
.045190868181488146
.0007316737424019834
.0015624620090513345
.00998656836395232
.0035720549028893647
.47402318634053897
.6622831370316613
.0059222958909120335
.04959039209058572
.014757984128293563
.000495102448160837
.012270693861251247
.00029927070155711196
.05234520147318931
.038818206958693806
.09508998610063969
.01225125680711205
.011142419597006879
.0016678074844120603
3853548258040811e-21
.016465007955451104
.03991471273935181
.7208480679546998
.8352656153131827
.019608016659771278
.039822802731176755
.013857770085143642
.025205223314583906
.0033734742811129914
.36796961696657043
.056948304602805686
.06807753449793984
.3822065674154404
.0006972786744804578
.8352656153131827
.019077931068134223
.0008976307223976459
.024672393334732364
.02546951562268006
.009748300952860724
.10580430601893787
.29722341411771247
.0072653766207654855
.02213624052451445
.50474906338992
.1266916609961729
.013757949712216158
.0722855625788016
.0002679671764100938
.02208857055140231
.20737049306384947
.0001301274542934456
.012777463162733638
.029721830958353526
.0003875796982151568
.003448885287730484
.007431925038962206
.0061742100070667945
.021557290018514634
.09210277232934388
.023449187608446307
.7700936230255261
.00693806006072629
.006859887594773224
.0316928523629885
.00023014299357978658
.011719293386756171
.07308857688739712
.45082464936053657
.41317355465971045
.06421758830410852
.04133694283113003
.06333109089430318
.7654802149150151
.49413329239822706
.01021858881340834
.008386385557591929
.6961297101269144
.032717862295804936
.23887171621900474
.004340475370070662
.006194326932267806
.11704030061419478
.20433443049533723
.5235049717114616
.0005507521406457371
.025981058499778883
.22885336959101527
.2617410685654868
.12825014998940848
.7821689076220067
.17975765935791224
.029087377507780603
.008627238616524051
.6324410950983012
.8352656153131827
.32075077182747225
.03951005216623665
.006959595119553201
.014197336970493437
.012581547763760793
.7798622979657902
.08089136251889631
.0018903451168988822
.002971368283304045
.014643588853787698
.05416706096043288
.007557563066719055
.5384578234602252
.002680359756213047
.8352656153131827
.8352656153131827
.8352656153131827
.005171527595146803
.04920980301951426
.13570983691220959
.07801808709148648
.014471709857005353
.017677824243381532
.021349598565190787
.0006894547146105086
.00032827142118857446
.05614762648814797
.491951969780093
.8352656153131827
.8352656153131827
.8352656153131827
.025088846269178906
.000541566548930991
.41639231570475754
.25976352564102895
.005249167588485414
.015259087999419055
.8352656153131827
.03810727574803601
.1759161244330996
.01992812729966536
.01992812729966536
.01992812729966536
.01992812729966536
.01992812729966536
.01992812729966536
.01992812729966536
.01992812729966536
.01992812729966536
.01992812729966536
.01992812729966536
.01992812729966536
.01992812729966536
.01992812729966536
.01992812729966536
.01992812729966536
.01992812729966536
.01992812729966536
.01992812729966536
.01992812729966536
.01992812729966536
.01992812729966536
.01992812729966536
.01992812729966536
