.19544725678063735
36.240781406806306
1.100254517640425
.0701222978927127
.008648342792402817
1.8733299018328438
4.851436687872332
5.263662858752935
0
.21950035039385957
.16567091167835546
0
17.002072672478587
49.750554601494564
8.265194879471991
0
4.199452522409739
0
0
0
.01589940319947296
0
0
0
26248738353095217e-118
1.7330700740939329
37.141086903695026
52.487902911130305
15.14012365579647
37.23973672141895
2.654626843739547
0
.0015265518900575068
0
2.044356404796375
.17641491617804086
.0057069398219027085
1.2199079659129248
1.049314073464259
.02431355502330034
.0025825713334272408
34.58297505573585
41.46638397524175
5480433811568821e-21
.05516367378598047
0
0
1.9330287778458553
2.8318619160567655
.5122166319379623
2.87652291447125
5.676310723384238
.00046571684893409606
5.675961094160634
0
4.4847320682179035
4.393116681377461
1.9887339460493538
0
.15601601390611966
.5958113127044988
12.49150031252278
.3907857573761412
21.148044018273186
9.047370609768867
0
4.363706157105872
3.7195822300889065
12.818432002210304
.2711537944546422
11.01816305772403
38.275769273348274
1.7824216207834909
13.503631434766449
31.196485378716936
40.07911461569385
5.270029242605956
1.3245217837824157
1.7832187751725381
5.268712343978993
13.978005148811446
9.961231355414158
.1531222009461267
.5647304599907393
.31423563672372784
0
0
.002522038372242582
.03279753415879308
3.388516186375461
0
0
.6943271308034802
.05344119342418177
0
.0003908923918461212
.026071924340341578
.3850804037034245
.15054437580608027
2.9154435735647644
0
.091602105419166
0
0
0
0
0
6.1372559723708395
.2267777436428285
.002850347247445887
0
.00018898438495542578
2.2828455597501747
0
0
0
0
.0031569900353879523
0
.02800355034152772
0
.00036598534691667094
.046895073198833855
.4144699473614167
.0763921873105069
0
0
0
0
0
0
.20028321544862643
0
.00229991024850587
0
0
.015466754437686423
0
.1307205392851048
0
2.552047696489365
0
35.206804311336306
0
0
.2830621970226151
5590.756073212539
222.54598918507295
291.1282131222014
0
120.57330163622063
.1466676946980307
0
.10739210049468763
.32321742401258685
0
48.198587795275955
0
0
0
.3709832042786448
0
0
.7952798961528992
.004641043233614224
0
.00860095462401834
.005741458814103331
.04588300067705813
.04154625017438256
.03651661204540779
.0450700330680277
.04225104547833316
.0689503713375339
.03526935412536229
.04968596416686545
.03864770194051861
.04102427709949741
.04380519227242971
.04179722184055526
.041928433015787275
.028248951537664806
.04159793499010042
.04251420427174171
.042030968230347736
.04166061605869591
.02957208079544743
.0389549815271438
.005712247781582419
.2143380004396881
.5472169194282519
.8224666225500862
.3512777821344249
.005743989530000314
.0020132889434241142
.004403764265362248
.007361243908607183
.007617292621861116
.002918088464220185
.016695094298905127
.24890601923855457
.0014221862043857967
.008427378845099977
.4171899934693841
.01067317705360826
.00405052740934852
.046697865412073866
.003841320318217237
.008987608500156374
.03393164857248286
.06842242393795206
.037480895923150535
.01681249277965282
.12111076062802287
.020908234560936777
.04515908403604052
.0007316654746064522
.0015624243008421261
.009985025665093296
.003571857749736203
.4702278333902696
.6545634314679961
.005921753735457271
.04955208852845419
.014754612332348581
.0004950986626261407
.012268363847773496
.0002992693184658671
.05230250344541553
.03879478107635457
.09494801188042969
.012248934177187481
.011140498742675585
.001667764519225803
3853548028731375e-21
.016460809790081708
.039889939987268225
.7115774136151509
.8224666225500862
.01960205949390932
.039798144330346265
.013854797555431063
.0251953701516948
.003373298445270489
.36573148189312527
.05689772597899531
.06800511341802937
.37978501511984075
.0006972711657765354
.8224666225500862
.019072292160673278
.0008976182783224783
.02466295322822445
.025459454281136454
.0097468310502369
.10562819825117115
.29578328688037603
.007264560488357848
.022128644774048127
.5004178461976316
.12643820684894486
.013755019902396016
.0722038510127207
.0002679660675333212
.022081007542932077
.20668132682123996
.00013012719280792854
.012774936498367341
.0297081193940268
.00038757737841230757
.0034487015003243806
.007431071035767963
.006173620722167247
.021550087114529486
.09196964905574663
.023440662152533844
.7593876839151077
.006937315850015458
.0068591600697401394
.03167725656258349
.00023014217565612552
.01171716827580986
.07300502791379833
.44740819288630795
.4103259745055586
.06415319073666102
.04131036662729556
.06326846880923315
.7549139717849892
.48999164440578796
.010216973533202599
.008385297935244151
.6875339011995678
.032701238413766445
.23795184956400006
.0043401842315668624
.006193733799014221
.1168243677629441
.203665674583758
.5188272625723537
.0005507474562493678
.025970588013905567
.2280106352983951
.26063183738322243
.127990348665305
.7710921072707422
.1792424515020105
.02907424653077889
.008626087577177232
.6254489456620348
.8224666225500862
.31906594691150303
.03948578088353334
.0069588462789729084
.014194216796462126
.012579098070566544
.768856924919933
.08078888067291139
.0018902899188504836
.0029712318766847603
.014640269193411092
.05412132439004235
.007556679926141082
.5334931880471054
.002680248765444139
.8224666225500862
.8224666225500862
.8224666225500862
.005171114238396632
.049172087652376635
.1354185409692318
.07792280486593417
.014468467764765854
.017672983806260437
.0213425340386268
.0006894473734770432
.0003282697570451642
.05609846703341679
.4878486928728702
.8224666225500862
.8224666225500862
.8224666225500862
.025079084081408208
.0005415620194939925
.41349830255728953
.25867140363695873
.005248741721436187
.01525548302606546
.8224666225500862
.038084702872931295
.17542305090229096
.01992197369688995
.01992197369688995
.01992197369688995
.01992197369688995
.01992197369688995
.01992197369688995
.01992197369688995
.01992197369688995
.01992197369688995
.01992197369688995
.01992197369688995
.01992197369688995
.01992197369688995
.01992197369688995
.01992197369688995
.01992197369688995
.01992197369688995
.01992197369688995
.01992197369688995
.01992197369688995
.01992197369688995
.01992197369688995
.01992197369688995
.01992197369688995
