.24177288208970635
36.41018184866048
1.0551622077216603
.06243854694460663
.007860142358891613
1.789984869674667
4.931767467801208
5.21292386762777
0
.20339220854745066
.1640678259580736
0
17.017730065069415
49.572518897203125
8.35109372039491
0
4.192662076163222
0
0
0
.015868475315134842
0
0
0
37664164064066444e-124
1.616022535430256
36.88148168616461
52.55787232923239
15.135890605503079
37.39543902793777
2.669459003037166
0
.00063888566880713
0
2.0592863585800525
.07756987082615024
.002737515074193105
.5346295317433299
.459843951966369
.0054917006632435855
.002576733340568524
34.725092212309335
41.276663512845566
5541947151819421e-21
.013475518450614775
0
0
1.9213804770025016
2.8423129716506716
.5182369459178711
2.7841821378574125
5.461539432053129
.0004551517515681461
5.461196585273413
0
4.517186292138236
4.428594458465945
1.9345226711583459
0
.1609124070745252
.6149712025668477
12.529465568963113
.37561673242616367
21.15285168636434
8.999170438314598
0
4.378901963511202
3.76712125481323
13.069781238538965
.2934030382364053
11.152056095641093
38.235789629237296
1.7646950254841174
13.546964403046955
31.35963644777999
40.39936647404351
5.251332672178458
1.3327568742990648
1.7654899784021232
5.26412162891743
13.733185393406268
10.216981664221255
.07393374931120043
.5830437501360248
.12346053776760922
0
0
.0030169240633362905
.03259871720009988
4.331545766579025
0
0
.7013165754008892
.057273582869924344
0
.00038048684506709115
.02522817891607768
.36659347817638505
.15590239542944223
2.9946944205924737
0
.0885917418771778
0
0
0
0
0
6.002508359707839
.22666018904990004
.002937013478832393
0
.00020398601067298712
2.188375001655018
0
0
0
0
.0031277520433631526
0
.02794530164068404
0
.00036607313717461847
.045513771871939945
.38710737189236955
.07565778140339496
0
0
0
0
0
0
.1989341420049885
0
0
0
0
.015270972326055983
0
.12471640059386183
0
2.423139913361343
0
35.12522040882259
0
0
.2844403986978132
5586.164847449632
222.32514261403207
291.1189136500254
0
120.25687883892077
.14299074814034254
0
.10214943312410844
.290752286346804
0
39.998691767073865
0
0
0
.36010100431670083
0
0
.7880707604484063
.004602161795258752
0
.011389323945449314
.007740305271013591
.01013326837440977
.008921961686106667
.007833103532744237
.009563303990951934
.009120548307908264
.014921187265316022
.008387357721484743
.010721247316604914
.00833676909252058
.008859702577647803
.009456743807916508
.008993824822731832
.009056176154827473
.0060529522836394985
.00898672374594539
.009157631705109871
.009048974882009272
.009006127037830792
.006373756836880086
.008394003939178496
.005710734696855107
.21212604539986088
.5317874776028445
.7852344032047011
.34517640075503075
.005742459574385288
.0020131011050997937
.004402865183575004
.007358730429458882
.007614601128180835
.002917693791907636
.016682144819375497
.24590342333698026
.0014220924825786628
.008424083977828983
.40846786394513085
.010667890057583514
.004049766824357534
.046596019921422316
.0038406362963754083
.00898386064116398
.03387799642582874
.06820293745819035
.03741539213031457
.016799360273154415
.12041658146355899
.020887909733516837
.04506386566549555
.0007316406717804029
.0015623111816746766
.009980398998241392
.0035712663555634
.45902313236032116
.6319400262432271
.0059201275668639185
.0494373552644351
.014744501565988853
.0004950873061957154
.01226137646160364
.0002992651692304843
.052174618221395005
.03872458821705771
.09452335980301561
.012241968929066661
.011134738166282892
.0016676356303079976
38535473408031454e-22
.016448221715445098
.039815713942934663
.6844747028761781
.7852344032047011
.019584198853302568
.039724260701385024
.013845883791440958
.02516583376764801
.0033727709927316952
.3590984252482245
.05674625947637148
.06778831210109333
.3726120236388715
.0006972486401499131
.7852344032047011
.01905538543654825
.0008975809471320583
.024634654574912106
.025429294097697924
.009742422672071946
.1051016317504188
.2915046369134609
.007262112641159194
.022105873157344115
.4876459169573288
.12568088265166358
.013746234215891714
.07195927009724704
.0002679627409305352
.022058334051177107
.20462753974615408
.0001301264083545301
.012767359502666843
.029667022642689125
.0003875704190870687
.0034481501968669885
.007428509614941649
.00617185320490572
.02152849283952876
.09157143260321274
.023415104377965026
.7281546307764452
.00693508369681509
.006856977957553938
.03163051519367943
.00023013972190258364
.011710795254825634
.07275495359516464
.4373133844475224
.4019004465824928
.06396038524365334
.04123074048954347
.06308097383527277
.7240823188649556
.4777738218789877
.010212129224414427
.008382035914443878
.6623780943239685
.03265141742985873
.23521344887214163
.0043393109332193645
.006191954740001965
.11617895657523496
.20167251064496317
.5050434268967964
.0005507334032993162
.025939201867407453
.22550100656314237
.2573322690668868
.12721409816862067
.7387940462259942
.17770567091695424
.02903488915554115
.008622635380479375
.6049329114855999
.7852344032047011
.3140643862863264
.039413056458835256
.006956600240641179
.014184860388122644
.01257175185242085
.7367639132178136
.08048221348711337
.0018901243343757927
.002970822694397872
.014630314726944881
.0539843462576096
.007554031123556363
.518872244153717
.0026799158207126946
.7852344032047011
.7852344032047011
.7852344032047011
.005169874366371534
.0490591148971885
.13454839930802884
.0776376558208127
.01445874584534545
.01765847044572455
.021321354481641686
.0006894253505456422
.0003282647646655504
.05595124676473323
.47574307055594406
.7852344032047011
.7852344032047011
.7852344032047011
.025049820303262943
.0005415484314102895
.4049363888585008
.2554225100943449
.005247464327581867
.01524467321526919
.7852344032047011
.03801706444230355
.17395210701095876
.01990352428723614
.01990352428723614
.01990352428723614
.01990352428723614
.01990352428723614
.01990352428723614
.01990352428723614
.01990352428723614
.01990352428723614
.01990352428723614
.01990352428723614
.01990352428723614
.01990352428723614
.01990352428723614
.01990352428723614
.01990352428723614
.01990352428723614
.01990352428723614
.01990352428723614
.01990352428723614
.01990352428723614
.01990352428723614
.01990352428723614
.01990352428723614
