.253987507503637
36.436697954367965
1.0423061112462793
.060425641783191854
.007662786588473134
1.7684480228611237
4.9517311956582155
5.212411073676679
0
.19916096454383697
.16361122914686071
0
17.01983277539835
49.50522810447085
8.370713837195566
0
4.184869586631014
0
0
0
.015860330600265257
0
0
0
9656366018354108e-125
1.5852006044584683
36.83010072007887
52.56887144316982
15.132338476545916
37.41415901276729
2.671793016594845
0
.0005100355533947548
0
2.0615537940814064
.0626912199702356
.0022600672022592303
.43177258367694776
.3713802925932575
.003682050861813248
.002580590086687652
34.7415266196313
41.15067073864214
5553349684588837e-21
.009292848050802278
0
0
1.9186244570839717
2.8443515954057617
.5192107598806224
2.7577043383663344
5.405960849402956
.0004523900513592034
5.405619779336992
0
4.524387793641625
4.436590947062071
1.9275131224986453
0
.16203976905789358
.6191064590795501
12.5345037363777
.371497677670421
21.143502500312252
8.980488724355434
0
4.380244368966282
3.7781206930441242
13.122900667602908
.2983708734123377
11.182039900277928
38.22523630323268
1.7600506372279745
13.542723258634323
31.40179373650211
40.472656565477656
5.246153429869267
1.334886315101735
1.7608450643641194
5.262520926500232
13.654764092766298
10.272139134155571
.06099144703203169
.5875565767740664
.09408817565144503
0
0
.0031450695595859513
.032536628394059165
4.519916690831729
0
0
.7021237435964806
.05812611157435515
0
.00037724716241936495
.024946714866172275
.3617665735468244
.1571690073842844
3.0121240004496665
0
.08778649977375202
0
0
0
0
0
5.963450007360901
.22660826875300638
.0029534518168939814
0
.0002074027628185622
2.1623676012574893
0
0
0
0
.003119202811721868
0
.02791294388063042
0
.00036586089914125865
.045142732549246535
.37988501070535396
.07544346374311606
0
0
0
0
0
0
.1986784506615944
0
.011281180615114584
0
0
.01521412644300321
0
.12318512139164306
0
2.391203721058998
0
35.103743698067625
0
0
.2845286925819808
5584.954912383014
222.26694876744574
291.11646171816545
0
120.17358642539597
.14203424974739606
0
.10080556321181249
.2822726988635388
0
39.94811635499477
0
0
0
.3570243827417394
0
0
.7861810216120805
.004547096386588442
0
.01187334134361409
.008142144762339496
.0095023813260448
.008306045502812429
.0072918270517952615
.008874794599985372
.008502307175377056
.013916684464191599
.007988144989723844
.009993236227664553
.0077725482846141
.008261239365739638
.00881753737936137
.008379293770210015
.008444582836015565
.005638496124778744
.008379827572281322
.00853311914942976
.008431628056292523
.008398827058251823
.005942566980723558
.007824791035569163
.005710335810284756
.21154663428933979
.5277921993655568
.7757013986679422
.3435853872458186
.005742056240607108
.002013051580900198
.004402628154274935
.007358067846232116
.007613891623523295
.0029175897379968663
.016678732118337078
.24511778443167354
.0014220677720843543
.008423215438517512
.406198646193599
.010666496477654637
.0040495663055641045
.04656920345951959
.0038404559614000342
.008982872707800267
.03386386416318148
.06814518309285494
.03739813989878084
.016795899349228736
.12023421182165761
.020882554001499156
.0450387930094793
.0007316341321872859
.0015622813570356912
.009979179447396654
.0035711104396416097
.456113543262779
.6261063250274899
.005919698871223561
.049407147955883704
.014741836826069282
.0004950843119019011
.012259534768447053
.00029926407521585106
.05214095099293233
.038706101712366325
.09441170902097162
.012240133069874511
.01113321977789818
.0016676016479717645
3853547159417905e-21
.016444904236017983
.03979616586572289
.6775021715964316
.7757013986679422
.01957949227008624
.039704802749131025
.013843534464884647
.025158051712625237
.0033726319336553866
.35736962596281424
.05670638969215773
.06773126357724935
.3707434042091306
.0006972427009645614
.7757013986679422
.019050930156964414
.000897571104317808
.024627198511805403
.025421347750102363
.009741260652173473
.10496323040019083
.2903868379693716
.007261467357469512
.02209987289568648
.48433300609816726
.12548195664462225
.013743918638852033
.07189491985939858
.00026796186381580783
.02205235963678367
.20408942829497376
.00013012620151937445
.01276536243354133
.02965619618293371
.0003875685841504445
.003448004849988394
.007427834395098103
.006171387249931643
.021522802707140562
.09146672287317278
.023408370231947327
.7201356534540041
.006934495267157596
.006856402718152112
.031618202443716
.00023013907492851118
.011709115465113556
.07268915960933182
.4346898548887524
.39970786591835733
.06390964504244852
.04120977113669088
.06303162988077464
.7161648898900449
.47460342933227256
.010210852313672159
.008381176032522024
.6559000265610867
.03263829383702252
.23449668284588815
.004339080700903587
.006191485742654802
.11600937656306105
.20115023279795213
.5014704679294366
.0005507296980335521
.02593093263852603
.2248439098561447
.2564692563847697
.1270102105573785
.7305057896035873
.17730266940160383
.029024520719488685
.008621725373854503
.5996365008914539
.7757013986679422
.3127587425236713
.03939390361607006
.006956008151025267
.014182394422116973
.012569815598191578
.7285274847065681
.0804015490069242
.0018900806773204481
.0029707148151534753
.014627691171763579
.05394828717961208
.007553332871456121
.5150843658623646
.002679828040441002
.7757013986679422
.7757013986679422
.7757013986679422
.005169547500240817
.04902937076308605
.1343199029694879
.07756264488652749
.01445618356627602
.017654645710293605
.02131577359404108
.0006894195439013372
.00032826344834309304
.05591249376841608
.4726015467964377
.7757013986679422
.7757013986679422
.7757013986679422
.02504211004616818
.0005415448487123721
.4027085647208137
.2545726971227795
.005247127570378355
.015241824280925503
.7757013986679422
.03799925031463695
.1735663239285961
.019898662599225587
.019898662599225587
.019898662599225587
.019898662599225587
.019898662599225587
.019898662599225587
.019898662599225587
.019898662599225587
.019898662599225587
.019898662599225587
.019898662599225587
.019898662599225587
.019898662599225587
.019898662599225587
.019898662599225587
.019898662599225587
.019898662599225587
.019898662599225587
.019898662599225587
.019898662599225587
.019898662599225587
.019898662599225587
.019898662599225587
.019898662599225587
