.7151791538084609
35.69011100227997
.5309710737330856
.009322501483783286
.003307447929148716
1.1033525956364194
5.370997921961856
5.428990054442257
0
.05797294845142563
.12406884975729353
0
16.949276949865133
42.28177262337871
8.695982827013395
0
3.4001857029446567
0
0
0
.015555842709341771
0
0
0
2872498732413923e-209
1.0984691315959105
35.65522847333891
51.954318223546736
14.86389724474958
37.107187869672025
2.691982654649633
0
17840398243382236e-21
0
1.8935387520460223
.0028118353386596268
.00020307555965853335
.019567505919128373
.016957639051412184
12128206339720285e-21
.002605888502801211
34.41495737859616
34.399754341462476
57255850920445035e-22
5742906428019843e-21
0
0
1.650078596082908
2.6796500682610973
.5221126175619669
1.7736847624158099
3.620294029394953
.00035661899046088795
3.6200145097950043
0
4.623090719184805
4.563358226703223
1.6498233917111094
0
.1808014158335038
.6352189884046958
12.526456529962783
.24361854322133897
20.82810947852718
8.545383448456299
0
4.325545836997391
3.9806284582151394
13.247292077707856
.3418015378311523
11.527772956358877
37.82727188906386
1.5933322700682957
12.172909905703719
32.72363172213919
41.469245301681056
5.077396038085654
1.4017692833733253
1.594130256104708
5.221267022396962
11.827776526814564
11.010960713414274
.005201105382087398
.6843957666021729
19268484935390205e-23
0
0
.006391918877163125
.03081441904614808
5.8693624993436915
0
0
.6493217731839078
.062167055294343826
0
.00030317787720062135
.011647910318797333
.23180596344368842
.17846030760571654
3.148925896719759
0
.05972524845023672
0
0
0
0
0
4.864917505824968
.22350190565155306
.003174317943081977
0
.00023893784540083917
1.3835748304051703
0
0
0
0
.0028350471274805077
0
.025727426813835202
0
.00034099141877673114
.030033037542087575
.18789717125577632
.06311135486495137
0
0
0
0
0
0
.18772204225409933
0
16358785011694745e-22
0
0
.012529421415180781
0
.07727917616717017
0
1.4535083490081449
0
34.29988333795138
0
0
.2614997000641247
5539.462236566241
220.08081408957173
291.0238984257317
0
117.07054226770775
.11034595177520488
0
.061353230130956
.059421994637847766
0
39.63518109028582
0
0
0
.21626770257768427
0
0
.7180921130404846
.0010365742450386386
0
.01292821830460091
.011757502662383078
.015295250490828909
.010998335932532511
.009438315452265332
.009902211064197365
.011756900929909142
.019588681266934648
.015222193719308842
.013637541966616328
.010733309610428884
.011488480436041488
.01223260980751733
.011361377343532148
.011753081005675877
.0074607620990677906
.011671572890825434
.011527914193588817
.011371977657034878
.01175227047282379
.008195542106960869
.010728308867702227
.005695295286855058
.19078977951877366
.3970108473693588
.48910418484659396
.28858778155166465
.005726848144044453
.0020111825705141527
.004393687891253062
.0073330940762590955
.007587150938014933
.0029136636541348747
.016550387182035105
.2172208340506623
.0014211350838885845
.008390487151286711
.32914517699252255
.01061401160889261
.004042002511335326
.04556789844472241
.0038336531861849696
.008945650365364884
.03333455919805949
.06599994816842399
.03675252951148355
.0166657444816662
.11354681058265607
.02068133748182629
.04410225419596003
.0007313872573741884
.0015611556747820417
.00993324133803893
.0035652284486441845
.35875842276519637
.4411334794282082
.005903535162115182
.048280005047694564
.01464157495635093
.0004949712686108407
.01219019938422796
.00029922277107013204
.05088553709869178
.03801452029227154
.09029118760001864
.012171017001489228
.01107604073267589
.0016663190722277007
3853540310801721e-21
.016320133440606836
.03906506288610991
.46027207549228066
.48910418484659396
.019402609440724118
.03897705445052794
.013755121230253473
.024865976206436487
.0033673856271090223
.2978402723764175
.05522133403705133
.06561203254634408
.3066428639742354
.0006970184901937748
.48910418484659396
.018883470694702392
.0008971995448934999
.024347322560021995
.025123124820516755
.009697487146045692
.0998687893343957
.2511755200832389
.0072371450754655136
.021874506755539723
.3744229355340704
.1181970131866962
.013656773447379634
.06950687445092
.0002679287484059443
.021827961755888612
.1847745775641465
.00013011839221663168
.01269018656272839
.029250295921529015
.000387499308198347
.0034425214203805056
.0074023847534403515
.006153819749615857
.021309055358005324
.08759955504747634
.023155518954522575
.4740538785492762
.006912314227348926
.006834718487127002
.031156796152211515
.00023011464824549563
.011645867079130743
.07024801046564406
.34634549543736104
.3251165114303989
.0620229984779332
.04042577917019094
.06119650702613596
.4728514620649133
.36911042668496685
.01016275621763665
.008348773649327445
.4525612947086973
.03214662254597758
.20897358051975526
.004330396675431494
.0061738036227054986
.10978440251423574
.18238937573316624
.3835533780606706
.0005505898153286233
.025620629969530826
.20138593777264824
.22591743139384748
.11954642533486672
.47711487532476876
.1627369059877858
.028635733578231983
.008587436133043446
.43021641161938545
.48910418484659396
.2672376320080029
.03867751309931145
.006933689261935337
.01408959913289055
.012496925596153006
.47653979569886107
.07741430835470213
.0018884330410613654
.002966644447931641
.01452897620953936
.052604272549450846
.007527015907707686
.39059957412389074
.002676515794652264
.48910418484659396
.48910418484659396
.48910418484659396
.005157221017225761
.04791940913013463
.12597059761925058
.0747828374592497
.014359770265345862
.017510838448362518
.021106119607705937
.0006892003362946115
.0003282137513832104
.054468757733812746
.36800581897623125
.48910418484659396
.48910418484659396
.48910418484659396
.024752721225105936
.000541409592944674
.32698403993062597
.22447291356846294
.005234428317809092
.01513464479312474
.48910418484659396
.037332709161916576
.15960951595610595
.0197159645432532
.0197159645432532
.0197159645432532
.0197159645432532
.0197159645432532
.0197159645432532
.0197159645432532
.0197159645432532
.0197159645432532
.0197159645432532
.0197159645432532
.0197159645432532
.0197159645432532
.0197159645432532
.0197159645432532
.0197159645432532
.0197159645432532
.0197159645432532
.0197159645432532
.0197159645432532
.0197159645432532
.0197159645432532
.0197159645432532
.0197159645432532
