.7988134350724334
35.24845118925723
.39320764164922123
.005442788601844641
.002922800518931373
1.0113890023892993
5.369559159966304
5.409177730471263
0
.039561212816983694
.10717940169139138
0
16.928989971944922
42.045433902790414
8.764419281860528
0
3.239944678683603
0
0
0
.015501254548466417
0
0
0
13370695059010912e-234
1.032188725069132
35.330805643719664
51.81698326986565
14.799762347326256
37.03398438264924
2.696671884118248
0
1746513888687208e-20
0
1.8378123634100447
.0028357822471746434
.0002041785705426565
.019625379261274365
.016993175916625823
12017726335483143e-21
.00263334580365522
34.337071230833246
34.32001271099144
5713079682021845e-21
57179821549323685e-22
0
0
1.6174958082999655
2.663123615433757
.5207713106013628
1.636621891591853
3.3579445446406675
.0003411607643101272
3.3576748697447516
0
4.6345039890092785
4.5788970925293215
1.617120022317865
0
.182391163246875
.6263604980532692
12.495630255532669
.2254967355331318
20.79642765115923
8.526425587312781
0
4.300252349662688
4.010241497937066
13.207844323138387
.34344548380260553
11.526289654893697
37.75543724186082
1.5648251909215727
11.864613890483444
32.907743274867
41.50060480568694
5.071871437783641
1.4110488532192818
1.5656295532586757
5.218335022504828
11.692273170204476
11.04514281405565
.005252155580315888
.6932639455662465
15797413733587315e-24
0
0
.006781400145482396
.030632536456921492
5.701406489149977
0
0
.6351613431014849
.06016825579358836
0
.00029721368945931766
.009524490551677896
.2175781658059902
.1791883296328763
3.1557379147265325
0
.0555998930493404
0
0
0
0
0
4.731411724069115
.22287746607953687
.0032077666666271492
0
.00023979871829516155
1.3245785301450381
0
0
0
0
.002782090631211948
0
.025336831505698137
0
.00033917860158592223
.028066904356387087
.16908756316539053
.06127547887350833
0
0
0
0
0
0
.18561304804376283
0
7178428343469085e-22
0
0
.012073704254690515
0
.07101923605770291
0
1.3310325034276542
0
34.155321770637066
0
0
.2557468050296087
5531.2521997875565
219.6866813426225
291.00711579220683
0
116.51646795496609
.10543233686613766
0
.056183898801864196
.04235833374935816
0
39.262297106236744
0
0
0
.20177603734708416
0
0
.7064015827769007
.0007463128170076517
0
.01241041774317166
.01153338217211259
.0153214506533957
.010748600138668105
.009155552338361404
.009254494963047434
.011566413320778075
.019326557062642864
.015324632918208762
.01336284760463849
.010549322845698686
.011307644921520432
.01203398382478052
.011160133171267166
.011569971072773487
.0072688091073834045
.011492132426745995
.01127977362905574
.011124317640996568
.011581654397475704
.008051755447402498
.01052871601786916
.00569257202647063
.18724992417084152
.3770312151764088
.4498622561411023
.27960177458309593
.005724094566481929
.002010843822844996
.0043920685750061025
.007328574323734319
.0075823117478437795
.002912952248978973
.016527218626385776
.21251312557759205
.0014209660121309213
.008384565712534866
.3168265482119429
.010604521499298613
.0040406323776186436
.045388637704036325
.003832420835916105
.008938916861380545
.033239462976254984
.06561821975692313
.036636651513516805
.016642249958209995
.11237455338307067
.02064505632566568
.043934516566124196
.0007313424970621829
.0015609516260951448
.009924933423386122
.003564162823812594
.3434735028203891
.41399170856392215
.0059006087034645
.04807837625021812
.014623466257579333
.0004949507716670969
.01217766790528886
.00029921528142686204
.05066113474282751
.03789043634222765
.08956345354595784
.012158525094578258
.01106570316302414
.001666086590654688
3853539068848413e-21
.01629760863285552
.038933927794053295
.42910914854403404
.4498622561411023
.01937070441304267
.038846517750198824
.013739148620703403
.024813374472553468
.003366435116063714
.28815948623094007
.05495622426096444
.06523488709005837
.2962666570768978
.0006969778386668333
.4498622561411023
.018853260997520438
.0008971321813441914
.024296910526648816
.025069419866697754
.009689570184239852
.09897178772957459
.2446542241024549
.007232743112901218
.02183388484513324
.3573481600893527
.1169219729532386
.01364102949008332
.06908239166579956
.00026792274356750566
.0217875138425582
.18147303409187412
.00013011697609759568
.012676601376515625
.029177285707087754
.00038748674675503605
.0034415279684848177
.007397778965571391
.00615063935172788
.021270521583842628
.08691598736478913
.023109959345764524
.43943857141412884
.006908299437964191
.006830793536780175
.031073847076736886
.00023011021889380662
.011634434020863607
.06981418624146254
.33236582621871985
.31316399510215903
.061686881127711486
.04028521300994739
.06086948777994518
.43856164420908234
.3526616162133414
.010154058582851254
.008342911108032536
.42310878879998454
.032058257614078337
.2046519905604433
.004328823743231927
.006170602491813625
.10869185796845282
.17917962129660434
.36535399566082566
.0005505644522625618
.025564757529085307
.19740196807235702
.22078029674941554
.1182406695900772
.4416460058218047
.16022665435992742
.028565789300225908
.008581232612380573
.4050764844498222
.4498622561411023
.2597225656762278
.03854900251681348
.006929649545467707
.014072836427491808
.012483752787184145
.44123414297290553
.07688460162680169
.0018881344061984766
.0029659069093681796
.014511146344844576
.05236415496253502
.007522253318418093
.3714872723265042
.002675915577824758
.4498622561411023
.4498622561411023
.4498622561411023
.005154988835347183
.04772083277645088
.12451306453762648
.07428951402917318
.014342355305535957
.017484885635337157
.021068321615487322
.0006891605918037576
.0003282047399497642
.05421096667106836
.3516846576748751
.4498622561411023
.4498622561411023
.4498622561411023
.02470060168335638
.0005413850687580772
.314862845769893
.21940872169358472
.005232128680470506
.015115289334803779
.4498622561411023
.03721309440532718
.15720148770310738
.019683013498825702
.019683013498825702
.019683013498825702
.019683013498825702
.019683013498825702
.019683013498825702
.019683013498825702
.019683013498825702
.019683013498825702
.019683013498825702
.019683013498825702
.019683013498825702
.019683013498825702
.019683013498825702
.019683013498825702
.019683013498825702
.019683013498825702
.019683013498825702
.019683013498825702
.019683013498825702
.019683013498825702
.019683013498825702
.019683013498825702
.019683013498825702
