11500293931868782e-21
35.66345604302511
1.2417437508855977
.09824201646985303
.011977266479007969
2.0439787337333137
4.233746347303153
2992.027390926985
0
.287719113890444
.17072701519153036
0
13.78147273373079
2.785933361992467
631.7707712609702
0
.4479797917764688
0
0
0
.0160305431931672
0
0
0
1942042508820858e-95
.10769484457097966
.21658118824029776
73.11549665282132
12.26563742251235
47.814833445948366
34.539280968076895
0
.04545378146371744
0
1.1415895969531848
105.2535519165397
18.296664012779335
32.954195168227216
6719.159580146705
42.513903798118996
.029298967199420725
707.9959482022565
41.79629847256007
.1687753973105197
16.701992720216627
0
0
1.8415756918116009
29.737202066687193
.0038296300438251454
2.960409403668387
2.411236829997619
2.8793271324645384
70.20932310729327
0
.4006001116523242
220.3958963581487
319.5498069816018
0
.005644162085040696
.0027294579063433786
29.04078312215948
55.0251023791304
56.10247814128851
8.889011267694233
0
32.782074274311725
137.48783395190367
.00513532677479088
5574721297993617e-22
.08781274166683517
36.45256246077998
9.325266270973932
10.8883487015124
95.83085024356036
139.88121522940068
2.757700368952187
7.790249637254594
.5651518294397079
5.2647634219482615
14.396494461952273
7.310902210883668
48.12534025553025
.5374468896234043
9.9258560799956
0
0
.47536558710818366
.03321148290672375
5.293451308931757
0
0
.5657402927371602
.15781842494751627
0
.0004118480903886979
.029714116322414004
.44399954752944343
.11546012530007173
.004535886043311497
0
138.2964580454987
0
0
0
0
0
6.554171437428213
.2083973895390736
.23658152901624202
0
8389251621105105e-21
.9347106791717247
0
0
0
0
.0013378190950338294
0
.03216846607560504
0
.12007325173750895
1.9573329372464332
1.1453957319994414
7.740751085843203
0
0
0
0
0
0
.2355121805074609
0
5.3307954480610915
0
0
5.759762648960186
0
.1613450726409836
0
3.522870876344762
0
35.55459209780352
0
0
.2539542942562839
5610.166836009549
223.48010093288607
291.16744844527227
0
121.91739822351016
.1631361037078234
0
.1317608983340326
.4509518092999654
0
90.56434447082928
0
0
0
.40432486132191936
0
0
.8264444105953517
4666026784150926e-22
0
12214875427314913e-26
23936432585308205e-101
.35478612428147893
.34007977808702383
.315988098644882
.37418435993068205
.3324816533722636
.5130407972788438
.256108889070853
.3906633792984222
.32990542673720297
.33487423695758745
.36136734915217844
.35527920640605
.34031569215091684
.30160030687177614
.3348438188128408
.349079978640912
.353974795065823
.3266481968013914
.27206210885991555
.3434021563964742
.005718635506699546
.22392642888027262
.6173937476691586
.9999884997723104
.3782278887296374
.005750448503064936
.0020140815773865206
.004407559278940948
.007371857077186274
.007628657809866512
.002919754071769834
.016749835530040193
.2619821104819421
.0014225816602970918
.008441293224928688
.45608416791528894
.01069551037334258
.004053737692268207
.04712998127632134
.0038442073696823118
.009003436961159376
.034158929958138344
.06935618271570039
.037758504162537475
.01686800851258652
.12408364820521083
.02099419765489502
.04556300537149308
.0007317701205307041
.00156290161133818
.010004567990749199
.0035743537661048668
.5205883030815537
.7592708083648708
.005928619036182594
.05003905679334543
.014797343403551367
.0004951465753181653
.012297885672052972
.00029928682364336126
.05284547765148696
.03909230981894987
.09676061124570465
.012278362398365305
.011164833940729953
.0016683083776945617
3853550930922885e-21
.01651402173973228
.040204606669173
.8382434869351122
.9999884997723104
.0196775883746605
.04011135587564675
.013892465620786852
.025320358561486133
.0033755245384354394
.3950903820780324
.057541187055339095
.06892740085181588
.41159780026935394
.0006973662035439767
.9999884997723104
.019143782514465364
.0008977757859916461
.024782696174917927
.02558708652558327
.009765450819881111
.10787884308648855
.3145361064025168
.0072748964047877965
.022224970809066116
.5580866577918453
.12968372218029137
.013792146283490556
.0732448588515038
.0002679801020593179
.022176917942961526
.21557509342467002
.00013013050226471317
.012806951403477434
.029882123523925424
.0003876067393699167
.003451028276612524
.007441886729711152
.006181082991436664
.02164142643900496
.09366877304045428
.023548791203561435
.9065945848048373
.006946740635034492
.0068683734800847876
.03187520779220956
.00023015252769170616
.011744092593839036
.0740695235860708
.4926251226652806
.4478597740159916
.06497300568937639
.041647984901983404
.06406561568880526
.9001126301117354
.545070589972351
.010237435720888624
.008399073532559097
.8046143281435233
.03291225838689112
.2498598160563459
.004343870385169677
.006201244814632076
.11958689529964205
.21229347594996414
.581242039366006
.0005508067459357342
.026103416599762317
.23890926031055232
.27502404539830405
.1313176319491882
.9236397076367053
.1858733917424544
.02924087319572192
.00864066671802685
.7199442380122297
.9999884997723104
.3410581663464458
.0397940664303184
.00696832971571485
.014233757034078864
.012610137137904879
.9203748716511614
.08209554574145585
.0018909886363553995
.0029729587307561994
.0146823391102456
.0547030359835338
.0075678647631398106
.5998497632801508
.002681653828020711
.9999884997723104
.9999884997723104
.9999884997723104
.005176348209971794
.04965156121224965
.13915182052080657
.07913734895440923
.014509554024619765
.01773434332402269
.02143211692370411
.0006895402902374926
.0003282908194312666
.056723827350075307
.5424040045867633
.9999884997723104
.9999884997723104
.9999884997723104
.025202917152226095
.0005416193478359696
.4516573786205015
.2728388077318796
.005254134137639361
.015301171248085929
.9999884997723104
.03837137906809382
.18176675299772957
.019999995399882956
.019999995399882956
.019999995399882956
.019999995399882956
.019999995399882956
.019999995399882956
.019999995399882956
.019999995399882956
.019999995399882956
.019999995399882956
.019999995399882956
.019999995399882956
.019999995399882956
.019999995399882956
.019999995399882956
.019999995399882956
.019999995399882956
.019999995399882956
.019999995399882956
.019999995399882956
.019999995399882956
.019999995399882956
.019999995399882956
.019999995399882956
