22710539285230964e-21
35.64720702830732
1.2415989666868255
.09824073289885642
.011977108990280696
2.043994110788437
4.262312958147247
2882.868788028316
0
.2877101156216845
.17072678552963313
0
13.779026304493138
.030951725748678206
14.079574848945851
0
.4680975265061301
0
0
0
.01603053564009338
0
0
0
19327577745559066e-96
.21057756355708662
.42342051060012986
73.4770484109429
12.188115429564997
47.82300183157784
34.50815578767087
0
.04668905687491902
0
1.1445574312146456
1.170737509088152
18.148116316923726
34.18058149869124
162.98727835068718
42.25971896544472
.00032444909045514916
706.4252288904844
41.797133844413125
.16791112884121998
16.697548152584005
0
0
1.8176025381044234
29.74209223443924
.00748541049837939
2.964114641249987
4.409205798175275
2.878751467857727
70.2090716803417
0
.7682422289759674
221.92974578708476
318.99440486669954
0
.011217933358200998
.005458198815273587
29.046826701660937
54.96201912638526
56.129879399673875
8.888379588273896
0
32.854929176557015
137.4282536398259
.0102043552684538
269629240072133e-20
.17086486278470217
36.45800628069311
9.325205679735163
10.908271680782448
95.88500200344187
137.89982362774762
2.797581584513296
7.801535431583771
.5718169981673836
5.264724221694546
14.3944995208892
7.311410744346568
47.64801332076411
.540777183327467
9.924697109063104
0
0
.47513056279825416
.03321029268162467
5.292123661217798
0
0
.5668143646213856
.15789108408980745
0
.00041176811876316084
.029710728490390602
.44400019513198713
.11546294283618548
.008895406431446337
0
138.22450111623905
0
0
0
0
0
6.553599204317882
.208403976177013
.23795353694464824
0
16241147983423037e-21
1.241540667751642
0
0
0
0
.001317579186259008
0
.0321921937937433
0
.12000889043324939
1.9579004509170062
1.149700957639942
7.740217585262461
0
0
0
0
0
0
.23551185254505203
0
5.333198933660178
0
0
5.756869325253652
0
.1613431070396572
0
3.522796129641421
0
35.5545719968763
0
0
.2543307266328237
5610.165720672698
223.48004723970914
291.1674461945724
0
121.91732069767103
.16313477802809273
0
.1317594045674573
.45094527004728135
0
90.54146194769591
0
0
0
.40432372449428333
0
0
.826442587376391
9213339961965683e-22
0
4756265089328453e-25
1452725872602133e-93
.35474065829330703
.34003055479001243
.31594731065164916
.37419759099141675
.33244052450729
.5129793625035355
.2560662860827012
.3906151741657125
.3298631405001454
.3348320077599753
.3613216563575083
.3552329346529174
.3402729059601227
.30155818350472874
.3347979631998367
.34903595791462977
.3539296693287584
.3266078283998767
.2720257183400807
.3433574979612475
.005718635140093211
.2239258667636872
.6173894745878887
.9999772897187114
.3782262850294378
.0057504481323683646
.002014081531911884
.004407559061164228
.007371856467973572
.007628657157470335
.0029197539762028965
.016749832384927183
.2619813410697543
.001422581637610485
.00844129242613778
.4560818360348507
.01069550909095834
.004053737508052603
.04712995637572356
.003844207204018084
.009003436052435795
.03415891687765715
.06935612879125841
.03775848818003513
.016868005322938327
.12408347560371978
.020994192713907744
.04556298209915808
.0007317701145277578
.0015629015839553448
.0100045668687002
.0035743536228827143
.5205852649591836
.759264345717381
.005928618642159007
.05003902872392304
.01479734094894045
.0004951465725697476
.01229788397663785
.00029928682263923045
.052845446345247085
.0390922926873516
.09676050628842353
.01227836070832896
.011164832543333352
.0016683083464936136
3853550930756414e-21
.016514018682553304
.04020458854881156
.8382356099932617
.9999772897187114
.019677584033969093
.04011133783924477
.013892463457202584
.025320351374366307
.0033755244107040424
.3950886321949017
.05754114993833633
.06892734759206892
.41159590110626126
.0006973661980922146
.9999772897187114
.019143778406084756
.0008977757769561724
.024782689289785678
.025587079186245774
.009765449750826879
.10787871262331016
.3145349973376802
.007274895811495427
.022224965271772236
.5580831662292955
.12968353364772287
.01379214415104053
.07324479871064878
.0002679801012542727
.022176912429586255
.21557457245452538
.00013013050207487948
.012806949564795224
.029882113513832527
.000387606737685701
.003451028143103027
.007441886108868923
.006181082563140402
.02164142118867088
.0936686746835116
.023548784986968704
.9065853709008947
.0069467400940593565
.006868372951246437
.03187519640227448
.00023015252709789735
.011744091047680294
.07406946208333849
.492622402160514
.4478575254772341
.06497295836540315
.041647965457195464
.06406556967742195
.9001035474919611
.5450672593759162
.010237434545997777
.008399072741738619
.8046070705489817
.03291224624376321
.2498591162005084
.0043438701736412
.006201244383537172
.11958673498152407
.2122929707201657
.5812382520578618
.0005508067425346798
.02610340896123046
.23890862045536237
.2750231974738629
.13131743863597523
.9236301440087478
.18587300444018534
.029240863610639146
.008640665881057321
.7199384274964945
.9999772897187114
.3410568623605419
.03979404867813152
.006968329171372006
.014233754762884764
.012610135355301318
.9203653755139728
.08209547018796824
.0018909885962693773
.002972958631674629
.014682336693640672
.05470300243773654
.007567864121100141
.599845729598335
.0026816537474048394
.9999772897187114
.9999772897187114
.9999772897187114
.00517634790959796
.049651533575875574
.13915160345407884
.07913727874774869
.01450955166455847
.017734339798322438
.021432111774438288
.0006895402849074041
.0003282908182230841
.05672379128006086
.542400706498446
.9999772897187114
.9999772897187114
.9999772897187114
.02520291003162256
.0005416193445474269
.4516550917872761
.2728379732284948
.00525413382817015
.015301168623477563
.9999772897187114
.038371362562542616
.181766382620327
.019999990915786352
.019999990915786352
.019999990915786352
.019999990915786352
.019999990915786352
.019999990915786352
.019999990915786352
.019999990915786352
.019999990915786352
.019999990915786352
.019999990915786352
.019999990915786352
.019999990915786352
.019999990915786352
.019999990915786352
.019999990915786352
.019999990915786352
.019999990915786352
.019999990915786352
.019999990915786352
.019999990915786352
.019999990915786352
.019999990915786352
.019999990915786352
