32108051365309316e-21
35.63365707559947
1.2414780139130437
.09823965690270316
.01197697696156428
2.044006992254545
4.285322225168185
2790.710666073979
0
.2877026007419007
.1707265930023288
0
13.776932364642844
.023247563302187788
10.603507447993657
0
.4708731474836405
0
0
0
.016030529308378987
0
0
0
19250308119492966e-96
.29556788760143377
.5942402821659228
73.76896616729344
12.123896551461533
47.83004953796428
34.481139801007124
0
.046764483994927296
0
1.1470395052630746
.8745540448200841
18.01166324658373
34.26828127134415
121.66316021175253
41.89429174496733
.00024106416457031807
705.0929248205106
41.797817291935985
.1671836567335531
16.693822794448664
0
0
1.7980062179015124
29.74635944941545
.01049254066338681
2.967192744046718
5.869037090595397
2.8782797557384128
70.20886504412465
0
1.0555143380875396
222.59174304866963
318.5258842076092
0
.01586393870662672
.007757691938810169
29.05187328088588
54.90904921123698
56.15260924178586
8.887852119508816
0
32.90096714864792
137.38269311227657
.014438372093125715
59704024197405686e-22
.2388602406292373
36.46266204935043
9.325154879793091
10.924842093584662
95.89545481940814
136.28230892672042
2.818391959033616
7.803709778600451
.5747295558658414
5.264691475833629
14.39283337265112
7.311836905440273
47.21470134257908
.5410951328002492
9.92372555813413
0
0
.475010911679787
.033209298436526966
5.2910116294055625
0
0
.5677077408832496
.15788356373493065
0
.0004117013290383991
.029707897387205397
.444000731033556
.11546530442343911
.012516239727442419
0
138.1634463280575
0
0
0
0
0
6.5531211523217205
.20840949563886185
.23804640541666341
0
22609882717675416e-21
1.3740162616254392
0
0
0
0
.0013010773639932467
0
.032211893456541414
0
.11998304447956988
1.9584137929062944
1.1532082664347985
7.740289521846921
0
0
0
0
0
0
.23551155785190123
0
5.335142723135948
0
0
5.755005381899137
0
.1613414592809762
0
3.522734376496627
0
35.55455512456359
0
0
.25464359102959067
5610.164785689628
223.4800022289041
291.1674443078181
0
121.91725570805119
.16313366767317888
0
.13175815235503918
.4509397881200678
0
90.52255379470165
0
0
0
.40432285290082154
0
0
.8264410589810937
13024557107538459e-22
0
9502859443118518e-25
41500619182714533e-91
.354702666976375
.3399894046572222
.3159132256060319
.37420866287055626
.33240615913751154
.5129280354718774
.2560306605591737
.3905748963093942
.3298278045720559
.3347967210112578
.3612834751149463
.35519436239568836
.3402371541018182
.3015229751473838
.33475963807479947
.3489991741422536
.3538919610015926
.3265740985451417
.2719953053557876
.34332017800828163
.0057186348327683345
.22392539554427612
.6173858925005992
.9999678924642069
.3782249406580356
.005750447821614657
.0020140814937906456
.0044075588786027225
.00737185595727259
.007628656610568794
.0029197538960894468
.016749829748389674
.2619806960757703
.0014225816185923772
.00844129175651403
.4560798812362792
.010695508015939938
.0040537373536252705
.047129935501643884
.0038442070651423074
.009003435290655856
.03415890591233633
.06935608358660707
.03775847478196081
.01686800264906713
.12408333091263836
.020994188571895146
.04556296259004477
.0007317701094955075
.0015629015610004046
.010004565928090283
.003574353502820056
.5205827181247813
.7592589281434743
.005928618311850339
.05003900519343002
.014797338891248448
.0004951465702657581
.012297882555377069
.00029928682179747085
.0528454201013427
.039092278325994476
.09676041830316515
.012278359291577189
.011164831371900477
.0016683083203379617
3853550930616863e-21
.016514016119730586
.040204573358578015
.8382290068356588
.9999678924642069
.019677580395182397
.04011132271939413
.013892461643477216
.025320345349428793
.0033755243036272323
.39508716527955806
.05754111882329255
.06892730294462864
.41159430905079325
.0006973661935220202
.9999678924642069
.01914377496204339
.0008977757693817647
.024782683518003265
.025587073033704735
.009765448854642296
.10787860325657521
.31453406761526176
.007274895314140407
.02222496062987792
.558080239280641
.12968337560169743
.013792142363414887
.0732447482948044
.00026798010057940604
.022176907807742827
.2155741357279241
.00013013050191574253
.012806948023434135
.029882105122406917
.0003876067362738284
.0034510280311824547
.007441885588418951
.006181082204101067
.02164141678733394
.09366859223128725
.02354877977562058
.9065776469874552
.006946739640561699
.006868372507923008
.03187518685413222
.00023015252660010945
.01174408975154062
.07406941052583814
.49262012158182633
.44785564054323335
.06497291869389744
.04164794915670021
.06406553110625501
.9000959336320746
.5450644673634797
.010237433561090721
.008399072078796452
.8046009865816132
.03291223606422218
.24985852951515514
.0043438699963175755
.0062012440221517464
.11958660058753479
.21229254718860163
.5812350771888238
.0005508067396835869
.026103402557875875
.23890808406816613
.2750224866635865
.13131727658235923
.9236221269269548
.18587267976657937
.02924085557549797
.00864066517942856
.719933556596258
.9999678924642069
.3410557692372575
.03979403379653733
.006968328715051208
.014233752858950444
.01261013386095077
.920357415008665
.08209540685177982
.0018909885626653966
.002972958548614874
.01468233466780896
.054702974316420065
.007567863582880425
.5998423481969382
.0026816536798248197
.9999678924642069
.9999678924642069
.9999678924642069
.0051763476577955676
.049651510408405264
.1391514214880106
.07913721989378238
.014509549686127086
.017734336842739968
.021432107457826508
.0006895402804392085
.00032829081721026855
.0567237610427032
.5423979417372292
.9999678924642069
.9999678924642069
.9999678924642069
.025202904062445408
.0005416193417906523
.451653174751371
.27283727366899846
.005254133568743138
.015301166423277288
.9999678924642069
.0383713487259984
.1817660721347411
.01999998715678358
.01999998715678358
.01999998715678358
.01999998715678358
.01999998715678358
.01999998715678358
.01999998715678358
.01999998715678358
.01999998715678358
.01999998715678358
.01999998715678358
.01999998715678358
.01999998715678358
.01999998715678358
.01999998715678358
.01999998715678358
.01999998715678358
.01999998715678358
.01999998715678358
.01999998715678358
.01999998715678358
.01999998715678358
.01999998715678358
.01999998715678358
