.9330530074739634
29.042172076616037
.06604428462902157
.000675179939393242
.002387627187177552
.8325286692752392
5.185732687628161
5.204079367695037
0
.01764618854879122
.06993544526393145
0
16.89522540161551
41.61050804064962
8.905853129853341
0
2.9831624330683724
0
0
0
.015414036397128352
0
0
0
6337550621881976e-284
.9538313513119
33.262352418949334
51.43037212964467
14.66442725975799
36.827726589762406
2.7020279494212365
0
16706422133924196e-21
0
1.7418143637419365
.0028210466254286206
.00019470927391872074
.01937043395807528
.016744120509160104
11418460955180349e-21
.0025886853065527535
34.1261591205066
34.128409124397045
5693654956601939e-21
5692293790498429e-21
0
0
1.5733420423818492
2.658107544584649
.518988057024474
1.4370700302601376
2.972446409189743
.000317617580562397
2.9721929534770593
0
4.65964091502069
4.61000120831977
1.5728316120417392
0
.18498101830688107
.6136428980238233
12.454574127266065
.1996756293859651
20.77985206868404
8.525186273481255
0
4.264370717459617
4.068805359162441
13.111249395819971
.3444419342005028
11.497196521537555
37.640324522137966
1.5201201806137414
11.341459816890318
33.17058975867125
41.43347946408153
5.106776196585647
1.424231202504517
1.5209391341534548
5.21598799961008
11.556639636970855
11.081401118831032
.005208127749859095
.704745994606209
15142686072343208e-25
0
0
.0073585634850542
.030402769977892916
5.374132463506757
0
0
.6101235522555977
.05583266911547872
0
.0002904744081131278
.0067130034964394255
.19833109366084484
.17934230980620594
3.1562824572119283
0
.04963172864890019
0
0
0
0
0
4.544906207769604
.22184378579151603
.0032803751943928424
0
.00023842082460621806
1.2569275144409597
0
0
0
0
.002680323837209235
0
.02474721058379966
0
.0003392909705088648
.025425278766226637
.14571581179867904
.058828365230956775
0
0
0
0
0
0
.18222181978551685
0
12864537088612446e-22
0
0
.011406351285430228
0
.0620185406392339
0
1.1597691197358604
0
33.923772930200464
0
0
.2457186660877318
5518.099879631167
219.05554255085144
290.98018037419763
0
115.63261250651945
.09801070001548585
0
.04884633819745984
.024594935983104912
0
37.118890725130484
0
0
0
.18869594925690278
0
0
.6880411881355695
.00044588784107426005
0
.01161891621370459
.011052664189895044
.015136257805111181
.01024789207210749
.00861228645141241
.008083003789122778
.011140602432804438
.018695361855083796
.015208939962685606
.01277544048747696
.010143384364507438
.01089720735798846
.011587707192582815
.010759787484791273
.011152901144922565
.006891278952669756
.011081679414427767
.010763203504122444
.010611775366763132
.011183335897482554
.007737250172597016
.010099181344919002
.005688203702363641
.18170497451184295
.347043024154697
.39335092012112255
.2657598261814299
.005719677626540546
.0020103002255838867
.004389470693229454
.007321325590284606
.007574550920622252
.0029118107511086526
.016490099068007514
.2051692570652328
.0014206946807683667
.008375070075114172
.2980107633537799
.010589306866700936
.004038434176609613
.04510238334621798
.0038304436453662862
.008928119654825177
.033087392942332663
.06501012622594021
.036451421603166057
.016604608634215253
.11051823819278347
.0205869552481601
.04366661729731562
.0007312706589823044
.0015606241677264742
.009911613094307414
.003562453078347571
.32028973889301493
.37387479097219745
.005895914540711806
.0477565052080622
.014594447190497385
.0004949178742414103
.012157580827191624
.00029920326035469256
.05030301848148582
.037692118101767036
.08840762616276557
.012138501405072855
.011049130721760914
.0016657135073299939
385353707541691e-20
.01626151952980907
.038724365391008014
.38344067482657346
.39335092012112255
.019319603992615297
.03863790949762848
.013713550099190067
.02472917710868176
.0033649100322814566
.2732745862515071
.05453336064555136
.06463406616131605
.2803410648889333
.0006969125947385923
.39335092012112255
.01880487307571856
.0008970240681450948
.02421621339808781
.02498345912269907
.009676876350976452
.09754884329088671
.23453915376458426
.007225683215234575
.02176884115168954
.3315546908772305
.1149041268606293
.013615797142656247
.06840647661870905
.00026791310561282377
.02172274841379825
.17629668580991534
.00013011470314784154
.012654826487330986
.02906047940139924
.0003874665855059181
.003439933999723953
.0073903923058538
.006145538000054197
.021208817486871586
.0858299420075776
.02303701994056843
.3890842824134367
.00690186026111927
.006824498395810487
.030941168762608225
.00023010310961564667
.011616106528212081
.06912345859334856
.3110974178956587
.2948911177992594
.06115119045648558
.04006061445262782
.0603482458173
.38864587255126104
.32777864744370927
.01014011375750454
.00833350987551942
.3797895795589052
.03191693251730113
.19790156475030804
.004326300258239497
.006165467895721204
.10696092404438151
.1741453889788346
.33793060416002085
.0005505237449975084
.025475332510955618
.191171500344944
.2127778894694406
.11617458129251565
.39014503395734856
.15627820509316998
.02845388025604634
.008571284843582291
.3677598582349056
.39335092012112255
.24809961226343383
.0383436250688809
.006923170404204747
.014045972656610693
.01246263842037791
.3899520684698497
.07604194806091698
.001887655172582615
.0029647234855301376
.014482573749564444
.05198103678557801
.007514615288899948
.3427462944838903
.002674952464195743
.39335092012112255
.39335092012112255
.39335092012112255
.005151408028314224
.047403821140754226
.12220878515513371
.07350448597738658
.01431444707561323
.017443309730737717
.02100779434561471
.000689096803574507
.0003281902764104962
.05379974018009455
.32698765006931846
.39335092012112255
.39335092012112255
.39335092012112255
.02461717507687452
.0005413457078400888
.29633973119479096
.21151806767849274
.0052284396944340256
.015084274046111193
.39335092012112255
.037021904081908426
.1534121363936364
.01963023958768607
.01963023958768607
.01963023958768607
.01963023958768607
.01963023958768607
.01963023958768607
.01963023958768607
.01963023958768607
.01963023958768607
.01963023958768607
.01963023958768607
.01963023958768607
.01963023958768607
.01963023958768607
.01963023958768607
.01963023958768607
.01963023958768607
.01963023958768607
.01963023958768607
.01963023958768607
.01963023958768607
.01963023958768607
.01963023958768607
.01963023958768607
