.9418411579795345
25.807316299255483
.0419114671236929
.0004215061279178656
.002329833927888707
.7942615223631051
5.128847832168111
5.146387837333631
0
.016578337810509398
.06720342598508222
0
16.89297570780501
41.57335047118765
8.92440789314022
0
2.9661639441568424
0
0
0
.015408343704622341
0
0
0
8835565867514943e-288
.9559715808532192
32.60817838506687
51.350829703609314
14.647502954048083
36.789299919605426
2.701567831223362
0
16604371903743416e-21
0
1.7353015740039905
.002809759708441291
.00019150937052407252
.019286430494581435
.016668236665420874
11280882110265524e-21
.0025632091930133717
34.088588704534935
34.092197717116264
5698270954735062e-21
56927427708602234e-22
0
0
1.5683422312390347
2.660063415480437
.5189684925284221
1.4245789527411488
2.9486674702351077
.0003161296483554894
2.948414913025711
0
4.663716110740573
4.614415609687284
1.5677314909159834
0
.1852956668295005
.6139362637904511
12.457051484251155
.19821486324964266
20.786401284371607
8.527848032422417
0
4.264742785146439
4.076688054955955
13.098227513170619
.3442654446834391
11.493208183598416
37.63279629857782
1.5172375795572042
11.304942412103276
33.18645232116547
41.40938517822301
5.119232692411022
1.4250232924450852
1.5180576497811644
5.216041649474154
11.554407939014814
11.08322567085394
.00517756309583824
.7054036600933652
9832768353246473e-25
0
0
.007401497015499043
.030392980509004627
5.349324160935173
0
0
.6083128015153063
.05550164684532081
0
.00029025415498561835
.0065578649152216225
.1972008082947862
.1793158906248798
3.154300407438757
0
.04928977450464091
0
0
0
0
0
4.534655817772896
.22177472855412023
.003289891006834754
0
.00023791394371786874
1.2526697223523642
0
0
0
0
.0026696215929832698
0
.024716133217214598
0
.0003397147825586916
.025287468557723382
.1446787977330432
.05873091656864859
0
0
0
0
0
0
.1819997923240303
0
50367675142737615e-24
0
0
.011375412182382506
0
.06147094014829558
0
1.149531697853646
0
33.90863391385056
0
0
.24500586803765229
5517.239939135066
219.01428760604753
290.9784171025284
0
115.57498426196405
.0975444721672136
0
.04840345436557444
.023745662168603004
0
36.49450237101229
0
0
0
.1881477531115342
0
0
.6868563061693427
.00043191857698386465
0
.01157053051345084
.011021519476411397
.015120804937838146
.010215170689055081
.008576751105507787
.008004437861892774
.011112294760445798
.018652881240051274
.015196464409556562
.012736218888979182
.010116394946983772
.010869810017618203
.011557954277577023
.010734699581449495
.011125047487185392
.006866622950694327
.011054253814935638
.010728974557173154
.010577890281399983
.011156647909057212
.007716381647184117
.010070714862283912
.005687917841857218
.1813477481446224
.34516514274030397
.3899092480747418
.2648779236191474
.005719388585300782
.002010264643479372
.004389300673463978
.007320851293606724
.007574043126124818
.002911736037218979
.016487671902354714
.204697430007247
.0014206769195506308
.00837444880729878
.2968186802712395
.010588311584640266
.004038290310525682
.04508370645693539
.0038303142418571884
.008927413258095715
.03307746179833986
.06497051377849543
.03643932802342526
.01660214737227275
.11039778735089936
.02058315730089793
.04364913603941087
.0007312659562645509
.0015606027326775878
.009910741687145556
.003562341176470983
.31882774934969443
.37138836529582264
.005895607362133487
.04773550885333878
.014592549432963668
.0004949157206492476
.012156266959309922
.0002992024733979964
.05027966246456618
.037679171226682
.08833248089033831
.012137191681521829
.011048046653534578
.001665689085907961
3853536944914623e-21
.016259159703537054
.03871068554865398
.3806263732276311
.3899092480747418
.019316263349166325
.038624291849547396
.013711875926425523
.024723675004488875
.003364810214988478
.2723273870100501
.054505791135401285
.06459492626405096
.27932884703859534
.0006969083236815836
.3899092480747418
.018801709638587544
.0008970169908425597
.024210939823353803
.02497784189287354
.009676045914555079
.09745640528331523
.23389173575093353
.007225221271192232
.02176458975436581
.3299325360797703
.11477324731761562
.013614146906255769
.0683624584011736
.00026791247466494757
.021718515189905706
.1759630059775108
.00013011455434791403
.012653402273933486
.029052848868962575
.000387465265662766
.0034398296744472087
.007389908986851847
.006145204181705386
.021204784204450773
.08575931791752422
.023032252913884492
.3859966261139618
.00690143892226447
.006824086479440129
.03093250260550982
.00023010264420610297
.011614907704881635
.0690784783784807
.3097534991605321
.293732743332763
.06111628352283215
.040045954592787925
.0603142781902602
.38558365952354795
.3262122799711324
.01013920151140305
.008332894782444094
.3771135118812773
.03190770226283913
.19746748689400143
.004326135106659172
.006165131902434061
.10684857260838618
.17382079377395038
.3362088309054468
.0005505210801537951
.025469489118985604
.19077054227622392
.21226423476925463
.11604058841157522
.38699098544897315
.15602313509086305
.028446569308480364
.008570634003603583
.36544037823999936
.3899092480747418
.24735710109524744
.0383302180186364
.006922746450986781
.014044215777974909
.012461257389815657
.3868106782488482
.07598710596193105
.0018876238032363348
.002964646027775785
.014480705174537695
.05195605348922402
.0075141155269396916
.3409442261127752
.00267488942492722
.3899092480747418
.3899092480747418
.3899092480747418
.0051511736933636115
.04738314120212452
.12205942870691101
.07345338346970409
.014312621925831074
.017440591365947174
.02100383792713706
.0006890926278094444
.00032818932956022297
.05377292780842093
.3254326888607792
.3899092480747418
.3899092480747418
.3899092480747418
.024611723294093547
.0005413431311313948
.2951658152711342
.21101150653298648
.005228198281382885
.015082245814940519
.3899092480747418
.03700942189693854
.1531672719482996
.019626789620884166
.019626789620884166
.019626789620884166
.019626789620884166
.019626789620884166
.019626789620884166
.019626789620884166
.019626789620884166
.019626789620884166
.019626789620884166
.019626789620884166
.019626789620884166
.019626789620884166
.019626789620884166
.019626789620884166
.019626789620884166
.019626789620884166
.019626789620884166
.019626789620884166
.019626789620884166
.019626789620884166
.019626789620884166
.019626789620884166
.019626789620884166
