.9588184630944144
10.240912442784245
.007125219761308474
6894873040642736e-20
.0019431038938051545
.5202441558078925
4.914013448429451
4.931407983777379
0
.014652586534501218
.06191391030700244
0
16.888618161568818
41.49007764141201
8.983312988319195
0
2.933446820225426
0
0
0
.01539735228518005
0
0
0
2097026147919428e-295
.978710936898906
30.37042983371377
51.04551089221048
14.59568614546127
36.65937438009402
2.698988341573127
0
16313844472260225e-21
0
1.7226426837696345
.0027707654385428133
.00017982749629288233
.01901269765015108
.01642189449005281
10831040746510294e-21
.00246170172748468
33.96316375384305
33.97323431496806
5722870721123913e-21
5698308543257159e-21
0
0
1.553036086062811
2.669063977231256
.5191069156955945
1.400696314175692
2.903216333413154
.0003132728491067668
2.902965709759679
0
4.677688352132752
4.628973587277942
1.5520205991051863
0
.1863012663257586
.6174752880989715
12.475352915950499
.19566600283268387
20.815775335560197
8.536583668559766
0
4.272560787138695
4.102218403882032
13.056440783972354
.3433287315070006
11.482300267154793
37.61825766351519
1.5116831087061728
11.234264105389755
33.21663017160245
41.3158741250112
5.167668570178042
1.4265288275993806
1.5125053481123882
5.216406101249004
11.558192733836828
11.08664595074721
.005061879520760012
.7066525981375005
39990568714940104e-26
0
0
.007503195635199286
.030380574492359546
5.29225423670363
0
0
.6048007695356934
.05484656829322695
0
.00029009312802748873
.006269881601959471
.19505649178703585
.1792528309361136
3.145519409509069
0
.04869989964024076
0
0
0
0
0
4.517001864699422
.2216408251304378
.003318910440385898
0
.00023595882367484337
1.2437727023905112
0
0
0
0
.0026391118860812127
0
.024673346128704268
0
.0003414453080618702
.025081751402309782
.143476677126522
.058682779186880765
0
0
0
0
0
0
.18157088487360856
0
5162577254229593e-22
0
0
.011344833594137616
0
.060426772224090625
0
1.1300622996791938
0
33.87940150561258
0
0
.2436232621757938
5515.579050748927
218.93461163420764
290.97501077315474
0
115.46373700621122
.09665129315908086
0
.047560052707550086
.022190303289487956
0
34.33240210313567
0
0
0
.1871651932169503
0
0
.6845731936313353
.0004078514563185519
0
.01148351020574513
.010978333347691471
.015101143641326737
.01015954021856213
.008514512901677927
.007857941877446574
.01106575561148683
.018584351601883944
.01518225173427346
.012669692000313476
.01007166562194047
.01082481774211288
.011508921270132129
.010694554071895197
.011079356924785812
.006824128849913851
.011009334767578614
.01067071405805236
.010520208036188358
.011113213237257879
.0076817313738365735
.010023118741627242
.00568736564563453
.18065963139171107
.3415661008810152
.3833455147967837
.2631825074175257
.0057188302450900865
.0020101959063121354
.004388972241043622
.007319935115085611
.0075730622445494625
.0029115917073295585
.016482984017099477
.20378900594950838
.0014206426083395994
.008373248747477378
.29452925250620676
.010586389123348278
.004038012398711166
.045047647585250226
.0038300642672967466
.008926048770554338
.03305828485278078
.06489405718899594
.03641597651762961
.016597393639872518
.1101654671725456
.02057582225663403
.043615384853633574
.0007312568714495534
.0015605613244156521
.009909058484447513
.0035621250098472734
.31602228931300547
.36663171291284125
.005895013987435078
.04769497338311629
.01458888396689843
.0004949115602792137
.012153729178207184
.00029920095312903637
.05023457307096236
.03765417252154715
.08818749304308778
.01213466190470038
.011045952707823216
.0016656419086296375
38535366928050304e-22
.016254601865311483
.038684271959042296
.3752479448558803
.3833455147967837
.019309811394599863
.038597998315553085
.013708642270448825
.024713049283309866
.003364617392284
.27050683629943884
.05445257070368912
.06451938133360682
.2773837416666485
.0006969000727547795
.3833455147967837
.018795599889579254
.0008970033187809821
.024200755370116046
.024966993877142903
.009674441845651336
.09727807778463363
.2326460839542376
.007224328952612031
.02175637908397699
.3268212316418997
.11452083093628276
.013610959479122305
.06827750242327205
.00026791125577849145
.021710339612575912
.17532017722668947
.0001301142668906688
.012650651374703933
.02903811357084867
.00038746271594903566
.0034396281436118187
.0073889753811371105
.0061445593492470115
.02119699471808476
.08562304796651092
.0230230465719775
.3801009729018225
.0069006250356382845
.006823290793118815
.030915767845418544
.0002301017451117606
.011612592119775347
.06899166665004168
.3071736806965151
.29150781832612366
.061048905313128725
.0400176492723161
.060248712286587014
.3797361009525177
.3232074726825985
.010137439429841022
.008331706649292314
.3719970504695306
.031889878442121294
.19663161213172747
.004325816078000335
.0061644828688448595
.10663186164900863
.17319543998113332
.3329074415588295
.0005505159321372986
.025458204413116782
.18999833518891573
.21127544466324086
.11578217303537433
.38096988111557367
.15553155889003878
.028432451043117264
.008569376824520449
.36100085542229476
.3833455147967837
.24592897499071423
.03830433101009196
.006921927514507669
.014040822390958255
.012458589892410582
.3808134869101231
.0758812717583769
.0018875632041388366
.002964496397479376
.014477096068328615
.05190782374474997
.007513150160664017
.33748970341323553
.0026747676473219692
.3833455147967837
.3833455147967837
.3833455147967837
.005150721025801427
.04734321640413254
.12177141259661484
.07335476216612699
.014309096686555504
.017435341118365658
.020996196867654117
.0006890845609690146
.00032818750040424866
.053721168418699346
.3224496601540555
.3833455147967837
.3833455147967837
.3833455147967837
.0246011947382229
.0005413381533759016
.29291114954341096
.21003634414535952
.00522773194143852
.01507832836808904
.3833455147967837
.036985320223184404
.1526953391485213
.019620126552241293
.019620126552241293
.019620126552241293
.019620126552241293
.019620126552241293
.019620126552241293
.019620126552241293
.019620126552241293
.019620126552241293
.019620126552241293
.019620126552241293
.019620126552241293
.019620126552241293
.019620126552241293
.019620126552241293
.019620126552241293
.019620126552241293
.019620126552241293
.019620126552241293
.019620126552241293
.019620126552241293
.019620126552241293
.019620126552241293
.019620126552241293
