.9663204450270213
3.120249183038228
.0017127661083850031
1619217299678778e-20
.0012329236466141781
.22780951744449954
4.740619016036109
4.75779793772648
0
.013858416922376876
.05958194357184527
0
16.88668790177482
41.443126401659946
9.031667803208133
0
2.9188049444320576
0
0
0
.015392497862946086
0
0
0
7580637992390473e-299
1.0031049481624728
28.92598684252757
50.80205591319932
14.555067975629003
36.550372932805026
2.696157664875695
0
16103025258725173e-21
0
1.717010746088411
.0027385929181028305
.0001704951239291278
.01879421954301422
.016226308997558263
1047991576073045e-20
.0023770453158923313
33.85853449060799
33.873918494927864
5748711389169676e-21
5705345376497404e-21
0
0
1.5410702786333301
2.6780805289300234
.5192487251551628
1.3901527773180284
2.883332488553757
.0003120174559756811
2.883082728219427
0
4.689737516814865
4.641212013077195
1.5401325864742195
0
.18713288498768257
.6217509720374473
12.496097571472111
.19476272261981056
20.84286492747198
8.542178770725886
0
4.282677395526043
4.123494249386637
13.025619823183106
.34269433798346866
11.475174120509905
37.611836309668476
1.5092340769244308
11.202031234025151
33.229760573622556
41.23479461606637
5.211163293437438
1.4271832580292874
1.5100572466733535
5.216691660885834
11.56375413873227
11.08813413612752
.004963020322007523
.7071963368595162
2695821112473303e-25
0
0
.00756679547312998
.03037821447140138
5.2543072834238504
0
0
.603177619424083
.05455087944784935
0
.0002901488272185308
.006147166631365641
.19412523038210533
.17921874962738216
3.1379669403555055
0
.04850273968855206
0
0
0
0
0
4.5102209054956
.2215814436631132
.003341040397322886
0
.00023442013435765764
1.2390105753930865
0
0
0
0
.0026164475757261356
0
.024670859165595655
0
.00034305064292634255
.025046917100787713
.14361306657897327
.05879603075773298
0
0
0
0
0
0
.18138120641754552
0
8212517741974565e-23
0
0
.011359303003744294
0
.05997106119810564
0
1.121583484409317
0
33.866493568761406
0
0
.2429897604106545
5514.845291754051
218.89941341409997
290.9735055869326
0
115.41461285819916
.09625980893094221
0
.047192432153572855
.021535215729604405
0
32.90267939766904
0
0
0
.18676123046519483
0
0
.6835667928800789
.00039956793136659705
0
.011453376879133838
.01098296957839369
.015104486072927715
.010143304035160434
.008494039394282402
.007799395047934243
.011054277682613444
.01856927951512891
.015187960205466996
.012650652615586209
.010060165536361384
.01081381076361998
.011496691676606732
.010685759222522217
.011068249088006112
.006810985714771197
.010998508796580181
.010653723863642646
.010503359066025853
.011103124121130886
.007672728193918722
.010010317519861422
.005687121656608496
.1803563967091642
.33998772400280225
.3804804240833679
.2624367931231897
.005718583541426495
.002010165533277583
.004388827120180773
.007319530307930822
.00757262885015907
.0029115279326891366
.01648091294510422
.20338887421176247
.0014206274470639037
.008372718516270413
.2935232270869729
.010585539731652707
.004037889600307357
.04503172297326856
.00382995381299385
.008925445893193523
.0330498144294685
.06486030099370926
.036405662652801644
.016595293480147946
.11006296465157156
.02057258185830025
.04360047909475881
.0007312528570605156
.0015605430271600847
.00990831479692013
.0035620294936773403
.31479048151734224
.36454928377604295
.005894751804289501
.04767707241674868
.014587264553211967
.0004949097218937065
.012152607944751754
.0002992002813505406
.050214661719567094
.03764313130397173
.08812350122044144
.012133544207401063
.011045027555317586
.0016656210622196597
3853536581402101e-21
.01625258824129126
.038672605986038666
.37289558433962133
.3804804240833679
.01930696107236602
.03858638535372627
.013707213615906107
.024708355413065732
.003364532190735706
.26970624801674814
.05442907005920404
.06448602746801427
.2765285533114673
.000696896426841894
.3804804240833679
.018792900728100827
.0008969972773962519
.02419625639862927
.024962201824806123
.009673733119643726
.09719938188823629
.2320977671620649
.007223934687339514
.02175275191543067
.3254557625592208
.11440946935816655
.013609551247115513
.0682399954655088
.00026791071717509606
.021706727944712498
.1750368707900682
.00013011413986841106
.012649435989725769
.029031604674717278
.0003874615892793161
.003439539094330084
.007388562874250706
.006144274430324219
.021193553588383072
.08556290159730605
.023018979618717173
.37752455334989404
.006900265423579929
.0068229392224441405
.030908375924529316
.00023010134781840534
.011611569049233108
.06895334078947932
.306040558438878
.2905300383586191
.061019155698922425
.04000514800780079
.06021976254135799
.377180495875481
.32188853208501084
.010136660893574208
.008331181687461728
.3697583438163646
.03188200557154851
.19626338138415733
.004325675112165462
.006164196093725129
.10653624084376763
.17291982400553169
.3314589601984672
.0005505136573318381
.025453219486775536
.18965810656245985
.21083998379955204
.11566816708881197
.37833918871113575
.15531483343108804
.02842621465459093
.008568821357247862
.35905632652112146
.3804804240833679
.2453005399536198
.038292897552358256
.006921565671290664
.014039323172253586
.012457411352662333
.37819313751576594
.07583455239788682
.001887536427049684
.0029644302808061493
.014475501552347825
.051886526107370934
.007512723621262748
.33597438042712385
.002674713837638814
.3804804240833679
.3804804240833679
.3804804240833679
.005150521012389238
.04732558503456676
.1216443597845628
.07331122528551991
.01430753921999087
.017433021626929376
.020992821299244648
.0006890809963997263
.0003281866921346299
.05369831270055609
.3211402363495854
.3804804240833679
.3804804240833679
.3804804240833679
.02459654378368314
.0005413359538051235
.29192034561395647
.2096068734054226
.0052275258870124915
.015076597639223357
.3804804240833679
.036974675104938265
.15248726358450634
.019617182976375137
.019617182976375137
.019617182976375137
.019617182976375137
.019617182976375137
.019617182976375137
.019617182976375137
.019617182976375137
.019617182976375137
.019617182976375137
.019617182976375137
.019617182976375137
.019617182976375137
.019617182976375137
.019617182976375137
.019617182976375137
.019617182976375137
.019617182976375137
.019617182976375137
.019617182976375137
.019617182976375137
.019617182976375137
.019617182976375137
.019617182976375137
