.9899547219664272
.00932875739365122
454365644769882e-20
3951016753676717e-23
6712308733620049e-21
.0008209163973719949
4.038528323708542
4.054284166435546
0
.011549482725089101
.05232412262001123
0
16.8805878148458
41.20766438796369
9.289212795275711
0
2.866627515192557
0
0
0
.015377214476501548
0
0
0
4384884403962939e-310
1.1088116376243282
25.296454471035847
49.74371580476058
14.348179657100255
35.960245762474365
2.675994656357239
0
14958457480316518e-21
0
1.6990468518300719
.002551606399073204
.00013258210952753956
.017535928784668604
.015117270880411253
879170868851372e-20
.0020274974245489716
33.29273346622571
33.31910748193478
5897670532459935e-21
5764878832420432e-21
0
0
1.4801192878805416
2.727780875615571
.5195486074859746
1.3548568511977954
2.821473520170736
.00030808882120395085
2.8212264648708305
0
4.754547036819515
4.706350872468313
1.480821919217079
0
.19156540648081488
.6455471823227006
12.613240600210622
.19287567536772662
20.97878821045524
8.559465421128085
0
4.342111798797106
4.23767773806447
12.910446218207058
.3432479151337123
11.448229724446668
37.59162079132164
1.501539177322646
11.07517397358814
33.2702914356472
40.844441968863514
5.4330652108821536
1.429200707170188
1.5023654318170363
5.217557845929275
11.580667285185815
11.092774479405175
.004481620165838277
.7088586737259386
7798774004632296e-26
0
0
.00785715371817388
.030370218353458357
5.105424658563693
0
0
.5963092197974428
.05359681318132441
0
.0002903042650858893
.005768279304425804
.19125389803783205
.1790820107208289
3.1088157465027892
0
.04815994382087978
0
0
0
0
0
4.488762535450238
.22139348194860037
.003449869540426167
0
.00022907368863972624
1.2195654944519214
0
0
0
0
.0025076859349463213
0
.024736100350900254
0
.0003517101409548211
.025163352401816
.1461821176254768
.05974757041124072
0
0
0
0
0
0
.18078023379467226
0
7998047079301292e-24
0
0
.011534238537021912
0
.05855779321717598
0
1.0953312319198474
0
33.825873501916476
0
0
.24044853878254513
5512.53429230126
218.78856177801126
290.96876369252925
0
115.25998852206226
.09503671581392362
0
.04605416625844465
.019578424159792312
0
29.184115046818672
0
0
0
.18559627254634506
0
0
.6804060825996373
.0003782319436006232
0
.011421723864382415
.011049742026567336
.015190979741738449
.010143571845808901
.008472762369957507
.007652895084055642
.01107452340961199
.018616466362247966
.015282112463861987
.012654894847889234
.010075200936385333
.010834248625111863
.011516748783537582
.010713002924535772
.011089667384584263
.006804244548098593
.011020456213851447
.01065437267315327
.010503711187714919
.011127941265767572
.007683468025749881
.01002097480126787
.005686353060935106
.17940440836777763
.33506272485354527
.3715934763324428
.2601012773358608
.005717806394693225
.002010069848935953
.004388369962144862
.007318255148038506
.007571263644706891
.0029113270259133266
.016474389931912047
.2021334265155707
.0014205796839719565
.008371048293044003
.29037625072386086
.010582864249834758
.004037502760088645
.044981590799953314
.003829605858095881
.008923546851897076
.033023143357091535
.06475407008106292
.03637318890126993
.016588678864905976
.10974066336197694
.02056237662904293
.043553553222065076
.0007312402102556775
.0015604853848080514
.00990597224533826
.0035617285958588216
.31094109145517745
.3580658035547973
.00589392589758436
.04762072104612867
.014582163920327325
.000494903930280548
.012149076282141215
.000299198164986468
.05015198449285292
.037608368165445404
.08792220451939063
.012130023681909694
.011042113457339098
.0016655553893035063
3853536230437844e-21
.016246246141983958
.03863587644864697
.36558067359088486
.3715934763324428
.019297984155007133
.038549822665412896
.013702713749656054
.024693573651347858
.0033642637855076686
.26719952887998616
.054355099813046016
.06438106198834681
.2738515633878928
.0006968849408665731
.3715934763324428
.01878439981175035
.0008969782448571887
.024182088286250028
.024947110934351306
.009671500685524111
.09695187396140287
.2303787820405058
.007222692732953615
.021741328820630026
.32119116870867986
.11405934282534518
.013605115699272027
.06812196802906471
.00026790902036366484
.02169535365793006
.17414733048517816
.0001301137396977413
.012645607798863551
.02901110855647438
.0003874580398354854
.0034392585681523955
.007387263461290337
.006143376906864544
.02118271628998163
.08537369229150277
.02300617176745184
.36952140844719006
.006899132622681953
.006821831751066029
.03088509993717587
.00023010009618815297
.011608346552513646
.06883273796594241
.3024980201678702
.2874710262122451
.060925527128996106
.039965789495160296
.060128650047923525
.3692412078827848
.31776842109435166
.010134208580358383
.0083295280616336
.36279321402414255
.03185721555006807
.19510780787261828
.004325231042809535
.006163292723340673
.10623555686625638
.17205438642300175
.3269367328000088
.0005505064908361445
.02543752133337448
.1885902267646099
.20947396512011066
.11530973563983868
.37016961865081
.15463403298665648
.028406576450197576
.008567071646087077
.35299848748744933
.3715934763324428
.2433311949811244
.03825689984372694
.006920425842483868
.014034601073519778
.012453699204660242
.37005527489739604
.07568755549118161
.001887452070873424
.002964221996187769
.014470479330246377
.05181948704893833
.007511380007962249
.33124483843635044
.0026745443224529776
.3715934763324428
.3715934763324428
.3715934763324428
.0051498909400308265
.04727008200677259
.12124495805998141
.07317423536557457
.014302633678662227
.01742571630804753
.020982190441213352
.0006890697666854825
.00032818414577147527
.0536263714987674
.31704968438433945
.3715934763324428
.3715934763324428
.3715934763324428
.024581897143729194
.0005413290243260811
.28882077067349604
.20825959964079596
.005226876785337109
.015071146442039341
.3715934763324428
.03694115870417493
.1518335933163013
.019607912408874655
.019607912408874655
.019607912408874655
.019607912408874655
.019607912408874655
.019607912408874655
.019607912408874655
.019607912408874655
.019607912408874655
.019607912408874655
.019607912408874655
.019607912408874655
.019607912408874655
.019607912408874655
.019607912408874655
.019607912408874655
.019607912408874655
.019607912408874655
.019607912408874655
.019607912408874655
.019607912408874655
.019607912408874655
.019607912408874655
.019607912408874655
