1.0269698765086446
.007896730220956738
3736580136658748e-21
28391503183424737e-24
5303157886340582e-21
.0006738259342904299
2.7697502688933167
2.7833751073458126
0
.008509474349098326
.041524195015008654
0
16.870972613230983
40.37620572117973
10.143539548648924
0
2.765907217651877
0
0
0
.015353308686925256
0
0
0
75799345394e-324
1.338972704388327
22.143803927051387
46.60827764974852
13.706416529727612
34.156882380214405
2.5953346031862905
0
12024371451262022e-21
0
1.6698770864853894
.002051274712560831
7090949266797978e-20
.01418895215000623
.012209151195197207
5400511375493683e-21
.0013806130899265137
31.58083293318561
31.614381931088396
63819588719685056e-22
6020294075809769e-21
0
0
1.3007552437385033
2.8912438998637033
.5194505523052297
1.29313267307948
2.726907641934944
.00030201000258466525
2.7266648475685904
0
4.961494299475844
4.912782377549493
1.3062436133628188
0
.20608257051090093
.7160894591960298
12.953025624668939
.19281415748299086
21.345097105176333
8.586993286123528
0
4.52122398476221
4.618172870309723
12.71954060398585
.35972868462502816
11.3978178109909
37.55999322862462
1.4895442068372917
10.7952450704228
33.33115597283037
39.62646533821918
6.055693491142243
1.432220980962787
1.4903750028153326
5.218925467574385
11.608411095297916
11.099872865391776
.0034148367920148665
.7113173238191334
10979511812219281e-27
0
0
.008707743465233335
.03035859257843726
4.913498517040455
0
0
.5799696790831179
.052051018911557514
0
.00029058796525048726
.005201394779593365
.186919695637867
.17881278155491961
3.060114070747311
0
.048656671887620496
0
0
0
0
0
4.4556565436402416
.22109629488482963
.003791097120535092
0
.00022063789027133626
1.1708121880870535
0
0
0
0
.002207380093777694
0
.02510982830279268
0
.000380505110202765
.026219675632555787
.1563366578567624
.06369241139697511
0
0
0
0
0
0
.17982573455539597
0
0
0
0
.012349506663845667
0
.0564111494679827
0
1.0554513027474333
0
33.76235451479682
0
0
.23471513313751255
5508.916833986874
218.61506272729798
290.96133726334466
0
115.01823762353493
.09315247059580858
0
.04432953092005919
.01682279728805765
0
25.969602724110345
0
0
0
.18404999424051696
0
0
.6754858332497302
.0003423025449843629
0
.011428293687851709
.011085810414735216
.015371426236018443
.010173845918116972
.008465502870571146
.007442439628436768
.011141012636765342
.01874877177390045
.015474348114177965
.012700079651958643
.01013010634279107
.010900067247532829
.011584042456342793
.010789362781834863
.011157831585548698
.006814431288039085
.011089208167333725
.010688054077744424
.010536503602385854
.01120164227556577
.007724200732929124
.010068692186072552
.005685149522763325
.17792352612227127
.3274923399912742
.358090338557524
.2564851732223798
.005716589467655212
.0020099200007138098
.004387654073360762
.007316258484875192
.0075691260035951925
.002911012400804886
.01646417901094428
.20018274395425859
.0014205048823620948
.008368433119007144
.2855152331904325
.010578675365254513
.004036896979322629
.04490318772131015
.003829060967172602
.008920573453636862
.032981415327906084
.06458804457285426
.03632238787839749
.016578324590056454
.10923778221998562
.020546403738040796
.043480161077748124
.0007312204037243047
.001560395111707935
.009902304538186314
.003561257391594155
.30500668849450246
.34814254455508126
.005892632624735018
.04753259936784653
.01457417907629273
.0004948948598005087
.01214354718149928
.0002991948504432542
.050053978847686205
.03755398788938899
.08760786447005431
.012124512014056685
.011037551046829632
.0016654525399475066
3853535680770311e-21
.01623631834696626
.038578422055767586
.3544116054062945
.358090338557524
.019283933216649524
.038492629105458864
.013695669189319484
.024670440756284266
.0033638434619197672
.26332033122918946
.05423945223294939
.064217012059413
.26971093971050936
.0006968669523255306
.358090338557524
.01877109370896338
.0008969484375905146
.02415991536757501
.024923494455578676
.009668005362722712
.09656550184263536
.227712117371962
.007220748057718031
.02172345043357096
.31462413072835066
.11351313917492899
.013598171808559113
.06793752779069964
.00026790636290022234
.021677551634793867
.17276324007448843
.00013011311296730357
.012639614552014365
.02897903734730008
.00038745248088955305
.003438819264117982
.007385228826655183
.006141971501352706
.021165754437929608
.08507819992762895
.022986126890425996
.3573267357186892
.00689735884435339
.00682009763044361
.030848681141325936
.00023009813594354744
.011603301391109485
.0686442779093993
.2970320466658671
.28274470630494264
.06077917804347668
.039904225406907363
.05998622987675059
.3571414627749391
.3114213702353593
.010130369047740746
.008326938871877045
.35214739171962783
.03181842903897528
.19331164748460675
.004324535648962596
.006161878163166634
.10576634088136014
.17070766497096326
.319977847490353
.0005504952671158016
.02541295490349789
.18692982171227754
.20735231895410522
.11475060386824187
.3577277777841439
.153573779636132
.028375847060364157
.008564332029332314
.34371564576235075
.358090338557524
.2402786009635079
.038200589517280115
.006918641060784136
.014027208683761925
.012447887594712591
.3576604982661104
.07545790659936828
.0018873199628397764
.0029638958177169257
.014462617207850338
.05171466690177194
.007509276172001419
.3239710339072906
.002674278855454181
.358090338557524
.358090338557524
.358090338557524
.005148904298249163
.04718328593824686
.12062206304612237
.07296020089530562
.014294954175915735
.017414281131593257
.020965551590928624
.0006890521794786614
.0003281801577887836
.05351389340762039
.3107476603752716
.358090338557524
.358090338557524
.358090338557524
.024558975627461153
.0005413181718034698
.28403233023877356
.20616692874884135
.005225860347599001
.015062612933491691
.358090338557524
.03688872756456492
.15081546476462263
.01959340198243283
.01959340198243283
.01959340198243283
.01959340198243283
.01959340198243283
.01959340198243283
.01959340198243283
.01959340198243283
.01959340198243283
.01959340198243283
.01959340198243283
.01959340198243283
.01959340198243283
.01959340198243283
.01959340198243283
.01959340198243283
.01959340198243283
.01959340198243283
.01959340198243283
.01959340198243283
.01959340198243283
.01959340198243283
.01959340198243283
.01959340198243283
