1.030334890557937
0
0
0
0
0
2.646541274265469
2.6597415422058863
0
.008267256932902929
.040592555394688305
0
16.870094399106247
40.25387500932652
10.274198736852924
0
2.755313063184041
0
0
0
.015351137277909974
0
0
0
128691084e-323
1.3676976185901548
21.932844824945942
46.15030644983132
13.611970314800633
33.90349006806424
2.5824781603597087
0
11707737553425448e-21
0
1.667132470352054
.0019963640881753924
6569956834750163e-20
.01382323619695616
.011893134558402402
5088718646421682e-21
.0013169862796763156
31.342040169204818
31.398780556058316
6454392292555278e-21
6058427865654957e-21
0
0
1.2762685105704181
2.916168776753063
.5194111854870276
1.2870223074673457
2.7184444674424175
.00030146103308991513
2.7182020668416134
0
4.9917782579446826
4.9429096830351
1.2824597634185064
0
.20827163403576787
.7256906133775821
13.001345755273052
.19311310490366373
21.395880233541263
8.589929119462504
0
4.547325136549359
4.676385902881631
12.701057176707888
.36299086921322615
11.392454812950568
37.55711961589712
1.488455945541186
10.763606888828553
33.33650917589527
39.43728084178392
6.138475649183445
1.4324858642614464
1.489287071653318
5.219079549002444
11.611892839122891
11.100512369973758
.0033029834308569432
.71153342346217
9176803217843422e-27
0
0
.008831998812804645
.030358306474138196
4.89866579530024
0
0
.5780636676231659
.05190908073055513
0
.00029064498249158354
.005151986579188489
.1865354723261967
.1787854198218585
3.055363808007666
0
.04881132915660729
0
0
0
0
0
4.452899518119132
.22106910625984447
.003842501440430094
0
.00021979442974755405
1.164229175015942
0
0
0
0
.0021669462218912553
0
.025172182343270764
0
.00038493748819758714
.026418050195871408
.15783428697546922
.0643403855873249
0
0
0
0
0
0
.1797379938068532
0
0
0
0
.01248677464415936
0
.056219954967070045
0
1.051888610833053
0
33.75658424927152
0
0
.23406040008775433
5508.588091875773
218.5992969103373
290.9606621428178
0
114.9962854284911
.0929831766994084
0
.044176180198957235
.016590541350433925
0
25.76876761660832
0
0
0
.1839237761155646
0
0
.6750403423801254
.0003389573585559665
0
.011427279279505195
.011085216052243795
.015384817392312762
.010174516643238839
.008463242472263068
.007421813556891701
.011144983115303257
.01875730758738244
.015488769548511805
.012701746432291978
.010133195493129962
.01090400870396249
.011587986053183038
.01079418840790284
.011161938848233216
.006814048222913018
.011093377314402719
.010689074861750025
.010537474185393332
.011206250898547484
.007726455144354032
.010071127679201377
.005685040122834473
.17778950812698666
.3268126634495942
.35688738466236597
.25615893995974615
.005716478850768283
.002009906378702107
.004387588998353497
.0073160769970570935
.007568931702514868
.002910983800208371
.01646325105928487
.2000063453896835
.001420498082411056
.008368195416429051
.2850773782856586
.010578294639791852
.004036841912851068
.044896066948661356
.003829011435478709
.008920303193837693
.032977624486296875
.06457297246932145
.03631777312335297
.01657738361287798
.10919218018070707
.020544952272446827
.04347349520031729
.0007312186031571462
.0015603869053214285
.009901971177608635
.0035612145579341195
.3044728462868534
.3472541829384269
.0058925150685484595
.04752459639675438
.014573453398225217
.0004948940352196577
.012143044660779747
.0002991945491229647
.050045078746067125
.03754904812873747
.08757934388954941
.012124011077545212
.011037136375726057
.0016654431903209853
3853535630800539e-21
.01623541612103033
.03857320316769297
.35341331518052055
.35688738466236597
.019282656366028668
.038487433900442666
.013695028954355187
.024668338840716942
.0033638052532886167
.2629704819029931
.0542289510255429
.06420211917365104
.2693376381359011
.0006968653170266426
.35688738466236597
.018769884530736025
.0008969457278881159
.024157900656108636
.024921348611883797
.00966768766875052
.09653045354908998
.2274712293045363
.007220571295025731
.021721825854853237
.31403382689650944
.11346361418752986
.01359754072153372
.06792078527889198
.00026790612131394375
.021675933993566716
.17263796047120014
.00013011305599195893
.012639069852259887
.028976123541472998
.00038745197553478677
.0034387793301701645
.007385043887660352
.006141843753159078
.02116421312503232
.08505138775349422
.02298430549512772
.3562382875599769
.0068971976143934475
.0068199400049746405
.030845372471917425
.00023009795774032047
.011602842848816129
.06862717078465935
.2965400645791287
.28231891337672643
.06076589102583584
.03989863337634717
.059973299327843024
.35606134541337836
.3108506903861304
.010130020071462038
.008326703530903068
.351195219888975
.031814905335013334
.19314918241293352
.004324472436884354
.006161749582887186
.10572378778470144
.17058575969634762
.31935261424117467
.0005504942467889355
.02541072276849001
.1867796026350735
.20716051088570786
.1146999083451097
.356617652453574
.15347775419845724
.028373055128381435
.00856408301671024
.34288395347557754
.35688738466236597
.24000299859668936
.038195474508437376
.006918478830728731
.014026536841439431
.012447359401035396
.3565544989691805
.07543706401095464
.0018873079534770549
.0029638661669085043
.014461902681303436
.05170514831779766
.007509084943408585
.32331775248374994
.002674254723397277
.35688738466236597
.35688738466236597
.35688738466236597
.005148814612915462
.047175403293739065
.1205655951578772
.07294077428756304
.014294256243799323
.017413241942272558
.020964039622609794
.0006890505806639364
.0003281797952473055
.053503679832365626
.31018099840634794
.35688738466236597
.35688738466236597
.35688738466236597
.02455689291338691
.0005413171852212938
.2836009740472689
.20597773183884227
.0052257679539701755
.015061837399621877
.35688738466236597
.03688396478898034
.150723246848411
.01959208338534542
.01959208338534542
.01959208338534542
.01959208338534542
.01959208338534542
.01959208338534542
.01959208338534542
.01959208338534542
.01959208338534542
.01959208338534542
.01959208338534542
.01959208338534542
.01959208338534542
.01959208338534542
.01959208338534542
.01959208338534542
.01959208338534542
.01959208338534542
.01959208338534542
.01959208338534542
.01959208338534542
.01959208338534542
.01959208338534542
.01959208338534542
