4549758501186005e-20
35.61446507089816
1.241306929010255
.09823812385477418
.011976788837511215
2.044025331439402
4.316644429672462
2659.1896954181575
0
.2876919383997058
.17072631868634
0
13.773945027469095
.038277273416551565
17.360017672513028
0
.47470742549045253
0
0
0
.016030520286984627
0
0
0
19141097317562384e-96
.41488401796456986
.8339838745249382
74.1672611006217
12.033870468128617
47.840394520861224
34.4411672218453
0
.046860903352648545
0
1.1505666207174505
1.4286081842859015
17.816796655358136
34.38223847600487
196.03878841396988
41.37648831388199
.00039036967041410016
703.1697218473882
41.79876550721639
.16614283845047942
16.688515720426086
0
0
1.7709297670392794
29.752427624491638
.014690534524447595
2.971523820361196
7.676535697153943
2.877622396351475
70.20857622839485
0
1.4352921567941632
223.49289606239554
317.8537588840261
0
.022440388710486113
.011050859470772903
29.059032493900045
54.8334058705433
56.18453994287524
8.887106775600833
0
32.96538196704594
137.3178511960965
.020491849064506414
1326407536928851e-20
.333390659873636
36.46941757132115
9.32508248965988
10.948198734019504
95.90689644167763
134.04916788538694
2.847024783235144
7.8060970723658425
.5787167267983053
5.264645186938548
14.390477511187266
7.312443836571509
46.602626242440536
.5415171351372176
9.92234135852234
0
0
.4748446281446872
.03320789255554313
5.289429499234319
0
0
.5689665008273455
.15787082756969176
0
.00041160689932139065
.029703890846692164
.4440014835026862
.1154686686568113
.017629509615401356
0
138.07529585410578
0
0
0
0
0
6.552444975847676
.20841735644457438
.23816637312826414
0
3137660871497922e-20
1.482405381026224
0
0
0
0
.0012783374320421684
0
.03223964403216001
0
.11994774809976105
1.9591399897056123
1.1580384704775273
7.740417371817147
0
0
0
0
0
0
.23551110095275812
0
5.337798321406411
0
0
5.752342317482048
0
.16133911155880898
0
3.522647155587372
0
35.55453108481571
0
0
.2550840377626416
5610.163453530155
223.47993809772387
291.16744161957894
0
121.9171631111881
.16313208857241307
0
.13175636821971368
.4509319773478442
0
90.49603819798637
0
0
0
.40432160866088496
0
0
.8264388813352838
18453548479116757e-22
0
19073417682486713e-25
12474115377707023e-87
.354648898708377
.3399311145002904
.31586498052965556
.37422463964660574
.33235753103639126
.5128554218422833
.2559801630620184
.3905179026239449
.32977779174388
.33474678288257
.3612294397191316
.35513984496143847
.3401865587307075
.30147311663661364
.3347053733830973
.34894711737844636
.3538385920494696
.3265263700370467
.27195224879182883
.3432673520900797
.005718634394893241
.22392472415465628
.6173807887943736
.9999545034501018
.3782230252118623
.005750447378854178
.002014081439475674
.00440755861848991
.007371855229628154
.007628655831345964
.002919753781944162
.016749825991863407
.2619797770939378
.0014225815914954622
.008441290802437162
.4560770960623934
.010695506484258658
.0040537371335979
.04712990576036345
.003844206867272724
.00900343420527528
.0341588902890018
.06935601917927067
.03775845569245199
.016867998839348003
.12408312475771696
.02099418267037532
.04556293479356086
.0007317701023255797
.0015629015282943078
.010004564587913586
.0035743533317553187
.5205790894279126
.7592512092749089
.005928617841228043
.050038971667306774
.01479733595945848
.0004951465669830446
.012297880530371282
.00029928682059813557
.05284538270916634
.03909225786400548
.09676029294229638
.012278357272995815
.011164829702848314
.0016683082830715053
38535509304180314e-22
.0165140124682328
.04020455171561037
.8382195987757652
.9999545034501018
.019677575210656367
.040111301176707664
.013892459059289743
.02532033676512695
.0033755241510646725
.395085075234473
.05754107449074485
.06892723933120315
.41159204070784156
.0006973661870104274
.9999545034501018
.01914377005498955
.0008977757585897824
.024782675294395533
.025587064267594037
.009765447577762609
.10787844743152653
.3145327429556192
.0072748946055112345
.022224954016129103
.5580760690036612
.12968315041875214
.01379213981641418
.07324467646259226
.00026798009961785907
.022176901222562412
.21557351348332254
.0001301305016890049
.012806945827309991
.029882093166344898
.0003876067342621985
.003451027871718525
.007441884846884196
.006181081692543447
.021641410516330083
.09366847475384807
.023548772350516813
.9065666421034239
.0069467389944202936
.006868371876277794
.03187517324998631
.00023015252589086348
.011744087904806797
.07406933706700167
.492616872241637
.4478529549113102
.06497286217015343
.0416479259318377
.06406547615026706
.9000850855494382
.545060489341214
.010237432157799667
.008399071134239476
.804592318251283
.03291222156046257
.24985769361083837
.004343869743667671
.006201243507251426
.11958640910383415
.212291943744162
.5812305536794178
.0005508067356213623
.02610339343440729
.23890731982814165
.275021473907422
.1313170456894293
.9236107043444833
.18587221717404134
.029240844127068177
.008640664179751099
.7199266166160723
.9999545034501018
.34105421176608886
.03979401259331735
.0069683280648874055
.014233750146233692
.01261013173180702
.920346073034849
.0820953166107431
.0018909885147865943
.002972958430271706
.014682331781413375
.054702934249317686
.007567862816027418
.5998375304241108
.002681653583537109
.9999545034501018
.9999545034501018
.9999545034501018
.005176347299028656
.04965147739951471
.13915116222397242
.0791371360389871
.014509546867267265
.017734332631639982
.021432101307538642
.0006895402740729434
.00032829081576721335
.05672371796067757
.5423940025420202
.9999545034501018
.9999545034501018
.9999545034501018
.02520289555759065
.0005416193378628122
.4516504433811482
.27283627694282075
.005254133199112699
.01530116328844221
.9999545034501018
.03837132901176002
.18176562975716776
.01999998180097428
.01999998180097428
.01999998180097428
.01999998180097428
.01999998180097428
.01999998180097428
.01999998180097428
.01999998180097428
.01999998180097428
.01999998180097428
.01999998180097428
.01999998180097428
.01999998180097428
.01999998180097428
.01999998180097428
.01999998180097428
.01999998180097428
.01999998180097428
.01999998180097428
.01999998180097428
.01999998180097428
.01999998180097428
.01999998180097428
.01999998180097428
