1.0471599608043993
.00035971386150840916
16863802238543232e-23
11884736699040553e-25
23451410375023744e-23
3023798574635468e-20
2.0202186579695556
2.0325275992267517
0
.0071374013355799395
.036090403605938466
0
16.86569124822635
39.42747519658594
11.198066658536698
0
2.695483259019608
0
0
0
.015340284840882722
0
0
0
0
1.5515903078254385
20.990058896880328
43.025389513154
12.960482931763853
32.22795272302107
2.4901087113325384
0
10036508766166474e-21
0
1.6530389499151694
.0017040396079073576
4185239334975487e-20
.011883356108373287
.010221781524750414
36012332795613207e-22
.0009929192319799165
29.771279437363486
29.749744351918203
6958111006328579e-21
6314353234940298e-21
0
0
1.1203402314300561
3.0895871211547603
.5191721193030364
1.2539384681764587
2.676438076938428
.000298721316633543
2.676197690108308
0
5.195563177096479
5.1454210547507815
1.1310984950226621
0
.22350020299303028
.7856817583573771
13.329555443970774
.196153986951187
21.737426343394525
8.607790649527642
0
4.7282157962763645
5.087621056341568
12.603421209542981
.3881120286180498
11.362339335837861
37.542755272334276
1.4830135729261185
10.576394236001528
33.362700405154186
38.06457368488736
6.649940201498803
1.4337789917995811
1.4838458025103038
5.2200725873821465
11.636290766309447
11.10372770728136
.0027160265201056073
.7126013255837687
3732116171289246e-27
0
0
.009694571531595234
.030362492340196598
4.829970161811998
0
0
.5665791956074194
.0512037764304074
0
.00029115772370263623
.004911962159806415
.18463894272740827
.17864156123808694
3.030132746123401
0
.050076378737417604
0
0
0
0
0
4.440885692176099
.2209327338238193
.004204865523632886
0
.00021498618476305538
1.1203103112771846
0
0
0
0
.0019112691261965631
0
.025606700749328342
0
.0004163227314569032
.02791007227050758
.16729578534836279
.06903545460775953
0
0
0
0
0
0
.1792954483123305
0
0
0
0
.013494380257309166
0
.05527368261167855
0
1.034184909188707
0
33.7277400898315
0
0
.23016236426635373
5506.944675559898
218.52048487859616
290.95728656368084
0
114.88658728368851
.09214230217587877
0
.04341785013185597
.015473152410968536
0
24.80067440888258
0
0
0
.18332363766392204
0
0
.6728173822196802
.00032239838139570115
0
.011415608543304149
.011075375766170441
.015444885191507184
.010172913979808984
.008448421290163906
.007316536994652623
.011160160385967175
.01879209849210478
.01555390824370328
.012704579852910817
.010144361880635153
.010919110845471985
.011602802845866862
.010813015496576397
.011177762527647864
.006809202117894581
.011109513666219428
.010689587674769343
.010537804215466523
.011224573454560953
.007734478772767747
.010079023188976752
.005684493154767319
.17712093083374056
.32343538125862226
.35093296166059523
.2545339873285851
.005715925798439617
.002009838270028405
.004387263637794173
.0073151696254944365
.007567960271926942
.002910840801440742
.016458612085445017
.19912668143276402
.001420464083144128
.008367007004812695
.2828981553457324
.010576391218002742
.0040365665917603145
.04486048002007808
.0038287637866200063
.00891895201765471
.03295867681296647
.06449766469306725
.03629470814120187
.016572679528065692
.10896445537854517
.020537696482376716
.04344018113906316
.00073120960038786
.0015603458740362738
.009900304543051188
.0035610003973616626
.3018176180552817
.3428462621148199
.0058919273227928705
.047484601748426475
.014569825549846508
.0004948899123360109
.012140532369092355
.0002991930425260687
.0500006019702604
.03752435907023299
.0874368801989311
.012121506705421246
.01103506325387892
.0016653964429756845
38535353809516894e-22
.01623090574332349
.03854711931557587
.34846388504156034
.35093296166059523
.019276273380977607
.03846146839112765
.013691828228444131
.024657831948815618
.0033636142166427255
.2612281951190162
.054176475477450595
.06412770653706891
.2674788661650235
.0006968571405897648
.35093296166059523
.01876383980787408
.0008969321794989129
.024147829618618603
.024910622164359065
.009666099355475695
.09635540279987531
.22627060597638504
.00721968754646892
.021713704783484018
.31109887932666996
.11321631317312855
.01359438572570793
.0678371345898439
.0002679049133858187
.021667847597946398
.17201292383918138
.00013011277111560994
.012636346705571934
.028961558906441212
.00038744944877084226
.0034385796673870794
.0073841192621517966
.006141205052045762
.021156508243983244
.08491745357638211
.0229752006832879
.35084557785008647
.006896391521124699
.006819151932273488
.03082883444717428
.00023009706672625578
.011600550409146936
.06854169908977484
.2940923504301223
.28019954764196814
.060699499495325014
.039870684976047316
.05990868838065973
.35070956110335416
.3080129394326287
.010128275370385995
.008325526925799642
.3464728404710054
.03179729266778184
.19233890287082156
.0043241563903525125
.006161106721735211
.1055112789702513
.1699775379003365
.3162447258064444
.0005504891451829726
.02539956503398424
.18603031607816475
.20620412869991972
.11444676648228112
.3511184877354042
.1529985268903451
.028359099588447914
.00856283806219832
.3387555816429867
.35093296166059523
.238629721304079
.038169909735784414
.006917667737510097
.014023178112471045
.012444718768818242
.3510755929444774
.07533293739255129
.001887247907809705
.0029637179173157367
.014458330578052505
.051657581671287624
.007508128873488336
.3200710522622743
.002674134066379146
.35093296166059523
.35093296166059523
.35093296166059523
.005148366209678944
.04713600982043248
.12028365199151969
.07284371881013621
.014290767094318091
.017408046925792307
.02095648141643296
.0006890425866459571
.0003281779825459228
.05345264118884899
.30736315092046534
.35093296166059523
.35093296166059523
.35093296166059523
.02454648199207213
.0005413122523373853
.2814539996399522
.20503434846031074
.00522530601032837
.01505796032918433
.35093296166059523
.03686016013343839
.1502630023942751
.019585491730873452
.019585491730873452
.019585491730873452
.019585491730873452
.019585491730873452
.019585491730873452
.019585491730873452
.019585491730873452
.019585491730873452
.019585491730873452
.019585491730873452
.019585491730873452
.019585491730873452
.019585491730873452
.019585491730873452
.019585491730873452
.019585491730873452
.019585491730873452
.019585491730873452
.019585491730873452
.019585491730873452
.019585491730873452
.019585491730873452
.019585491730873452
