1.0639850310508616
2176966550350274e-20
10158125830860287e-24
6712123019361647e-26
13845422370759294e-24
1806028029776296e-21
1.4042050469466842
1.4153034193276122
0
.0061369905384036
.03187450792221526
0
16.861263525362006
37.96145734515914
12.898569186504606
0
2.6157509639202927
0
0
0
.015329440080264758
0
0
0
0
1.8509972129429904
20.191145797976336
37.74360783991233
11.805960667920221
29.488727537100022
2.3183484328574053
0
826850845288974e-20
0
1.6380149779538145
.0013890133683146528
22951325523245188e-21
.009816635150800774
.008451205973009104
2314052212334914e-21
.000672117754646188
27.22537387778159
27.381277240409467
786030002005148e-20
6745888089915241e-21
0
0
.8910499208965112
3.3878876614315567
.5188696270950859
1.2132771908407112
2.6348988853434374
.00029598124972283877
2.634660633463903
0
5.527890685732896
5.4751308597091874
.9080488640842052
0
.2504144509088561
.8684478471989956
13.89982253786335
.20373672494404732
22.32360070129627
8.634396214924271
0
5.056723245689656
5.84248829233759
12.492406912744642
.4382149852811996
11.323785017443063
37.52839742035374
1.4775538310468805
10.305772085724518
33.387627855245995
35.396097294382436
7.34521948634649
1.4350027396214367
1.4783855146439002
5.2216751872600655
11.679867211197745
11.107049595883066
.0021010449588446632
.7136571956959481
15129127211361245e-28
0
0
.01125599105346237
.030382037001119227
4.770328768326278
0
0
.5495331549456565
.05052363895672725
0
.00029229602396922964
.0046857423406151824
.18278277763144396
.1784864106069904
3.0011390261494784
0
.052532123088871216
0
0
0
0
0
4.433661838036051
.22079564444716537
.0048723911657337395
0
.0002078112448601617
1.0442698565990804
0
0
0
0
.0015420310584616703
0
.02632164606501567
0
.00047353968768897514
.03071173507165589
.17955503550687116
.07775758336607654
0
0
0
0
0
0
.17884249820882736
0
0
0
0
.015423266404039586
0
.054343377940856495
0
1.0165639929146377
0
33.69890378460813
0
0
.2244710132395081
5505.301749536117
218.44170126111086
290.95391102370564
0
114.77699378298767
.09131170702431865
0
.042673362669083274
.01442638137915101
0
23.98134032054803
0
0
0
.1827703041604047
0
0
.6706018940497257
.0003063937863557364
0
.011393222954398104
.011055436020434944
.015497545199732064
.01016539253231816
.008430138610822709
.007212251090901022
.011170529354331089
.018818753493579223
.015611577502903238
.012701659483599699
.010151126555387573
.01092945796272281
.011612556032169373
.010824766107925628
.011188720585786582
.0068013167365861184
.011120740367171792
.01068532549430836
.010533428903875916
.011238025602616745
.007739183368111884
.010082487804276322
.00568394623932496
.17645486772489083
.32009299990911105
.3450778841966733
.2529193426383625
.00571537279961712
.0020097701636626665
.004386938301361881
.007314262366467931
.007566988966016768
.002910697809697764
.016453974418763645
.19825088639660096
.0014204300846909642
.008365818761968945
.28073559108667334
.01057448813870877
.0040362912894470375
.04482492129952221
.0038285161537784814
.00891760104613709
.03293974002623966
.06442244474397914
.03627165780734433
.01656797677810904
.10873720550586809
.020530443254809013
.04340689260662085
.000731200597729416
.0015603048438300607
.009898638189010689
.003560786249668168
.2991855453789871
.33849429388149493
.005891339635661667
.04744464075786776
.014566198604567666
.0004948857894867111
.012138020597176544
.0002991915359367592
.04995616472248797
.037499686245152285
.0872946482513509
.012119002850607902
.011032990521429366
.0016653496969425358
3853535131102855e-21
.01622639661864933
.03852105310180057
.34358376996623413
.3450778841966733
.019269892508835543
.03843552039941789
.013688628250588912
.02464732953207487
.003363423190846155
.25949745169697647
.0541240507081969
.06405338014749182
.2656329220838076
.0006968489642488224
.3450778841966733
.018757797031676987
.0008969186313143588
.02413776277958097
.024899900333626084
.009664511303146316
.09618066949208805
.22507631969773625
.007218803906076889
.021705586748314458
.30819136166312794
.11296955116669577
.013591231461926184
.06775358692430722
.0002679037054631399
.021659764219026267
.17139015015558082
.0001301124862398847
.012633624145598666
.028947001592215926
.00038744692202337606
.0034383800161968364
.007383194752408611
.006140566417352096
.021148806167914046
.08478373031133554
.022966099478152608
.34553450262407365
.006895585522066149
.006818363950637446
.030812305289442322
.0002300961757156414
.011598258422408093
.06845633384559434
.29166484031398077
.2780960919695934
.06063318050279985
.03984275615318693
.05984414704069415
.3454382168806497
.30520109426541214
.010126530969801149
.008324350486956438
.3418139609886573
.0317796897508873
.19153202253002471
.00432384036691838
.0061604639276535466
.10529919730656309
.16937148471301428
.3131670828482229
.0005504840436242878
.025388412198789696
.18528403536531463
.20525216177123168
.11419418330170558
.34570412202806816
.15252079594773313
.028345150912671042
.008561593288664534
.3346769160092059
.3450778841966733
.23726430179088154
.03814436207399628
.0069168567393806035
.014019820187768206
.012442078696795287
.34568087719846885
.07522895450127778
.0018871878640527382
.0029635696751382644
.014454759357114362
.05161005878416977
.007507172925296592
.3168569548408449
.0026740134148048184
.3450778841966733
.3450778841966733
.3450778841966733
.005147917845493251
.04709664924235588
.12000236815048339
.07274679247537089
.014287278796519094
.017402853459178323
.02094892593523097
.0006890345927207205
.0003281761698545525
.053401651232509464
.304570902248007
.3450778841966733
.3450778841966733
.3450778841966733
.0245360754844787
.000541307319498429
.2793232787012462
.20409528580237787
.005224844107521124
.015054084256744224
.3450778841966733
.03683637084125634
.14980416333025093
.019578902294129324
.019578902294129324
.019578902294129324
.019578902294129324
.019578902294129324
.019578902294129324
.019578902294129324
.019578902294129324
.019578902294129324
.019578902294129324
.019578902294129324
.019578902294129324
.019578902294129324
.019578902294129324
.019578902294129324
.019578902294129324
.019578902294129324
.019578902294129324
.019578902294129324
.019578902294129324
.019578902294129324
.019578902294129324
.019578902294129324
.019578902294129324
