1.0792251800656123
12145288006446694e-21
5660120528232469e-24
35193042906457326e-27
7559198019346216e-24
9953279880098712e-22
.9058080500960086
.9153959513451368
0
.005335049781110267
.02832614395328698
0
16.857221274324292
35.35144449742605
15.616592686370897
0
2.5100936805659595
0
0
0
.015319623517454875
0
0
0
0
2.300418591919909
19.554184828821388
30.26077673878742
10.016536405736595
25.542831546742825
2.0428913119964047
0
6667594194327084e-21
0
1.6230127613681307
.0010939536989121755
1123702493377532e-20
.007934812068651802
.006852711553501346
14015275411767416e-22
.00041032420460559077
23.58227296022659
23.510600628048685
9281272413329144e-21
7415185252594145e-21
0
0
.6229421024381475
3.789781427658583
.5185877183476246
1.1633760099714894
2.5975996620227524
.00029348443952833164
2.5973634829950036
0
5.967859012093409
5.911354933765024
.6437755184335401
0
.2907361041486495
.9554033463770677
14.776575242873923
.21831832508999333
23.218843149577896
8.672827780475036
0
5.597657254257972
7.045867126587657
12.371226654317095
.5207379809631826
11.276073059086027
37.51539835438512
1.4725675051122737
9.921394915185775
33.40859614598442
30.936724004543763
8.070377680068926
1.4360220687663647
1.4733968354324085
5.22411826931617
11.75086663206906
11.110302297825505
.0015527810224661546
.7146200665088522
6646755327374965e-28
0
0
.013755980264826056
.030424758018177702
4.72452146402201
0
0
.5249933723749264
.04996408907018012
0
.00029435913127940445
.0044964816225124705
.1811354691170431
.1783364534812631
2.969099170609578
0
.05601141002040042
0
0
0
0
0
4.434872073771646
.22067084581008717
.005953991892726192
0
.0001958838526974931
.9256569954863457
0
0
0
0
.0011227606376834124
0
.02722554877074606
0
.0005615691395696045
.03474206501234581
.18867990333935952
.09112005622126208
0
0
0
0
0
0
.17841462623083912
0
6515735267701785e-27
0
0
.018575722234749636
0
.053514264440269854
0
1.0004857567159449
0
33.6727843284324
0
0
.2163198259852426
5503.814010173017
218.37036357541427
290.9508534933203
0
114.67781422626491
.09057011616970366
0
.04201072817460387
.01353572034779596
0
23.320286742547996
0
0
0
.18230440961873334
0
0
.6686015334033257
.0002927861874719019
0
.011364938959821777
.01103071950548142
.015546891494793559
.010158316131180005
.00841522431281144
.007127287246376314
.011181600806817724
.018845691323987963
.01566555331241496
.01270068334441759
.010158779407839418
.010940430309870106
.011623081253291357
.01083275037253199
.011200285910417372
.00679511102722351
.011132417029930654
.01068292837713772
.010530905197984382
.011251869931038331
.007744650214722585
.010087068028030671
.005683450888722906
.17585370992570862
.31709529339911796
.33985871735186146
.25146563992841653
.005714871939449849
.0020097084749070436
.0043866436324374895
.007313440668343366
.00756610926470166
.002910568293836645
.01644977474812612
.19746091641310287
.0014203992895936827
.008364742597227671
.27879101256731614
.010572764625009343
.004036041936811824
.044792736538322574
.003828291861769104
.00891637751273377
.032922596475787866
.06435438623359954
.03625079145011229
.016563718178936964
.10853177166700663
.020523875492145644
.043376761871674566
.0007311924432168618
.0015602676795995832
.009897129047567668
.0035605922857981543
.29682123144000255
.33459998171602007
.005890807359240736
.047408473119283895
.014562914096761815
.0004948820550393668
.012135745882661753
.0002991901712746763
.04991594755117012
.0374773516023714
.0871660142607554
.012116735305281132
.011031113376371318
.001665307355517174
38535349047897905e-22
.01622231333466382
.03849745753909662
.33922237814336575
.33985871735186146
.019264114537847942
.03841203181814269
.013685730356102732
.0246378203038329
.0033632501690391767
.2579396438162635
.05407660813901138
.0639861296615029
.26397186409073786
.0006968415582018141
.33985871735186146
.018752325164573255
.0008969063595451164
.024128647858925725
.024890192482364258
.009663073070505764
.09602266957199414
.2239999769328067
.007218003597939482
.02169823605157866
.30558119348310936
.11274649839102653
.013588374961432587
.06767799826425726
.0002679026113314506
.021652444897099422
.17082798812259484
.00013011222819998456
.01263115855702188
.02893382189243857
.0003874446333096862
.0034381991821497864
.007382357431371289
.006139987999355414
.02114183204746187
.08466278554308322
.022957858718217643
.34079315873563526
.006894855529407537
.006817650275446319
.03079734082745944
.00023009536864118454
.01159618273163359
.06837910177614112
.28948330098600367
.27620441446189614
.060573171301799136
.03981747511134422
.059785745511333505
.34073185275976553
.30267628732382357
.010124951151033183
.00832328501211099
.337648042877518
.03176375343972325
.1908040723516383
.004323554132819576
.006159881742644655
.10510746170245168
.168824387063187
.3104052136275894
.0005504794226731214
.025378314187392455
.18461063865112046
.2043936640331158
.1139658746392985
.3408718889363257
.15208935491062972
.02833252212371666
.008560465928956009
.3310248633389606
.33985871735186146
.23603424950854315
.038121235760806345
.006916122219321948
.014016779273525655
.012439687802921302
.3408659292838787
.07513489068629692
.0018871334780651739
.0029634354037706176
.014451525306481243
.05156705028861665
.00750630713245801
.3139734922191167
.002673904133304569
.33985871735186146
.33985871735186146
.33985871735186146
.005147511750906942
.04706102479995205
.11974814903970489
.0726591079232425
.014284119831237355
.017398150554360496
.020942084531389942
.0006890273519031066
.0003281745279273098
.053355506513755833
.3020635841475525
.33985871735186146
.33985871735186146
.33985871735186146
.02452665307774328
.0005413028513715887
.27740719770354383
.2032483956522246
.005224425751190531
.015050574171432763
.33985871735186146
.03681483575224513
.1493897563514488
.01957293549575433
.01957293549575433
.01957293549575433
.01957293549575433
.01957293549575433
.01957293549575433
.01957293549575433
.01957293549575433
.01957293549575433
.01957293549575433
.01957293549575433
.01957293549575433
.01957293549575433
.01957293549575433
.01957293549575433
.01957293549575433
.01957293549575433
.01957293549575433
.01957293549575433
.01957293549575433
.01957293549575433
.01957293549575433
.01957293549575433
.01957293549575433
