1.1395009964610991
2785062124308482e-24
13252278328786443e-28
6319210125820627e-30
16000380478133876e-28
21712223043657347e-26
.07163226217135527
.07512473312686746
0
.0029887457488643105
.016972762669608538
0
16.840257660386325
1.7426108643802494
20.263662700960886
0
1.6492484070923885
0
0
0
.015280859953219195
0
0
0
0
6.4095310167425685
17.323134683600028
3.618214912760289
1.5668360599287368
5.116777916529111
.4279349479446846
0
30446446926569392e-22
0
1.5400073144762352
976933659919335e-19
79473346848362e-21
.003654300176986644
.0035635113758778376
54503783790880926e-24
19288578261321655e-22
4.737988112653275
4.48281977064332
21542995127411238e-21
14640988311876606e-21
0
0
.046651382796138126
3.5577231499843665
.5139566682475967
.7816770620015565
2.4526395819062996
.00028337633667551196
2.452411982278492
0
7.749453432755686
7.678064391243542
.04952098917589356
0
.5437693136662548
1.1048138130395824
21.162454003818453
.4622929817698282
29.564077454756468
8.969107851826926
0
11.495086634183078
17.327572905147754
11.288358231745015
1.1726843078445637
10.842906249351692
37.46402414182456
1.452275527215692
6.562007023148465
33.47308399399451
12.737321072478606
9.412085468885488
1.4390272573509526
1.4530854798010508
5.243089652041816
12.355333202865012
11.129358946546093
.0001061851698247968
.7184570614137388
24870261417893936e-30
0
0
.03723146823872625
.030838752595789838
4.60081387872575
0
0
.32256559368612725
.048804138881203496
0
.00031337825356749036
.0038729160587749924
.17491645648043974
.1776608081289282
2.672457989646368
0
.06925419735043604
0
0
0
0
0
4.514982498240191
.22017137808284898
.016343071942391135
0
.0001464246811168363
.3485651399364062
0
0
0
0
.00022442753315632567
0
.030158412557361656
0
.0009148185145858399
.03555928342637102
.10066079271331453
.13568184969314875
0
0
0
0
0
0
.17632136075974478
0
0
0
0
.04724010009799828
0
.050357467927814044
0
.9332471113746436
0
33.56935404290309
0
0
.14412359880604378
5497.933839228585
218.08844643181897
290.93876106943526
0
114.28639145616899
.08773445745678503
0
.039495095143697215
.010481733051275336
0
20.909462196521194
0
0
0
.18071586745811563
0
0
.6607494890095371
.00024741514790663547
0
.011208359563696016
.010899349366851436
.015674044162285475
.01008621127602475
.008335096618644268
.006915735374980162
.011182621574496008
.01887972362185434
.015814365300429654
.012646156126558686
.010150880905498488
.01094159071577223
.011619766159716613
.010749179475628092
.011202798399752184
.006743994906985117
.011133100449373656
.010631441372592282
.010479560070098995
.011263279882717745
.007737142159596368
.010066011439596735
.005681492166681812
.17349609166938942
.30551172651723074
.31997861926170307
.2457975588718766
.0057128914337904345
.00200946451027482
.004385478390916689
.007310191701325381
.007562630988724655
.002910056106345881
.01643317526857352
.19436725568731644
.00142027749945059
.008360487649489233
.27123116171001527
.010565950764340696
.0040350558812714075
.044665669919441674
.003827404900506345
.008911540000413328
.0328548799624909
.06408591403844319
.03616838115934575
.016546885855499724
.1077230630322672
.02049792012952474
.043257797587881765
.0007311601924612766
.0015601207012372208
.00989116254565984
.0035598252491460835
.28765187179315155
.3196317867332659
.0058887026413146125
.0472656976319948
.014549930902612009
.0004948672853245867
.01212675340983386
.0002991847740051651
.04975720293109194
.03738914685642128
.08665911283051317
.01210777116730499
.011023692270147122
.0016651399028748933
3853534009706496e-21
.016206173737464573
.03840427703677495
.3225085275792981
.31997861926170307
.019241279244569826
.03831927346635187
.013674274998307784
.024600246601249792
.003362565943343615
.25186950481438114
.053889376721461706
.06372084060864705
.25750342248272673
.0006968122675580624
.31997861926170307
.018730699197867014
.0008968578255160008
.024092631448282234
.024851834349197972
.009657386860439585
.09540030843877378
.21979316822515088
.0072148391946339815
.021669187935132853
.2954726185212988
.11186861670887399
.013577083191050285
.06737986544399782
.00026789828401067113
.021623520713586867
.16862260913800473
.00013011120763980466
.01262141170219155
.028881754065751428
.0003874355814252825
.003437484064494659
.007379046700630268
.006137700851035197
.021114271459227903
.08418612903786277
.022925294921905787
.32266977211121517
.006891969116419171
.006814828373866993
.03073822655279338
.00023009217663505746
.011587976874135422
.06807449658650376
.28101388009928446
.2688479481263026
.060336412268297064
.039717643974996095
.059555321460884894
.32273779967852223
.29289350977392814
.010118705276026442
.008319072323442861
.3216631325973893
.03170080252322961
.18795198939913385
.004322422243329278
.006157579700766351
.10435254934332895
.1666778405876266
.29971844345031395
.0005504611468799412
.025338415212269913
.18197120512590043
.20103328848055954
.11306736243999276
.32241288844986254
.1503949020499059
.02828262952197143
.008556008599747738
.31696707453888057
.31997861926170307
.23123147833523072
.03802990694186728
.006913217907224626
.01400475871446419
.01243023615762856
.3224707058458191
.0747640130210222
.0018869183931767375
.0029629044110711174
.014438741506883427
.0513972996965949
.007502883841743322
.30282403043987544
.0026734719613673874
.31997861926170307
.31997861926170307
.31997861926170307
.005145905933330323
.046920391578834236
.11874796148125998
.07231334401436686
.014271632753230627
.017379562698886547
.020915048203953585
.0006889987147270764
.00032816803407491026
.053173391426366054
.29234759574964414
.31997861926170307
.31997861926170307
.31997861926170307
.024489422266902927
.0005412851799902168
.269956894425002
.1999331821445344
.005222771451924874
.015036699565269988
.31997861926170307
.03672978631735596
.14776195146057555
.019549354219091923
.019549354219091923
.019549354219091923
.019549354219091923
.019549354219091923
.019549354219091923
.019549354219091923
.019549354219091923
.019549354219091923
.019549354219091923
.019549354219091923
.019549354219091923
.019549354219091923
.019549354219091923
.019549354219091923
.019549354219091923
.019549354219091923
.019549354219091923
.019549354219091923
.019549354219091923
.019549354219091923
.019549354219091923
.019549354219091923
.019549354219091923
