1.2223464856302013
3359076317625495e-32
15943873223096217e-36
544580260743546e-37
17455033217007317e-36
24359496380303113e-34
.0017232697471987449
.0030746163150932497
0
.0012853344873153198
.007687655740045712
0
16.81573441809622
.9559314906487814
15.811139644158576
0
1.1174656873708981
0
0
0
.015227741904540912
0
0
0
0
.4838345037736719
.9901448840852795
.09004242709732238
.0473335521979141
.14723466689410702
.012452421363123975
0
22370163407770345e-22
0
1.3958017662441005
56245029499651285e-21
183526099889269e-23
.002709561136168145
.002654932144004611
22643241351624473e-24
4441045670156727e-23
.13647498602137823
.13664520275251935
1810015856970188e-20
26528054515154178e-21
0
0
.002930134612043959
.3882113465483428
.5038143753661539
.5273285511999638
2.265997933251534
.000270369317287389
2.2657757488089754
0
7.874519360667564
7.809543356160978
.00297295445274237
0
.571000428932675
1.080983550439043
18.06884819639474
.5561572718491736
27.382411393537396
9.145874308366148
0
8.086561936239722
17.5134301491989
.24393875348549074
.2720361514430781
1.0385067880747583
37.39329151132689
1.426159664417623
4.5272790827888105
33.57686048748501
9.995666466420396
9.48858235779971
1.4440381251753607
1.4271185183226933
5.252291736952612
12.653217728655603
11.170670461035137
5545990009567956e-20
.7221695005063677
2451431202233307e-31
0
0
.04218340370073689
.031029128162952325
4.400059245066302
0
0
.21442562841989343
.048350944712658404
0
.0003219634567566305
.0029987858317758083
.16706940367768378
.1765356135568893
.04847007954985841
0
.06542142368442723
0
0
0
0
0
4.493060623281043
.2194698634367772
.01858739411540885
0
6545699473125686e-22
.2448238752170298
0
0
0
0
.00016546660185639894
0
.029837677176654538
0
.0001338942527948171
.0035571178823153625
.009452369433076174
.018477390856129643
0
0
0
0
0
0
.1735086750081251
0
41896213470152085e-34
0
0
.04994777877068507
0
.04632121527314189
0
.8414039016787526
0
33.427142258054126
0
0
.10024861649340372
5489.86214725304
217.70156204588457
290.92214157922706
0
113.75058350664237
.08391420030450157
0
.03629528390713532
.0073206862419324704
0
4.395124441560966
0
0
0
.1789568892158775
0
0
.6501107448248508
.00018551659809489549
0
.010919611324014788
.01064368948385011
.015198002968382201
.009666679310435779
.00796050757465174
.006539108231886257
.010771238393433734
.01822643730944567
.015415643439790424
.012102203421459366
.009769663096361085
.010538583425379826
.011185710015344253
.010157068958343772
.010791911867099059
.006427571928133682
.010713093267866895
.010168498650015645
.010023346986313832
.010861898089040378
.0074424521280278535
.009666001668144434
.005678801122354703
.17030717706189946
.29027812421448884
.2945381952679113
.2382150066090742
.005710170467632488
.002009129243866473
.004383877341495562
.007305728546367049
.007557852916397522
.002909352282475539
.016410387610447667
.19019413972758836
.0014201101232540984
.008354643010945354
.26117397035651074
.010556592687188126
.0040337010002474425
.04449161245848231
.00382618616083767
.008904895412654925
.03276203489919444
.06371874176410565
.03605541878275841
.01652377874619025
.10662136539219298
.02046229959553862
.04309482053691014
.0007311158680560133
.0015599187108986618
.009882967816037057
.0035587712729618255
.27550955755875706
.3001453796636432
.005885811059961991
.04707016266689374
.014532105167368978
.0004948469859580443
.012114404668043114
.0002991773559412843
.04953984144702913
.03726825337586664
.08596721389700858
.012095461318611691
.01101350055127864
.0016649097767513367
3853532779468612e-21
.01618401702899002
.038276573945033185
.30087178694621025
.2945381952679113
.01920993766838331
.038192148080159895
.01365854594155679
.02454869728849049
.003361625743358839
.24375887285403985
.05363309573013531
.06335801058473549
.24887078566725782
.0006967720113365615
.2945381952679113
.018701016295843424
.0008967911226936585
.024043216764124277
.024799209839777323
.00964957696578001
.09455148726816308
.21413977753589067
.007210492175960799
.021629326488632677
.28212236976821503
.11067316409115072
.013561578640662616
.06697224164463468
.000267892336482236
.021583829198298692
.16563783159327458
.00013010980495419946
.012608027507264696
.028810342824936257
.00038742314049895423
.0034365014209311534
.007374498722705766
.0061345586931845575
.021076449702726503
.08353536922705261
.02288061329597378
.2993224343763226
.006888003886771828
.006810951745470929
.03065716264061835
.0002300877894866198
.01157670789028392
.0676580479732502
.2697760210410746
.2590555760551493
.060012510505108106
.03958084037435667
.059240065901695935
.2995463564507518
.27996152202734503
.010110126982607324
.008313285714896047
.30092032888013104
.031614483796538626
.18410140805317604
.004320867012726761
.0061544170862299664
.10332380712600105
.16377200566580558
.28562789841596653
.0005504360288900218
.025283678804433628
.17840492959958426
.1965046185375961
.1118439592637937
.2986620870053436
.1480967401689057
.028214198471444334
.008549886055353494
.29861444998333453
.2945381952679113
.22478941667284874
.03790473788988971
.006909228094717367
.013988253997490156
.01241725715601307
.29879645356921153
.0742572493899872
.0018866228119173885
.002962174748748752
.014421189392995772
.051164899145215555
.007498181281654356
.28814294371413796
.002672878080974681
.2945381952679113
.2945381952679113
.2945381952679113
.005143699650925587
.046727785166503166
.11738688126093337
.07184079558229314
.014254487825112879
.017354047208726558
.020877945341726975
.000688959356590846
.0003281591088745197
.05292409905247511
.2795014513803785
.2945381952679113
.2945381952679113
.2945381952679113
.02443834295588502
.0005412608926793127
.2600423039204875
.1954646776341142
.005220498571680562
.015017650621169762
.2945381952679113
.036613211495034714
.14555353480164762
.01951698952292273
.01951698952292273
.01951698952292273
.01951698952292273
.01951698952292273
.01951698952292273
.01951698952292273
.01951698952292273
.01951698952292273
.01951698952292273
.01951698952292273
.01951698952292273
.01951698952292273
.01951698952292273
.01951698952292273
.01951698952292273
.01951698952292273
.01951698952292273
.01951698952292273
.01951698952292273
.01951698952292273
.01951698952292273
.01951698952292273
.01951698952292273
