1.2238561247665671
23260453910011214e-33
11009378832858554e-36
37485625620199195e-39
1206636510754812e-35
16844419637365923e-34
.001624503984999654
.002956149620562859
0
.0012652710756117227
.00757250623321366
0
16.815287038942103
1.0158300445183914
15.732975449848672
0
1.177074365705001
0
0
0
.015226775685836894
0
0
0
0
.4215166027603453
.8880729387245837
.08484423063755991
.045106469082121264
.1374444529534604
.011624946863003825
0
22238214790698903e-22
0
1.3931766259597984
57240776752359936e-21
17803257728252196e-25
.002693964029789762
.0026383056401273505
22712303389706713e-24
4538076195362831e-23
.12740320025768187
.1275626802171648
16603583242625996e-21
2612071684665047e-20
0
0
.0029503769551777158
.3717926015236584
.5036046238675799
.5530176509333755
2.2628822255372487
.00027018322002246586
2.262660280741125
0
7.812790965684084
7.748246493960204
.002967136668022232
0
.5577158855599181
1.079701262507656
17.07209487529987
.44341157616836135
26.087643123423227
9.130102714426135
0
7.233692578711881
16.73486606708985
.2178935414442144
.2511655656355088
.9363961660700764
37.391997764646455
1.4258029429713241
4.774206673250254
33.580889678105386
9.978401654798443
9.48364413822904
1.444249751944868
1.4267561836779996
5.251235020760626
12.61463130013334
11.171331006358333
5635384578936247e-20
.7221829414628549
22513023548180402e-32
0
0
.040296052040805365
.031001156650726627
4.392434955854204
0
0
.22742258270090746
.048344767796659895
0
.0003206223516227389
.002976662608571833
.16693338857169543
.17651313112209868
.043275489258320414
0
.06480842337950497
0
0
0
0
0
4.482681427529897
.2194569247702905
.017727599794254915
0
514346910278103e-21
.2467307312919012
0
0
0
0
.00016938376273221433
0
.02973383732050152
0
.00012559429350429588
.003359832183292286
.009250340925637429
.017377756439574423
0
0
0
0
0
0
.17358974754494588
0
15053990657888725e-34
0
0
.04769441762736797
0
.046250762142622893
0
.83981896603293
0
33.424571089799706
0
0
.10568624600339331
5489.715172082692
217.6945184757634
290.9218387419401
0
113.74084316938989
.0838413036040555
0
.03623960467809412
.0072733514423232075
0
4.2771539548937305
0
0
0
.17892780475488032
0
0
.649918513859916
.00018399017278912134
0
.010913190531653913
.010637567160373307
.01516055528037822
.009642464737337982
.007939348920501858
.00652071067196095
.010744330565740855
.01818163434441663
.01538030194385045
.012070488899963988
.009745086873749637
.010512244002594798
.011157643760382783
.010128169328853104
.010764970366316483
.006410295235310683
.010686206907736183
.010141770257736207
.009997011741482407
.010834991402842721
.007423678520706573
.00964131960019461
.005678752097041604
.1702496146259061
.29000769700379925
.29409388434052863
.23807902702217348
.005710120897271467
.0020091231350450743
.004383848172042933
.007305647242499622
.0075577658767238855
.0029093394587330693
.01640997265915196
.19011893288718235
.0014201070734501965
.00835453654583584
.2609942071488059
.010556422237986321
.004033676315358175
.04448844702388625
.003826163956142851
.008904774378653673
.03276034548069544
.06371207057686602
.03605336361971264
.016523357979953822
.10660139475676099
.02046165108044336
.04309185641626133
.0007311150603863101
.0015599150304035278
.00988281855184397
.003558752069938814
.275293118231499
.29980153964203593
.005885758381741821
.04706660707582466
.01453178054334714
.0004948466160636964
.012114179761700051
.0002991772207684668
.049535889432553964
.03726605404333647
.08595465725925795
.0120952371204399
.011013314921696203
.001664905583608643
38535327570507955e-22
.016183613562942567
.038274250838944535
.3004912873291428
.29409388434052863
.01920936702521667
.038189835474279836
.013658259489160371
.02454775894191308
.0033616086131488493
.24361352704970163
.0536284370139534
.06335141817291369
.2487161935858361
.0006967712777953563
.29409388434052863
.01870047584036121
.000896789907257801
.024042317253555785
.0247982519322913
.009649434709789068
.09453609002508627
.21403812002656708
.007210412987387082
.02162860080025623
.281884777578797
.11065149907207228
.013561296275707103
.06696483670566636
.00026789222810554226
.02158310660210079
.16558393495526644
.00013010977939411787
.01260778374755668
.02880904318399986
.0003874229137998011
.0034364835174667285
.007374415873890208
.006134501450624104
.02107576113050388
.08352355764323006
.022879799900363457
.2989130484585074
.0068879316521553435
.006810881124670617
.030655687451029628
.00023008770954326073
.011576502644664526
.06765048298513371
.2695754657947793
.2588804851543451
.06000662441475104
.039578351868280216
.059234336714643274
.2991395915235377
.2797312462307109
.010109970733465938
.008313180306665034
.3005550263208859
.03161291304931647
.18403197823709058
.00432083867796916
.006154359471046886
.10330515542122841
.1637195272240555
.2853773779765495
.0005504355711919616
.025282682476426694
.17834059629536256
.1964230490387628
.11182178923128192
.2982459295305162
.1480551897059718
.028212953034452072
.008549774528888244
.29829007269938734
.29409388434052863
.2246737076134108
.03790246084224259
.0069091554123409385
.013987953423353025
.01241702077392742
.2983815795353041
.07424804690544208
.0018866174261630989
.002962161454256894
.014420869750334877
.0511606740252996
.007498095617328451
.28788213025641124
.0026728672603048807
.29409388434052863
.29409388434052863
.29409388434052863
.005143659456061922
.04672428277070689
.1173622244626121
.07183221335069688
.014254175595462036
.01735358260433827
.020877269851525534
.000688958639414143
.00032815894623868544
.05291956722013049
.2792726782508537
.29409388434052863
.29409388434052863
.29409388434052863
.02443741316009138
.0005412604501176495
.2598650562791541
.19538418437688515
.005220457163648843
.015017303728694932
.29409388434052863
.03661109066438321
.14551359998676852
.019516400259594367
.019516400259594367
.019516400259594367
.019516400259594367
.019516400259594367
.019516400259594367
.019516400259594367
.019516400259594367
.019516400259594367
.019516400259594367
.019516400259594367
.019516400259594367
.019516400259594367
.019516400259594367
.019516400259594367
.019516400259594367
.019516400259594367
.019516400259594367
.019516400259594367
.019516400259594367
.019516400259594367
.019516400259594367
.019516400259594367
.019516400259594367
