1.3165425977767182
0
0
0
0
0
.0006687485212938707
.001252551325700678
0
.0005358122288406876
.003290313483594799
0
16.788955185301457
.30255350313172125
16.762307941277093
0
1.2978735529136796
0
0
0
.015167570724034527
0
0
0
0
14.243222198144002
7.391263555961728
.035145638034831096
.01271024285604347
.05840595014708556
.004958624667277541
0
19022128264187283e-22
0
1.25160789958165
0
5605290661160092e-25
.0023055970373872647
0
14488996549921664e-24
58870711497666e-22
.05402711991073388
.05403306114853023
24753890231290054e-21
22968053717322248e-21
0
0
.004117928888270519
1.2853996252928825
.6006890041431451
.5766395857148884
2.06996528311001
.0002625448370467727
2.1242162541587413
0
8.757877751907998
8.654512101430848
.004130488259613691
0
1.5965998387321816
1.0742786910387876
21.147212073131207
.5515319999886431
30.498513367971974
9.955027035069202
0
11.425072530786576
11.205750535297703
11.60516668725287
12.267756128645393
7.35619472681284
37.317315418048516
1.3938724982594524
5.442574243606519
33.54904243637056
9.516064405916264
9.548184709593473
1.4417979450697687
1.3947752966133684
5.300300156401281
14.802716924302857
12.101360886804121
36553154591667945e-21
.7145062197438884
43024665652222565e-37
0
0
.04292261534715259
.032086112486890486
2.827923790804754
0
0
.2660403245822216
.049749383569624266
0
.00039763764038598155
.01556030362396915
.21225834826762008
.19399715600515607
2.72682415441686
.05446883056173455
.10373590598025807
2.397075992465181
.4935518019067294
0
0
0
4.839648158112595
.22017235645388591
.05133896472457233
0
.00023374355925256344
.5749832330642083
0
0
0
0
.00011064197848506951
0
.030302847092354913
0
.0007331370043111558
.014417188342724391
.029798710413575777
1.1027602401236138
0
0
0
0
0
0
.21191467906994227
0
1803657977495092e-49
0
0
.11954114661233509
0
.2546780565910157
.0824768068853387
1.0327879028900575
0
33.27949876894621
0
0
1.930956145618161
5480.698952428253
217.26250455670024
290.90324621356814
0
113.1444159821128
.07992769107090368
0
.03450782089091861
.08678849577024655
.006641637250371459
0
12.871866261727243
0
0
0
.1044086490595872
0
0
.005675742927761068
.16675250192388785
.27387810762747783
.26806050018925076
.22987736009744336
.005707078277557227
.0020087481107167147
.0043820576431287
.007300657206995821
.007552423869967151
.002908552234821009
.016384516213296122
.18555801560756546
.0014199198388842973
.008348002564882363
.2501911511497894
.010545962533168002
.004032161040284402
.04429453136963403
.003824800913666368
.008897346471732478
.03265678789224923
.06330381848517616
.03592740804996699
.016497544942554926
.10538240700850637
.02042187390497376
.042910259933817065
.0007310654740485132
.0015596890777269774
.009873658578181354
.003557573271089881
.2623251407021612
.27942841818691927
.005882525029330561
.046848820116876334
.014511863667063148
.0004948239063960959
.012100379307166028
.0002991689217552786
.049293852728590576
.03713127116535625
.08518722722116037
.012081480107281621
.011001923916597097
.0016646481597901376
3853531380676878e-21
.016158861439639564
.03813189013315703
.27802870535473195
.26806050018925076
.019174364014963766
.038048117602682646
.01364068383345743
.024490216449819236
.00336055704637763
.23485385222862146
.05334318219745484
.0629479787076478
.23940646306270277
.0006967262424538336
.26806050018925076
.01866732369665192
.0008967152869748539
.023987154916661743
.024739510638735758
.009640704713824009
.09359554125714724
.20788827818677186
.007205552756118991
.021584092721096564
.267674340398979
.10932943592287593
.013543971328364258
.06651176461101121
.00026788557424603645
.021538788072847165
.16230824788080395
.00013010821010564532
.012592826792219465
.028729362050374616
.00038740899553227966
.0034353844870786037
.007369331033762023
.006130987983963471
.021033528307125376
.08280155843975268
.02282991565114894
.2748218221636626
.006883498154357012
.006806546661037474
.030565251895355562
.00023008280135858558
.011563908261301898
.06718763622179084
.25754346844640924
.24835416720092232
.05964634306567926
.03942586575700195
.05888364427762197
.27519539554761724
.2659500282477799
.010100382215982622
.008306711175638977
.2789558385941593
.03151662409488554
.1798190129283352
.004319099380506718
.0061508231366990416
.10216643317896767
.1605295427131685
.2704098915520395
.0005504074708881304
.025221586625201794
.17443487810750133
.19147929402817887
.11046901258386069
.27377559283260117
.145526344004604
.028136592845633634
.008542929986471588
.2790349205447431
.26806050018925076
.21768250333247255
.03776291991640109
.006904694437202757
.013969511606439894
.012402516370826677
.2739830115860328
.0736852261590994
.0018862867894555142
.0029613453340260427
.014401258392642925
.05090193390392236
.007492838006645958
.2723132105278807
.002672202993570535
.26806050018925076
.26806050018925076
.26806050018925076
.005141192235959656
.046509750214642286
.1158582636339019
.07130725400977517
.014235018899772163
.01732508136016665
.02083583899129512
.0006889146087456107
.00032814896113136634
.052642070871857266
.2655796841856957
.26806050018925076
.26806050018925076
.26806050018925076
.024380394714857916
.000541233279098886
.2492109698413405
.19050515800701767
.0052179154868103915
.014996021105931259
.26806050018925076
.036481114248538046
.14308261704345182
