1.380561110220508
742178224442617e-33
420736152124717e-37
182795607345513e-38
5319278731653231e-38
9034425527381709e-36
.00043890767992046855
.010423013788720417
0
.0002704818240025771
.00167439783941677
0
16.76992599084806
.33878473724127567
16.316452719169884
0
.9787978261340405
0
0
0
.015126812532908936
0
0
0
0
18.31128722890184
6.8804806291891705
.023034494271892945
.005066308185887371
.02242288250198546
.0018962614104607067
0
.0003770540716362665
0
1.150225958368778
.28987911492237595
9244317395306701e-22
.45876463951440255
18.30207282761603
.0005422863994591304
55778186024884436e-24
.02059386057792621
.020594623901055605
30100619507082267e-21
27359842040597896e-21
0
0
.0044654247005027755
1.2664315771748558
.5920624365902661
.4329185729972236
1.9491628232500962
.0002551652213774684
2.0105285287933006
0
8.648455081896845
8.551707970369435
.004486386370673882
0
1.5228731373166833
1.0426703502009773
24.276739818627746
1.299707549154754
32.72268077589328
10.031643246340074
0
16.651888274933754
15.919330833024555
10.521126910688006
8.873468767331055
7.148558656159518
37.26302714253782
1.3755241417643234
4.167719860993094
33.63762548839534
9.423955500255666
9.546864737595735
1.4461751884389276
1.3764564652656284
5.302804620521427
14.898070552294111
12.095245242469797
.007417259885213126
.7169403436817714
13024868666284667e-38
0
0
.038990150999385124
.03211166374512608
2.718950074773305
0
0
.19924105123394673
.046833358585953104
0
.0003998518914496478
.01518741738419223
.20456837666876512
.19350431790415612
2.4292235036958623
.06158162298095746
.09673997970554883
2.240521294976365
.4727435624570787
0
0
0
4.7832489517985675
.21964393948503821
.04560472615373507
0
.000257052514675369
.5891491124045407
0
0
0
0
.00011376945909798107
0
.029767318685897635
0
.0006479140384117396
.012822864109929714
.02908044963137737
.9705672869502981
0
0
0
0
0
0
.2101235964796892
0
4828282317407808e-50
0
0
.10074277557659063
0
.23823669605836015
.07775109156701775
.9462110304699082
0
33.17127460425953
0
0
1.5258805942297207
5474.480100494193
216.96461338422657
290.8904050549274
0
112.73429101513726
.0772077755295505
0
.03232936267727212
.08053304270729479
.006368628524857137
0
12.066533177868116
0
0
0
.09913212454311303
0
0
.005673665426742799
.16437907852458555
.26326423804937
.25143743533476265
.2243780287324952
.005704977687923059
.002008489122426476
.0043808213524959465
.00729721258156332
.007548736352701646
.0029080086239345617
.016366956516790432
.18247183461484445
.0014197905304531844
.008343492530630115
.24299169050471092
.010538744070833354
.004031114772726116
.04416108763680681
.0038238597442630477
.00889221963721518
.03258545190100951
.06302336733895761
.03584066760564837
.016479739436318856
.10454860091719322
.020394444983048467
.04278527833494127
.0007310312267470997
.0015595330314075405
.009867336745407636
.0035567593031564358
.253726582742281
.266170835666115
.0058802927912007565
.04669898342666452
.014498123028798555
.0004948082214456535
.012090856518896794
.0002991631897643719
.04912736891650885
.03703846141668063
.0846611678903488
.012071987280533804
.010994063033432084
.0016644703804946381
38535304300162055e-22
.016141787264915154
.038033870934519716
.2635019446608674
.25143743533476265
.019150224696846428
.03795054029971529
.013628557541774104
.024450550647986607
.003359830921672599
.22898813772318688
.05314704320393355
.06267082430907156
.23318048935973468
.0006966951382597847
.25143743533476265
.01864445984544618
.0008966637503985394
.023949128226589598
.024699019312671558
.00963467952088196
.09295137384959203
.2037440613291825
.007202197709163091
.021553404496489875
.2582796692539115
.10842552162841831
.013532017918495521
.06620061895026289
.0002678809785242467
.02150823042742941
.1600836451719841
.0001301071262097328
.012582506390296946
.028674455036115713
.0003873993824820307
.0034346255924300783
.007365820983883079
.006128562408861909
.021004407534909522
.08230652115855111
.02279552413667785
.2593253700872204
.006880437605395105
.006803554459341494
.03050294391054593
.0002300794113383886
.011555217326500567
.06686979838622802
.24954798199727088
.24133460110245816
.05939876066092049
.03932088681780845
.05864263415576406
.2597856605304038
.25682979791500526
.01009376474083842
.008302245888819797
.2649504419265743
.03145028864621615
.17696556429241148
.004317898457207571
.006148381778398907
.10138725527876213
.15836258515875365
.2605327115705604
.0005503880628563367
.025179473968289567
.17178725525112082
.18813748366471975
.10954421748284318
.2580563831797551
.14380493528797345
.028083971597977708
.008538205663164544
.2664660377125441
.25143743533476265
.2129811091629095
.03766683912144971
.006901614925189065
.013956788048671991
.012392508078711638
.25830587668633587
.07329897903769723
.0018860584526383937
.002960781771377772
.014387728409505333
.05072398663180808
.007489208729596774
.2620541492794229
.0026717442811768338
.25143743533476265
.25143743533476265
.25143743533476265
.005139488818971941
.04636214806027852
.11483074619061644
.07094690650108161
.014221802411504163
.017305422897503475
.020807270727667422
.000688884198422261
.0003281420645988516
.05245125431771767
.25651594092808117
.25143743533476265
.25143743533476265
.25143743533476265
.024341089792857075
.0005412145128827336
.24210831837242222
.1872065365599204
.0052161606741319136
.014981338819827848
.25143743533476265
.036391609111016875
.14142729142953347
