1.3805832748421016
9726189738754478e-30
5513691838231637e-34
23954773762658805e-36
6970682358375125e-34
11839431104083925e-32
.0004392911864928676
.03948873448227093
0
.0002704175903340414
.0016740033901681654
0
16.769919391778288
.2939554308944862
14.459048686210567
0
.9787089291210121
0
0
0
.015126798440538118
0
0
0
0
18.318552434332204
6.880248259400116
.02305460764176458
.005064911954080685
.022416565666951476
.0018957611255175407
0
.0004151008370016101
0
1.1501916839633908
.12673964096865545
4152258799552715e-21
.5050717704450894
8.184546863303707
.0007046040104061871
18339431102145865e-23
.02058840410080985
.02058908400655727
3010375661264271e-20
27361657284405232e-21
0
0
.0044654058692820305
1.266753784795574
.5920580298387775
.43287803617166515
1.9491221439369342
.00025516275846076074
2.010490648526643
0
8.648964361083111
8.551961932071855
.0044864228044592105
0
1.5232143873182324
1.0426596842696378
24.277865450279663
1.3002111309017745
32.72319439581671
10.031665804027076
0
16.65427668790484
15.931280044452507
10.520421868380877
8.879239528907688
7.148434564568691
37.26300834649506
1.375517801068349
4.167364881772
33.637652347806636
9.426469705212243
9.546840285123457
1.4461763308052147
1.3764460294970113
5.302805261690405
14.89809283479372
12.095242849887006
.00879835936953818
.7169558400190983
13008795921268866e-38
0
0
.0390191603873357
.03211166535188685
2.718911475448959
0
0
.19922295096103676
.04683217996887001
0
.0003998522476806323
.015187281156109981
.20456576535173235
.19350412238248382
2.4290458382159215
.06158347748599547
.09674108046090181
2.2404598141201335
.47273455367737843
0
0
0
4.7832274472958165
.21964375477405437
.04563643855433678
0
.0002571595452960346
.5891493221531752
0
0
0
0
.0001137696112732338
0
.02976785309154361
0
.0006483855407624862
.012828986784977577
.029079491284094074
.9711926056131205
0
0
0
0
0
0
.21012296961692736
0
47636421741265203e-51
0
0
.10081219661924415
0
.2382311951580741
.07774949897484906
.9461829587524818
0
33.171237125320246
0
0
1.5257672807770013
5474.477948612903
216.96451031849455
290.89040060913305
0
112.73414927858315
.0772068492501353
0
.03232863280721271
.08053096256321025
.006368530273670894
0
12.066196942064101
0
0
0
.09913033350489123
0
0
.005673664707597812
.16437826267113237
.2632606354642662
.2514318623867295
.2243761477095415
.005704976960786488
.002008489032764798
.004380820924525257
.007297211389239489
.00754873507631365
.0029080084357420728
.016366950440496245
.18247077504954928
.001419790485685791
.008343490969578777
.24298923411869333
.010538741572498253
.004031114410532221
.044161041505332274
.003823859418449543
.00889221786270364
.032585427229920624
.06302327045606698
.0358406376104884
.01647973327498888
.10454831338063722
.020394435492933183
.04278523512665585
.0007310312148902061
.0015595329773835655
.00986733455735075
.003556759021375031
.2537236550828411
.2661663562925155
.005880292018497373
.04669893163297498
.014498118273740208
.0004948082160152634
.012090853223195546
.0002991631877798491
.04912731137362282
.03703842932410449
.08466098632074189
.012071983995199757
.010994060312793773
.001664470318946811
3853530429687065e-21
.016141781356584554
.03803383704178156
.2634970489686592
.2514318623867295
.019150216344546882
.03795050655967351
.013628553345251754
.02445053692594252
.003359830670299377
.22898613246796212
.05314697542133247
.06267072856373908
.23317836207578238
.0006966951274910669
.2514318623867295
.01864445193432798
.0008966637325559524
.023949115071355637
.024699005305164123
.009634677435479461
.09295115159415931
.2037426409127068
.007202196547842379
.021553393879109074
.2582764743924461
.10842520997114029
.01353201378178876
.06620051147723176
.00026788097693312
.021508219855209565
.16008288026995943
.00013010712583446567
.012582502818611209
.028674436044280095
.00038739937915382186
.0034346253297130405
.007365819768915931
.006128561569240494
.021004397459640903
.08230635027928392
.02279551223855316
.25932015912167067
.0068804365460012114
.0068035534236030705
.030502922360157957
.00023007941016469738
.011555214318638598
.0668696886045496
.24954525722126877
.24133220546084053
.0593986751206449
.03932085052023379
.05864255088380575
.2597804776390159
.25682669508249667
.010093762450473491
.008302244343254727
.2649457168101591
.031450265703616226
.17696458424872671
.004317898041479257
.006148380933314625
.10138698654189758
.15836183999882208
.26052935512628905
.0005503880561369666
.02517945940014234
.17178634558047484
.18813633681571118
.10954389864285424
.2580511002203737
.14380434283854399
.02808395339639406
.0085382040279521
.26646178563819184
.2514318623867295
.21297949914848938
.03766680589852912
.006901613859231946
.013956783645503047
.012392504615019064
.25830060731128235
.07329884566165733
.0018860583735879363
.0029607815762785214
.014387723727328638
.050723925130391964
.007489207473365453
.26205066515472075
.0026717441223741184
.2514318623867295
.2514318623867295
.2514318623867295
.005139488229309142
.04636209703836219
.11483039202421155
.07094678205670948
.014221797837789978
.01730541609517429
.020807260843490667
.0006888841878937685
.00032814206221114494
.052451188372742284
.2565128570484374
.2514318623867295
.2514318623867295
.2514318623867295
.02434107619560513
.0005412145063855682
.242105894671549
.18720540445312087
.005216160066679256
.014981333738986679
.2514318623867295
.036391578160423634
.14142672164855713
