1.3806020098105887
8943462972699473e-30
5069952396609825e-34
2202663264444076e-35
6409558843253632e-34
10886548931494982e-32
.0004401130058719914
.047000356118292425
0
.00027036330688485057
.001673670042575148
0
16.769913813330927
.28234777067000205
13.978450134333137
0
.9786339599169566
0
0
0
.015126786528766532
0
0
0
0
18.328799887774238
6.880051807677441
.0230977247633306
.0050636906002959154
.022411271481254165
.0018953365178408764
0
.0004304997835871384
0
1.1501627136912225
.0727731931930172
5246063862319172e-21
.5238150321063267
4.725123084468476
.0007742152017189139
20967173543528067e-23
.020583772708315434
.020584457046121354
30108072597429194e-21
2736319272525572e-20
0
0
.004465306803373099
1.2672720113271456
.5920542760036849
.4328438589608795
1.9490877173039194
.000255160577979344
2.0104579901406843
0
8.649782556397389
8.552626120428359
.00448645254007912
0
1.5237624208502571
1.0426508652845476
24.278827785010034
1.3006368815273892
32.72363160828282
10.031684829997989
0
16.656317937651906
15.948299780725334
10.519787897890607
8.889081937474229
7.148329408777325
37.26299246097254
1.3755123741477977
4.167065732520869
33.63767261717447
9.430339635478083
9.546803659035191
1.4461770465348396
1.37643429281424
5.302805801379754
14.89811155834063
12.095240827443371
.009340745774284195
.7169624236996862
1299522455736731e-37
0
0
.03906516097580854
.03211166666595238
2.7188788434387456
0
0
.19920769882700612
.046831152093378584
0
.00039985254453229634
.015187165922125719
.20456355812049795
.19350395710223905
2.4288956037300546
.06158436879715505
.09674727406963776
2.2404078276263353
.4727269350776648
0
0
0
4.783209249012801
.21964359864344135
.04568601373094723
0
.0002573276556841226
.5891434453028208
0
0
0
0
.0001137684156956227
0
.02976881140559618
0
.0006491441365528024
.012839002729757066
.029078488085343333
.9722040579070529
0
0
0
0
0
0
.2101224403618286
0
4709635135779639e-50
0
0
.10092430731322256
0
.23822654553671188
.07774815080781453
.9461592315598019
0
33.17120544179786
0
0
1.5256718268254537
5474.476129704586
216.96442320072248
290.89039685126085
0
112.7340294738307
.07720606629897783
0
.032328015885960036
.08052920433368418
.006368447171571848
0
12.065913250647553
0
0
0
.09912881962626137
0
0
.005673664099730128
.16437757306209055
.26325759036271146
.25142715186125836
.22437455775902468
.005704976346163801
.002008488956976965
.004380820562776845
.007297210381410586
.007548733997428306
.0029080082766696465
.01636694530442193
.1824698794410613
.0014197904478455029
.008343489650077657
.24298715784077698
.010538739460744635
.004031114104382591
.0441610025120681
.0038238591430509636
.00889221636277223
.032585406376337826
.06302318856450412
.035840612256661804
.016479728067036854
.10454807033676004
.02039442747127855
.04278519860425645
.0007310312048679947
.0015595329317190168
.009867332707864227
.00355675878319522
.25372118046072545
.26616257009171496
.005880291365358683
.04669888785364804
.014498114254459174
.0004948082114251476
.012090850437456828
.0002991631861024025
.04912726273471123
.03703840219740837
.0846608328466764
.012071981218224063
.010994058013135199
.0016644702669226176
3853530429408855e-21
.01614177636248383
.03803380839347409
.2634929108798331
.25142715186125836
.019150209284646967
.03795047804043471
.013628549798081197
.024450525327190966
.003359830457822522
.22898443750961558
.053146918127166785
.06267064763371184
.23317656397222397
.0006966951183886517
.25142715186125836
.018644445247342798
.0008966637174742467
.02394910395170822
.02469899346512069
.009634675672763026
.09295096372991166
.20374144029224214
.007202195566219308
.021553384904617473
.25827377391810913
.1084249465389487
.013532010285178175
.06620042063421736
.0002678809755881971
.021508210918890894
.16008223372806613
.00013010712551726568
.012582499799592679
.02867441999116421
.000387399376340605
.003434625107647661
.0073658187419474415
.006128560859538376
.0210043889433772
.08230620584135816
.02279550218149488
.2593157545534733
.006880435650533249
.006803552548130233
.030502904144390434
.0002300794091726179
.01155521177620013
.06686959581012175
.2495429540863963
.24133018052724695
.05939860281657352
.03932081983920571
.05864248049705894
.2597760967999598
.2568240723954938
.010093760514509631
.0083022430368436
.2649417228981342
.03145024631106243
.17696375585650806
.004317897690078889
.006148380218994942
.10138675938867574
.1583612101441117
.26052651807444394
.0005503880504573211
.025179447086210338
.1717855766716459
.1881353674300058
.1095436291393953
.25804663480084755
.14380384206382976
.028083938011249567
.008538202645765242
.2664581915599053
.25142715186125836
.21297813826925674
.03766677781639402
.006901612958216319
.013956779923661526
.012392501687283291
.2582961533736273
.07329873292379793
.0018860583067693906
.002960781411368055
.014387719769651855
.05072387314548052
.007489206411517829
.2620477201813776
.0026717439881438227
.25142715186125836
.25142715186125836
.25142715186125836
.005139487730888143
.04636205391138685
.11483009266070576
.0709466768684543
.01422179397179267
.01730541034540864
.020807252488750046
.0006888841789944074
.0003281420601929012
.05245113263185384
.25651025038131986
.25142715186125836
.25142715186125836
.25142715186125836
.024341064702335862
.0005412145008937447
.2421038460208125
.18720444752837673
.005216159553221121
.0149813294443331
.25142715186125836
.036391551999004075
.14142624003457668
