1.3816276890976988
1298456065856111e-27
7359333159331296e-32
3195138989710918e-33
9293839285902446e-32
15798496686841073e-30
.0004364930849846501
.007792872939178391
0
.0002674079112495093
.0016555196571144657
0
16.769608450030724
.3413828094343963
16.43547574588675
0
.9745582839516881
0
0
0
.015126134411917572
0
0
0
0
18.403167604792042
6.8692144860995805
.02290767909862736
.004998557598541258
.022141815288410416
.0018726198269490915
0
.00044716262906246886
0
1.1485773175312664
.01786724710244815
8630748864021104e-22
.5441225965570229
1.1186662195598682
.0007956734731230544
42034318358874e-21
.020335957498347393
.020336626175873354
30223413719070482e-21
27447972961239083e-21
0
0
.004449877632821777
1.2635714907856799
.5918407684111547
.43098330859572764
1.9471944547190165
.0002550273743068059
2.0085857494300496
0
8.648610200005415
8.554424696098508
.004481597881073945
0
1.5230050656466096
1.0421792075783523
24.33420094273352
1.324283273811919
32.747540708046564
10.032721505174772
0
16.77451182011513
16.04766291459494
10.489195183544998
8.840202885748687
7.142447654321706
37.26212360859318
1.3752030147144845
4.150790771440073
33.63884778478261
9.416386659610854
9.546979896448704
1.446233717287228
1.376136736187581
5.302835078104419
14.899123610478004
12.095129911730325
.009258868505297618
.7170016177575713
12273369894807855e-38
0
0
.039042031789032365
.032111735826979425
2.71709146705428
0
0
.1983782750324166
.04677304881940606
0
.00039986829912487293
.015180848089810848
.20444275665048914
.19349489016587887
2.4205763361594403
.06159866688983754
.09667893248890427
2.2375566071960904
.4723085626804679
0
0
0
4.782210555030341
.21963504965253236
.0456371935272291
0
.00025693626463834925
.5884772936898184
0
0
0
0
.00011362768146319855
0
.029761286420947376
0
.0006466699770755
.012784031427169626
.02897945971420595
.9683063510746919
0
0
0
0
0
0
.21009349615162803
0
25231695450670213e-51
0
0
.10073857707980598
0
.2379721349413144
.07767392816164558
.9448610979868389
0
33.16947131592608
0
0
1.5204801684781628
5474.376551245338
216.95965383622132
290.8901911199152
0
112.72747074324704
.07716321341189689
0
.03229425942016406
.08043300973701735
.00636388442330257
0
12.05034723299905
0
0
0
.09904596604591358
0
0
.005673630821028251
.16433982360169755
.26309093461628374
.2511694004499663
.22428753028202045
.0057049426976489934
.0020084848078411387
.00438080075825996
.007297155206231151
.0075486749321600245
.002907999567979061
.01636666412332789
.18242085446777992
.0014197883762129293
.008343417411952568
.24287351538715105
.010538623849670073
.0040310973437102035
.0441588678088014
.0038238440658945145
.008892134246736617
.032584264730107226
.06301870542722018
.03583922424356162
.01647944295092151
.10453476532865272
.020393988316296727
.042783199167922926
.0007310306561843508
.0015595304317338383
.009867231454952965
.0035567457436407267
.25358573970468373
.26595536999185476
.005880255608226142
.04669649113892959
.014497894213446978
.0004948079601311267
.01209069792819888
.00029916309426760617
.04912459998421881
.03703691712835195
.08465243105987172
.012071829188708891
.010993932114956723
.0016644674187677889
38535304141777465e-22
.016141502953885955
.03803224002370181
.2632664630275444
.2511694004499663
.019149822781800274
.037948916736532425
.01362835560330799
.02444989034123777
.0033598188254183744
.22889166314508536
.05314378155012343
.06266621713451169
.23307814475357616
.0006966946200608726
.2511694004499663
.018644079160066693
.0008966628917997421
.02394849519464811
.02469834526947822
.009634579170198212
.09294067934614998
.20367572098448603
.007202141825716615
.02155289358576353
.25812597473807697
.10841052545075262
.013531818858370775
.06619544746160955
.0002678809019580027
.02150772168984568
.16004684162526422
.0001301071081515876
.012582334519141177
.02867354114840753
.0003873992223260598
.0034346129503040374
.00736576251894322
.006128522005754734
.02100392271059405
.08229829871636368
.02279495159666518
.2590747328086051
.006880386626719401
.006803504618979248
.030501906906297345
.00023007935485946213
.011555072586722717
.06686451581017881
.2494168973101952
.24121934786409013
.05939464453553363
.039319140188120785
.058638627177983293
.2595363727221514
.2566805296039543
.01009365452727995
.008302171515348802
.26472316096537013
.03144918464935265
.1769184099668919
.004317878452082214
.006148341112415703
.10137432425722916
.15832673144889367
.2603712457737739
.0005503877395150888
.02517877294722107
.17174348664036934
.18808230430579967
.10952887570395207
.25780228539527966
.14377642892103945
.028083095736925523
.008538126975820601
.2662615013363122
.2511694004499663
.2129036477834635
.03766524044175781
.006901563630687358
.013956576166320372
.012392341404219243
.2580524318445399
.07329256115324483
.0018860546486724745
.002960772383064265
.01438750310123529
.050721027220075716
.0074891482790043935
.2618865428869675
.0026717366394770135
.2511694004499663
.2511694004499663
.2511694004499663
.005139460444014785
.046359692909408896
.11481370466296345
.07094091838782653
.014221582322474953
.017305095567143464
.02080679509868617
.0006888836917831735
.000328141949700566
.05244808108788485
.2563675841784537
.2511694004499663
.2511694004499663
.2511694004499663
.024340435491083848
.0005412142002341544
.24199171544666986
.1871520664438898
.005216131443116329
.014981094327737938
.2511694004499663
.03639011977411668
.1413998757218972
