1.383791481788982
0
0
0
0
0
.00040964879171863285
.00995347712465006
0
.00026127787838382555
.0016178618525654071
0
16.768964225068878
.34512283009455214
16.457206710396264
0
.9661168188846416
0
0
0
.015124758786071776
0
0
0
0
18.514574508316002
6.845770579499829
.021497590923124643
.0048679743000678245
.021506198036411888
.001820113237830606
0
.0004465309365156345
0
1.1452367100007455
.00837293600773834
10199902616859547e-22
.54340775575966
.5229267503878796
.0007353228366066651
5430658506607014e-23
.019763652004537814
.01976443224023357
30403180550128786e-21
2762711823242076e-20
0
0
.004463269808543983
1.2594458689034367
.5914014513136961
.42712393737559695
1.943237945326465
.0002547963078550094
2.0049394077751654
0
8.642031726765685
8.545657626447689
.0044816861955847605
0
1.518670305788133
1.041098935715759
24.442517006408213
1.3756480238017768
32.79474693868469
10.034883159899893
0
17.008988532277716
16.214321087670324
10.42256436731789
8.684938056525755
7.1297320778714415
37.260288269052054
1.3745987724622493
4.117097716802397
33.64183353303722
9.415082675914709
9.546800687803032
1.4463819970541225
1.375539559937322
5.30289548417043
14.901192686660893
12.094894521078812
.008579716742207302
.7170700297132283
1087886176810982e-37
0
0
.038768645561452236
.032111827390884064
2.713316104312393
0
0
.196663382890293
.046649950249957384
0
.00039989900968500264
.015167477505900617
.20418815931314518
.19347564537446504
2.402369643806753
.06191632855677738
.09638940996614001
2.2315055384586273
.4714168326583781
0
0
0
4.780091648209415
.21961700588622074
.04529099138458947
0
.00025613817993420197
.5897166989666859
0
0
0
0
.00011391016929607126
0
.029740008567785643
0
.0006407046068370587
.012682107949786386
.02891512065896755
.9595975101707441
0
0
0
0
0
0
.21003262706883438
0
6763056688322944e-51
0
0
.0997921515396888
0
.23743633378210957
.0775190876785107
.9421316825944974
0
33.16581300566865
0
0
1.509740913272441
5474.166484559366
216.9495926372982
290.8897571056009
0
112.71363557101041
.07707288331083402
0
.03222316182503647
.08023047967273789
.006354285155213469
0
12.016676559364944
0
0
0
.09887134727473555
0
0
.005673560616280908
.1642602150490551
.2627397004262458
.2506265095004563
.22410404614970028
.0057048717127479096
.0020084760547727566
.0043807589785650565
.007297038808983018
.007548550328453377
.002907981196043958
.01636607095414488
.1823174736435896
.0014197840058670435
.008343265019070184
.24263394738934735
.010538379958490291
.004031061985302931
.04415436473631682
.0038238122590311583
.008891961015660596
.03258185642252187
.06300924876083988
.035836296240823316
.01647884148067718
.10450670238199594
.020393061897543294
.04277898142516802
.0007310294986721655
.0015595251577303142
.009867017853277803
.0035567182353033384
.25330024839028437
.265518785603425
.005880180175006886
.04669143538705893
.014497430021662388
.0004948074299968605
.01209037619805372
.0002991629005312514
.04911898306810007
.037033784393499414
.08463470922411018
.01207150847060846
.010993666522474202
.0016644614102617344
3853530382045912e-21
.016140926181054994
.03802893157288542
.26278938242400846
.2506265095004563
.019149007433570033
.037945623190565346
.013627945935366936
.024448550816784802
.003359794285607634
.22869606783837293
.05313716517420868
.06265687149577044
.23287065391669504
.0006966935687802039
.2506265095004563
.01864330687890671
.0008966611499434689
.0239472109998356
.024696977879318342
.009634375589707478
.0929189869451497
.2035371477964067
.007202028455036944
.021551857126823802
.2578144521178198
.10838010873763085
.013531415029589482
.06618495718670123
.0002678807466263991
.02150668963937117
.15997220342984483
.00013010707151662787
.01258198584745265
.02867168721322527
.0003873988974142229
.0034345873030799637
.007365643911223063
.006128440039875701
.021002939170919346
.08228162018539517
.0227937901159699
.2585670032490051
.006880283206287403
.006803403507830791
.03049980322063169
.00023007924027942925
.011554778955431584
.06685380021069014
.2491511743438044
.24098570008037357
.05938629493512875
.03931559699932025
.05863049897264722
.2590313715717588
.25637797207526425
.010093430938238244
.00830202063425291
.2642626697346767
.031446945065002126
.17682278551774921
.004317837867516684
.006148258613242145
.1013480958678838
.15825401915279472
.2600439838228856
.0005503870835459691
.025177350829883503
.171654726526206
.18797041040642043
.10949775809076771
.25728755986966745
.1437186147687337
.0280813189417168
.0085379673432541
.2658470359668457
.2506265095004563
.2127465866716801
.03766199737255929
.006901459569542807
.013956146325683483
.012392003274793669
.2575390262770984
.07327954277220725
.00188604693150435
.0029607533368717735
.014387046024091382
.05071502392499732
.0074890256430194336
.2615468452684834
.002671721136654902
.2506265095004563
.2506265095004563
.2506265095004563
.005139402879578716
.04635471248873099
.11477913989967882
.07092877171970041
.014221135833347266
.017304431523659757
.020805830212815738
.000688882663954143
.000328141716603939
.052441644074523806
.256066873032709
.2506265095004563
.2506265095004563
.2506265095004563
.02433910814831072
.0005412135659574652
.24175533295132556
.1870416103727687
.00521607214199713
.014980598333363446
.2506265095004563
.03638709850991323
.14134427318182383
