1.3949147833651914
0
0
0
0
0
.00031895711455127155
.009667410378398512
0
.00023190497281594028
.001437221742369577
0
16.76565138867113
.35351845232421886
16.404972873359824
0
.9275103673864007
0
0
0
.015117689152304485
0
0
0
0
19.15457612777594
6.709879854849322
.016734244999140953
.0040427657551343164
.017725538518168854
.0015024020555450051
0
.00043067328436438297
0
1.1281487351516872
.008066734547732718
8905439133957307e-22
.5243616572362236
.5011173117689176
.0006391314150931921
541852627747274e-22
.01630467396720383
.016305495938574652
3139292691826425e-20
28559727720871365e-21
0
0
.004459215224247407
1.2351244691185272
.5889742685681293
.40930201470142463
1.9229961577510168
.00025354116880934143
1.9858431803210586
0
8.620384544093698
8.525195054167861
.0044869010587765485
0
1.504625126631796
1.0356809418077468
24.979213999544655
1.6651624444543562
32.9873147896305
10.04515778268077
0
18.239739213885
17.315552355815953
10.015954428048326
8.028960220599721
7.052401200008028
37.25085490799173
1.371444521345705
3.964001640063295
33.656700583239456
9.401323805969085
9.546303188977722
1.4471143264207815
1.372378848186058
5.303161087128908
14.909636789608106
12.093655146250425
.007747057878929917
.7174078676256648
586775743024759e-37
0
0
.0380553682970407
.03211094720451263
2.693776579417908
0
0
.1889203264748626
.045994686559360135
0
.00039997295221276926
.015097240658470916
.20288460212041282
.19337421583966025
2.292334977012204
.06305990884449122
.0951960174171063
2.1995435418487066
.46662190786796964
0
0
0
4.768793357168229
.21952406349742892
.04425490488196088
0
.0002488173723365173
.5923229612352413
0
0
0
0
.00011455527367004709
0
.02964632359246916
0
.0006167092809874499
.01220800115320779
.028328205937996336
.9229876951824175
0
0
0
0
0
0
.20972955076513247
0
0
0
0
.09668280376818343
0
.23470132359677165
.07672662090318502
.9282916438293596
0
33.147006269984196
0
0
1.4614594840094306
5473.086732405964
216.8978788956239
290.8875260000008
0
112.64254058477385
.07661003554907457
0
.03186014008196472
.07919794087978825
.006304741982836715
0
11.82951371797643
0
0
0
.09797736224215857
0
0
.0056731997319354275
.16385158360955046
.26094151672938304
.24785416702560198
.22316318508595823
.005704506818134355
.0020084310589111123
.004380544210052252
.007296440480736852
.007547909816832458
.0029078867541819675
.016363022018094982
.1817869530268446
.001419761539659426
.008342481664483278
.24140613716650833
.01053712628830419
.0040308802249905875
.04413122326213604
.00382364875524488
.008891070548539819
.03256947896454643
.06296065773957295
.03582124817784484
.016475749878949213
.10436255945314954
.020388300166874523
.04275730604653489
.0007310235483357156
.0015594980462039522
.009865919874739598
.0035565768279180723
.2518377031074125
.26328574611892214
.005879792414477692
.0466654541729548
.014495044008590769
.0004948047047709434
.012088722431002305
.0002991619046023789
.049090118601785464
.03701768428094624
.08454366600519568
.012069859905486237
.010992301305662665
.0016644305229755441
3853530216867383e-21
.016137961518894094
.038011928526209784
.2603504920177075
.24785416702560198
.019144816561333804
.03792869673355994
.013625840170097193
.02444166594822082
.0033596681378508133
.22769321598933911
.05310316569864024
.0626088508290702
.23180692818943732
.0006966881645389425
.24785416702560198
.018639337356401314
.0008966521957228794
.023940610490187492
.024689949799447417
.009633329121487849
.09280755378543262
.2028262782719286
.007201445684183524
.021546529840487917
.2562189482026349
.10822388170005579
.013529339277244493
.06613105658547279
.00026787994812236426
.021501385010374106
.15958906362778175
.0001301068831892732
.012580193600724121
.028662158672546897
.0003873972271603878
.0034344554626922403
.007365034220553343
.006128018699256344
.02099788386425788
.08219593502532337
.02278782028389734
.2559726092276927
.006879751582546698
.006802883754490795
.03048899119806375
.0002300786512644481
.011553269617408986
.06679874215969726
.24778964767143666
.23978816615261167
.0593433910820918
.0392973877436211
.058588732491329946
.2564508081376839
.2548282501216747
.01009228162333146
.008301245050578379
.261908060522473
.031435434662040386
.17633202887252114
.0043176292424779005
.00614783453131149
.10121337196174487
.15788075742231872
.2583681265408264
.0005503837114504485
.0251700414896207
.171199165374462
.18739625287608255
.10933793280848092
.2546577154443863
.14342177917104357
.028072186833048986
.008537146775156702
.2637265771944265
.24785416702560198
.21194101746479754
.037645330294701455
.006900924652351657
.013953936874218772
.012390265215269116
.2549158689609788
.07321265631635787
.001886007260739994
.002960655428990169
.014384696579509334
.050684174297444026
.007488395246000374
.25980752178121
.002671641443487358
.24785416702560198
.24785416702560198
.24785416702560198
.00513910697111864
.04632911833134964
.11460161871451409
.07086636276540473
.014218840810110794
.017301018310478575
.020800870778156906
.0006888773802687198
.0003281405183383042
.05240856610711717
.25452658111645005
.24785416702560198
.24785416702560198
.24785416702560198
.024332285885647238
.0005412103053745363
.24054381313716552
.1864748224976863
.005215767306320919
.014978048858902466
.24785416702560198
.03637157120582091
.14105878489260282
