1.4460777699322704
0
0
0
0
0
.0001988044745257679
.007850714136873826
0
.00013375377360382384
.0008312758305653049
0
16.750387625182604
.3496334698423968
16.406180363357457
0
.8357407770924119
0
0
0
.015085214112268933
0
0
0
0
15.376140131505105
4.574593952494399
.010422489304712282
.002120667682378714
.009297818503176698
.0007877227827990216
0
.0003643192068035498
0
1.051390282836246
.007011228649942951
6175139314237149e-22
.4443765531954025
.4354502167899093
.0004666483754523847
4411022694666834e-23
.008526243784359934
.00852641040487949
3396692383786702e-20
32435247105331474e-21
0
0
.002587471263591257
.727672252782098
.5793229477877379
.3634639591231528
1.8317732448729653
.00024693835562054363
1.8944078711799015
0
8.60702946556552
8.516646652164601
.002733734359228524
0
1.4971069819981848
1.0117053648963563
26.206254995235422
2.935320867236789
33.247343968129805
10.080320296460485
0
21.557037987814905
21.953479986233134
4.504636329742538
4.767722566992363
5.529566309874402
37.207519311529786
1.3564133953460376
3.6237599877019155
33.713021400790495
9.380077530404003
9.54596864371693
1.4498038084167273
1.3573225351518803
5.303765817627185
14.918397503997795
12.087321182445283
.006639049190927587
.7187847500151511
29565827285345316e-40
0
0
.039394160331186145
.03208962780371544
2.6025819219349278
0
0
.1723267928816421
.04264203284367347
0
.00039916284661293427
.014755461198274455
.19699997188181334
.19285525582613217
.9375058171327364
.0628379419325146
.09083315559633744
2.0402698914814015
.44125291883469053
0
0
0
4.711477566765471
.21909251427057527
.04435195217283877
0
7497741684276443e-20
.579593198104347
0
0
0
0
.00011278068777634961
0
.02932935395916951
0
.0003697360667875749
.006842165626003704
.01582148731302907
.5429750788787566
0
0
0
0
0
0
.2085819718754612
0
2075985967549748e-53
0
0
.09378962458290097
0
.2225289247660249
.0731482515445727
.8682197107287888
0
33.06052420390949
0
0
1.3664553593121187
5468.123022317574
216.66017391336035
290.87726397718404
0
112.31610754945054
.07451453037530953
0
.03024237058995811
.07462880054629904
.006087292450010072
0
9.597888160973875
0
0
0
.09394384649317573
0
0
.0056715400958283315
.16198508458442595
.25282770963404444
.23549203401661709
.21888618640461066
.0057028287412558346
.0020082241079213857
.004379556491586615
.007293689028503037
.007544964405099269
.0029074523967801444
.01634900537682214
.17936656799995104
.0014196582081667242
.008338879476283874
.23583819067267564
.010531361799241813
.004030044301732258
.044024937311718575
.0038228967896047194
.008886975884314464
.03251260785720139
.06273763950251386
.03575211410359443
.016461537146307586
.10370211239002539
.02036641231845928
.04265774883633406
.0007309961796589017
.0015593733494908377
.00986087116134605
.0035559264797455866
.24521852889077872
.2532539715827711
.0058780091917501305
.046546136452190016
.014484074305654912
.0004947921699541919
.012081118639745382
.0002991573237483724
.04895757123765326
.0369437199337268
.08412616115192159
.012062280027369117
.01098602400685724
.0016642884605047622
3853529457108621e-21
.01612433220346581
.03793381878052274
.24942070347596645
.23549203401661709
.019125551940267348
.0378509386049272
.013616158634550889
.02441002311253515
.0033590879668013974
.22313680411045272
.05294706088445729
.06238844740700851
.22697641523751416
.0006966633076098879
.23549203401661709
.0186210899335046
.0008966110108412278
.02391027405937272
.02465764903328126
.009628517226469914
.092296721773878
.19958838312640353
.007198765765562949
.021522043288163772
.24900642553466126
.10750819129240262
.013519795700292969
.06588369890889705
.00026787627533600894
.021477002564666968
.15783854783671827
.00013010601695807357
.012571953229772479
.02861837174748406
.00038738954471625005
.00343384911186862
.007362230523573497
.006126081064544347
.020974647027983927
.081802963280347
.02276038143968913
.244370502913735
.006877306843052528
.006800493596713321
.030439309315016996
.00023007594203739343
.0115463297710919
.06654607926391355
.2416223139202672
.234356131850561
.059146448375413316
.03921374059235688
.05839700527716852
.24490823763206343
.2478198572787895
.010086996893909952
.008297678591557184
.25134498405070826
.03138254538757447
.17409221448016407
.0043166697758912215
.006145884291254203
.10059599544978082
.15617519922642903
.25079780248241834
.0005503682013505758
.025136448602336322
.1691192753665087
.18477784554691953
.10860579573149896
.2429032748261442
.14206432280766196
.028030220811670305
.008533373487280803
.2541889527388133
.23549203401661709
.20827480285210756
.03756876296663095
.006898464769159882
.01394377873557714
.012382273936630144
.2431901331295143
.0729057892172972
.001885824800951049
.00296020513140273
.014373894961641629
.05054251914537777
.007485496341076427
.25195503499431626
.0026712749156241576
.23549203401661709
.23549203401661709
.23549203401661709
.005137746123344031
.04621157673566675
.11378861738685926
.07058001154655688
.014208289338682224
.01728532748675772
.02077807447122867
.0006888530778330277
.00032813500682525517
.052256688430863826
.24756025805286308
.23549203401661709
.23549203401661709
.23549203401661709
.024300930671836186
.000541195308177384
.23504898638335772
.18388984843060777
.005214365406738223
.014966327825585305
.23549203401661709
.03630023675484248
.13975305405061736
