1.4460777699322704
46241798803568546e-30
25830994044089794e-34
10777765368704862e-35
30562747396477784e-34
5472007418259163e-31
.00019874613762212618
.007842502927808246
0
.00013374652507314942
.0008312312412655689
0
16.750387620068583
.34950126032232276
16.420959330015396
0
.8357645952735051
0
0
0
.015085214112226604
0
0
0
0
15.413261020808115
4.582698609194622
.010419448000972107
.002119407430839377
.009293369614120223
.0007873426230868899
0
.00036431277378951265
0
1.0513902376384434
.007044876214733564
616723339961106e-21
.4443686709862279
.43757388398001873
.00046653098397942316
44047456698595185e-24
.00852212701467634
.008522285148857722
3394371271438212e-20
3242856032407157e-20
0
0
.002587843050977715
.7282086102091803
.5793815306951353
.3634734896279998
1.8317693407995754
.00024693078101893553
1.8943580681813825
0
8.607934646574064
8.51698411308433
.0027357359966491876
0
1.4977000079017795
1.0117071583278432
26.195046785922536
2.9300693156290096
33.24384756626187
10.080349689841483
0
21.52267151764465
21.945684059563245
4.519080985842045
4.780322451377557
5.536705260677093
37.20751971485327
1.3564092972547177
3.6238643470296847
33.71295811733117
9.38311463783704
9.545949873931587
1.4498001169405823
1.3573162960453844
5.3037674182881736
14.918477942376587
12.087321223738524
.006637130238602971
.7187847778661953
2925322329025527e-39
0
0
.03944322479928315
.032089683771893786
2.602588749054119
0
0
.17233216495376733
.042642228894051934
0
.0003991659185694627
.014755519357829198
.19699996200714592
.19285525571599238
.9407505195575365
.06280857708280801
.09083696599296698
2.040287592044575
.44125664623347793
0
0
0
4.711492740277355
.21909251423854748
.04440331792273155
0
7521472540686071e-20
.5795331225158659
0
0
0
0
.00011276588134958145
0
.02933052557763798
0
.0003703028162713925
.006850056398040711
.01582586560549914
.5437382350400709
0
0
0
0
0
0
.20858206658955886
0
0
0
0
.09390216630209464
0
.22252891473941308
.07314807043165449
.8682179566149546
0
33.06052460221926
0
0
1.3664935229323485
5468.123022316309
216.66017391327188
290.87726397718404
0
112.31610754860012
.07451453551157017
0
.030242369322395938
.0746287967609081
.006087334997087025
0
9.585180524574252
0
0
0
.09394384496366011
0
0
.005671540095828287
.16198508450890453
.25282770715838554
.23549202419872983
.21888618591244544
.0057028287412557895
.0020082241079213852
.004379556491586599
.007293689028502916
.007544964405099129
.0029074523967801413
.01634900537681895
.1793665678660073
.001419658208166724
.008338879476283666
.2358381897425123
.010531361799241279
.004030044301732247
.04402493731152738
.0038228967896047103
.008886975884314195
.032512607857147637
.06273763950164547
.035752114103514594
.016461537146304307
.10370211238180331
.02036641231845146
.04265774883616668
.0007309961796589017
.0015593733494908375
.00986087116134564
.00355592647974558
.2452185274519992
.25325396696692876
.00587800919175008
.046546136451948085
.014484074305652966
.0004947921699541919
.01208111863974445
.0002991573237483724
.04895757123735354
.036943719933635245
.0841261611487592
.012062280027368193
.010986024006856604
.0016642884605047618
3853529457108621e-21
.016124332203462793
.03793381878042048
.2494206973562861
.23549202419872983
.0191255519402613
.03785093860482587
.013616158634549375
.024410023112518713
.003359087966801392
.22313680353853824
.052947060884038805
.06238844740616088
.22697641457969256
.0006966633076098879
.23549202419872983
.01862108993349918
.0008966110108412278
.023910274059357625
.024657649033264128
.00962851722646954
.09229672176906951
.19958838286839564
.007198765765562834
.021522043288153974
.2490064237343024
.10750819128267153
.013519795700291498
.06588369890782295
.00026787627533600894
.021477002564657253
.15783854777106313
.00013010601695807357
.012571953229771385
.028618371747452385
.00038738954471625005
.0034338491118686143
.007362230523573372
.006126081064544288
.020974647027975107
.08180296327755744
.0227603814396768
.24437049532567748
.006877306843052432
.0068004935967132295
.030439309314976105
.00023007594203739343
.011546329771091124
.06654607926279159
.2416223127191637
.23435613097538835
.05914644837474028
.039213740592239366
.05839700527653146
.24490823018951693
.24781985560959033
.010086996893909503
.00829767859155698
.2513449785976259
.031382545387528056
.1740922143673906
.004316669775891207
.006145884291254143
.10059599544264124
.15617519916438866
.25079780043365674
.0005503682013505758
.025136448602317778
.16911927527074402
.18477784538727363
.10860579572129216
.24290326684945382
.14206432276978903
.02803022081164124
.008533373487280574
.2541889487899901
.23549202419872983
.20827480250881136
.037568762966532734
.0068984647691597845
.013943778735575472
.012382273936629114
.24319012522792782
.0729057892156235
.0018858248009510482
.0029602051314027264
.014373894961639742
.05054251914503454
.0074854963410762925
.25195503273181
.0026712749156241554
.23549202419872983
.23549202419872983
.23549202419872983
.005137746123344001
.046211576735432094
.11378861737413447
.07058001154510553
.014208289338680425
.01728532748675372
.020778074471220185
.0006888530778330277
.00032813500682525517
.05225668843046815
.24756025640978846
.23549202419872983
.23549202419872983
.23549202419872983
.02430093067182005
.000541195308177384
.235048985483061
.18388984827548802
.005214365406738191
.01496632782558308
.23549202419872983
.03630023675475741
.13975305401577662
