1.4790000540485944
3909759283194617e-35
2151059397254383e-39
8871714544112471e-41
2483006998271079e-39
4564393226066522e-37
.00016122267510747723
.005984479845138665
0
9381901395529835e-20
.000583795782462379
0
16.74053777088389
.14499505723094208
14.741278317146596
0
1.1070540467093297
0
0
0
.015064354086469101
0
0
0
0
3.8115579976720912
.9710937898196695
.008464214366683709
.001500918497387537
.007666613741286497
.0006505153475249583
0
.0003273009230302911
0
1.0036119143248003
.005225905433931464
40482781382426916e-23
.39952944404416807
.3683788042082769
.0003627858754874342
14079407504262328e-24
.007027371365874506
.007027483365992645
14575771932421938e-21
2881986445540304e-20
0
0
.0006259707328640832
.2615676072979299
.5905585630447163
.4657574571820836
1.7716343804671018
.0002370216015456363
1.8022296175145018
0
8.976831054942759
8.883026671071269
.0007091074444078533
0
1.7736746677576227
.9988156810102192
14.155925022917131
.29573824280401984
24.764585825744998
10.043413175332297
0
5.156741399524211
7.370300399294837
.5788504442843798
4.810362177845802
1.5860163866673749
37.17997684610394
1.3423796104077834
4.86597785831444
33.6857031629177
9.647861860370023
9.536446963618397
1.4478651103569973
1.3424667681556182
5.3009916971068085
14.769687799296895
12.08272261321051
.005291816931918909
.7193995556609905
4490438994752258e-40
0
0
.08026089180134792
.03200038325828675
2.5394513522874624
0
0
.23901287885367586
.040478385091311846
0
.0003927817174533158
.014426512857288432
.19330457992993538
.19247696456006133
.11386225891709428
.030690865767357054
.09218772447357948
1.9205986518875546
.42098470455792286
0
0
0
4.645966627614254
.21881122772761075
.0816083664835591
0
18827650015026594e-22
.47072456303825777
0
0
0
0
9354072287963167e-20
0
.02960049961827907
0
.0002245766924371431
.0029883962331001377
.004437958596494261
.29566608219168716
0
0
0
0
0
0
.2088819076070973
0
12670697649678166e-57
0
0
.1768010363361722
0
.21503843501605285
.07075996871113888
.8313268176851184
0
33.00507233984018
0
0
1.852700030178237
5464.931362031953
216.50735362513308
290.87066077711114
0
112.10655528390728
.0731858164584242
0
.029245118033798444
.07183880574539285
.005982972634001513
0
5.7192968318064885
0
0
0
.09141704764998056
0
0
.005670472412334893
.160795290959594
.2477405660243799
.227865315366264
.21617747502544923
.00570174919581821
.002008090950675695
.0043789210337117765
.007291919076682121
.0075430697036357386
.0029071729314193388
.01633999231837707
.17782617016288568
.0014195917205449163
.008336562367951213
.2323234354558562
.010527654141829513
.004029506494717663
.04395667997774958
.003822412994047413
.00888434205292293
.03247606504087024
.06259454994733729
.03570769837915094
.01645239804151106
.10327934062210573
.02035234038416214
.04259380851787302
.0007309785690443963
.0015592931151036777
.009857623788816303
.003555508057533902
.2410515230114089
.24700180567874397
.005876862012163795
.046469519427192456
.014477019927319349
.0004947841042364639
.01207622829240632
.0002991543761041946
.048872469156582686
.03689620362777426
.08385859660467758
.01205740505566681
.01098198659539785
.0016641970527644589
3853528968220238e-21
.0161155681185408
.037883641727244705
.24263150331319996
.227865315366264
.019113165821536934
.037800987231669615
.013609932411885654
.02438968329159458
.003358714692156784
.2202531823356638
.05284685352301317
.06224703297962561
.22392144663245866
.000696647313178315
.227865315366264
.018609357555354325
.0008965845102538184
.02389077354664382
.024636886531509177
.009625422146283065
.09196950009571199
.19753225248005968
.007197041822795314
.021506301433680524
.24447305144585796
.10705016451778529
.013513658173299654
.06572501900527108
.0002678739120034185
.021461327606319434
.1567222951870841
.0001301054595599318
.012566653582230242
.02859023117834814
.0003873846013088384
.003433458994729987
.007360426969107623
.006124834562153404
.02095970822135118
.08155108841173149
.022742742604893035
.2371844242421785
.006875734165029427
.006798956025531402
.030407382905382703
.00023007419872478094
.011541866333308472
.06638400168405621
.23773518263422708
.23092598325870983
.0590200657107997
.03916000961675968
.058273964819244475
.23775707951733355
.24341237160585005
.010083597747277817
.008295384461953822
.24477426305116448
.03134855933652659
.1726660093134194
.004316052492472966
.006144629680765139
.1002007196672158
.15508746454743313
.24604417411174934
.0005503582211652062
.02511485601111494
.1677942919158416
.18311233532642865
.10813727563501609
.23562807549464862
.14119763030999952
.028003249756587738
.008530946339389974
.24823489807955257
.227865315366264
.2059492778820048
.03751957590056051
.006896882350774253
.013937246101865034
.012377134445835344
.2359317007360004
.07270900728689265
.0018857074013255955
.0029599154107816006
.01436694864158475
.05045157650979607
.007483631551383712
.24702809207131746
.002671039089397878
.227865315366264
.227865315366264
.227865315366264
.0051368706375510996
.04613609897714403
.11326852084199292
.07039636280656732
.01420150383386511
.017275238303862916
.020763418748987947
.0006888374401904304
.00032813146033381144
.052159191217958235
.243178737413804
.227865315366264
.227865315366264
.227865315366264
.024280775632949978
.0005411856580225398
.2315797412469689
.18224545314946142
.0052134635136853805
.014958790442625191
.227865315366264
.03625440856224976
.13891924260678562
