1.4844516989588348
0
0
0
0
0
.00015375374726113157
.005999052021209144
0
8846601753148222e-20
.00055057981488021
0
16.738903784860565
.12328393682300565
16.661905580253165
0
1.4630691091810397
0
0
0
.015060902637267306
0
0
0
0
4.61526267217197
1.0940020971484754
.008075908070573581
.0013813872452985594
.00742069271814607
.0006299187921651637
0
.00032150745391721405
0
.9958230132129468
.005401088890261789
4022367588285409e-22
.3924841578313302
.38636079220412634
.00035357295706630725
12018845634229141e-24
.006802445076379982
.006802562456558908
8902525239054846e-21
2618474405836808e-20
0
0
.0004797762648017134
.22523389443582142
.5870318122392121
.5991542332790969
1.7599576451794714
.00023378003468603158
1.7798082873773178
0
9.075479052676329
8.981882262387243
.000539172663002738
0
1.8606564815457205
.9969081127203493
9.361769650304145
.13217412530675057
18.835745071170432
9.962586009238347
0
2.79126439569184
3.4162692818826375
.6582525317076839
6.723244899572387
1.7722758120808628
37.1755788128521
1.3371612345373594
6.471466025271522
33.64685254202438
9.660539125873813
9.518994128587783
1.4455549119680309
1.3370051432370138
5.296462501085453
14.550747665460904
12.081897599009444
.005092453284050249
.7193274704045766
32911921688343766e-41
0
0
.1072022880225591
.03188185852385257
2.5210272349383356
0
0
.3305652761906056
.04031900615252069
0
.0003844383652500179
.014230716700134172
.19269946474683305
.19241112606085306
.13032059529980486
.019990942443075966
.0928703018476457
1.8834400858767575
.4143463912660719
0
0
0
4.598323885831697
.21876437153362271
.10243653468273164
0
12143109213838113e-22
.4444111030009269
0
0
0
0
8794388374330867e-20
0
.02968751364485768
0
.00024519382427620604
.002793668084224608
.0035438518638051864
.30415156432991336
0
0
0
0
0
0
.20940861004099054
0
1608945603498678e-58
0
0
.229166754497955
0
.21382310170117794
.0702808809398488
.8251167699812797
0
32.9959067987544
0
0
2.459673818309512
5464.4030305636525
216.48205831445074
290.86956735887566
0
112.0718929956199
.07295426580793613
0
.029083183691870743
.07138782113859132
.005966749226386435
0
5.861203859241734
0
0
0
.09100380778689217
0
0
.005670295632600238
.1605991165748993
.2469081137950657
.22662645455646713
.2157321821326429
.005701570452173026
.0020080689018419687
.00437881581629372
.00729162602945417
.007542756003415626
.0029071266569701748
.016338500313609974
.17757237339921011
.0014195807110715063
.008336178737034072
.2317464989113171
.010527040311879435
.004029417445463744
.043945387372306806
.0038223328876050267
.00888390598860972
.03247001831604932
.06257088707240838
.03570034884707475
.016450885174698206
.10320949980571997
.02035001113229878
.04258322980844583
.0007309756529202105
.0015592798293829705
.009857086155285624
.003555438775193793
.24036836948970794
.2459815015240388
.005876672070774762
.04645684448838944
.014475852115027329
.0004947827686362031
.012075418684334501
.00029915388800266904
.048858391272792664
.036888341239388625
.0838143724341603
.012056597992764127
.01098131817825969
.0016641819169194055
3853528887264565e-21
.01611411732181789
.03787533924976917
.2415252434061128
.22662645455646713
.01911111556189139
.03779272208123906
.013608901678167614
.024386316829527913
.00335865288511399
.21977928905184788
.052830278364758884
.06222364692993577
.22341955357496504
.0006966446646745093
.22662645455646713
.018607415488724428
.0008965801220618153
.023887545965934592
.024633450128746424
.009624909723852887
.09191542709091288
.19719382520649914
.007196756392659237
.021503695830416916
.2437303701667154
.1069745077989359
.013512642120945748
.06569877989600646
.00026787352065803683
.021458733073360724
.1565382167882462
.00013010536725986097
.012565776222153408
.02858557401512511
.0003873837827295036
.0034333943989903666
.007360128358761141
.006124628176639333
.020957235511466592
.08150945502504851
.02273982308622626
.23601503640568428
.006875473777888378
.006798701450621372
.03040209940122257
.0002300739100485965
.011541127393227843
.06635720116353747
.23709756989064554
.23036284558772532
.05899916391414902
.03915111934064931
.058253615419046785
.23659322892026752
.2426901332030651
.010083034988609784
.008295004635191151
.24370290922870474
.03134293509406821
.17243097226618873
.004315950284207999
.006144421952859878
.10013541547994045
.15490807766867626
.24526575647811039
.0005503565685504733
.02511128225561277
.16757589015918062
.1828379937276487
.1080598880602031
.2344445739191512
.14105462469160704
.02799878608881741
.008530544491364048
.2472625072618327
.22662645455646713
.20556670489341167
.03751143716584281
.006896620351037092
.013936164649738896
.01237628359659836
.2347508524436622
.07267647320181427
.001885687961670462
.002959867438294314
.014365798715189827
.05043653299737174
.007483322803208498
.24622158259639165
.0026710000406279595
.22662645455646713
.22662645455646713
.22662645455646713
.005136725679089617
.046123612417077416
.11318262707332827
.0703659983163641
.014200380525854804
.01727356819102642
.02076099288622029
.0006888348507666076
.00032813087306926515
.05214306408856554
.242460716973196
.22662645455646713
.22662645455646713
.22662645455646713
.024277439746809598
.0005411840600571423
.23101022656928394
.18197457821567056
.005213314183067694
.01495754268372209
.22662645455646713
.03624682539628133
.1387816515632036
