1.498603703399016
0
0
0
0
0
.00013766637751169057
.005632717844921606
0
7595074922807458e-20
.0004728732941892616
0
16.73465849979712
.09501068113301664
16.646656091728527
0
2.0688359590504786
0
0
0
.015051946667776758
0
0
0
0
6.814041432135332
1.5163452585002928
.00723232272620604
.001207097015535497
.006744719483388133
.0005730358950542353
0
.00030815796482461575
0
.9757670131400835
.00508827365663656
3655729911216295e-22
.37622121591554797
.3711365944947112
.0003288010341319144
8730572487956338e-24
.006183330941470469
.006183448049539773
8323751897503645e-21
19825210697606952e-21
0
0
.00040756724986821765
.20853006688728756
.5763496350692081
.8081910915640246
1.7325516070526767
.00023000106021261871
1.7505261257728113
0
9.1416252489502
9.049107797771734
.00042789003929875343
0
1.9233886722626836
.9904643506892821
8.777307523140262
.10334702604659653
18.649651021363404
9.782648018640463
0
2.559185834045411
2.5139392570325083
.9535523708947538
9.832338013164556
2.3763627492768746
37.16395544491387
1.3271219321243508
9.264930495470383
33.59264167835953
9.636471830450036
9.492345812775401
1.4423008393485854
1.3278821165964754
5.28618469394848
14.075030020671926
12.07957888282312
.004792325821524985
.7191514378137288
14672033729760302e-41
0
0
.13974309895513687
.031626727549636954
2.4786295347325225
0
0
.5089139075924501
.040700223165268834
0
.00036662517380834335
.013788818719391095
.19113851163366039
.19223631465057608
.19104328834141074
.018171563571913216
.09251583771735146
1.819377821991613
.40413308625551414
0
0
0
4.490976256037951
.21864236357403152
.12214573117284792
0
17119285836178312e-22
.4200600818982481
0
0
0
0
8336492280074597e-20
0
.029682069313286777
0
.00028295076930447464
.002745761048269708
.00302407829895893
.32893730703389906
0
0
0
0
0
0
.20973355949940406
0
551067896298087e-61
0
0
.28610352666207195
0
.21070077337416454
.0691722015278026
.8090124365964726
0
32.97213951193731
0
0
3.500528615035592
5463.031765591754
216.41640764168432
290.86672895773376
0
111.98196266937418
.07236147958242962
0
.028666973977292152
.07023170390153897
.005936495310306891
0
6.42899116569954
0
0
0
.08993781646205658
0
0
.005669836753233988
.16009098097842786
.2447601710263125
.22344182352762412
.2145805161895617
.0057011064750932625
.002008011666083238
.004378542692665152
.007290865358852086
.007541941725333751
.0029070065358912556
.01633462783252453
.17691522802038231
.001419552131817607
.008335182946342374
.2302554991204936
.010525447028810093
.004029186290393135
.04391608627193294
.0038221249459596887
.00888277410279944
.03245432505015553
.06250950201340168
.035681277149286574
.016446958550962867
.10302841936587447
.020343965837573766
.04255578064368853
.0007309680829652526
.0015592453413153825
.009855690641425309
.003555258930458812
.23860398411047723
.24335250700532066
.005876179027808042
.04642395756366945
.014472821013747271
.0004947793015488562
.012073317264268605
.00029915262093652535
.04882186521321182
.0368679389697807
.08369967908841781
.012054503178542625
.010979583214349414
.0016641426262012425
3853528677110562e-21
.016110351787030196
.03785379521901134
.23867697176923938
.22344182352762412
.019105794289441765
.03777127489052216
.013606226345818827
.024377579950206094
.003358492444619677
.2185538560488711
.05278727493013683
.0621629797423145
.22212192626432847
.0006966377894318935
.22344182352762412
.018602374995562616
.0008965687307905113
.0238791694771445
.02462453175772252
.009623579646320804
.09177520652757291
.19631800066631042
.007196015493244056
.021496933380252214
.24181294637163858
.10677835888789579
.013510004892381515
.06563071429157216
.00026787250476152815
.021451999351330714
.1560613734847222
.00013010512765706815
.012563498956232782
.028573487957711554
.0003873816577755568
.003433226719640943
.00735935324835412
.006124092449935124
.02095081792931155
.08140147748580674
.022732246014309298
.23300624413518595
.006874797881139341
.0067980406403926
.030388388160250992
.0002300731606715745
.011539209388707053
.06628767979121804
.2354503518999551
.22890738951851675
.058944939178368246
.03912805036238844
.05820082327487445
.2335984937461351
.2408252502589143
.010081574261769076
.008294018718534432
.24094360146556948
.031328339750247916
.17182232835032007
.0043156849715806815
.006143882741740498
.09996608996650512
.15444337250464832
.24325652574721313
.000550352278526975
.025102007464961038
.16701026373672523
.1821277432295096
.10785925491483653
.23139997556107314
.1406840699621775
.027987202109163424
.008529501416565255
.24475600496932817
.22344182352762412
.20457689176485436
.03749031794484572
.006895940268555257
.013933357684052603
.012374075137654325
.2317129826611317
.07259208542543077
.0018856374989218525
.0029597429094445904
.014362814034072458
.05039750225698978
.007482521378773371
.24414022129071766
.0026708986760216862
.22344182352762412
.22344182352762412
.22344182352762412
.005136349398399762
.04609121414463673
.11295995807250385
.07028723580947252
.014197464928908566
.017269233474339608
.020754696876468297
.0006888281288890156
.00032812934858557997
.05210122270764839
.24060667675607048
.22344182352762412
.22344182352762412
.22344182352762412
.024268782210318255
.0005411799118975103
.22953834357761818
.18127328764658765
.005212926553505241
.014954304093961465
.22344182352762412
.03622714754749038
.13842511267837726
