.0001600175193394348
324.1631209400322
1.2434680793630306
.09820666716230085
.011975174181941628
2.043727049013812
4.558244093770974
1594.5458002768407
0
.28743017395412385
.1707239728522303
0
13.748715798876187
.4330172587052708
170.33873863768613
0
.7133140880115248
0
0
0
.016030443127708772
0
0
0
16957205863469243e-96
15.169624941462105
6.927458120507549
77.2469515524408
11.236709154771093
47.94349712856269
34.04268461628457
0
.0535371726234878
0
1.180279424166977
4.369122911866664
16.184844782042116
41.32808369082215
316.2429689505836
37.90631956220221
.00357727028255661
685.4407616081699
413.7216509312104
.1553779396223632
16.64315998969728
0
0
1.532041602400883
29.6992580822405
.059374599506391144
3.009270942756719
18.168316068407268
2.872698368134704
70.2063716121985
0
3.8146293492596963
254.53410573856488
313.1675960982757
0
.1538778992108002
.04163851623261107
29.12407457372679
54.160410461553035
56.46056168171611
8.900621482286988
0
34.023587791728396
136.51406586516944
.7002324329489743
.013372249643595423
3.3826282047334764
36.5352926893537
9.324463476538112
11.150771533005633
97.00958138968282
115.85525307566483
3.6483123795579844
8.043276963252048
.7301056619412912
5.265476507819006
14.42765163226302
7.325155459107683
41.81335808620055
.5590768575101472
9.91049460885962
0
0
.4691725367114743
.033230849215140995
5.301945861581627
0
0
.5800232676859104
.1730327127111979
0
.000413090235370733
.029755851591683657
.44398876513959773
.11549661527345409
.4549012958093747
.5949017656992456
212.6012932546339
5.6508814614697584
.6168708629442933
0
0
0
6.562579897841857
.20848522057574462
.2452138449146681
0
.0011684311785240082
5.792296915468809
0
0
0
0
.0010965890460525043
0
.03246253380419451
0
.11810358960105274
1.954607348389038
1.67503842929536
96.56880976476886
0
0
0
0
0
0
.23553967790076608
0
5.358261500995394
0
0
5.696077605126686
0
1.0172258036867972
2.65459513255964
6.060747303801461
0
35.5543280534407
0
0
4.235840433997141
5610.1520596574155
223.47938958806864
291.1674186272197
0
121.91637113825708
.16312816954717962
0
.1317411099104277
.45086518645664203
.009766667813742311
0
88.63431833462582
0
0
0
.404243201641784
0
0
.005718630649773348
.22391898187892872
.6173371388033038
.9998399952828542
.37820664290387995
.005750443591949894
.002014080974922818
.004407556393760164
.007371849006128808
.007628649166699821
.0029197528056660897
.01674979386253822
.2619719172252839
.0014225813597370783
.00844128264227534
.45605327532035245
.01069549338388309
.004053735251716557
.047129651385617824
.003844205174905635
.009003424922081104
.03415875666378504
.06935546830935894
.03775829242134235
.016867966255068
.12408136154016725
.020994132195073283
.04556269705247738
.0007317700410015886
.0015629012485609145
.01000455312546439
.003574351868648502
.5205480544193227
.7591851934284037
.005928613816023322
.05003868492116251
.014797310884046157
.0004951465389061788
.01229786321062336
.00029928681034028707
.05284506289704858
.03909208285419267
.09675922074441422
.012278340008195483
.011164815427548451
.0016683079643336142
3853550928717427e-21
.01651398123720893
.04020436660499137
.8381391364779949
.9998399952828542
.019677530867750297
.04011111692378473
.013892436956898074
.025320263344191067
.0033755228462058915
.3950671996471391
.05754069531833288
.06892669525152212
.4115726402078154
.0006973661313171388
.9998399952828542
.019143728085283182
.0008977756662865669
.02478260495844884
.025586989291660926
.009765436656688692
.10787711467777315
.31452141344350193
.007274888544648265
.022224897449184836
.5580404021303474
.12968122445755698
.013792118032078417
.07324406208856707
.00026798009139380075
.022176844899961575
.21556819153333265
.0001301304997497302
.012806927043998103
.02988199090700885
.00038760671705683977
.003451026507832732
.007441878504581823
.006181077317221394
.02164135688085815
.09366746998188347
.023548708844114162
.9064725234014668
.006946733468011361
.006868366473853898
.03187505689472245
.0002301525198247212
.011744072109807288
.07406870878064761
.49258908169183785
.4478299855092065
.06497237872773295
.04164772729141334
.06406500611669376
.8999923078448452
.5450264667247358
.01023742015553743
.008399063055500693
.8045181823205824
.032912097510876884
.24985054428209363
.004343867582767738
.006201239103339456
.11958477136695056
.2122867825876079
.5811918657939911
.000550806700877381
.02610331540201972
.23890078342571833
.2750128120128006
.13131507089166572
.9235130134046958
.18586826069290244
.029240746209469936
.008640655629570275
.719867262085664
.9998399952828542
.34104089109262514
.039793831243821284
.006968322504075154
.014233726944539744
.012610113521374004
.9202490714754183
.08209454478824259
.0018909881052819213
.0029729574180893817
.014682307094256157
.05470259155882518
.007567856257179612
.5997963258626486
.0026816527599938292
.9998399952828542
.9998399952828542
.9998399952828542
.005176344230516292
.04965119507721179
.1391489447728514
.07913641883723081
.01450952275773886
.0177342966143776
.021432048704541705
.0006895402196226326
.0003282908034248433
.0567233494838526
.5423603119938681
.9998399952828542
.9998399952828542
.9998399952828542
.02520282281615956
.0005416193042682173
.4516270827987977
.27282775214817917
.005254130037685248
.015301136476398934
.9998399952828542
.03837116039739272
.18176184617044525
