2.6310166192648987
5853616683469995e-33
2163006561626769e-37
5636436083958685e-39
9498728643382089e-38
406265240249749e-34
5871820270418428e-21
.0002552291120640168
0
3295522726117621e-26
20524703233718948e-26
0
16.323475614064492
.04689302744339725
16.276180322524358
0
1.4289253600261853
0
0
0
.014352357807491643
0
0
0
0
7.39763652492627
1.253418003797002
.00030315347634904513
4460529336946048e-20
.00026889537782206476
2406315329723669e-20
0
17529952967875108e-21
0
.12076599524352492
.0002482319336742608
834557625242519e-24
.01887230126864371
.018627857180807363
1025083299096906e-21
2632398463082635e-25
.0002450087439999782
.0002450105148361935
8544211205028193e-21
8591909433778379e-21
0
0
.00033433778289770086
.1729170635269955
.49730714547103166
.34813777088114817
.5873140555132514
.0001296265157129952
.6120937904230977
0
8.893748061253168
8.860678629974728
.00034276361282411047
0
1.7306181803508094
.5234808631274103
9.876138103283031
.03364846679996089
19.099723553325376
9.257067788425264
0
2.916830698830612
2.917654474905924
.8690971937076075
10.004129580376425
2.4637810923322383
36.00685711594799
1.0250359693109794
9.215527612632389
33.650336980192655
9.52192580725393
9.403666608363922
1.4315256018612743
1.026459900875066
5.248311694305615
12.239970994211447
11.795657708660611
.00024915263063275374
.6791316047895468
21349271700436954e-32
0
0
.21927893687676914
.0304362365108917
1.2072024243936799
0
0
.5871273446500618
.06308532189205489
0
.0002842370820783826
.007124562467606067
.10077166699577675
.16498698262461145
.1838388407669105
.02494845037881718
.03298686309538192
1.0366200932823262
.4156442050489148
0
0
0
3.1243954080219503
.20671503812068606
.13983638555232852
0
9158822247155321e-22
.191035168667254
0
0
0
0
7279737607491868e-20
0
.023414775053823982
0
.00028346502946115053
.0009845691757347772
.0006955758160651277
.2104921748670992
0
0
0
0
0
0
.19037168487332587
0
13628117458386441e-32
0
0
.21434705773674217
0
.06569353933953467
.023813303608825685
.20319365514565854
0
30.392548422533295
0
0
1.4977542360939826
5354.414180454681
211.22720444861486
290.63969597215294
0
105.01496613127823
.03906921326986131
0
.009041709085927845
.02007731462320974
.003011660894182696
0
4.928580182672449
0
0
0
.03062540917058365
0
0
.005633238333654032
.1242326184103653
.12162378914976302
.07194327375092639
.13981627039973699
.005664102156036042
.002003437068124588
.004356743059032894
.007230254655428431
.00747706908273169
.0028974107770959974
.016027716877956164
.13149695911662088
.001417267145530614
.008255886288354969
.1373638763002236
.010398734510305868
.0040107326790386885
.04163370284135249
.003805522520035539
.00879266893383208
.031222896107450538
.05778784604082581
.03418776542685699
.016135777571832526
.08952244574189987
.019866010219761053
.04041574730048433
.0007303626055198538
.0015564881516290994
.009744662663518892
.0035408975911088215
.13231217319892344
.10295842163164401
.00583686058171466
.04386648911470334
.014232324815608778
.000494501951424324
.011906346142853703
.00029905125042680575
.0459859196533537
.03527144206352152
.07501300124505036
.01188805507460653
.010841639976346764
.0016610016726419782
38535118610770175e-22
.015811876569528815
.03616902105549105
.09232943617699906
.07194327375092639
.018684765166857402
.03609398477120932
.013393848019521775
.023688524750830116
.003345679153910641
.1397108433580875
.049457297739360535
.05749540920507233
.1393611512109981
.000696087867212517
.07194327375092639
.018203440040723246
.0008956576947786989
.023218334651116845
.023921269804573018
.009517743344157116
.08122131952580537
.137486386897433
.007136976893040841
.02096265329975653
.12851318664584022
.09219426915239401
.01330063938389585
.060406701879076236
.00026779122739832714
.0209199743962304
.12225646426761218
.00013008595658788784
.012382608443602526
.027622768320312224
.0003872116613156983
.003419835890099805
.007297594448414535
.006081376301567145
.02044361584345848
.07320919553794304
.02213405741055047
.08341082342490579
.006820928901196845
.006745371693164727
.029311052013019968
.0002300132050474656
.01138676351077212
.060954424641047715
.13476645627204778
.13783800443930713
.05476368479597339
.03732550377059488
.05412794325527924
.08424008481074877
.12989006222673133
.009965373381779621
.00821550645094959
.09682998168981206
.03018221425470371
.12947702681756731
.004294508008195562
.006100889260032754
.08730501375607408
.1214394381497162
.12593207422613376
.0005500091084625125
.02437085529380252
.12742143409446918
.13338639424594034
.09295537603706797
.08124917107299448
.11398034222361104
.02707564398839494
.008446448915658862
.10827413269143438
.07194327375092639
.13903029120999727
.03583837869446651
.006841738355630054
.013710573268277692
.012198630435829076
.08166102736522822
.06614765249851921
.0018816039528126254
.0029497953433040955
.014125985373183238
.047370281740010275
.007418670549997249
.12375210323225215
.0026628001555005407
.07194327375092639
.07194327375092639
.07194327375092639
.005106329403567636
.043571191496557686
.09649139934423676
.06426233338972637
.013966095108557085
.01692588155591123
.020257043577089653
.00068829047129162
.000328007385640284
.04885972711691227
.130164901233596
.07194327375092639
.07194327375092639
.07194327375092639
.023585938821777702
.0005408480881427064
.1376245417318569
.13308959995662895
.0051820025136367414
.014697419168673053
.07194327375092639
.03468670536664589
.11267296352552492
