2.6876119629604864
12007243762259927e-32
4346933673071094e-36
11117641641117888e-38
18238493001524003e-37
8128738346997155e-34
50043515431402695e-22
.00022257764375303025
0
18270190887612937e-27
11377784791108705e-26
0
16.282587694154806
.04831005771067909
16.229314496119276
0
1.4043373202810339
0
0
0
.014318263848932736
0
0
0
0
6.939690174629085
1.1746649960415978
.00025811104807856115
28364007539412296e-21
.00023558645715599416
21132859842900087e-21
0
1546730424020148e-20
0
.10802550325195172
.00021669745102588094
6317280602620981e-25
.016433198879753707
.01623277271731355
7870577990163928e-22
24005332805178996e-26
.00021455304304281885
.00021455403520678282
8287998532908404e-21
8443291388718108e-21
0
0
.0003267865249285925
.1656674659862198
.4921155731767088
.3346868218761809
.65101864882712
.00014371392953538902
.6748229041855662
0
8.867287126270245
8.834957034890133
.0003358440439395764
0
1.7070871871394835
.5047635263383563
9.436328401851446
.03051251267029633
18.61958099867922
9.209919615648353
0
2.7278966737043993
2.7315697674737067
.8036339050657442
8.993253890400911
2.3478928580794336
34.02023212852408
.994632301243354
9.226589339688841
30.152371928880545
9.56355304396317
9.41596541781945
1.2326413890750998
.9876738072824031
5.245047606377409
12.114112908268108
11.778712652403895
.00021770689503200738
.6745342846404155
7257718561567553e-33
0
0
.20542968909512532
.030318513969591156
1.154217059451046
0
0
.5925739087720715
.07101592197758835
0
.00027945153012245115
.006874518756469725
.09762122562413945
.16315659979950387
.17133683457850016
.02411589163675121
.03224554446207176
.9918904157770293
.40973626480504577
0
0
0
3.0612723663357824
.20597905784506215
.13277205574622822
0
1412461996308357e-22
.16302720054603786
0
0
0
0
7172320881945235e-20
0
.023129247804687666
0
.0002541003781835141
.0008868807411392331
.0006278603291623991
.19020861154465524
0
0
0
0
0
0
.1894323935453862
0
0
0
0
.22480897500691813
0
.06201522645395365
.027379745390218684
.1912199668813043
0
24.765344708163575
0
0
1.4590792232326233
5349.042750179432
210.97114997026176
290.62835404616595
0
104.67837640530718
.03788194057641949
0
.008535226545305289
.018902942026662102
.0028869430555777727
0
4.389634531683593
0
0
0
.019471939676832955
0
0
.005631415441414945
.12266812097053492
.11744733764513007
.06798449457436531
.13685514358901582
.0056622590816699835
.002003208714072782
.004355656416579043
.007227238729668917
.007473841580733988
.002896932035483243
.01601253039631827
.12956162841235458
.001417153043821095
.008251943080236829
.13386352181502284
.010392441892930404
.004009812631507209
.04152279960641927
.0038046946644527836
.008788189747240027
.031162593150262614
.057561459415445416
.0341147856609091
.01612038088703656
.0888959702141015
.019842419957497946
.04031166326475379
.000730332358338236
.0015563504817406985
.009739146680026982
.003540181369048195
.12847066892457787
.09862772310701987
.005834902455244532
.04374243585332531
.014220410789700336
.0004944880941948651
.011898062171364134
.00029904618506764184
.04584858996133642
.03519349223918626
.07460333712020996
.011879796955627039
.01083479154973416
.0016608448507792882
3853511020652995e-21
.015797105425803808
.03608681581432516
.08805134861352737
.06798449457436531
.018663968270950182
.03601214012908824
.01338332125878257
.023654603053835
.003345040059829132
.13662149979896043
.0492964987556842
.0572715580133642
.13615227708292496
.000696060394781261
.06798449457436531
.018183728218308503
.0008956121876303125
.023185791775522126
.023886654233908924
.009512484539584072
.08072693745920598
.13506058764210568
.007134039023942337
.02093630241700804
.12451743009862976
.09152008532496607
.013290261336248273
.06015681490327101
.00026778716599328483
.02089373398444469
.12077392372642544
.00013008499853689782
.012373636608372497
.027576092458810843
.00038720316724859114
.0034191680198598076
.007294521522669208
.006079249283273185
.020418591742786884
.0728221240432184
.02210457784281338
.07923881971227441
.006818247758214833
.006742750155395136
.029258222860798825
.00023001020901584334
.011379197687200976
.06069943882855647
.13106095699536158
.13438810872285228
.05456267903950303
.03723762805285806
.05393204050103466
.08005597088624503
.12594424364856735
.009959601203831499
.008211602150299275
.09251930333081103
.030126046733496344
.1276589786006325
.004293452363874394
.006098748457823572
.08671612190101133
.11998908834018893
.12185676364391494
.000549991963242298
.024334878023149348
.12571013535105133
.13132628437504348
.0922670939705426
.07711085373617271
.11278759815369271
.027030873617539634
.008442319429878088
.10395097164540622
.06798449457436531
.13637239442115112
.03575775575073255
.006839040676722538
.013699532964456295
.012189927682206284
.07751605656887568
.06584102806166295
.0018814025921610673
.00294929906539107
.01411425223039355
.04722385299617843
.007415493769656134
.1196212897723759
.002662396055317152
.06798449457436531
.06798449457436531
.06798449457436531
.005104833686582674
.04344892617428139
.09573447874227299
.06397515812919259
.013954631231113335
.016908901884641763
.020232487522675886
.0006882636114383683
.00032800129140763594
.0487031238938941
.12622978336126756
.06798449457436531
.06798449457436531
.06798449457436531
.023552320569971016
.0005408315097082387
.13415115173078754
.13105028081176034
.005180461824803975
.014684697077350078
.06798449457436531
.034611459975520086
.1115198167737913
