2.699422202253272
4732188446049078e-37
1688803342402694e-41
43460532844351995e-44
7086759046969752e-42
31870264345930988e-40
4707636402528646e-21
.00022654929945348148
0
1609916152262939e-26
10025608337127361e-26
0
16.27271580322678
.08607595920442915
16.105049104812636
0
1.4169580420127375
0
0
0
.014311159447944671
0
0
0
0
4.982181475967208
.9383829448982649
.00024251991294470097
7819381437674654e-21
.00023441656764762667
21027001754490183e-21
0
1517579385618464e-20
0
.10555597392812072
.00022134042472508745
6266192338162855e-25
.016077844669790127
.015986832572620083
7529308729234994e-22
43659403758498473e-26
.00021337885292829932
.00021337875454228482
8818150652219912e-21
8476344335738833e-21
0
0
.000339607034344383
.1428371111975819
.4876226110130235
.33550735682570115
.9575306052345642
.00017840348562422908
.979200379823878
0
8.728800110075468
8.677090115287989
.00033562729547802835
0
1.588568257693856
.5004365732741163
7.946033007222715
.02641002103175054
17.082286774142347
9.133327802548074
0
2.1032373308298027
2.0613312414761773
.5699898670099025
4.34955906741203
1.9283813002111538
21.764257806419675
.8630920236980453
9.349385424325215
12.738706785198138
9.705769312923806
9.504561123593204
.5027890619870606
.7734730148000774
5.239975323060027
11.941848344313366
11.775123646152151
.0002215165938972248
.6733955175383595
3398992997575142e-33
0
0
.11179005019257167
.03018520046432033
1.1393500306750897
0
0
.6038013288003902
.09479469501268152
0
.0002740134844515557
.006758982945106271
.09694650515556298
.16277024470152826
.13193539410418523
.022689296571257553
.041436014668547606
.971597368780726
.40424149965703077
0
0
0
3.024471951393547
.20582337891968439
.08185183736468864
0
8314360052065937e-24
.07453151676280176
0
0
0
0
6681971561100504e-20
0
.022942864009954045
0
.00012366957807843175
.0006474070447727801
.0005761272458703315
.11260909856940964
0
0
0
0
0
0
.18924987033596208
0
3586904223024029e-36
0
0
.17487991495924776
0
.06127438406284006
.04589642524854474
.18863771889329609
0
8.491660894583767
0
0
1.4665868061392315
5347.922527176289
210.91775602874213
290.6259872843071
0
104.60827349925871
.03763094824953919
0
.008432790626119839
.01866709137674881
.002860133060975255
0
2.0038506414495623
0
0
0
.004330594505335284
0
0
.005631035117141927
.12234413758437479
.11659407087328824
.06718630390964045
.1362451775666541
.005661874547060312
.0020031610647426317
.004355429691693085
.007226609529057805
.007473168245727333
.002896832142311445
.016009363117184008
.12916137379591452
.0014171292343901662
.008251120454483448
.13314440556132764
.01039112923840612
.004009620663859137
.041499693755587874
.0038045219313898784
.00878725532448487
.031150023907461494
.057514329336577776
.034099576001693055
.01611716978109927
.08876579216315615
.01983750070764869
.040289976979733896
.0007303260465555218
.001556321754511449
.00973799600592979
.003540031927074571
.12768321470542346
.09774725727863479
.005834493918929911
.04371659286663533
.014217925845061099
.000494485202536054
.011896334210486465
.000299045128046206
.04581998395342477
.03517724751516172
.0745181315643406
.011878074386196725
.010833362975053282
.001660812127273725
3853510845274476e-21
.015794024744324682
.036069684914494006
.08718394507835457
.06718630390964045
.018659631323188878
.035995084320727275
.013381125592297725
.023647530448802877
.003344906709942766
.13598549066910456
.0492630094366134
.057224955087339005
.13549203442434848
.0006960546620084376
.06718630390964045
.01817961747478049
.0008956026915521215
.023179006527146717
.023879437023483153
.009511387505898618
.08062415065540199
.1345598006722522
.007133426105949559
.020930807729552456
.1236994121412774
.0913800206265955
.013288096680837205
.06010479935072141
.0002677863184725766
.02088826232340509
.12046682444627871
.000130084798613011
.01237176519798253
.027566362155070308
.00038720139474172693
.0034190286660569997
.00729388043191314
.0060788055138209654
.02041337361182909
.07274160897928175
.022098431040189263
.07839491877709749
.006817688393870938
.006742203224964683
.029247210559600872
.00023000958381296375
.01137761949553099
.06064636341914826
.13030065117770862
.13367915842120381
.05452082657376902
.03721931637650382
.05389124929143521
.079209430865462
.1251360872808104
.0099583970953071
.00821078764018315
.09164427717276609
.030114338960635027
.12728282336741106
.004293232106181653
.006098301812878761
.08659373467763846
.11968862337691344
.12102312371599258
.0005499883854684822
.02432737703613179
.12535593366886028
.13090041415236564
.09212410830185447
.07627425942067471
.11254027680618131
.02702154033797082
.008441457949052577
.10307084591872581
.06718630390964045
.135824191989091
.03574095435272773
.006838477862919641
.013697230210296889
.012188112386585936
.07667802270650335
.06577722158213727
.0018813605752120131
.002949195513321878
.014111805003469292
.04719335357921918
.007414831015036095
.11877683722151604
.0026623117359751234
.06718630390964045
.06718630390964045
.06718630390964045
.00510452161765481
.04342345531636088
.0955772760973177
.06391539284048312
.013952240151769888
.016905360738733288
.020227366954030674
.0006882580064929398
.00032800001968574116
.04867050750609898
.12542374470783474
.06718630390964045
.06718630390964045
.06718630390964045
.023545311204482576
.0005408280502071859
.1334374665207287
.13062867689098276
.005180140373728798
.014682043637780792
.06718630390964045
.03459577846788109
.11128067247286058
