2.6987428984193693
4830413878029691e-36
1726213338468991e-40
4438339433971427e-42
7239836803402191e-41
3254153178786168e-38
4722696809759692e-21
.0002253472706711251
0
1621672466639014e-26
10098828273928233e-26
0
16.27329873533559
.079068224182019
16.107522715700995
0
1.4149153275879547
0
0
0
.014311567984256597
0
0
0
0
5.229953012922365
.9672344537499903
.00024333501689682678
8242570344127094e-21
.0002343964216462819
2102425873979719e-20
0
15186617165547683e-21
0
.10569633178075899
.00021997865294695417
6239080641596596e-25
.01609188935356544
.01599450598232735
7541882642165046e-22
3988684548997654e-25
.00021335396919182763
.0002133537982681529
8938764164288564e-21
8468408811967838e-21
0
0
.00033257807781357355
.1440640014997
.4880581048432705
.3351968784353655
.9350352266277511
.00017809030811572263
.9569178307154045
0
8.75291130870336
8.721550993045701
.0003330334904173793
0
1.6082863353868804
.5007366968476668
8.15218558904025
.026919140394616507
17.293001130027964
9.141312058061432
0
2.1799246341394913
2.1443483354076656
.5939105221615412
4.805198736135192
1.9810860250401527
22.454427213314272
.8789687413308968
9.333332948546166
13.275066051243657
9.708843016612963
9.497149604988573
.5207473595566373
.7877564150400204
5.2405055840659776
11.959506079269365
11.775332578800338
.00022037321672516982
.6734682526871326
35505047169868645e-34
0
0
.12173731260462564
.03019874475291025
1.1404195922459868
0
0
.6023976361001573
.09320910397853646
0
.00027456000720787625
.006769037272229956
.09698603600522884
.16279253694973564
.13660755312568723
.02290901861159507
.040813333932563985
.9733529441594435
.4047846259841717
0
0
0
3.0278570833598217
.20583235316250104
.08788088512468478
0
9779900163052044e-24
.07750717001442753
0
0
0
0
667607288600833e-19
0
.022969197380078125
0
.00013452030270328107
.0006695055498723995
.000573566413343135
.11981672281147525
0
0
0
0
0
0
.18925940408878292
0
5493295225851827e-36
0
0
.18582932210054257
0
.06131675272053434
.0443618508456642
.18879416784176156
0
8.994395469334506
0
0
1.464934290228667
5347.986954039828
210.9208267864193
290.6261234156923
0
104.61230442017106
.03764576540282208
0
.008438659047783336
.018680572244629347
.0028616897698640867
0
2.058393102588654
0
0
0
.004639148475020339
0
0
.005631056992017431
.12236274931402075
.1166429807906305
.06723195933187368
.13628018791567714
.005661896664095225
.002003163805416129
.0043554427321829915
.007226645718066426
.007473206973107923
.002896837887894598
.016009545276430982
.129184362173071
.0014171306038551924
.008251167768222127
.13318566293213605
.010391204735451642
.004009631705245689
.041501022414216764
.00380453186647405
.008787309068116832
.0311507467303849
.05751703912813261
.03410045065025012
.01611735446082909
.0887732746020089
.019837783621039773
.04029122401976891
.0007303264095964922
.0015563234068359058
.009738062186960031
.0035400405225385293
.12772837655111766
.09779768637239122
.005834517416432467
.04371807889506762
.014218068762860277
.0004944853688586369
.011896433592902175
.0002990451888440866
.045821628835944594
.035178181679349434
.07452302979669498
.011878173458538017
.010833445139007315
.0016608140094537419
3853510855361934e-21
.015794201923326322
.03607067003274082
.08723360415429758
.06723195933187368
.018659880749346706
.035996065121322515
.013381251873341238
.023647937195066263
.003344914379845556
.1360219923912474
.04926493506552148
.057227634576103165
.13552992346870119
.000696054991745994
.06723195933187368
.018179853892202762
.00089560323774682
.023179396748666127
.023879852085401845
.0095114506018841
.08063005921949593
.13458855464647682
.007133461358468553
.02093112373505329
.12374631706825275
.0913880710841115
.013288221178386659
.06010778997279239
.00026778636722037867
.02088857700471565
.12048446706257275
.00013008481011226694
.01237187283048787
.02756692173165973
.00038720149669293054
.0034190366812844658
.007293917304779196
.0060788310377678295
.020413673713237154
.07274623764785808
.02209878454694386
.07844321391305656
.006817720566263338
.0067422346822219965
.02924784385510243
.00023000961977346875
.011377710264359192
.06064941496343454
.13034426281030176
.13371983441134686
.05452323298232943
.03722036938724826
.05389359469235803
.07925787878334146
.1251824301079209
.009958466349529106
.008210834487157832
.09169438203941263
.03011501224744005
.1273044290697649
.0042932447747037914
.006098327502210241
.08660076948752471
.11970588517223922
.12107091823518358
.0005499885912550001
.024327808416808365
.12537627963803116
.1309248719697182
.09213232657236904
.07632213185955194
.11255448757637139
.027022077084153547
.008441507497505513
.10312126658512479
.06723195933187368
.13585566379512062
.03574192052506721
.006838510233707191
.01369736265010405
.012188216791814541
.07672597839368392
.06578088994007503
.001881362991926314
.0029492014693530792
.014111945752081738
.04719510731707987
.007414869133890512
.11882524663356739
.0026623165858004347
.06723195933187368
.06723195933187368
.06723195933187368
.005104539566784102
.04342491994973145
.09558631111130812
.0639188289191236
.013952377671270078
.016905564399007693
.020227661444848007
.0006882583288781356
.0003280000928327756
.04867238295017197
.12546996678375258
.06723195933187368
.06723195933187368
.06723195933187368
.023545714314096612
.000540828249190897
.13347841330973542
.13065288998836086
.005180158862478866
.014682196245880836
.06723195933187368
.03459668024753616
.11129441371453311
