.00038699347239346807
311.9674871428156
1.2459081531827185
.09815544966224214
.011971978137690244
2.0433945363469634
4.764994584222922
374.64311750807207
0
.28698401612589075
.17071932419922706
0
13.701890387322031
1.5994366749193443
447.3888484158276
0
1.8925283328422058
0
0
0
.016030290200840916
0
0
0
13728783068143178e-96
24.12753838658382
11.209190253872437
80.08414228235202
10.248336626929516
48.19408128548577
32.852710672799866
0
.05409843566482599
0
1.2364600713280247
.9527635203427233
12.149557684592224
42.19122743947622
41.60493666005616
30.399274388915778
.005189717422943259
642.240882801402
413.77148865891456
.13116143451504383
16.553449140156314
0
0
1.2823304433040725
29.629156695036215
.12074398196431861
3.065394092107951
23.367482977805775
2.863758403899979
70.20230304095712
0
6.119926668376496
301.5555136329205
301.8401065372804
0
.3666005670454644
.10844127419395395
29.249325558654533
52.714130540468624
56.8622424211342
8.917121951490724
0
35.61944745188334
134.5123516951629
2.0991345367081133
.10725496755842152
4.597132577200184
36.66822802031304
9.323236488070057
11.465719663183476
97.87343213287473
96.55477969514823
5.194588251288454
8.246139725592862
1.0351752225335042
5.266482999711885
14.471747395208842
7.345917404578337
33.38173886320116
.562531811231267
9.887037151299618
0
0
.4526199140080816
.03325818526688541
5.312233988431075
0
0
.5967695198276796
.1726220989089606
0
.000414851898872422
.029814190994395504
.44397071499970614
.11555228731741134
.9107494930448999
.5089022069667948
208.02935670771143
5.6758072861006506
.6198032358864726
0
0
0
6.574430380511754
.2086184493319618
.24373326805191933
0
.002217586732930884
5.285300687161028
0
0
0
0
.0009076913479400778
0
.03283388749065357
0
.11261441739264279
1.9457409362714935
1.7307758918522846
95.14279819815478
0
0
0
0
0
0
.23556661335562873
0
5.377844720077703
0
0
5.537805792417344
0
1.0169831538580938
2.564466042809273
6.05924951309625
0
35.55392634963469
0
0
4.330566912137306
5610.129477324409
223.47830245815652
291.16737305688264
0
121.91480148079235
.16311542058012
0
.1317108733314807
.4507328319918359
.009755569018794541
0
85.8254679849457
0
0
0
.4041166880990196
0
0
.005718623227036586
.2239076012517866
.6172506346152069
.9996130813999933
.3781741756320747
.00575043608639752
.0020140800541897453
.004407551984398795
.0073718366713075726
.007628635957537174
.0029197508707057124
.01674973018311516
.26195633983793093
.001422580900397249
.008441266469040108
.4560060668179866
.010695467419278615
.0040537315218723375
.04712914722460838
.003844201820674051
.009003406523025784
.03415849182313347
.06935437651042226
.037757968823734514
.01686790167393852
.12407786695639024
.02099403215451017
.04556222585862359
.0007317699194588229
.0015629006941357217
.010004530407184803
.0035743489688052224
.520486549192609
.759054368456331
.005928605838165509
.050038116601562294
.014797261185264334
.0004951464832584616
.012297828883341742
.0002992867900094618
.052844429042290836
.03909173599096626
.09675709570725927
.012278305789818422
.011164787134276774
.0016683073326024117
3853550925346866e-21
.016513919338191425
.04020399972239593
.8379796848239942
.9996130813999933
.019677442981395753
.040110751741106246
.01389239315055517
.025320117826164473
.003375520260006412
.39503177302213305
.05753994381446139
.06892561691043282
.41153419155215437
.0006973660209342984
.9996130813999933
.01914364490253409
.0008977754833436807
.024782465554762746
.025586840691684626
.009765415011400111
.10787447323824514
.31449895980936804
.007274876532168102
.022224785335189668
.557969717919733
.1296774073299919
.013792074856112987
.0732428444281944
.0002679800750939017
.022176733270246888
.2155576439355255
.0001301304959061314
.012806889815974708
.029881788232321977
.0003876066829562065
.0034510238046431283
.007441865934296089
.006181068645439918
.021641250576943077
.09366547857813261
.023548582976348053
.9062860111097859
.006946722514805222
.006868355766382907
.03187482628244237
.00023015250780176346
.011744040804533666
.07406746354686988
.4925340060754689
.44778446414826695
.06497142056627883
.04164733359332683
.06406407453083625
.8998084527651133
.5449590409340754
.010237396367363217
.008399047043643741
.8043712667467382
.03291185164874926
.24983637507665413
.004343863299915493
.006201230374893494
.11958152547529084
.21227655366133868
.5811151948784992
.0005508066320155938
.026103160744259033
.23888782895051522
.2749956451372211
.13131115697434761
.9233194226767364
.18586041928448924
.02924055213994532
.008640638683327784
.7197496371919984
.9996130813999933
.34101449135265577
.03979347181561113
.006968311482682536
.014233680959412095
.012610077428780044
.9200568467613068
.08209301507472153
.0018909872936530626
.002972955411967634
.014682258164984387
.05470191236026409
.007567843257706491
.5997146677059049
.0026816511277501865
.9996130813999933
.9996130813999933
.9996130813999933
.005176338148798667
.049650635525454415
.13914454993865868
.07913499737856991
.014509474973310215
.017734225229183845
.021431944446957736
.0006895401117033455
.00032829077896254336
.05672261917808554
.5422935442635657
.9996130813999933
.9996130813999933
.9996130813999933
.025202678644887604
.000541619237684486
.45158078621664943
.27281085698263424
.005254123771812238
.0153010833356666
.9996130813999933
.038370826209670764
.1817543474187716
