2.6987428984193693
0
0
0
0
0
47228009361726125e-22
.0002254004027115047
0
16216723440238797e-27
10098827513292309e-26
0
16.2732987399749
.0791191105930098
16.124381861191377
0
1.4149237808231692
0
0
0
.01431156798425654
0
0
0
0
5.230652156348556
.9672733693725841
.00024334023515220013
8222334272166896e-21
.00023439459614911645
2102410612152724e-20
0
15186740224100057e-21
0
.10569633174575158
.000219958449246917
6240713130811988e-25
.016092020053505268
.015992262975076985
7542138748228685e-22
39921912901222966e-26
.0002133524383277052
.00021335226783142854
8928892834407018e-21
846809352970004e-20
0
0
.0003326650345965187
.1441047069133627
.48805887255763125
.33519856053293867
.9349725226174211
.00017811778844692658
.9568385092047076
0
8.753037140288189
8.705738900833595
.0003330782892489588
0
1.6083903075909032
.5007363119651295
8.151951425709958
.026918489408968866
17.292743428023925
9.141325804082648
0
2.179618650500543
2.145153661886508
.593742468688131
4.807611880865669
1.9811573200122619
22.428421336508944
.8791000148708996
9.333390497517179
13.243484410464939
9.710158728477664
9.49708869154532
.5194021719323001
.7871854068087863
5.24050649802832
11.95953618564125
11.77533257814744
.00022038489699386139
.67346829133143
35504445661854606e-34
0
0
.12179415544685629
.03019876716551512
1.1404204423988749
0
0
.6024024646975462
.0932047613912829
0
.00027456092130654687
.006769050633923681
.09698604057237452
.1627925371786423
.1366138910566123
.022909714759392553
.04076969873678861
.9733552455445825
.40478550184816153
0
0
0
3.0278619976018057
.20583235316252335
.08791433668404197
0
9752306571413375e-24
.07736466171236495
0
0
0
0
6673227747500947e-20
0
.022969318458115024
0
.0001346140351368827
.0006697831569462541
.0005736834571962996
.11988530958332502
0
0
0
0
0
0
.18925941032672822
0
5349504790506082e-36
0
0
.18589898906125146
0
.06131675272355116
.04435765326678794
.18879423263375517
0
8.974772065155497
0
0
1.4649426499781912
5347.986954039826
210.92082678641918
290.6261234156923
0
104.61230442016989
.03764576702789263
0
.008438659097308187
.0186805722456793
.002861689741151983
0
2.052915127050674
0
0
0
.004627082616129808
0
0
.005631056992017431
.12236274931393731
.1166429807889628
.06723195932778783
.13628018791522928
.005661896664095225
.002003163805416129
.0043554427321829915
.007226645718066426
.007473206973107923
.002896837887894598
.01600954527643098
.12918436217292992
.0014171306038551924
.008251167768222127
.1331856629313685
.01039120473545164
.004009631705245689
.04150102241421651
.00380453186647405
.008787309068116832
.031150746730384826
.05751703912813144
.03410045065025001
.016117354460829084
.08877327460199859
.019837783621039762
.04029122401976867
.0007303264095964922
.0015563234068359058
.00973806218696003
.0035400405225385293
.12772837655002292
.09779768636979018
.005834517416432467
.043718078895067285
.014218068762860275
.0004944853688586369
.011896433592902175
.0002990451888440866
.045821628835944185
.0351781816793493
.07452302979669088
.011878173458538015
.010833445139007315
.0016608140094537419
3853510855361934e-21
.01579420192332632
.03607067003274068
.08723360415117544
.06723195932778783
.018659880749346696
.03599606512132237
.013381251873341236
.02364793719506624
.003344914379845556
.13602199239073784
.04926493506552091
.05722763457610203
.13552992346812714
.000696054991745994
.06723195932778783
.018179853892202755
.00089560323774682
.023179396748666103
.02387985208540182
.0095114506018841
.08063005921948979
.13458855464622246
.007133461358468553
.020931123735053275
.12374631706694601
.09138807108409938
.013288221178386657
.06010778997279096
.00026778636722037867
.020888577004715636
.12048446706249945
.00013008481011226694
.012371872830487868
.027566921731659685
.00038720149669293054
.0034190366812844658
.007293917304779196
.0060788310377678295
.02041367371323714
.07274623764785444
.022098784546943844
.0784432139095045
.006817720566263338
.0067422346822219965
.02924784385510237
.00023000961977346875
.01137771026435919
.06064941496343304
.13034426280935515
.13371983441061716
.05452323298232852
.0372203693872481
.05389359469235717
.07925787877982897
.1251824301066894
.009958466349529104
.008210834487157832
.09169438203651026
.030115012247439985
.12730442906964431
.0042932447747037914
.006098327502210241
.08660076948751573
.11970588517216967
.12107091823373925
.0005499885912550001
.024327808416808337
.1253762796379273
.13092487196955277
.09213232657235637
.07632213185589726
.1125544875763275
.027022077084153506
.008441507497505513
.10312126658278672
.06723195932778783
.13585566379479325
.03574192052506707
.006838510233707191
.013697362650104046
.012188216791814541
.07672597839004873
.06578088994007282
.001881362991926314
.0029492014693530792
.014111945752081734
.0471951073170794
.007414869133890512
.11882524663200927
.0026623165858004347
.06723195932778783
.06723195932778783
.06723195932778783
.005104539566784102
.043424919949731126
.09558631111129248
.06391882891912168
.013952377671270076
.016905564399007686
.020227661444847993
.0006882583288781356
.0003280000928327756
.04867238295017143
.12546996678253622
.06723195932778783
.06723195932778783
.06723195932778783
.023545714314096588
.000540828249190897
.13347841330898838
.13065288998819968
.005180158862478866
.014682196245880833
.06723195932778783
.034596680247536045
.11129441371449253
