2.7030367682618355
4509477984120591e-38
15961149640634297e-43
41312269955185995e-45
6723588509080062e-43
3032196003611176e-40
4698287308134103e-21
.00031640675485153385
0
15487799799868355e-27
9644848461338502e-26
0
16.26958437292082
.15588725055589603
15.793878030356748
0
1.4347944577803038
0
0
0
.014308985829319852
0
0
0
0
3.446462436252416
.7637027801517541
.00024170013430881436
725054918225866e-20
.00023427527158045657
21015785097829678e-21
0
1532591628484462e-20
0
.10481255361959206
0
9066505268301064e-25
.016223297236766784
0
7878373509608718e-22
11048525698322108e-25
.0002132653658168151
.00021326544267160543
7226746774679053e-21
8441359199343754e-21
0
0
.00042157292474954755
.13710276723221168
.48500436820983167
.3385369861567889
1.0607612392347672
.00017748948900559832
1.0809682034031263
0
8.498564929593131
8.464714606861664
.0003767855200599592
0
1.4175540932536161
.4985133845390091
6.447779416199351
.02292059310287222
15.551765793044938
9.084453585022413
0
1.6057032530968625
1.5174396513576014
.4446294074791096
2.202554695776689
1.6015540535177146
19.850354118941183
.7898868130378465
9.482480836960624
11.71014828074677
9.559076369766192
9.530416747114211
.4802891001247551
.7332618147965195
5.236715425555601
11.834460112695764
11.774005037536657
.00024121951672814422
.6729987194413104
2695108894715708e-33
0
0
.06188944051500556
.030102442901878728
1.1332786691351662
0
0
.6153355668304833
.10183660475605238
0
.0002707095249232261
.006699562759307524
.09673601171303763
.1626515244767339
.10451431698936159
.020980473685247945
.04284434643113976
.961243718798254
.40095388052897446
0
0
0
3.004218683241955
.2057755862009026
.048759232267827655
0
3594427385210926e-24
.07100267173025412
0
0
0
0
7218677540401003e-20
0
.02270051153680906
0
7335545130725278e-20
.0005143869797858772
.00062667712506172
.07497886036965186
0
0
0
0
0
0
.18920406699687004
0
3923362621319187e-37
0
0
.10814269800382202
0
.061049438933900614
.05338717647883261
.18780309263909423
0
7.232881923752363
0
0
1.4819892547512354
5347.579725806763
210.90141732276504
290.6252629322208
0
104.58682763844783
.03755141963002539
0
.008401628703765195
.018595534459565726
.002851685988058368
0
1.970773063253156
0
0
0
.0035813351349614714
0
0
.005630918722670499
.12224515243323775
.11633416658724861
.06694389293957914
.13605903919800405
.005661756864085987
.0020031464817211117
.004355360304088941
.007226416970906854
.0074729621812627284
.002896801570337102
.016008393885284564
.12903912174617233
.001417121947508557
.008250868703317461
.13292509051330617
.01039072752892838
.00400956191331014
.041492624697291
.0038044690673850476
.008786969360913624
.03114617805904981
.057499912721182905
.03409492238645724
.016116187138478157
.08872598881749118
.019835995397381415
.04028334214654922
.0007303241148227321
.001556312962546089
.009737643865175843
.003539986191084456
.12744317757050538
.09747936177196029
.005834368890645462
.04370868657996184
.014217165405649334
.0004944843175369042
.011895805412032244
.0002990448045417588
.045811232549946734
.03517227725800755
.07449207355357271
.011877547237578393
.010832925792305555
.0016608021122565793
3853510791599254e-21
.015793082010809395
.03606444356678865
.08692018486165978
.06694389293957914
.018658304186229487
.03598986594415673
.0133804536727079
.023645366275387974
.003344865898795207
.13579143019060136
.049252764458364594
.05721069967553116
.1352906054201485
.0006960529074822321
.06694389293957914
.018178359552751575
.0008955997852635246
.023176930274482418
.02387722860625492
.009511051780098864
.08059271855078173
.13440690446249967
.007133238530728642
.02092912634902053
.12345013051994896
.09133719618162213
.013287434250768108
.0600888887954716
.00026778605908636633
.020886587988361783
.12037299177287268
.00013008473742565123
.012371192502704027
.027563384847035476
.00038720085226127835
.0034189860174619947
.007293684235053625
.0060786697030661245
.02041177685070958
.07271698485215217
.02209655013088796
.07813844064417975
.006817517207583108
.006742035843815526
.029243841033868713
.00023000939246772424
.011377136528068694
.06063012877737353
.13006883957814533
.1334629300468584
.05450802389413248
.037213713822329096
.0538787711629814
.07895213778345615
.12488978612271648
.009958028602679062
.008210538372594127
.09137812996617453
.030110756664285178
.12716792138380828
.004293164697784749
.0060981651221323286
.08655631216363688
.11959681546210087
.12076912687882214
.0005499872904826513
.024325081794339846
.12524772856937455
.13077035127001868
.09208039132822633
.07602003537998253
.11246469166840435
.027018684498479405
.008441194307332246
.10280297257212975
.06694389293957914
.13565685352418597
.03573581380269299
.006838305620997775
.01369652552150732
.012187556862894019
.07642335479577872
.06575770574186951
.0018813477159619033
.002949163821567112
.014111056105717609
.0471840230609464
.007414628188451074
.11851958290280071
.0026622859302724068
.06694389293957914
.06694389293957914
.06694389293957914
.005104426111655322
.04341566285379346
.09552921527665315
.06389711262112945
.013951508435265403
.016904277106578162
.020225800044693234
.0006882562910884519
.00032799963047168884
.048660529510146495
.12517808390768367
.06694389293957914
.06694389293957914
.06694389293957914
.02354316638003432
.0005408269914189286
.13321980038850909
.13049991478751252
.005180041996463192
.014681231638932738
.06694389293957914
.034590980506475286
.11120758404853413
