.00047129846261606545
306.83168793332874
1.246905672151157
.09813669820189021
.01197079132917672
2.0432716759684943
4.799837616181277
206.78514975271023
0
.28680966353918447
.17071759789166455
0
13.684648083446119
1.6805608326849653
456.4780649335144
0
2.2071870677201835
0
0
0
.01603023340004841
0
0
0
12638419218010705e-96
26.02693323724235
12.270826140274997
80.59012775289078
10.03784023561012
48.29546693849445
32.266882795573686
0
.05387922294740697
0
1.256302183747315
1.3163136809028844
10.236778389757236
42.047854807749864
56.40249631021297
27.951847272364382
.0033185814147066372
622.8692271787805
413.7856881130659
.12092826265820014
16.520185712637623
0
0
1.2334477962635624
29.59924656367233
.13867535185961366
3.0815189733319
24.175933159445645
2.8605243436900714
70.20082010599619
0
6.6117476351558
311.8382212673734
297.16344661665454
0
.44178727366218695
.13436982450021287
29.29352989334884
52.14753429846158
56.97565586982992
8.92368001960594
0
36.064476924021
133.69804781143029
2.6443315430738163
.17023180053575845
4.798698163958849
36.71676060785615
9.322780753114746
11.560177654769141
97.84702531125133
92.80018492549522
5.6135026502981615
8.24601666221656
1.1198439387617858
5.266881266614928
14.489392540091622
7.353578242234118
30.722787592916124
.5627198950989517
9.878328085953818
0
0
.44582475849910513
.033269067209914585
5.316146626315399
0
0
.6016549147394112
.1723960915915692
0
.00041555821538725887
.02983771997582573
.4439628129639917
.11557290540828385
1.0434287356345393
.4920968597356008
205.64999385441678
5.685407226356444
.6209241725675819
0
0
0
6.579174543101271
.20866765454199082
.24252332484274863
0
.0025474860390892196
5.175571735267594
0
0
0
0
.0008717048206393745
0
.032951149870263
0
.11038362883470565
1.9416485515343727
1.7419846810188584
94.53826555660198
0
0
0
0
0
0
.23557384551076896
0
5.38139077129185
0
0
5.472442186595933
0
1.0168930063485295
2.5299655182002714
6.058673920215971
0
35.55377725558722
0
0
4.357987235693468
5610.121089660064
223.47789867013552
291.1673561308322
0
121.91421847282538
.1631108837238687
0
.13169964440221382
.45068368104396794
.009751406322006401
0
84.75283198718347
0
0
0
.40406899206301217
0
0
.005718620470034424
.22390337432726484
.6172185077141513
.9995288125811304
.37816211712160686
.005750433298635447
.002014079712204758
.004407550346644191
.007371832089827569
.007628631051303757
.0029197501520095716
.01674970653092174
.2619505542120806
.0014225807297860865
.008441260461872263
.45598853355171276
.010695457775340334
.004053730136508478
.04712895996698648
.003844200574822727
.009003399689130017
.03415839345469604
.06935397099123018
.03775784863156228
.016867877686828334
.1240765689987979
.020993994996868475
.04556205084575988
.0007317698743145672
.0015629004882073032
.010004521969016217
.003574347891725823
.5204637063436186
.7590057822755462
.005928602874976699
.05003790551397988
.014797242725838964
.0004951464625894003
.012297816133287988
.0002992867824580453
.052844193613475934
.03909160715739338
.09675630642303694
.012278293080214645
.011164776625410901
.0016683070979604672
385355092409495e-20
.016513896347286082
.04020386345315833
.8379204679058541
.9995288125811304
.01967741033813346
.040110616103257724
.013892376879733194
.025320063777057956
.0033755192994226833
.3950186154273138
.057539664688156196
.06892521638976752
.4115199115993597
.000697365979935139
.9995288125811304
.0191436140063098
.0008977754153937685
.024782413776673905
.02558678549786568
.009765406971768406
.10787349215284103
.3144906203323725
.007274872070414059
.02222474369317233
.5579434661780238
.12967598957448748
.013792058819429447
.07324239216144902
.00026798006903967986
.02217669180810345
.21555372640468906
.00013013049447851516
.012806875988510387
.029881712953827504
.0003876066702903123
.003451022800606147
.00744186126535837
.006181065424509509
.02164121109293513
.09366473892785705
.023548536225836574
.9062167451891651
.0069467184464934665
.006868351789343666
.03187474062724716
.00023015250333611288
.011744029176932033
.07406700103879436
.4925135510746412
.4477675574656953
.06497106468287323
.04164718736418783
.06406372851817525
.8997401735965294
.5449339993015601
.010237387531807855
.008399041096416024
.8043167051738154
.032911760329392255
.2498311124562876
.004343861709149742
.006201227132916398
.11958031988603014
.2122727544877939
.581086719808909
.0005508066064384711
.026103103300429167
.23888301748797228
.2749892691695917
.13130970326961391
.9232475281956813
.18585750685818797
.029240480057618114
.008640632389044771
.7197059530295691
.9995288125811304
.34100468629775743
.039793338315107396
.006968307389044524
.014233663879333364
.012610064023043587
.9199854595454241
.08209244690512513
.0018909869921923045
.0029729546668402587
.01468223999137482
.0547016600897492
.007567838429357281
.5996843404958192
.002681650521491131
.9995288125811304
.9995288125811304
.9995288125811304
.0051763358898865445
.04965042769444739
.1391429176140691
.07913446941699123
.01450945722492481
.017734198714870895
.021431905723008526
.000689540071619216
.0003282907698765859
.056722347925222995
.5422687470213875
.9995288125811304
.9995288125811304
.9995288125811304
.02520262509599913
.0005416192129534946
.45156359162624765
.27280458192898527
.005254121444499921
.015301063597812479
.9995288125811304
.03837070208407951
.18175156225896238
