.000568208245858376
300.4541026572807
1.2480968865182454
.09811534959468261
.011969427280532071
2.0431308874365466
4.829140624324451
108.16596617697932
0
.2866024349171717
.17071561373181424
0
13.664676175723818
1.6727468989973928
449.36169455979217
0
2.494125310184534
0
0
0
.016030168106978864
0
0
0
1145306119092496e-95
27.701072643933202
13.32853595128192
80.98848959380987
9.873902130579333
48.414748683309114
31.48062083426904
0
.05366728396172058
0
1.2783500526134366
1.1228954645580551
7.8929221304693415
41.91649385616645
48.14424332519236
25.403825017807797
.0018390593663275402
597.9470649493436
413.7994106364968
.10840080462360308
16.481984858271055
0
0
1.1957686656944198
29.56241884584531
.156709196176235
3.0975323380645157
24.804678955127144
2.856814908455933
70.19911511463108
0
7.046023350231928
320.6836745542795
291.4573422164895
0
.5242649811154595
.16421801884524567
29.34251517485825
51.4783340071178
57.087333562057644
8.93142061436454
0
36.523076513684686
132.72930072939337
3.2513564287393035
.2606469173072974
4.9577541779919665
36.771416820962095
9.322256702972675
11.656429235684234
97.7014589800424
89.91927196048545
6.007084372515872
8.220466934481692
1.2006129730946433
5.267349853196457
14.510281207364104
7.36235692401957
27.97523917744713
.5629603311988782
9.8683164745862
0
0
.4378545199949545
.033281912616084264
5.320681197105388
0
0
.6065428758200802
.17211077708939795
0
.00041639531904038706
.02986562047269495
.44395281574294987
.11559656111171132
1.1780602195575305
.4794077766274227
202.23678693655606
5.696563814920898
.6222230944225212
0
0
0
6.584789147516243
.20872403083098776
.2410722835236052
0
.002916670302064327
5.090601046240868
0
0
0
0
.0008444899426995941
0
.03307414303159764
0
.10779075051191568
1.936566419862806
1.7509808702520169
93.81439814193422
0
0
0
0
0
0
.23558073161369286
0
5.3840261692244695
0
0
5.395100864215749
0
1.0167893632461704
2.4900216982764736
6.05800473045179
0
35.55360586288433
0
0
4.385329230919966
5610.111447936303
223.47743451097367
291.1673366740983
0
121.91354830033411
.1631057597319702
0
.1316867377629278
.4506271873609645
.00974658772534548
0
83.49709150534204
0
0
0
.40401409203103145
0
0
.005718617300822937
.22389851551609583
.6171815794510971
.9994319531539476
.37814825616764264
.0057504300940650335
.0020140793190882317
.004407548464022772
.007371826823354773
.007628625411522683
.002919749325858372
.016749679342430848
.2619439037108886
.001422580533666158
.008441253556552815
.4559683796460627
.010695446689507096
.004053728544013638
.04712874471261059
.0038441991426994395
.009003391833476211
.034158280379130525
.0693535048440906
.03775771046942646
.016867850113346745
.12407507699489141
.02099395228371303
.045561849666818706
.0007317698224206077
.0015629002514896957
.010004512269230416
.003574346653608161
.5204374494029298
.7589499356130603
.00592859946875092
.05003766286690697
.01479722150649586
.0004951464388300218
.0122978014769365
.0002992867737775851
.05284392298600634
.0390914590618967
.09675539913757136
.0122782784703609
.011164764545332594
.001668306828236261
3853550922655853e-21
.0165138699189535
.04020370681030555
.8378524023875661
.9994319531539476
.019677372814306888
.040110460186191695
.013892358176215858
.025320001646985155
.0033755181952183863
.39500349112668776
.05753934383017812
.06892475598845144
.4115034972030414
.0006973659328060262
.9994319531539476
.01914357849072291
.0008977753372843861
.024782354257159283
.025586722051934237
.00976539773010579
.10787236439226282
.31448103425836155
.00727486694156782
.022224695825178553
.5579132909541121
.12967435986355524
.013792040385057065
.07324187227785407
.000267980062080266
.02217664414687665
.21554922323533063
.00013013049283745008
.01280686009366227
.029881626420363575
.00038760665573068777
.0034510216464517427
.007441855898351791
.006181061722006347
.02164116570559639
.0936638886965796
.023548482485574514
.9061371295702472
.0069467137699142836
.006868347217683436
.031874642165668494
.0002301524982027842
.011744015810853088
.07406646938276286
.49249003881027487
.4477481237826612
.0649706555922539
.04164701927235068
.0640633307740175
.8996616921238221
.5449052150110618
.010237377375220938
.008399034259998526
.8042539904434232
.03291165535680784
.2498250631364098
.004343859880542643
.006201223406219789
.1195789340590739
.21226838736786666
.581053989035936
.0005508065770372069
.026103037268087312
.2388774867631898
.27498194008691207
.1313080322352652
.923164891385048
.18585415903918626
.02924039719817908
.008640625153682743
.7196557407402119
.9994319531539476
.3409934155962356
.03979318485493621
.006968302683352479
.014233644245565676
.012610048612976798
.9199034057702369
.08209179379096525
.0018909866456589426
.0029729538103059924
.014682219100580382
.05470137010264786
.007567832879105118
.5996494808319478
.0026816498245879087
.9994319531539476
.9994319531539476
.9994319531539476
.005176333293236205
.049650188790828775
.13914104125743496
.07913386252201213
.014509436822930613
.01773416823634068
.021431861209365535
.0006895400255419431
.000328290759432149
.056722036117808766
.5422402436402909
.9994319531539476
.9994319531539476
.9994319531539476
.0252025635409321
.0005416191845248702
.4515438270093056
.27279736884404016
.005254118769222643
.015301040908900377
.9994319531539476
.038370559400446064
.1817483607309452
