2.7081126745285404
0
0
0
0
0
7943156599133153e-21
0
0
14668274121150018e-27
9134455135879365e-26
0
16.265127712411008
.6233792815484642
14.112714554226786
0
1.4856721298900861
0
0
0
.014305933994577791
0
0
0
0
1.335855612011026
.5397184869565211
.0004059721991871641
10124112710108026e-21
.000257966879136343
22899845251553038e-21
0
3346672013462289e-20
0
.10377830114696332
.02456772807178777
0
.035387095003570575
1.186441315662074
3867382625871454e-21
0
.00023253337783112873
.0002325081304481323
35075443352759844e-22
8011851564289178e-21
0
0
.0009226410068693483
.11417427532979924
.48010772427100334
.3478176975830906
1.1697279603221316
.00017823219840540496
1.1874184922955933
0
7.412680727720582
7.348848254660704
.0006449438498927553
0
.8869273034960735
.4929109190373454
3.6257371143059824
.017065421876186357
12.644249497202665
8.99184540511158
0
.8179934758872744
.6685028049203167
.30038828163267245
.5547275600237084
1.1624823679670726
18.517225459384314
.7298017813580865
9.846999342896034
11.277326880425473
8.601379825905143
9.484867879165682
.4847825378782943
.7034558171774584
5.230467461530466
11.633883783459153
11.772414517369361
.0006339463432970528
.6724097051957417
19455952945039276e-34
0
0
.017757524693692194
.029945873360726454
1.1233071346953996
0
0
.6470664888963934
.10892113733276192
0
.00026461721724642097
.006594028257074325
.09644073704457475
.16248456119906857
.07142135631919655
.018348959732659233
.038663324305030236
.9429244840499348
.39484858323440064
0
0
0
2.9673818421849245
.2057083549217587
.014877567212928374
0
7532556806058038e-25
.09020340039418612
0
0
0
0
.00010687686580927543
0
.021501163523198336
0
29199696707935396e-21
.0002883562016501771
.0008713366964322284
.0333844795766856
0
0
0
0
0
0
.1891566574060123
0
1988566213313628e-38
0
0
.03434273246842539
0
.06073496240962889
.06222515107864999
.18664755893171409
0
6.458597476860564
0
0
1.5274281720954443
5347.098369667539
210.8784751446949
290.6242457334011
0
104.55671880891127
.03743703283715512
0
.00835805681708056
.018495544671898338
.0028382795964938664
0
2.009802714149695
0
0
0
.0031335092915496634
0
0
.005630755274902538
.12210628355753421
.11597016283782853
.06660495295521976
.13579807579560702
.005661591606951472
.002003126003079324
.004355262865495054
.007226146571690305
.007472672816167885
.002896758638901621
.016007032899703868
.12886763948299232
.0014171117146619852
.008250515184126605
.13261771786225549
.010390163437723641
.004009479411835183
.041482699707754325
.0038043948321240012
.00878656780025753
.03114077816630119
.05747967368326326
.03408838842374219
.016114807322406933
.08867012342492524
.019833881694988672
.0402740267475899
.0007303214021143816
.0015563006161429824
.009737149378215697
.00353992196539521
.12710685693762708
.09710439727871878
.005834193318944084
.043697586258345855
.014216097595298119
.0004944830747423186
.01189506286425397
.00029904435024763015
.0457989458453776
.035165298750961305
.07445549587860596
.011876807006464922
.010832311889837213
.0016607880483496932
3853510716223568e-21
.01579175823263394
.0360570844696679
.08655113503959327
.06660495295521976
.01865644065770927
.035982539096613926
.013379510158335594
.023642327478247453
.003344808588866224
.13551938003312586
.04923838111367699
.05719068690902664
.13500824570137723
.000696050443622517
.06660495295521976
.018176593209799665
.000895595704001509
.02317401492335759
.023874127688309023
.009510580343036297
.08054859938240512
.1341924867753093
.007132975128665944
.02092676542773782
.12310091415929306
.09127709203268218
.013286504061244308
.060066552839272175
.0002677856948328007
.020884236959556313
.12024134666698338
.00013008465150077773
.012370388316037774
.027559204379913296
.0003872000904615867
.0034189261272776885
.007293408726275121
.006078478990226705
.020409534742633646
.07268241945777268
.022093909055193303
.07777968636532237
.00681727681929837
.006741800798815397
.029239109891042794
.00023000912376339665
.011376458335316376
.06060733793553701
.1297440044374474
.13315987257656317
.054490050268105314
.03720584762378029
.053861253103872644
.07859223344219615
.12454472555280315
.009957511154434136
.008210188340878492
.09100568588836823
.03010572679342187
.12700674052768748
.004293070038496404
.00609797317357773
.08650378732559626
.11946800920984364
.12041334081036195
.0005499857528064475
.024321858970136334
.12509593466752444
.13058792313381826
.09201903495008025
.07566446039263018
.11235863375334412
.02701467457534542
.008440824091263776
.10242797502996491
.06660495295521976
.1354222094333915
.03572859621733702
.006838063750362001
.013695535993853985
.012186776788141085
.0760671539294396
.06573030957731175
.0018813296579677384
.0029491193176631367
.014110004501660146
.0471709234025356
.007414343370058788
.11815926304839565
.0026622496919518125
.06660495295521976
.06660495295521976
.06660495295521976
.00510429199635727
.043404722321291556
.09546176464446399
.0638714506804676
.013950481164264297
.01690275548783069
.02022359985129422
.0006882538821668052
.00032799908390227373
.04864652094309019
.12483391647274934
.06660495295521976
.06660495295521976
.06660495295521976
.023540154749967415
.0005408255045745082
.13291473284507702
.13031930942832962
.005179903849206379
.01468009143122716
.06660495295521976
.0345842438907778
.11110502758776378
