2.7081126745285404
21175196823777912e-40
7381449608216646e-44
19331498723160536e-46
31377475251422527e-45
14206359639196166e-42
8294043326739408e-21
.000781794397706565
0
14668274140935787e-27
9134455148197293e-26
0
16.26512778330556
.6245375669150748
14.143066111786743
0
1.4856633163573512
0
0
0
.014305933994577791
0
0
0
0
1.3365319435347478
.5396896588162001
.0004239122256835433
10110235768625538e-21
.00025786391562792336
22884001175243398e-21
0
3589420948324012e-20
0
.10377830080154882
.0007931228937979799
59922347188191625e-25
.037954031104114584
.038266385866428304
4922395090500311e-21
10918047238136815e-24
.000232372001415283
.00023234628254159627
35228891003750637e-22
8011796861957928e-21
0
0
.0009216200462810163
.11419830411645403
.4801081484521689
.3478159773755344
1.1697274474473347
.0001782351514662304
1.1874322464287177
0
7.413864514559123
7.378417267111775
.0006449732177266114
0
.88734236955492
.492920888726122
3.626066645513189
.01705950657812313
12.640818100850783
8.991854353802688
0
.8180611114537569
.6688580355750285
.3003539263734726
.5552167639972454
1.1624240904696856
18.513987338241357
.7297998324591238
9.846939007218579
11.273948704172092
8.598953087178423
9.485037662916351
.48462960839983
.7033733351899113
5.230468067273514
11.633902847371608
11.772414518003142
.0007523779946064422
.6724114210844621
19455989181907164e-34
0
0
.017773382755301916
.02994588813997743
1.123307686286562
0
0
.6470612460723434
.10892112926859794
0
.00026461778575005815
.00659403673499318
.09644073698234305
.16248456119255303
.0714172318875044
.018336351012035776
.03882839809608779
.942925980890369
.3948491620558979
0
0
0
2.9673850116929352
.20570835492183356
.01489047507410882
0
7529242179488289e-25
.09011958396288275
0
0
0
0
.00010678209366940537
0
.021502557693511115
0
29216970816493892e-21
.0002884849979583346
.000871085564696327
.03340286436377781
0
0
0
0
0
0
.18915665154334071
0
20380192310510507e-39
0
0
.034372918833732266
0
.06073496240959343
.0622251078402098
.18664756264065796
0
6.456750525723376
0
0
1.5274191749025257
5347.098369667539
210.8784751446949
290.6242457334011
0
104.55671880891127
.03743703391815403
0
.008358056816573518
.018495544671688954
.002838279505975181
0
2.009172768950918
0
0
0
.003132495633507367
0
0
.005630755274902538
.12210628355753424
.11597016283783022
.06660495295522648
.1357980757956073
.005661591606951472
.002003126003079324
.004355262865495054
.007226146571690305
.007472672816167885
.002896758638901621
.016007032899703868
.12886763948299237
.0014171117146619852
.008250515184126605
.13261771786225607
.010390163437723641
.004009479411835183
.041482699707754325
.0038043948321240012
.00878656780025753
.03114077816630119
.05747967368326326
.03408838842374219
.016114807322406933
.08867012342492524
.019833881694988672
.0402740267475899
.0007303214021143816
.0015563006161429824
.009737149378215697
.00353992196539521
.127106856937628
.09710439727872203
.005834193318944084
.043697586258345855
.014216097595298119
.0004944830747423186
.01189506286425397
.00029904435024763015
.0457989458453776
.035165298750961305
.07445549587860596
.011876807006464922
.010832311889837213
.0016607880483496932
3853510716223568e-21
.01579175823263394
.0360570844696679
.08655113503959758
.06660495295522648
.01865644065770927
.035982539096613926
.013379510158335594
.023642327478247453
.003344808588866224
.1355193800331262
.04923838111367699
.05719068690902664
.13500824570137762
.000696050443622517
.06660495295522648
.018176593209799665
.000895595704001509
.02317401492335759
.023874127688309023
.009510580343036297
.08054859938240512
.13419248677530943
.007132975128665944
.02092676542773782
.12310091415929425
.09127709203268218
.013286504061244308
.060066552839272175
.0002677856948328007
.020884236959556313
.12024134666698341
.00013008465150077773
.012370388316037774
.027559204379913296
.0003872000904615867
.0034189261272776885
.007293408726275121
.006078478990226705
.020409534742633646
.07268241945777268
.022093909055193303
.07777968636532767
.00681727681929837
.006741800798815397
.029239109891042794
.00023000912376339665
.011376458335316376
.06060733793553701
.12974400443744818
.13315987257656373
.054490050268105314
.03720584762378029
.053861253103872644
.07859223344220136
.12454472555280426
.009957511154434136
.008210188340878492
.09100568588837207
.03010572679342187
.12700674052768754
.004293070038496404
.00609797317357773
.08650378732559626
.11946800920984367
.12041334081036334
.0005499857528064475
.024321858970136334
.1250959346675245
.13058792313381834
.09201903495008025
.07566446039263573
.11235863375334415
.02701467457534542
.008440824091263776
.10242797502996769
.06660495295522648
.13542220943339167
.03572859621733702
.006838063750362001
.013695535993853985
.012186776788141085
.0760671539294451
.06573030957731175
.0018813296579677384
.0029491193176631367
.014110004501660146
.0471709234025356
.007414343370058788
.11815926304839718
.0026622496919518125
.06660495295522648
.06660495295522648
.06660495295522648
.00510429199635727
.043404722321291556
.09546176464446399
.0638714506804676
.013950480956385932
.01690275548783069
.02022359985129422
.0006882538821668052
.00032799908390227373
.04864652094309019
.12483391647275043
.06660495295522648
.06660495295522648
.06660495295522648
.023540154749967415
.0005408255045745082
.13291473284507757
.1303193094283297
.005179903849206379
.01468009143122716
.06660495295522648
.0345842438907778
.11110502758776379
