2.7117858466714693
16655701072295374e-41
5726022114634753e-45
15167233841701028e-47
24570321271960623e-46
11156024195888966e-43
13506851937289204e-21
.0031590114787678853
0
14102413844555629e-27
8782049243415601e-26
0
16.26193722653042
1.546484687890244
12.524463459699785
0
1.5377120852150712
0
0
0
.01430372594716888
0
0
0
0
.6741871022345696
.42902332293091483
.0006839172576105167
15616612479789285e-21
.0003088511641206402
27160808701161383e-21
0
5097370513358721e-20
0
.1030369166614287
0
458115831207704e-22
.053856541478936856
0
13200603639271759e-21
10869075823964058e-23
.0002761087328012096
.0002760538229275481
17870836686142493e-22
7445770374058815e-21
0
0
.0019356590902048093
.10558883007997258
.475543926485897
.35737257311327475
1.2309539931237328
.00017999823514124998
1.246467802998352
0
6.376014715888739
6.366687747523053
.0013031211539997675
0
.6007159896513414
.48598900097999903
2.1444910631278673
.014169699229777288
11.057750422797133
8.906659645500413
0
.46085450906426256
.40787774553773704
.23309150748863092
.2694857277143945
.9367055138387016
17.897130379641787
.7042032524941619
10.21675764296546
11.129605587572664
8.355693275515549
9.379976376095916
.4920997144302885
.6881909209293716
5.224627561157463
11.452201069810492
11.771249818664515
.001584411990204166
.6719445932391789
15368004573054326e-34
0
0
.009312221937950272
.029801338428328824
1.1149780868817978
0
0
.6799439694907596
.11278595577366726
0
.000259170771740354
.006501233690932486
.0962274572847434
.16236356897244664
.05586701233863637
.016080920867647935
.03405338935187781
.9269005650788412
.3893280074071873
0
0
0
2.934402200792229
.20565961838950414
.0078006480970445905
0
27231401782572984e-26
.1153724479076297
0
0
0
0
.00015584959216255297
0
.02015514412260662
0
21383159388507853e-21
.0002299319874426174
.0011980281281943554
.025100117134285158
0
0
0
0
0
0
.1891303461762734
0
20098477804021716e-40
0
0
.018735111377886103
0
.06050841702109962
.0677014331388819
.18584278393469808
0
6.123998906207552
0
0
1.5724023152232693
5346.750064024216
210.86187462757232
290.62350964118394
0
104.53493600438026
.03735210866495935
0
.008326664625909303
.01842355056280051
.002826221826632763
0
2.0381965831508544
0
0
0
.0029415028136292056
0
0
.005630636999123278
.12200588969315192
.11570746257692051
.06636075027125847
.13560954222719782
.005661472021876152
.0020031111838707256
.004355192355558676
.007225950904002984
.007472463424528305
.002896727572027958
.016006048096641856
.1287436887342534
.001417104309723618
.00825025936992798
.13239573145916345
.010389755253047287
.004009419710822248
.041475518984223546
.0038043411127893505
.00878627722292119
.031136871125688283
.05746503217605258
.03408366091212382
.016113808894202573
.08862971845381286
.019832352257815142
.040267287016248925
.0007303194390732371
.0015562916817475237
.009736791559110959
.0035398754892958747
.126864032662943
.09683395461766316
.005834066270034332
.043689555285016474
.01421532492591767
.000494482175397783
.011894525549547758
.0002990440214987791
.045790056644802846
.03516024962808105
.07442903769944571
.011876271368073874
.010831867661911347
.0016607778710983282
3853510661678064e-21
.01579080035169535
.03605176000634001
.08628505028637101
.06636075027125847
.0186550922341004
.03597723796437927
.013378827427033665
.023640128700704692
.0033447671172323603
.13532285131383162
.04922797524701331
.057176209065965426
.13480428409752523
.0006960486606594784
.06636075027125847
.01817531510534689
.0008955927506138221
.02317190546248765
.02387188396473339
.009510239202869381
.08051668767430727
.1340375370881869
.007132784524214637
.020925057116603446
.12284882050140321
.09123362242124702
.013285830971568128
.060050394635418884
.0002677854312415499
.02088253580604505
.12014617167753434
.0001300845893214041
.012369806400135932
.027556179586427063
.0003871995391872893
.003418882788487722
.007293209361241082
.006078340984891141
.02040791239800223
.07265741650807976
.022091998041505263
.07752110204084917
.0068171028679541055
.006741630713955412
.029235686683824348
.00023000892931609893
.01137596758733634
.060590850719293994
.12950944401985223
.13294099474778354
.054477047376258005
.03720015629771706
.053848579738364044
.07833281281358492
.12429561770758414
.009957136720537885
.008209935050246238
.09073711436275805
.030102087458747904
.12689022965960062
.004293001539742554
.0060978342740551136
.08646579768271559
.11937488527929979
.12015653060486985
.0005499846400719938
.024319527044416714
.12498620397753774
.13045606801641152
.09197465999593975
.07540818676456841
.11228194747955085
.02701177317149597
.008440556195073915
.10215746198969279
.06636075027125847
.1352526627392927
.03572337413140299
.0068378887263657075
.013694819968201124
.012186212319326524
.07581042554402012
.06571049150153759
.001881316590434781
.0029490871128969786
.01410924355879851
.04716144612209977
.007414137268469252
.11789920148065758
.002662223468451768
.06636075027125847
.06636075027125847
.06636075027125847
.005104194946215713
.04339680694039434
.09541298379686992
.06385288688242441
.0139497374699908
.016901654456071575
.020222007833828326
.0006882521389594386
.00032799868837868416
.048636386179213814
.12458545050521846
.06636075027125847
.06636075027125847
.06636075027125847
.023537975628540726
.0005408244286242683
.1326944069376611
.13018877052683273
.00517980388144385
.014679266376816796
.06636075027125847
.034579369766914225
.11103087174452002
