2.7117858466714693
8813980178661334e-42
30301388896235125e-47
8026302700840171e-48
13002294169760546e-47
5903622810835196e-44
13600223913652948e-21
.0029356322403576995
0
141024139419387e-25
8782049306553289e-26
0
16.26193686387078
1.546054012699801
12.570677523145394
0
1.5377102204728479
0
0
0
.01430372594716888
0
0
0
0
.67620477404973
.42905147766170654
.0006886269267539425
156753807290037e-19
.00030985995906472244
27245418701114515e-21
0
5064290571802408e-20
0
.10303691867229196
.007405214562112726
42309308929162556e-24
.05350700650244893
.23319401119339617
13034509971489175e-21
1009772149016432e-22
.0002769698855348843
.00027691430813351633
17759448687303446e-22
744558382058806e-20
0
0
.0019377459471415855
.10590304022253817
.47554475524343137
.3573722190049634
1.2309529427786123
.00018000615136050627
1.2464831739098736
0
6.3831828126830805
6.347340724338766
.001300460616293879
0
.6022767069052268
.4859716941844101
2.137854034856972
.014158298359546012
11.0505494918276
8.906665094705227
0
.4593320315403388
.40976293233999955
.23309836043590926
.2705290329912769
.9367646547758094
17.895165857816828
.7042183877846548
10.216744786303567
11.127553873976494
8.38643027815207
9.379640693446028
.49200424341895227
.6881383103046045
5.2246279364762955
11.452212529214492
11.7712498168559
.0015749712567531785
.6719443918597908
15368161315634136e-34
0
0
.00934796481776664
.029801347366180952
1.1149784135233616
0
0
.6799428239881896
.11278590348174358
0
.0002591711101095409
.006501238847595015
.09622745737408078
.16236356898802737
.05587091027069088
.01604608344336139
.03395002300404737
.9269014975962399
.3893283692063745
0
0
0
2.9344041249070596
.20565961838962357
.007830062515575976
0
27252035773146855e-26
.11543608747525926
0
0
0
0
.00015598493055207674
0
.020165172003359898
0
2146937304181941e-20
.00023078093961881026
.0011981955247281765
.025199023883626905
0
0
0
0
0
0
.18913034498858766
0
2492449363606259e-39
0
0
.018806415531124544
0
.06050841702181536
.06770133930640435
.1858427095332246
0
6.122921483326801
0
0
1.572402908676978
5346.750064024216
210.86187462757232
290.62350964118394
0
104.53493600438026
.03735210933380033
0
.00832666462634574
.018423550557070817
.0028262251848958577
0
2.0377888402299624
0
0
0
.002940921329757328
0
0
.005630636999123278
.12200588969315208
.11570746257692952
.06636075027129407
.13560954222719931
.005661472021876152
.0020031111838707256
.004355192355558676
.007225950904002984
.007472463424528305
.002896727572027958
.016006048096641856
.12874368873425374
.001417104309723618
.00825025936992798
.1323957314591665
.010389755253047287
.004009419710822248
.041475518984223546
.0038043411127893505
.00878627722292119
.031136871125688283
.05746503217605258
.03408366091212382
.016113808894202573
.08862971845381287
.019832352257815142
.040267287016248925
.0007303194390732371
.0015562916817475237
.009736791559110959
.0035398754892958747
.126864032662948
.09683395461768042
.005834066270034332
.043689555285016474
.01421532492591767
.000494482175397783
.011894525549547758
.0002990440214987791
.045790056644802846
.03516024962808105
.07442903769944571
.011876271368073874
.010831867661911347
.0016607778710983282
3853510661678064e-21
.01579080035169535
.03605176000634001
.08628505028639386
.06636075027129407
.0186550922341004
.03597723796437927
.013378827427033665
.023640128700704692
.0033447671172323603
.1353228513138334
.04922797524701331
.057176209065965426
.13480428409752732
.0006960486606594784
.06636075027129407
.01817531510534689
.0008955927506138221
.02317190546248765
.02387188396473339
.009510239202869381
.08051668767430727
.13403753708818758
.007132784524214637
.020925057116603446
.12284882050140959
.09123362242124704
.013285830971568128
.060050394635418884
.0002677854312415499
.02088253580604505
.12014617167753448
.0001300845893214041
.012369806400135932
.027556179586427063
.0003871995391872893
.003418882788487722
.007293209361241082
.006078340984891141
.02040791239800223
.07265741650807976
.022091998041505263
.07752110204087724
.0068171028679541055
.006741630713955412
.029235686683824348
.00023000892931609893
.01137596758733634
.060590850719293994
.1295094440198563
.1329409947477864
.054477047376258005
.03720015629771706
.053848579738364044
.0783328128136125
.12429561770759003
.009957136720537885
.008209935050246238
.09073711436277845
.030102087458747904
.1268902296596009
.004293001539742554
.0060978342740551136
.0864657976827156
.11937488527929993
.1201565306048772
.0005499846400719938
.024319527044416714
.12498620397753794
.1304560680164119
.09197465999593976
.07540818676459785
.11228194747955092
.02701177317149597
.008440556195073915
.1021574619897075
.06636075027129407
.1352526627392937
.03572337413140299
.0068378887263657075
.013694819968201124
.012186212319326524
.0758104255440493
.06571049150153759
.001881316590434781
.0029490871128969786
.01410924355879851
.04716144612209977
.007414137268469252
.11789920148066575
.002662223468451768
.06636075027129407
.06636075027129407
.06636075027129407
.005104194946215713
.04339680694039434
.09541298379686994
.06385288688242441
.0139497374699908
.016901654456071575
.020222007833828326
.0006882521389594386
.00032799868837868416
.048636386179213814
.12458545050522425
.06636075027129407
.06636075027129407
.06636075027129407
.023537975628540726
.0005408244286242683
.13269440693766407
.13018877052683311
.00517980388144385
.014679266376816796
.06636075027129407
.034579369766914225
.11103087174452007
