.0006767587963310311
292.6396625320473
1.2494712092264193
.09809172421580167
.011967899653972262
2.042973756024507
4.855044700240225
58.58588170022058
0
.28636066319120473
.1707133915972369
0
13.642110423574183
1.7122909421499501
449.00898974801095
0
2.748263560284403
0
0
0
.01603009497124486
0
0
0
10208374159920375e-96
29.11702259369081
14.383588984526336
81.28783167328353
9.76468275501115
48.550388195407976
30.434748314214804
0
.05341935069988269
0
1.3019993924787385
1.1463049362097375
5.584371329838278
41.748535554713456
48.64741949722465
22.860463801853612
.001053608183372287
566.2663273757344
413.8116209568236
.0934291014873329
16.43923874169497
0
0
1.1700624384197662
29.517279336154306
.17406569490490306
3.1127226243100696
25.265954849941867
2.8526488836836763
70.19719651947487
0
7.417526474846509
327.99702595539134
284.6330618119786
0
.6113109677801201
.19738375870346633
29.395001364015247
50.70679516376075
57.19232209057735
8.940261983484541
0
36.99072391092019
131.59880173274328
3.897827342348418
.38243749968891705
5.075102736403929
36.831015775998175
9.321669373901564
11.750617016793646
97.4442096486975
87.97481435103542
6.364901462396748
8.171406253475451
1.275454632480068
5.2678828411651395
14.534202331819257
7.372158791174777
25.249695174589775
.5631306559976308
9.85709931901167
0
0
.4286905539874875
.03329657750761001
5.325783252515845
0
0
.6112163716593628
.17175503987828505
0
.00041735518456360957
.02989756369544798
.44394032939753414
.11562299546768297
1.3101134251544562
.47121574462754773
197.18992086191645
5.709101382044328
.6236796598209748
0
0
0
6.591214424087943
.2087869441737336
.23929814355884796
0
.0033271294748258317
5.0348876782263305
0
0
0
0
.0008266109788809877
0
.0331985481090148
0
.10483920993311234
1.9303365365660898
1.7575496804798034
92.96105326129265
0
0
0
0
0
0
.23558692188626362
0
5.385725771178107
0
0
5.305403305855859
0
1.0166732448599476
2.445089050370896
6.05724914940199
0
35.55341388196927
0
0
4.411388140510576
5610.100648071934
223.4769145983301
291.16731488023015
0
121.91279763134601
.1631000947010179
0
.13167228227606204
.4505639153092839
.009741139022733412
0
82.06139987434187
0
0
0
.40395253774417317
0
0
.005718613750929026
.22389307319152774
.6171402180022257
.999323470153324
.37813273084428484
.005750426504564929
.002014078878750785
.0044075463552625226
.007371820924279684
.007628619094298148
.0029197484004704743
.016749648888120913
.26193645455444525
.0014225803139884085
.008441245821775665
.455945805918429
.010695434272061323
.0040537267602296515
.04712850360312626
.0038441975385506678
.00900338303421232
.03415815372141447
.06935298270724968
.037757555711906414
.016867819227802287
.12407340579333209
.02099390443997237
.04556162432339249
.0007317697642931692
.0015628999863376999
.010004501404321109
.0035743452667687738
.520408040061127
.7588873855493191
.005928595653372887
.05003739107455479
.01479719773832926
.000495146412216677
.012297785060090247
.0002992867640544315
.0528436198525111
.039091293177890056
.09675438287941394
.012278262105597583
.01116475101421528
.001668306526112935
3853550921043892e-21
.016513840316109626
.04020353135229606
.8377761674296125
.999323470153324
.019677330783217144
.040110285541145145
.013892337226068856
.025319932054052065
.0033755169583779073
.3949865507882646
.05753898443298318
.06892424028755163
.41148511189293885
.0006973658800157856
.999323470153324
.019143538709095128
.0008977752497925418
.02478228758835236
.025586650985087837
.009765387378348471
.10787110117950163
.3144702970556457
.007274861196650766
.02222464220742153
.5578794930312735
.12967253441666968
.013792019736383958
.07324128995041616
.00026798005428489024
.022176590760722585
.21554417925864433
.00013013049099926092
.012806842289554317
.029881529492829594
.0003876066394221671
.0034510203536611975
.007441849886666968
.0061810575747625095
.021641114866460375
.09366293634500053
.02354842229019773
.9060479588580511
.006946708531589884
.006868342096880686
.03187453187728265
.00023015249245284216
.011744000839263757
.07406587386893736
.49246370359423
.44772635673432837
.0649701973648796
.04164683099018993
.06406288525591118
.8995737916142135
.5448729749676101
.010237365998640531
.008399026602399698
.8041837482492499
.032911537775353064
.24981828734839584
.0043438578322848535
.006201219231876425
.11957738178616763
.21226349577779488
.5810173288437482
.0005508065441042757
.02610296330416338
.23887129184184253
.2749737308694796
.1313061605021405
.9230723370539429
.18585040915301157
.029240304385973755
.008640617049218903
.7195995011289416
.999323470153324
.3409807915045451
.03979301296188886
.006968297412418222
.014233622253429251
.01261003135188086
.919811504415791
.08209106223114444
.0018909862575001968
.002972952850885441
.014682195700426757
.05470104528422882
.007567826662163556
.5996104362442984
.002681649043973145
.999323470153324
.999323470153324
.999323470153324
.005176330384678736
.049649921191561024
.13913893954358209
.07913318273255973
.014509413970290501
.01773413409680292
.021431811348870036
.0006895399739298887
.00032829074773313075
.05672168685823878
.5422083182226096
.999323470153324
.999323470153324
.999323470153324
.02520249459207175
.0005416191526814118
.4515216893010976
.2727892895524624
.005254115772593669
.015301015494644516
.999323470153324
.03837039957833749
.181744774703532
