2.720269823246636
0
0
0
0
0
.0002235849802080056
.04039799027173197
0
12877510846435113e-27
8019219707579038e-26
0
16.254837197644903
3.1930204288342368
11.66364023780561
0
1.6508024845525875
0
0
0
.01429862729971575
0
0
0
0
.34563489663027674
.29022801605394166
.011179991540806357
.00014488342078372018
.0023351001572568253
.00019580402827039777
0
.00037714033796560015
0
.10134884876342201
0
8828434130116109e-21
.39793841551239534
0
.0014093032455974007
2845534831719e-18
.001993109728229353
.00199167319028266
8325706843172558e-22
6048799228661146e-21
0
0
.0043049526179335
.12760636382573193
.4644599205283485
.3775150566780163
1.335471715777314
.00018748550847082635
1.3470301443754131
0
5.685299625761794
5.621090217735919
.0036721080888972666
0
.4691629885746124
.4764289662225794
1.1342634642288512
.011864816351689261
9.831251823109298
8.703721631671316
0
.2359194994334555
.28358187716953814
.15358658739390219
.16867855105380758
.6449631120870404
17.3873230404927
.678273089410828
11.02844743525612
11.409787899488766
9.078004310186483
9.237128288490485
.5320303641530035
.6750889640119948
5.210318638026199
11.028584455793425
11.768519374878718
.02545618293594155
.6710379963857839
8913128191132174e-34
0
0
.006598819389625849
.029451953284596953
1.0953335539046607
0
0
.7552024025301466
.1193266091585445
0
.00024668123691202646
.006284204087720918
.09573651055235591
.16208359418304605
.03706502823611183
.01191880829467071
.030322667420429047
.8899487212548709
.3764791025494783
0
0
0
2.8564815180584593
.20554677990357162
.005348993130998075
0
9166502684103959e-26
.13572605672257612
0
0
0
0
.00021583430490128592
0
.019096782958737703
0
2325494855170223e-20
.0002608667900884205
.0017810319936909182
.02781737847464486
0
0
0
0
0
0
.1890574441157028
0
17514573216810866e-42
0
0
.013983334546854072
0
.05998843634414817
.07813814737705543
.18406179480049195
0
5.871977307002788
0
0
1.6537279136177203
5345.945664373469
210.8235371780033
290.6218094859205
0
104.48464130326398
.03715515332225235
0
.008254603918383858
.018258428931644102
.002789463134148217
0
2.1810755117615708
0
0
0
.002785111513679756
0
0
.005630363825413676
.12177432397760911
.11510297243562746
.06580012873322273
.13517508349269416
.005661195824225832
.002003076956158411
.004355029502145167
.00722549898788634
.0074719798121843295
.0028966558177130576
.016003773714945865
.12845785347547156
.0014170872065828025
.008249668542646802
.13188442561794478
.010388812524538377
.004009281821963508
.041458938318298985
.003804217039397339
.008785606109152326
.031127848853401224
.057431228737750264
.03407274421888567
.01611150304718686
.0885364648921776
.019828820146366145
.040251724476111736
.0007303149050300837
.0015562710460466278
.009735965149626838
.0035397681451377907
.12630494969633596
.09621218488148986
.005833772833982618
.043671011675767396
.01421354044126239
.0004944800981755046
.011893284599097095
.0002990432621843858
.04576953172915488
.035148590369853974
.0743679628079917
.011875034288995334
.010830841692148836
.001660754364798263
3853510535693563e-21
.015788588142899018
.03603946502469313
.08567359314822649
.06580012873322273
.018651978133916343
.035964996850775435
.013377250646247512
.023635050935339026
.0033446713315905905
.13487001487378472
.04920394907752583
.057142783398571546
.1343343681349645
.0006960445425425094
.06580012873322273
.018172363393288468
.0008955859291706009
.023167033945408845
.023866702411270455
.009509451313471109
.08044302907551303
.13368033117224418
.0071323443019408565
.020921111939724322
.12226852777002162
.09113329916883743
.013284276457350102
.06001309042014156
.00026778482242217856
.02087860715784642
.119926632532269
.00013008444570495722
.012368462445545137
.027549194447901857
.0003871982659044089
.0034187826903840663
.0072927489058901805
.0060780222440320756
.02040416573903374
.0725996997193774
.02208758477848826
.07692712739589908
.00681670110709006
.006741237882999439
.029227781586485497
.00023000848019911043
.011374834180842954
.060552787108589176
.12896929613776686
.13243682375430746
.0544470262755294
.03718701429048163
.05381931928727378
.07773689369430867
.12372215264795482
.009956271939197427
.008209350051232056
.09011981658146244
.03009368331851914
.1266215312609373
.0042928433313994836
.006097513467996743
.08637811623577331
.11916007300577484
.11956546404618527
.0005499820699824185
.0243141418178243
.12473312524371345
.13015202907435056
.09187224832563326
.07481958079211294
.11210502412529069
.02700507294984649
.008439937464031913
.1015353818414276
.06580012873322273
.13486186929654742
.035711315524369125
.006837484488140072
.013693166296915735
.012184908657818289
.07522076339706477
.06566474025335696
.0018812864085198406
.002949012730446721
.014107486155381559
.04713956359356457
.007413661254671162
.11730071935157926
.0026621629006577966
.06580012873322273
.06580012873322273
.06580012873322273
.0051039707952124985
.04337853019234518
.09530040925322263
.06381003044104239
.013948020380614674
.016899111661892174
.02021833120804245
.0006882481126661147
.00032799777483419405
.04861298584436158
.12401345382895454
.06580012873322273
.06580012873322273
.06580012873322273
.02353294325259922
.0005408219434952779
.1321869120992864
.12988776259196103
.005179572991892266
.014677360914450373
.06580012873322273
.03456811456098375
.11085978209133285
