2.724511811534219
0
0
0
0
0
.00029315151531984925
.03179095561153545
0
12305575549734893e-27
7663041576855124e-26
0
16.251368909939167
3.695662725883709
11.681525853738602
0
1.6947035713375833
0
0
0
.014296078661608633
0
0
0
0
.2975160168915941
.2582330982425298
.014625592553870465
.0003070544487669323
.004826320865927959
.0004172127450808183
0
.00040152337501938424
0
.10051827810514558
0
5961196690379633e-21
.42328187854877813
0
.0012832206742113576
25862322444118655e-22
.004247248039514864
.004245651169125695
7139939440562404e-22
5427118631731973e-21
0
0
.004980960503501471
.13619710160745188
.45937196639772565
.3849729432568982
1.3742350405318993
.00019184787696772493
1.384647322709944
0
5.600941711600905
5.571112151768538
.004541375238356597
0
.4552999266257834
.4743283043113435
.9815401376705232
.011356970533741401
9.58536941669674
8.611698143498604
0
.2031354324564319
.25677668434955625
.13590508571237297
.15631598143780645
.5763875950683084
17.28825026472717
.6736324141846756
11.349629978151897
11.607668418455347
9.229858157029728
9.212268026361167
.5529016271281626
.6724474863370234
5.203636461276626
10.84049207858727
11.767135003913301
.02192403392156695
.6705006149753389
6788087753430949e-34
0
0
.006346011096161058
.029290695516249184
1.0860844005167658
0
0
.7863050406863701
.12178888788714291
0
.00024122064055490946
.006185976314551366
.09549200720025254
.16194334297065585
.032839942938606724
.01080906727315952
.03003149241443984
.8735084535451686
.37079171688140267
0
0
0
2.821061603471978
.2054902191580889
.005056969104265125
0
7018367813578878e-26
.13622823106905274
0
0
0
0
.00022486293601296683
0
.018948388430427957
0
24404609854542936e-21
.0002759686658206337
.0019211061095689244
.029364646758415533
0
0
0
0
0
0
.18901125604568159
0
1597194768007665e-42
0
0
.013678316030701635
0
.059730151710987646
.08245099643634697
.18318770749810329
0
5.829493891902292
0
0
1.6741583829780242
5345.543509931392
210.80437106714183
290.6209594120185
0
104.45950302775749
.03705786092983387
0
.008218806906821658
.0181764718945608
.002767310353324567
0
2.251977074338458
0
0
0
.0027522104325632124
0
0
.005630227243528861
.12165870598786793
.11480191266165912
.06552159654067642
.1349583763655178
.005661057730453626
.002003059842521576
.0043549480777220154
.00722527304042681
.007471738017749606
.0028966199412221397
.016002636645292712
.12831517391227265
.001417078655089802
.008249373144873036
.1316295136639584
.010388341192361811
.0040092128793124595
.04145065047117181
.0038041550042187725
.008785270571491028
.031123338697670866
.05741433447607663
.03406728718353147
.016110350247417377
.088489874912302
.019827054326547508
.04024394546167305
.0007303126380190627
.0015562607282987877
.009735551971188191
.0035397144742794298
.1260263328359924
.09590279876064844
.0058336261214914165
.04366174282284753
.014212648282940539
.0004944790595676375
.011892664172423031
.0002990428825279121
.0457592727216185
.035142762190664194
.07433744415862154
.011874415797779035
.010830328743709719
.0016607426117729942
3853510472701314e-21
.015787482154723156
.03603331910635013
.08536949140757048
.06552159654067642
.018650421278768873
.035958877855933616
.01337646232554346
.023632512461674023
.003344623439798357
.13464416522556136
.04919194039046283
.05712607789343055
.13410002479329416
.0006960424834931615
.06552159654067642
.018170887717025876
.000895582518468474
.023164598570941934
.023864112056313422
.009509057393249995
.08040622504921544
.1335020853515321
.007132124200992711
.020919139630225035
.12197941012370256
.09108317891964934
.013283499268449888
.05999444700363182
.000267784518013012
.020876643110918195
.11981701343922703
.00013008437389679326
.012367790523007469
.027545702542658486
.00038719762926453885
.003418732642431247
.00729251868911638
.006077862879870492
.020402292667498767
.07257085852046043
.022085378477600698
.07663184891966758
.006816500235537177
.006741041476105299
.02922382983940551
.00023000825564094501
.011374267519943155
.060533764271114184
.1287000675873713
.13218545572611393
.05443202192972275
.037180445028011086
.053804695024640456
.0774406363482944
.12343641305990304
.009955839576692585
.008209057567356692
.08981274431848481
.030089482128321226
.12648739550691246
.004292764229414359
.006097353071296694
.08633430886075984
.11905281186861183
.11927102198915128
.0005499807849421347
.024311449651726384
.12460677810944826
.13000027542733708
.0918210852608097
.07452700296190287
.11201666701783745
.02700172346228924
.008439628115519543
.10122576375358773
.06552159654067642
.13466689620769842
.03570528774735467
.006837282377988911
.013692339536155836
.012184256879363963
.07492765448205864
.0656418765761013
.0018812713177439489
.0029489755399251284
.014106607535761049
.04712862613708488
.007413423259232902
.11700261851254624
.002662132617277551
.06552159654067642
.06552159654067642
.06552159654067642
.00510385872340227
.04336939470502178
.09524417179978018
.06378861300811778
.013947161915187682
.016897840408263975
.02021649314582912
.0006882460995282856
.00032799731806290323
.04860128989923408
.12372844105229841
.06552159654067642
.06552159654067642
.06552159654067642
.023530427468110116
.0005408207009350651
.13193389299475192
.12973751970903027
.005179457550975962
.014676408276022103
.06552159654067642
.03456248833188537
.11077433615342289
