2.738428613831418
0
0
0
0
0
.0027741267739397005
.050653179961311925
0
10601721571103434e-27
6601974529858962e-26
0
16.239474490167126
3.300283520716276
12.106116035973354
0
1.7923215656957157
0
0
0
.014287720486151394
0
0
0
0
.27924516644843866
.22942794151597287
.1384274403150751
.0029379822415096847
.047784685348522
.004139132546185428
0
.0029712823582494366
0
.09788900959471013
6.973946840232187
5015277346970804e-20
3.1364915667442603
139.69407412219195
.037414448279130014
37024733468998046e-22
.042099859397482994
.04208461295756551
630020031103055e-21
3817039005438826e-21
0
0
.005099786671594531
.1514155422137943
.44510736868623635
.40031869108134
1.4626038430893982
.00020370314370302627
1.471319277737548
0
5.738343223321513
5.7085139599950905
.005181441931370359
0
.47812750878621074
.4729611216960344
.8445221276052755
.010453219443845327
9.193177489938124
8.357783529408001
0
.17393013672431817
.21502025338700695
.1201199548465901
.1605726664062178
.514722183706835
17.135453453853025
.6669362646864544
12.08807121068775
12.172313904697988
9.41154233098461
9.228454386497564
.6114270668797824
.6680187540379698
5.184533879598681
10.33375981496052
11.762519731069077
.1136089532890879
.6706258936617308
277798384295418e-33
0
0
.006791162693386391
.028835663943482907
1.0586872348990184
0
0
.8612151850078141
.1277521856497403
0
.00022675034045027865
.005913022733574895
.0946945433750513
.16148198745186018
.029089916375464177
.009044139633964303
.030526690033703365
.8287447737455432
.35552718363271546
0
0
0
2.7224635705350644
.2053039973690751
.0051607764181173695
0
540128501045385e-25
.1258817622226483
0
0
0
0
.00021332744370633732
0
.01914523453328358
0
2697382033133563e-20
.00030632218907233096
.0019277390307798888
.03286039701892736
0
0
0
0
0
0
.1888314589831425
0
4873774833579287e-45
0
0
.015155023221307996
0
.05889070945829218
.0935962410168748
.18033990475251133
0
5.777378956129137
0
0
1.6714534307279818
5344.224363718786
210.74150453848543
290.61817056971984
0
104.37707368921804
.03674528505111597
0
.008102451796048552
.017910369840287963
.0026830362185360592
0
2.44204424439991
0
0
0
.0026912445914554664
0
0
.005629779179019832
.12128016527780841
.11381973635394156
.06461606112925543
.13424985617040675
.005660604706244341
.002003003698390796
.0043546809571699645
.0072245318182796725
.007470944811344123
.002896502243397039
.01599890679830626
.1278481931938688
.0014170506003446616
.008248404099916274
.13079667199319148
.010386795030672892
.00400898670567247
.04142347194566717
.0038039514908838105
.008784169854262124
.03110854669961973
.05735894391762038
.034049390280798786
.016106568806130112
.08833719802907634
.019821262259267756
.04021843519986174
.0007303052006259278
.0015562268790730103
.009734196568964673
.003539538400600116
.12511657566429485
.09489475654099798
.0058331448238793625
.043631348065498815
.014209721748925559
.0004944756521948707
.011890628949609714
.00029904163698234014
.04572563187061023
.03512364831541555
.07423740874048568
.011872386923604221
.010828646070883836
.0016607040538986104
3853510266040997e-21
.01578385425428162
.03601316338937559
.08437937605080856
.06461606112925543
.018645314575664044
.03593881041837071
.01337387638731662
.023624186338807706
.003344466324754036
.1339058666899928
.04915256375200466
.05707130599046656
.13333407525644175
.0006960357283587021
.06461606112925543
.018166047268583025
.0008955713289797084
.023156610571578713
.023855615784830204
.00950776516342193
.08028559931189105
.1329189768124254
.0071314021577294955
.02091267032823613
.12103568621153166
.09091894157799679
.013280949843695803
.05993332371713049
.0002677835193323006
.02087020090788314
.1194580862963769
.0001300841383141436
.012365586385412963
.0275342496651352
.0003871955406307602
.003418568453943653
.007291763461935494
.0060773400790239285
.020396148839864202
.07247631887229863
.02207814175579026
.07567105656647849
.006815841272525514
.006740397159034489
.02921086899047095
.0002300075189286182
.011372408658876041
.06047139750268715
.12782074266894997
.13136413139301933
.0543828258072997
.037158901224040204
.053756744720719986
.07647660224563654
.12250360550881322
.009954421245515044
.00820809808100246
.08881265241560854
.03007570329133395
.12604832980492847
.004292504727690736
.006096826883260516
.08619074480425114
.11870159494883034
.11831012024691537
.0005499765690978358
.024302619484741435
.12419316574133599
.12950365462095634
.09165343323863813
.0735751452162217
.11172728025104565
.026990737627502454
.008438613307353135
.10021660589518087
.06461606112925543
.13402922003130457
.035685519404603475
.006836619351861616
.013689627510938525
.012182118817487732
.07397404070639411
.06556692299604117
.0018812218098894625
.002948853531298327
.01410372540954254
.047092761153309765
.0074126425150006425
.11602994064890446
.0026620332682162086
.06461606112925543
.06461606112925543
.06461606112925543
.0051034910637530045
.04333943717956623
.09505990503706403
.0637183987391256
.013944345896129532
.016893670444604644
.02021046414017212
.0006882394950155272
.00032799581952580885
.04856293846099784
.1227979836965946
.06461606112925543
.06461606112925543
.06461606112925543
.023522175756309924
.0005408166244552126
.13110720239003873
.12924583319673388
.005179078838998906
.014673283364284905
.06461606112925543
.034544036643721174
.11049447360324598
