2.7415186208316915
30149483823279896e-43
9374964528146341e-47
2690302795022253e-48
4289603271557405e-47
19929093740727733e-45
.005481394868815007
.4687107000733318
0
10256650126944082e-27
6387090706339364e-26
0
16.23654463609449
1.2519774230240464
10.634960576690345
0
1.8073483482145023
0
0
0
.014285865351797586
0
0
0
0
.3476316865864584
.23312348367808122
.274106397577239
.004214049528282038
.07418079600011432
.00635200047184931
0
.006606119030196049
0
.09733952177611348
.1998455317823691
.0015292221679859882
7.0121908373990935
7.031870842758352
.20334027133648433
13178496319823285e-21
.06456819094044065
.06453603807401288
7245350762837263e-22
35416918629989507e-22
0
0
.00455525900636025
.1777172477336012
.44232768935351924
.4024491562157575
1.4765506554143843
.0002053338286153745
1.4849928122198977
0
6.249318750471958
6.2168980921508465
.004985909761191139
0
.5739709592820377
.474585985927606
.8807028980398488
.010371196358808541
9.178766883471386
8.309089825752254
0
.18128585325870894
.25734148549823427
.1215573360113381
.2081011782364568
.5229391886726925
16.89906567077101
.6645757899835997
12.20663504571336
12.023703414201567
10.55385983614376
9.265880345305433
.6090098242695696
.6615219124564238
5.180754209784751
10.238574138652057
11.761482003559422
.3710089396584972
.6728508300879535
2278118715851566e-34
0
0
.008763878496809159
.028746646737569357
1.053073202100233
0
0
.873757456293748
.12880724624643503
0
.00022407007975369433
.005860271946045303
.09451844882572494
.16137929404722787
.02958026756057653
.008755196106144886
.03355117904314055
.8202345582922069
.3526655610238838
0
0
0
2.7033888781737367
.2052625121292981
.006596713645762153
0
6457332123478015e-26
.11612625147457
0
0
0
0
.00019491012221602795
0
.019915188753181243
0
3354650850435208e-20
.0003738565402145647
.0018514471454460588
.040759943082438056
0
0
0
0
0
0
.188787943728249
0
13187294611717698e-47
0
0
.01962382829405806
0
.0587059598630099
.09558855338908002
.1797082580672586
0
5.658760961391213
0
0
1.661194733565475
5343.93151222282
210.72754855856437
290.61755135479433
0
104.3587803777223
.0366770319335728
0
.008076841134783878
.017851855625703638
.002662611878456401
0
2.423639789221858
0
0
0
.0026225050826386323
0
0
.0056296796981825815
.12119627618987441
.11360280209162864
.06441670521224865
.13409304573244624
.0056605041242644375
.002002991232683355
.004354621649476787
.007224367251879761
.007470768703765589
.0028964761110955068
.015998078762411615
.1277447382551397
.0014170443713052339
.00824818895417316
.13061246867892753
.01038645176101677
.004008936489105077
.04141743979973573
.0038039063054267006
.008783925476029209
.031105263323053058
.05734665256715181
.03404541783082131
.016105729317007846
.0883033342828705
.01981997645142362
.04021277324176279
.0007303035492800685
.0015562193634848513
.009733895648826634
.0035394993073979784
.12491547104055335
.09467237803455769
.005833037964704054
.043624602258921785
.014209072039847725
.0004944748956445406
.011890177107657583
.0002990413604292456
.04571816580482325
.035119405790706
.07421521571915149
.011871936491045204
.010828272495324925
.0016606954928506763
38535102201553245e-22
.015783048849174485
.0360086896593054
.08416109913272951
.06441670521224865
.018644180902295065
.0359343562791226
.01337330228824237
.023622338052223458
.003344431440831606
.13374248912298542
.049143825066013766
.05705915187740339
.13316460262663696
.0006960342284962665
.06441670521224865
.018164972698103705
.0008955688445487363
.023154837335728214
.023853729731833875
.00950747826794384
.08025884082494125
.13278985265607346
.007131241849299913
.020911234192952897
.1208271397093047
.09088251545613356
.0132803838504232
.05991976070365908
.00026778329759146585
.020868770787774844
.11937853815520448
.00013008408600678046
.012365097044631344
.027531707379960465
.0003871950768840182
.003418531999542913
.007291595786232949
.006077224005422105
.02039478495061624
.07245534454500532
.022076535277294168
.07545936735128589
.006815694968798695
.006740254106920998
.02920799201780055
.0002300073553535567
.011371995969236773
.06045755866259401
.1276263189206805
.13118246270468678
.05437190861598991
.03715411945513838
.05374610390890159
.07626418705603451
.12229744849235098
.009954106354804997
.008207885057367843
.08859211295599677
.030072644773481632
.12595104912881266
.00429244711154394
.006096710057646087
.08615890106593789
.11862375343248067
.11809781959381033
.0005499756330403202
.024300659320237693
.12410151604246979
.1293936454219862
.09161625029314625
.0733654549888481
.11166312796607768
.026988299002174043
.008438388001720613
.09999390671301894
.06441670521224865
.13388804422280598
.03568113164016543
.006836472146064211
.013689025421286203
.012181644145387725
.07376395779094282
.06555029234745768
.0018812108176260252
.002948826441887118
.0141030855586509
.04708480160144583
.007412469174182508
.11581507222932318
.002662011209823183
.06441670521224865
.06441670521224865
.06441670521224865
.005103409434305335
.04333278839024122
.09501903989047025
.06370281925365831
.01394372072054177
.01689274470939494
.02020912573826428
.0006882380285959747
.0003279954868001521
.04855442723406825
.1225923414222792
.06441670521224865
.06441670521224865
.06441670521224865
.023520343986145834
.0005408157193411646
.13092435264599084
.12913691499540478
.0051789947557193666
.01467258961706918
.06441670521224865
.034539941073258223
.11043243051314112
