2.742208009224927
6749367644062905e-43
20948565663757342e-48
6019781424690042e-49
9594815674851409e-48
4460050857827742e-45
.005706384719398504
.4051033705281126
0
10181208238262684e-27
6340111725993824e-26
0
16.235856222690455
1.3930687279220337
11.156922253298259
0
1.8103848556541846
0
0
0
.014285451499653334
0
0
0
0
.3490971840465808
.23508849455781888
.28567786085866975
.004629397647489044
.08288733904306209
.007120616757039792
0
.006836771765228743
0
.09722037870056918
.21340509732947832
.0010655210401860715
7.258984010257715
7.093474302475102
.16657971826384743
126647828830934e-19
.07236666364220985
.07233312416532578
7370375865026468e-22
34850669023707225e-22
0
0
.004338184992037249
.17383362022566953
.44172463435333237
.4028660636656149
1.479475014078752
.0002055667792039054
1.487845656831999
0
6.238515845147933
6.2061990407432095
.0048592011385382525
0
.571744754901649
.47525897232869085
.8994062106841269
.01036951715257698
9.187533585325042
8.298586891451906
0
.18530054664356196
.25101508894999935
.12274815203264537
.2074222505424769
.5272552142725003
16.951838196927877
.6639438019382555
12.23090664715716
12.111205000997133
10.190102645833232
9.280229127456812
.6148138170250174
.6629028638855646
5.179933855751613
10.21812421332673
11.76124992221031
.29665896618332066
.6729440543017228
2179482878229716e-34
0
0
.008715884658098109
.028727367778126244
1.0518427943647415
0
0
.8763473765334746
.12902751596193357
0
.0002234957228287227
.005848863833340112
.09447920495426056
.16135636964146707
.029839326575543706
.00868173596652396
.03338978716188723
.8184014509885957
.3520516658755377
0
0
0
2.699264528107779
.2052532498356779
.006549237103424625
0
645821370673625e-25
.11399382053444553
0
0
0
0
.00018900298621075536
0
.019901995609200886
0
32754205512249564e-21
.0003650947105944646
.0018175695174018002
.03982098022871257
0
0
0
0
0
0
.1887780830859719
0
8753879058652482e-47
0
0
.019537867027244013
0
.058664822271853274
.09601678909463296
.17956623842025948
0
5.687544074025513
0
0
1.6585023852920762
5343.866178499174
210.72443507004525
290.61741320655494
0
104.35469953057802
.036661861320776666
0
.00807113833629574
.017838828890762597
.002657977073436004
0
2.4449618773311115
0
0
0
.002635747563577005
0
0
.005629657503995261
.12117756823208373
.11355445989108505
.06437231230186508
.13405808589891108
.0056604816844134
.0020029884515630064
.00435460841789022
.007224330537209798
.007470729414284302
.0028964702809449387
.015997894031346212
.12772166860898382
.0014170429815944826
.008248140955377478
.1305714078241196
.010386375178232772
.004008925285747357
.04141609413242206
.003803896224509857
.008783870955552747
.03110453084065508
.057343910694730105
.03404453163033421
.016105542030820905
.0882957809648273
.01981968959580382
.04021151015320853
.0007303031808611308
.0015562176867430322
.00973382851404912
.0035394905856643523
.12487064816574449
.09462283589900104
.005833014124418034
.043623097394539234
.014208927092154856
.0004944747268564022
.011890076302913171
.0002990412987295842
.04571650027278831
.03511845934253959
.07421026530420148
.01187183600072897
.01082818915142756
.0016606935828652
3853510209918117e-21
.015782869166855493
.03600769163453927
.08411247801262499
.06437231230186508
.018643927986288472
.0359333626246119
.013373174208642936
.02362192571451212
.0033444236581896933
.13370606635179558
.04914187565479031
.05705644061679139
.13312682222295716
.0006960338938735962
.06437231230186508
.018164732967370194
.0008955682902668295
.023154441740823914
.02385330896895489
.009507414262015521
.08025287215436405
.132761061831006
.007131206084574154
.020910913800974047
.12078066145459222
.09087439068538244
.013280257579177317
.059916735179353656
.0002677832481205487
.020868451737711527
.11936079798460163
.00013008407433687805
.012364987874102172
.027531140221689652
.0003871949734210204
.0034185238665267012
.0072915583778842856
.0060771981094095255
.02039448067589952
.07245066594681458
.022076176883802926
.07541221972626791
.006815662328494486
.00674022219204573
.02920735019652818
.00023000731885956173
.011371903899173554
.06045447161398457
.12758298281379338
.1311419662157817
.0543694732616695
.03715305271425073
.05374373020391742
.07621687716217444
.12225150164732264
.009954036103247209
.008207837532008612
.08854298473556042
.03007196245279203
.12592935579868303
.004292434257340973
.006096683993860539
.08615179825092127
.11860639375172335
.11805050672926413
.0005499754242037333
.02430022202411846
.12408107798264016
.1293691148308341
.09160795674004084
.07331875408363571
.11164882045012166
.02698775496871452
.008438337736282893
.09994428945178893
.06437231230186508
.13385656781595834
.035680152792335496
.006836439304509744
.013688891097168168
.012181538247360135
.07371716914019676
.06554658258259634
.0018812083652329473
.0029488203982047396
.014102942810251927
.047083025988626064
.007412430501959153
.115767188800356
.0026620062885647057
.06437231230186508
.06437231230186508
.06437231230186508
.005103391222746634
.04333130516752392
.09500992516740613
.06369934395020128
.013943581246104047
.016892538182437782
.020208827149487456
.0006882377014344819
.0003279954125682609
.048552528561096
.12254650906863898
.06437231230186508
.06437231230186508
.06437231230186508
.023519935333022955
.0005408155174081329
.13088359317552792
.12911262758204217
.005178975996712659
.014672434844777793
.06437231230186508
.03453902740729377
.11041859329153109
