2.7465078197297674
5980230112649069e-46
18369841008225907e-51
5318197243000723e-52
845711284196615e-50
39443901069354264e-49
.006258034083490149
.38550505456115697
0
9723064491044143e-27
6054810570787661e-26
0
16.231664616625057
2.5361996907431457
12.561999295292644
0
1.825610436156441
0
0
0
.014282870519223508
0
0
0
0
.3277389625961181
.24424304419967607
.31303772154141873
.007675695347167408
.13384100690475847
.01172282699302979
0
.006600387577512844
0
.09649508092176733
.2972681781626541
.0006211323257791701
6.999649331181732
6.938437582111484
.1001135329913141
21802801190992045e-21
.11912806861371493
.11909856843058649
7043523115418125e-22
3155856765876818e-21
0
0
.004145422154717739
.1487458712694963
.4383338930348616
.4047836565380852
1.4957035096289302
.000208930219210487
1.5042570726988103
0
5.98216158179737
5.951246151202663
.004274933419320344
0
.5215555522494009
.4742110513268525
.9055359048081761
.010226240707868097
9.136563578201828
8.240090553861727
0
.1868302721129101
.20729511699873904
.12822078500151668
.18398106851643625
.5474340874748486
17.14188989583532
.6653649581816393
12.356394596192207
12.489103758512583
9.36772456517183
9.274765963396256
.6419049066216185
.6678055109860456
5.175331796626004
10.10471062105777
11.759798048550842
.18145056173215748
.6723471439769779
16538039218399608e-35
0
0
.007658680569516973
.028619262640200413
1.0446162453729397
0
0
.8899206781178227
.13027948305950318
0
.00022031586411199903
.005784242067742617
.09423489494323198
.1612132891275327
.031052174380601975
.008853726295116457
.03157597359231747
.8080791229605908
.3486545142620769
0
0
0
2.676021529526815
.20519542334641003
.0056983828697494575
0
6264555605502835e-26
.11657239321564232
0
0
0
0
.0001918840563119788
0
.01952913468446317
0
27054219345362486e-21
.00030442274284880595
.0016910275755826689
.03306783954295082
0
0
0
0
0
0
.18871490355919615
0
6865252085322238e-48
0
0
.017282828433304167
0
.05840890422048352
.09848414743295048
.17868319736035382
0
5.795031945997849
0
0
1.6377238587954117
5343.4587011003405
210.7050168520696
290.616551558413
0
104.32925032949811
.0365682860287123
0
.008035660577124057
.017757808345284613
.002628971077502284
0
2.5408227578597486
0
0
0
.002681078957465767
0
0
.005629519077764441
.12106094935174054
.11325340739198458
.06409611803617901
.1338402424469321
.005660341725977094
.0020029711054190043
.0043545258915680335
.007224101546964665
.0074704843650386125
.0028964339177567798
.01599674188640645
.12757787415083416
.0014170343138076205
.008247841586579017
.13031559711876384
.010385897533603762
.0040088554095672555
.0414077020076068
.0038038333490445658
.008783530911466579
.03109996263662843
.05732681222012185
.03403900479685417
.016104373950247074
.08824868447497085
.019817900531540207
.040203632992060104
.0007303008829855964
.0015562072287138328
.009733409795643239
.003539436187494232
.12459144490073426
.09431442002651666
.005832865431467166
.043613712520693106
.014208023066809489
.0004944736741028022
.011889447589127284
.0002990409139005724
.04570611349065454
.03511255679106846
.07417939634366422
.011871209247984177
.010827669338537536
.0016606816700719502
3853510146067232e-21
.015781748509666314
.03600146744139635
.08380985542525365
.06409611803617901
.018642350591788575
.03592716568517489
.013372375386229908
.023619354069953993
.0033443751171877384
.13347911652572536
.04912971865522851
.05703953302108945
.13289142270872156
.0006960318067894786
.06409611803617901
.018163237805202646
.000895564833141867
.02315197451354658
.02385068478053491
.009507015057947663
.08021565476093662
.13258163047732288
.007130983019098971
.020908915582921964
.12049117387346767
.09082373177895406
.013279470035126186
.0598978680184621
.0002677829395638205
.020866461888668343
.11925020964561368
.00013008400155011055
.012364306984230949
.027527603041305342
.00038719432810865585
.003418473140219898
.007291325061189883
.006077036594900219
.020392582975089387
.07242149171000331
.02207394166562169
.07511881837975137
.0068154587499466065
.00674002313798076
.02920334738738045
.000230007091241612
.011371329662331696
.06043522082735647
.12731302183139276
.13088966635084676
.05435428608538063
.037146399996192236
.05372892744710989
.07592246124727642
.12196531462592121
.009953597945793353
.008207541116005095
.08823718023581206
.030067707074321513
.12579413590596358
.0042923540847736915
.006096521432952424
.086107510242654
.11849817641630951
.11775583785631884
.0005499741216629249
.024297494725704687
.12395367901655144
.12921621919619417
.09155624566667249
.07302814505517126
.1115596239130555
.026984362004770807
.008438024230579516
.09963537557155835
.06409611803617901
.13366041226093728
.03567404819012068
.006836234470769075
.013688053328896669
.01218087776755519
.07342601171862202
.06552344901089495
.0018811930693912692
.0029487827032039417
.014102052501443335
.04707195275943031
.007412189302526347
.11546898025369048
.0026619755942023046
.06409611803617901
.06409611803617901
.06409611803617901
.0051032776362112935
.043322055249910306
.09495309513496908
.06367767228672559
.013942711356319238
.016891250102368343
.020206964909778566
.0006882356608866355
.0003279949495740946
.04854068795336249
.12226103327395219
.06409611803617901
.06409611803617901
.06409611803617901
.023517386667550617
.0005408142579256627
.13062965729953677
.1289612468134349
.005178858995735463
.014671469545535354
.06409611803617901
.03453332929271766
.11033232779923503
