2.748562850556225
4588665990513877e-46
14029955031066917e-51
4074981447139747e-52
6473008285356403e-51
30238555614011843e-49
.006520521750024212
.24013188044341335
0
9511444424547612e-27
5923027323700257e-26
0
16.229690985394228
2.8272597987453656
12.589183709813648
0
1.8317160725112056
0
0
0
.014281637143446466
0
0
0
0
.323164434949042
.24738956490009112
.32576682078551206
.009085352955084799
.15582989253668586
.013707306797157514
0
.006478395575499785
0
.09615822212942497
.5379749237860166
.00037198473209949367
6.866191248522341
11.725068600222176
.09508089913636394
15120463904780266e-21
.13930472488191642
.13927692426138966
6905078147028822e-22
30111464534746554e-22
0
0
.004241652285768304
.14435404061304666
.4368191056760408
.40548279398510745
1.5025132376150945
.00021035561130966325
1.511225891416049
0
5.9130599265221315
5.885166231728599
.004232141640013367
0
.5088548744636142
.4731796938975503
.8978294593081843
.010148309159004111
9.102883772874144
8.21414814031766
0
.1851773456145506
.19770119496946745
.1299108357365556
.1784012251708261
.5544016981607904
17.12400554435496
.6656963811158167
12.408249508931908
12.536188672075633
9.376817817994079
9.262223293861103
.6475572214804847
.6672468330104975
5.173272650032849
10.05468820126862
11.75910167082228
.17467480212464317
.6720570902846681
14494086595129072e-35
0
0
.007404556342144716
.02857099390926957
1.0412878882089323
0
0
.8956097026316407
.13082705975176853
0
.0002189175876077591
.005755299901378448
.09411838403024536
.16114484367559356
.03147141668366068
.009007835463595638
.03117324303353845
.8034735500017676
.3471547642040869
0
0
0
2.6656361833226843
.20516775171538826
.005482706336795635
0
6269499782095046e-26
.11847147251712094
0
0
0
0
.0001968215876318847
0
.019425249140515757
0
25998777797040103e-21
.0002933255003087723
.001671617318582038
.031837300859498485
0
0
0
0
0
0
.1886841880209028
0
2025776072444848e-48
0
0
.016752251731123387
0
.05828699380763495
.09956920370915189
.17826484037538237
0
5.788881524520924
0
0
1.6265174455572757
5343.263964275503
210.69573683382316
290.6161397473313
0
104.31708945168367
.036523891934098954
0
.008018759728836488
.01771922434542354
.0026150148167638242
0
2.5577238190416676
0
0
0
.0026730075427022445
0
0
.005629452920196841
.12100525271558113
.11310980573618168
.06396453378890789
.1337362524126689
.005660274836134608
.0020029628151391077
.004354486449885311
.007223992107027041
.007470367250214482
.0028964165386700796
.015996191265072315
.12750920688679482
.0014170301711858265
.008247698511526565
.1301935131880168
.010385669258174387
.004008822013710637
.04140369171610989
.0038038032990129504
.008783368397073495
.031097779567976352
.057318642057283785
.034036363645345125
.016103815713327117
.08822618427468847
.019817045531759787
.0401998687642503
.0007302997847525286
.0015562022304782897
.009733209681734556
.0035394101889886847
.12445822433332698
.09416737235383872
.00583279436720912
.043609227871950575
.014207591021576432
.0004944731709555832
.011889147116411362
.00029904072997741357
.04570115011502001
.03510973610419033
.07416464751454308
.01187090971246365
.010827420910466625
.0016606759765588068
3853510115550646e-21
.01578121293623494
.03599849306023596
.08366560609830534
.06396453378890789
.0186415967465417
.03592420432697953
.013371993617721548
.02361812508932873
.003344351917982639
.13337078526446972
.04912390945902037
.05703145405490089
.13277906400204767
.0006960308093007069
.06396453378890789
.018162523258014495
.0008955631808648419
.023150795431588694
.023849430690430384
.009506824270186875
.08019787335268111
.13249595955923651
.0071308764107183625
.020907960631581665
.1203530626466899
.09079953007586686
.013279093656586262
.05988885283575185
.00026778279209382217
.020865510936744526
.11919739176678051
.0001300839667627661
.012363981576227156
.02752591265872304
.00038719401969153664
.0034184488965976856
.007291213553563055
.006076959402945283
.02039167605940549
.07240755246319826
.022072873456063728
.07497899485902217
.006815361454738009
.0067399280051104425
.029201434497651654
.0002300069824550595
.011371055224565496
.060426022363149985
.1271841997327608
.1307692547987491
.054347029097033706
.037143220848617736
.05372185412806453
.07578215133328317
.1218287724121048
.00995338854172938
.00820739945214047
.08809139862849062
.030065673491741628
.12572956083279588
.004292315768009807
.00609644374090145
.08608635148340034
.11844649040900895
.11761526503643036
.0005499734991339023
.024296191361846707
.12389283675742928
.12914320880295865
.09153154143129617
.07288965974418253
.11151701891085038
.02698274053845799
.00843787439927853
.09948807205152087
.06396453378890789
.13356676413162005
.03567113095457201
.006836136575679602
.013687652948046797
.012180562113646504
.07328726363981238
.06551239554538041
.0018811857590139115
.0029487646876060402
.014101627011362569
.04706666139286672
.00741207402759649
.11532672723038595
.0026619609244107976
.06396453378890789
.06396453378890789
.06396453378890789
.005103223350099549
.043317635085810595
.09492594606480528
.06366731723913592
.013942295624525538
.016890634518231463
.020206074940446704
.0006882346856391128
.00032799472829311236
.04853502992962164
.12212482923839343
.06396453378890789
.06396453378890789
.06396453378890789
.023516168668101828
.0005408136559756824
.13050846641400796
.12888895929393027
.00517880307778239
.014671008217464357
.06396453378890789
.034530606295061377
.11029112228209696
