2.752261906043849
0
0
0
0
0
.006984798625584883
.42257226473599135
0
9142075320200978e-27
569300845541177e-25
0
16.226148931682662
3.192825519103962
12.593672841554795
0
1.841239270946722
0
0
0
.014279417337052883
0
0
0
0
.3201587600264527
.2523888351113363
.3483324291486221
.011426671352004508
.19214351186313688
.016986326141441004
0
.006257633520585283
0
.09556642492833571
.3631070439550856
.0007311402805430482
6.625080305152071
7.312007990596192
.10463916169124694
3000202007622132e-20
.17264113643839632
.172616314333068
6769824582315158e-22
27703066147554234e-22
0
0
.0044445432662154685
.14161936723918284
.43421573235387795
.4064708850457903
1.513534492926062
.00021232582517046697
1.5225157597300583
0
5.836535928889084
5.805928544955658
.004331133158979582
0
.49517347795769173
.4715934092033702
.8915959697035885
.010024789846865606
9.052231617550703
8.16983198454787
0
.18379853640533098
.18821479782290432
.13254681875624696
.17274031058411035
.5654939594021818
17.07492064127199
.6651560034965731
12.491416778733129
12.592337498787032
9.455625969574713
9.244277621825873
.6559168508170604
.665773834897897
5.169728854706612
9.969628326716624
11.757844422372864
.19665585372126615
.6715388016803467
1143041169869368e-34
0
0
.0071376210629413945
.02848809065281848
1.0354426831959658
0
0
.9048435434891074
.131745890221923
0
.00021654612447873588
.005705533117390277
.09390905849362235
.16102153851128434
.03213956497369552
.009267726853548944
.03068938210472626
.7955730371539874
.3446003081505892
0
0
0
2.647802717454853
.2051178867591954
.005239547418311547
0
6360335402096063e-26
.12072984434518537
0
0
0
0
.0002035583884840761
0
.01930920300303801
0
25200506276870283e-21
.00028525278172087206
.0016662563003655604
.030945775869320565
0
0
0
0
0
0
.18862827400480195
0
22765882594480557e-50
0
0
.016211918481967093
0
.05806820782923058
.10139870592081847
.17751716892654484
0
5.768637162566187
0
0
1.6048924500414101
5342.913455875016
210.6790338309345
290.6153984888549
0
104.29520344361235
.03644440024952545
0
.007988427792485273
.017649997784879225
.002589766412851923
0
2.581372323691438
0
0
0
.0026538203802384643
0
0
.005629333838534397
.1209050633360826
.1128517814478585
.06372836250382534
.13354927391794777
.0056601544364100745
.002002947892721763
.0043544154557566715
.0072237951193173024
.007470156448157769
.002896385256576799
.01599520019443161
.12738569893567545
.0014170227144971164
.008247440982686559
.1299740502586999
.010385258375045156
.0040087619018698
.04139647417013911
.0038037492095542723
.008783075878743218
.031093850430562658
.05730393869836145
.03403161008904678
.016102810935634124
.0881856983697608
.01981550662510942
.040193094042321964
.0007302978079371681
.0015561932336947669
.009732849487066753
.0035393633921599406
.12421878617692586
.0939032640511975
.005832666453726463
.04360115666625768
.014206813373264083
.0004944722652918791
.011888606284658475
.00029904039891601273
.04569221739709111
.035104659438812906
.07413810701152727
.011870370567572504
.010826973754302614
.0016606657282843382
38535100606207906e-22
.015780248949859948
.0359931397933944
.08340658267491297
.06372836250382534
.01864023990191472
.035918874497333796
.013371306461872092
.023615913085348154
.0033443101598189975
.13317601050802186
.049113454636756405
.05701691479926018
.13257705767214809
.0006960290138245205
.06372836250382534
.018161237143913538
.0008955602067738788
.023148673235383894
.023847173494411643
.00950648086186585
.08016587675008036
.13234189138579677
.007130684519649623
.020906241829076348
.12010486125258399
.09075598326064027
.013278416202096686
.059872628926044336
.0002677825266480297
.02086379933249195
.11910237853056384
.00013008390414556955
.012363395863401957
.02752287023164918
.0003871934645413412
.003418405258510977
.0072910128441321205
.006076820459897276
.02039004371281267
.07238246857961396
.022070950809124464
.07472796805782221
.006815186326862684
.006739756769327627
.029197991611887512
.0002300067866393946
.011370561253277024
.06040946865553666
.1269526483462261
.13055279308254295
.054333968959550887
.03713749906862224
.053709124500299445
.07553024660794277
.1215833815226987
.0099530116255159
.008207144463345887
.0878295984199441
.030062013389687833
.12561340922494382
.004292246798696763
.006096303897704693
.08604827881795489
.1183535124005752
.11736265670957131
.0005499723785834374
.024293845483085417
.12378339593900438
.1290118940362673
.09148709060432585
.07264104763589771
.11144037090561577
.026979822144620805
.008437604709641205
.09922347429797418
.06372836250382534
.13339836281481782
.03566588053173276
.0068359603680512235
.013686932292029256
.012179993957223873
.0730381774653832
.06549250400619168
.0018811726004062568
.002948732259807184
.014100861161568624
.04705713843191204
.007411866537240492
.11507111327299366
.002661934518989809
.06372836250382534
.06372836250382534
.06372836250382534
.005103125636553624
.04330967992689714
.0948770972984821
.06364868239672557
.013941547338534376
.016889526523319032
.020204473094423758
.0006882329301970547
.00032799432998772054
.048524847148810134
.12188004423837555
.06372836250382534
.06372836250382534
.06372836250382534
.023513976428058334
.0005408125724674064
.13029060608394344
.12875894385348513
.005178702426988343
.014670177863491243
.06372836250382534
.03452570544034265
.11021699112744823
