2.881902530318936
0
0
0
0
0
.002520358130660733
.1022622694145327
0
2282611229806993e-27
1421389336763152e-26
0
16.035852353366387
3.3426706359424254
12.875880150180043
0
1.7818751994569515
0
0
0
.014201838779612314
0
0
0
0
.32827467016401063
.25510824025956175
.12557378298748614
.008017617224468377
.14391469717773553
.013010739998022412
0
.0016607309465697696
0
.07823151904548811
.08418600267684229
6544770871685176e-20
1.693486206296376
1.6100437178472078
.015633638111644116
7853774500315297e-21
.1313679649687502
.13137073836601829
7069509397107747e-22
7703453595380828e-22
0
0
.004282476360498849
.13369870890662106
.38778279993578935
.3725466320413045
1.531313045931169
.0002195769304494563
1.5407161662969235
0
5.8197628628260585
5.7915609544269415
.00429973522957763
0
.4928699720393534
.45139277351191087
.912721281616358
.008021175961243281
8.393788064317985
7.488948625995995
0
.18669647167131578
.1906500399376538
.13243663367976014
.1671309717241888
.5798833614047074
16.0548384158404
.627144337799674
12.62217332874687
12.933892536835076
9.5434047699616
9.234428949402691
.7580389528820104
.6277813987758174
5.110770865083056
8.716999517014909
11.712185572609787
.06985224103727686
.6561482179712443
0
0
0
.007217852115974457
.027113832232827213
.8854024677515513
0
0
.9376651299458257
.1426517480212161
0
.0001820641791640458
.004796615858616244
.08688677454390678
.1566191784163237
.03283599809153328
.009594369483781475
.028182165775505398
.6511328496148616
.3041926775743085
0
0
0
2.33606297613141
.2033231094733085
.004517203121408443
0
6107028731004117e-26
.09858391836368298
0
0
0
0
.00018997486758983153
0
.01915045558039452
0
22480556767777266e-21
.0002437547186020997
.001238274487653405
.02791584757238318
0
0
0
0
0
0
.18653572131720986
0
0
0
0
.01623130548081493
0
.05090543502750031
.12137997510435067
.15342711009386065
0
5.344794543229338
0
0
1.0121030855392363
5330.643717346899
210.09448013537093
290.58942083203067
0
103.53105910765196
.03387130322086133
0
.006994984685497836
.015395017433247199
.00199086519840541
0
2.7705180677647467
0
0
0
.002170930351038769
0
0
.005625161979865696
.11744564140379185
.10417116949442695
.055979697171178025
.12715878602862174
.0056559364102339235
.0020024249776800754
.004351928058856582
.007216894692285049
.007462772234633859
.0028952891279061077
.015960504947463785
.1231318652969567
.0014167614050616905
.00823842045904946
.12251181441551709
.010370868436787636
.004006655734271682
.04114431435172649
.00380185402459623
.008772830153874795
.030956459270606435
.05679100630843326
.03386543111645059
.016067636111340877
.08677846530062759
.01976164805678772
.0399563804887824
.0007302285299618194
.001555877956696905
.009720234177801136
.0035377236966705754
.11611192736900382
.0851004172890701
.005828185247377855
.04331922711821258
.01417958603915647
.00049444052558628
.01186966731195823
.00029902879645412765
.04538025328970049
.03492720070527647
.07321391838473616
.011851490641222845
.010811313952651445
.0016603065974356
3853508135497246e-21
.015746501334277383
.03580602610814757
.07481779590329794
.055979697171178025
.018592748963333544
.0357325788593253
.013347246035073012
.023538519809043926
.0033428469927201717
.1265264836691368
.048748447076779076
.05650969273744882
.1256881695333853
.0006959660907803246
.055979697171178025
.018116220244090927
.0008954559801858751
.02307441948034418
.023768200449210495
.00949445327897482
.07905252061393632
.127053957099808
.007123962583148658
.02084609220931965
.11172204387978057
.08924292077076251
.01325469530507512
.05930679802655309
.0002677732237479935
.020803901424314014
.11581986404395028
.000130081709622656
.012342885930745938
.027416454582506317
.00038717400872123966
.0034168762283579694
.007283982079017832
.006071952935557195
.020332917402633047
.07150882238421974
.02200367357367523
.06644148943865365
.006809051470162376
.006733758224119312
.029077585020136663
.00022999992400226914
.011353262612754201
.059832167297908495
.11909834465261111
.12318860670381403
.05387822801587217
.036937523905733446
.053264890044624875
.06721126120255676
.11328837492695638
.009939810872644436
.00819821288534522
.07912958926206856
.029934019028076485
.12160972405433526
.004289830334305536
.006091404845474955
.08472453077280298
.11514061119885086
.10884400209264702
.0005499331081459378
.024211772497790954
.12000828718926582
.1244930884607193
.08994278541073093
.06444342093545974
.10878711114258406
.0268777404722096
.008428158352419059
.09038152018733565
.055979697171178025
.12762862672828693
.03548235655224775
.006829787695700358
.013661699447171279
.012160098536927571
.06482316574061225
.06479916811758898
.0018807114894362664
.0029475959894924406
.014074046716381452
.04672460195652674
.007404598300271336
.10646165531767122
.0026610092548721197
.055979697171178025
.055979697171178025
.055979697171178025
.005099702256060028
.04303179675509206
.09318088309115626
.0629990218050082
.013915347547241178
.016850740554574407
.02014841341349823
.0006881714101297466
.0003279803709028507
.04816931797893651
.11360406425849462
.055979697171178025
.055979697171178025
.055979697171178025
.023437274049290968
.00054077460017483
.12288069645815286
.1242842025799775
.005175176158700449
.014641106153914445
.055979697171178025
.0343543840757162
.10765015510500808
