.001254744250874347
235.58483312629392
1.2569009760994463
.09797258264176449
.011959771140557282
2.0421475745031805
4.954764896235705
19.3605668498594
0
.28484826013755854
.1707015684070567
0
13.518990703998494
1.939868628838368
436.2445895770371
0
3.506436738250337
0
0
0
.016029705560208062
0
0
0
4958481664915096e-96
32.47955119032501
19.37227067469731
81.97507046542272
9.6914212491023
49.278367754271336
20.793298175208694
0
.052312889291668156
0
1.4039405994352638
1.0424354786536574
1.716390038760172
40.948211847324195
41.73963702602771
13.213434186334732
.0004049339024710766
326.5608587129081
413.81961510863897
.004100630236016989
16.21231895019906
0
0
1.1228937529098055
29.073796429620515
.22936020500728413
3.158880560507162
25.831221063646378
2.829747069351674
70.18661313795934
0
8.422182147335338
273.269010039737
240.35505464988194
0
.9798005077810412
.36095291274850927
29.633755126852385
46.22227013629964
57.503087481527956
8.987227659577524
0
39.018885568126265
124.42259067777167
6.722225099338534
1.2381438681147083
5.191757349472101
37.117672232552394
9.318533498414833
12.074547400794588
95.26978219229943
85.80622100691018
7.512662392878752
7.750908284015945
1.526498367849522
5.270659023300811
14.661762060213078
7.423852795717941
14.844810159577408
.5634937853381484
9.79723958124686
0
0
.37264819601549765
.03337405615663592
5.352471676380354
0
0
.6257402352634743
.16899624376619235
0
.0004224951420058719
.030065328248491334
.4438437921816425
.11576231527184358
1.7938691518013221
.466414550314629
39.78854683741801
5.769464338604859
.630685301500425
0
0
0
6.6253314555298175
.20911780435213403
.22637471155408706
0
.005411675205422568
5.007199106336754
0
0
0
0
.0008124320988772347
0
.033678589298984006
0
.08728398225385287
1.875270630671821
1.7601157236496165
87.04753491744502
0
0
0
0
0
0
.23560136045500768
0
5.386881341154947
0
0
4.74507227647864
0
1.016054294944551
2.2064677727480277
6.053203215922131
0
35.55239294433245
0
0
4.491951289485269
5610.043143743407
223.47414630527646
291.1671988371908
0
121.9088007164865
.16306975019816636
0
.13159533959650996
.45022715382909184
.0097101150240382
0
74.00826246599048
0
0
0
.4036240885042303
0
0
.005718594849292798
.22386409735819088
.616920032569321
.9987460426116269
.37805007584090633
.005750407392043211
.002014076534143022
.004407535127029201
.00737178951429647
.007628585457855803
.002919743473178937
.016749486732821957
.26189679453540315
.001422579144298514
.008441204637500558
.4558256292478873
.010695368154693354
.00405371726235277
.04712721981856921
.003844188997152862
.009003336182024115
.034157479330921954
.06935020261711441
.03775673170469658
.016867654776383023
.1240645077357273
.020993649694263688
.04556042448437735
.0007317694547893912
.0015628985745169933
.01000444355350459
.003574337882448689
.5202514758204546
.7585544198885674
.005928575338151
.05003594392088107
.014797071183606729
.0004951462705119735
.012297697647744145
.0002992867122827845
.05284200582501866
.03909040992804964
.09674897191723043
.01227817497056918
.011164678967053986
.0016683049174358055
3853550912460889e-21
.016513682694466028
.04020259712600836
.837370365523914
.9987460426116269
.019677106987075057
.040109355643449425
.013892225675989738
.025319561504540535
.003375510372736703
.3948963629324211
.057537070833768765
.068921494464842
.4113872317762475
.000697365598930303
.9987460426116269
.01914332689026033
.0008977747839358727
.024781932608366565
.02558627258771845
.009765332259833852
.1078643753585632
.31441313219604805
.0072748306074903344
.02222435671787678
.5576995679567599
.12966281512205344
.013791909791513535
.0732381893827532
.00026798001277783756
.022176306504350866
.2155173242181247
.0001301304812116867
.012806747490678169
.029881013400282045
.00038760655258625115
.003451013470110239
.0074418178770871545
.0061810354925020536
.02164084417172211
.09365786564144805
.02354810177804169
.9055733105215229
.006946680639809724
.0068683148308510515
.03187394464502017
.0002301524618368518
.011743921122247663
.0740627030920388
.49232350349361825
.4476104742879926
.06496775755366563
.04164582848219712
.06406051311388868
.899105903420134
.5447013425816413
.010237305423407507
.008398985829064527
.8038098417625433
.032910911711252065
.2497822122569516
.0043438469262006415
.006201197005322988
.11956911693326486
.21223745204172514
.5808221678743777
.0005508063687504742
.026102569481295173
.2388383092287965
.27493002440894
.13129619476957247
.9225796808758268
.18583044387994269
.02923981020546522
.008640573896528277
.7193001231429068
.9987460426116269
.34091358146127665
.03979209771711553
.006968269347005091
.01423350515524038
.012609939444293542
.9193223234099643
.08208716709640572
.0018909841907215163
.0029729477423847896
.014682071105201722
.05469931579694893
.007567793559683238
.5994025832449217
.002681644887535781
.9987460426116269
.9987460426116269
.9987460426116269
.0051763148978763536
.04964849636370321
.13912774934686523
.0791295632415428
.014509292290319853
.01773395231940939
.021431545864917967
.000689539699117744
.0003282906854408473
.056719827235972166
.542038360615903
.9987460426116269
.9987460426116269
.9987460426116269
.025202127471928674
.000541618983128588
.45140383370579323
.27274627479419644
.005254099816849284
.015300880175265581
.9987460426116269
.038369548604879046
.18172568182600798
