.001254744250874347
235.58484978660394
1.2569009819578283
.097972582647074
.011959771140558201
2.0421475745428705
4.954764761732588
19.361924432807243
0
.28484826049487955
.1707015684070833
0
13.518990787486082
1.9399704117284016
436.2365401153264
0
3.5064359190175036
0
0
0
.016029705560208062
0
0
0
4958482466017342e-96
32.479442138085446
19.372269585466306
81.9750511582853
9.691435561585632
49.27836804856582
20.79321177115335
0
.052312888068964204
0
1.4039408219372131
1.0424916975584972
1.716481256652073
40.948210350802846
41.74086913183241
13.213446409217458
.00040498303163158893
326.55906102862843
413.8196158655381
.00414726541810601
16.212319010053022
0
0
1.122887198593136
29.073639571705684
.22936019598328267
3.1588804526269563
25.831220447562096
2.829747073134114
70.18661313944597
0
8.421893087314677
273.98372081749807
240.35525104580654
0
.9796500308700624
.3608789320495007
29.63375494393702
46.222273801518924
57.50308674399114
8.987227688207843
0
39.018948046899226
124.4207267657083
6.7226701090207905
1.238054922332152
5.191757671302351
37.11767225021716
9.318533498607836
12.074546891989703
95.26990233897067
85.80620991679638
7.512948701679034
7.750935487047709
1.5265642737944976
5.270659025849883
14.661762144000116
7.423852784360615
14.844828147565364
.5634937808941408
9.79723958405069
0
0
.3726248715681349
.0333740562002265
5.352471682590681
0
0
.6257402020238235
.16899606037387463
0
.0004224951453998842
.030065328421240083
.4438437927798747
.11576231529757347
1.7938691009869785
.4664154444904906
40.16479185338156
5.769461956921076
.6306850158484394
0
0
0
6.625331479285927
.20911780435212446
.22636769372293164
0
.0054116563716463265
5.00720683864465
0
0
0
0
.0008124342513525612
0
.03367858349421836
0
.0872766679835462
1.875245739970446
1.7601098312244314
87.04485993291547
0
0
0
0
0
0
.23560136040116103
0
5.386881129929355
0
0
4.744869941426262
0
1.0160542949623739
2.2064677576433795
6.053203214896187
0
35.55239294830732
0
0
4.491951106826769
5610.043143743407
223.47414630527646
291.1671988371908
0
121.9088007164865
.163069750211676
0
.13159533959650932
.45022715382910583
.009710114368574838
0
74.00826274317461
0
0
0
.40362408863374255
0
0
.005718594849292798
.22386409735819088
.616920032569321
.9987460426116269
.37805007584090633
.005750407392043211
.002014076534143022
.004407535127029201
.00737178951429647
.007628585457855803
.002919743473178937
.016749486732821957
.26189679453540315
.001422579144298514
.008441204637500558
.4558256292478873
.010695368154693354
.00405371726235277
.04712721981856921
.003844188997152862
.009003336182024115
.034157479330921954
.06935020261711441
.03775673170469658
.016867654776383023
.1240645077357273
.020993649694263688
.04556042448437735
.0007317694547893912
.0015628985745169933
.01000444355350459
.003574337882448689
.5202514758204546
.7585544198885674
.005928575338151
.05003594392088107
.014797071183606729
.0004951462705119735
.012297697647744145
.0002992867122827845
.05284200582501866
.03909040992804964
.09674897191723043
.01227817497056918
.011164678967053986
.0016683049174358055
3853550912460889e-21
.016513682694466028
.04020259712600836
.837370365523914
.9987460426116269
.019677106987075057
.040109355643449425
.013892225675989738
.025319561504540535
.003375510372736703
.3948963629324211
.057537070833768765
.068921494464842
.4113872317762475
.000697365598930303
.9987460426116269
.01914332689026033
.0008977747839358727
.024781932608366565
.02558627258771845
.009765332259833852
.1078643753585632
.31441313219604805
.0072748306074903344
.02222435671787678
.5576995679567599
.12966281512205344
.013791909791513535
.0732381893827532
.00026798001277783756
.022176306504350866
.2155173242181247
.0001301304812116867
.012806747490678169
.029881013400282045
.00038760655258625115
.003451013470110239
.0074418178770871545
.0061810354925020536
.02164084417172211
.09365786564144805
.02354810177804169
.9055733105215229
.006946680639809724
.0068683148308510515
.03187394464502017
.0002301524618368518
.011743921122247663
.0740627030920388
.49232350349361825
.4476104742879926
.06496775755366563
.04164582848219712
.06406051311388868
.899105903420134
.5447013425816413
.010237305423407507
.008398985829064527
.8038098417625433
.032910911711252065
.2497822122569516
.0043438469262006415
.006201197005322988
.11956911693326486
.21223745204172514
.5808221678743777
.0005508063687504742
.026102569481295173
.2388383092287965
.27493002440894
.13129619476957247
.9225796808758268
.18583044387994269
.02923981020546522
.008640573896528277
.7193001231429068
.9987460426116269
.34091358146127665
.03979209771711553
.006968269347005091
.01423350515524038
.012609939444293542
.9193223234099643
.08208716709640572
.0018909841907215163
.0029729477423847896
.014682071105201722
.05469931579694893
.007567793559683238
.5994025832449217
.002681644887535781
.9987460426116269
.9987460426116269
.9987460426116269
.0051763148978763536
.04964849636370321
.13912774934686523
.0791295632415428
.014509292290319853
.01773395231940939
.021431545864917967
.000689539699117744
.0003282906854408473
.056719827235972166
.542038360615903
.9987460426116269
.9987460426116269
.9987460426116269
.025202127471928674
.000541618983128588
.45140383370579323
.27274627479419644
.005254099816849284
.015300880175265581
.9987460426116269
.038369548604879046
.18172568182600798
