.0012749033209015167
233.04331713107388
1.2571517745561682
.09796867918474643
.011959487817840411
2.04211908894228
4.957551556986576
19.103241218599326
0
.28478714681210643
.17070115637693317
0
13.514621834450475
1.9538590103842886
435.7356598119719
0
3.5226314120560276
0
0
0
.016029691978437254
0
0
0
4815580085487817e-96
32.522364442397205
19.552386213559824
81.99229543058865
9.690914033539094
49.30363007442964
20.32696638890086
0
.05228206005354954
0
1.4065967186512005
1.0443109535220483
1.669907104897638
40.925334149251135
41.6732738294809
12.96380789661132
.0004024891471048188
316.8513140522884
413.8179851633162
.002046280037821882
16.20442515136498
0
0
1.1196478042960363
29.038332738840463
.23041449179714066
3.1596871120466288
25.821533107021317
2.8289175121648924
70.18622908500453
0
8.437434644415294
222.02520319714287
238.58447107010664
0
.9877617607617062
.36506137994427557
29.64093175823088
46.05469852841438
57.50828813327625
8.988798876135629
0
39.08046699761733
124.09650560116712
6.810393495219722
1.2681619654011729
5.1871885620451295
37.1267588728899
9.318423824452351
12.08163723744659
95.18059972457667
85.75481455052316
7.54428553105533
7.73408834361219
1.5335553086716525
5.270749846976199
14.666031392500711
7.425640147493933
14.56970838523796
.5634991201038061
9.795146366606025
0
0
.37003647390132977
.0333766294365467
5.353370235823966
0
0
.6260028873255696
.1688475641414852
0
.000422667781549455
.030070813356421408
.4438393460186798
.11576712361644174
1.8060673531851177
.4663458743091523
21.61310806421264
5.770950219209851
.6308574833288884
0
0
0
6.626467884224512
.20912922012894647
.22567185858189193
0
.0054746503888313345
5.007228721678002
0
0
0
0
.0008122461585082276
0
.03369076525290398
0
.08647206053251895
1.871312234787742
1.758934964529475
86.72808245181089
0
0
0
0
0
0
.23560144849301345
0
5.386890130205144
0
0
4.719057822150033
0
1.016032681869604
2.198228798048882
6.053062210052626
0
35.55235752080575
0
0
4.493406651627963
5610.041138108788
223.47404975292312
291.1671947898238
0
121.90866131380946
.16306865648618463
0
.13159265678813895
.4502154123163741
.009708869489990966
0
73.72067117018169
0
0
0
.4036126243580753
0
0
.005718594190039604
.2238630868020765
.6169123543241666
.9987259090231524
.37804719331243974
.005750406725434739
.002014076452367463
.0044075347354095825
.007371788418776418
.007628584284681212
.0029197433013242167
.01674948107717158
.26189541137523265
.0014225791035018984
.008441203201072386
.45582143827827504
.010695365848648492
.004053716931084687
.04712717504315523
.0038441886992449524
.009003334547910328
.034157455809661744
.06935010565469298
.03775670296516458
.0168676490406488
.12406419739935402
.02099364080925751
.045560382636768655
.0007317694439944708
.0015628985252753055
.010004441535780506
.003574337624897456
.5202460159977346
.7585428092953906
.005928574629594667
.05003589344757688
.014797066769630213
.0004951462655695748
.012297694598973433
.00029928671047708483
.05284194953159682
.03909037912227922
.09674878319827887
.012278171931470747
.011164676454189849
.0016683048613281327
385355091216153e-20
.016513677196940038
.040202564542304815
.8373562154474866
.9987259090231524
.019677099181523005
.04010932321071649
.013892221785344229
.025319548580552697
.0033755101430418774
.3948932177174907
.05753700409209489
.06892139869756829
.4113838183179541
.0006973655891265602
.9987259090231524
.0191433195024511
.0008977747676876529
.024781920227409056
.025586259390014885
.009765330337407013
.10786414078186275
.31441113857839287
.007274829540598978
.02222434676059252
.5576932935483252
.12966247614407372
.013791905956854407
.0732380812430224
.000267980011330148
.022176296590076982
.2155163876240717
.00013013048087031414
.01280674418428032
.029880995400083692
.0003876065495575744
.0034510132300248847
.0074418167606543455
.006181034722314831
.02164083473044842
.09365768878958501
.02354809059924568
.9055567601484543
.006946679666997732
.006868313879864019
.031873924163633736
.0002301524607690224
.011743918341874465
.07406259250361986
.4923186142922692
.4476064330626564
.06496767245918962
.04164579351699696
.06406043037952135
.8990895887328512
.5446953573353635
.010237303310661215
.00839898440696913
.8037968037296827
.032910889875502176
.24978095411810688
.004343846545816969
.006201196230103106
.11956882868070019
.21223654374176398
.5808153622017656
.000550806362634457
.02610255574558481
.23883715893808571
.2749285001333327
.13129584719679327
.9225625026802122
.1858297475666335
.029239792969508363
.008640572391445653
.7192896836372826
.9987259090231524
.34091123753763286
.03979206579544043
.006968268368137119
.014233501071088223
.012609936238737957
.9193052663718345
.0820870312446028
.0018909841186361166
.0029729475642098374
.014682066759568423
.05469925547659913
.007567792405132196
.5993953350149244
.0026816447425670035
.9987259090231524
.9987259090231524
.9987259090231524
.005176314357725995
.04964844666906502
.13912735906961937
.07912943700333841
.014509288046364602
.017733945979381726
.02143153660538516
.0006895396895328037
.0003282906832682072
.05671976237686674
.542032433768598
.9987259090231524
.9987259090231524
.9987259090231524
.025202114667549548
.0005416189772148982
.45139972367453435
.272744774640928
.005254099260343129
.015300875455596026
.9987259090231524
.03836951892482993
.18172501593774223
