.0012864708773292258
231.56703594766074
1.2572952015718397
.09796644844319709
.011959325249478087
2.042102754032488
4.959130179585344
18.959160810602476
0
.2847517856914839
.17070091996094064
0
13.512113385823474
1.9624230397737261
435.3886744828337
0
3.531722928817551
0
0
0
.016029684185032318
0
0
0
4734775067780488e-96
32.54498597292571
19.656363422923416
82.00222910967311
9.690494670304187
49.31812076557851
20.056842524459185
0
.05226459823925703
0
1.408089290423826
1.0455447157758966
1.6438922578188377
40.91236939354824
41.63635928521555
12.822711067425463
.00040123455651321766
311.2930151061495
413.8169843059889
.0011034638869501206
16.199896409443525
0
0
1.117612223614889
29.016286248165244
.23099771687194448
3.1601301390147567
25.81543726090286
2.8284403876639796
70.18600817841818
0
8.444845429960594
168.06803492561872
237.56200558438243
0
.9916647276977514
.3671035958697444
29.645016766016628
45.95822472969343
57.51113527359673
8.989697136798984
0
39.11577316854694
123.89891582046799
6.862283356878646
1.28484455850101
5.18439383001516
37.13194636822108
9.31836088272069
12.085599994486415
95.12950753358508
85.72199069996701
7.563274849099459
7.724484962585029
1.537796630555266
5.270801699460802
14.668471913580259
7.42666520597944
14.414002404183297
.5635020759296852
9.793945069225467
0
0
.36842285663201707
.03337809984292933
5.35388449372606
0
0
.6261475206128709
.1687592331317681
0
.00042276648653564243
.030073943746490184
.44383676011490736
.11576988107971324
1.812960120546117
.46629315100699903
12.144217706858402
5.77176328453281
.6309516406714217
0
0
0
6.627117329417991
.20913576692227084
.2252306501870276
0
.005510160954865248
5.007173062949287
0
0
0
0
.0008121187941234784
0
.03369761084452349
0
.08597075951217742
1.8688382932740535
1.7581748965913677
86.52927253203501
0
0
0
0
0
0
.2356014889959478
0
5.386897049009707
0
0
4.703087936504433
0
1.016020279164096
2.1935049352878693
6.052981301751803
0
35.552337217285086
0
0
4.494208257830443
5610.039987247906
223.47399434985076
291.167192467388
0
121.90858132267496
.16306802722620034
0
.13159111737987497
.4502086749973285
.009708144441416084
0
73.55565343249926
0
0
0
.40360604650423565
0
0
.005718593811750932
.2238625069328992
.6169079484828213
.9987143562716626
.37804553928720025
.005750406342925505
.002014076405443505
.004407534510692782
.0073717877901517586
.0076285836114972985
.0029197432027115787
.016749477831881132
.26189461770187344
.0014225790800922301
.008441202376829915
.45581903345867464
.01069536452540791
.0040537167409984394
.04712714935041544
.003844188528301236
.00900333361023311
.034157442312840854
.06935005001636016
.03775668647402891
.016867645749405132
.12406401932435163
.020993635710918352
.04556035862404265
.0007317694378001945
.001562898497019737
.01000444037798238
.0035743374771109635
.5202428831009417
.7585361470548265
.005928574223015168
.050035864485311755
.014797064236829326
.0004951462627335572
.012297692849546486
.0002992867094409491
.052841917229670854
.039090361445508114
.0967486749088703
.012278170187593886
.011164675012273506
.001668304829132766
3853550911989754e-21
.016513674042383537
.04020254584533176
.8373480960436266
.9987143562716626
.019677094702589427
.0401093046003724
.013892219552837893
.025319541164590637
.0033755100112397795
.39489141296047015
.0575369657948236
.06892134374502684
.41138185964061647
.0006973655835010354
.9987143562716626
.01914331526322409
.0008977747583641971
.02478191312304521
.025586251816991003
.009765329234291766
.10786400617870041
.3144099946183975
.007274828928401861
.02222434104696551
.5576896932368542
.12966228163416646
.01379190375647383
.07323801919100399
.00026798001049944346
.02217629090112992
.21551585019513805
.00013013048067442976
.012806742287023361
.02988098507132293
.0003876065478196773
.003451013092260557
.007441816120029655
.006181034280370671
.021640829312915343
.09365758730966245
.02354808418469852
.905547263449411
.006946679108784662
.006868313334174415
.03187391241113358
.00023015246015628695
.011743916746457724
.0740625290465124
.4923158088220542
.4476041141674924
.06496762363083906
.04164577345348917
.06406038290543209
.8990802272707017
.5446919229470056
.01023730209833803
.008398983590951004
.8037893224195035
.03291087734584993
.24978023218329662
.004343846327547511
.006201195785271134
.11956866327765943
.21223602254829343
.58081145704761
.0005508063591250008
.026102547863845287
.23883649888768366
.27492762548647903
.13129564775508512
.9225526457356544
.18582934801349266
.029239783079279758
.008640571527808304
.71928369337131
.9987143562716626
.3409098925687289
.039792047478348205
.006968267806449044
.014233498727545103
.012609934399345681
.9192954789476111
.08208695329103911
.0018909840772725068
.0029729474619705617
.014682064265983816
.054699220863968515
.007567791742634735
.5993911759187186
.002681644659381894
.9987143562716626
.9987143562716626
.9987143562716626
.005176314047780187
.049648418153608806
.13912713512356964
.07912936456618146
.014509285611124263
.017733942341386175
.021431531292137495
.0006895396840328308
.00032829068202151594
.05671972515983809
.5420290328899543
.9987143562716626
.9987143562716626
.9987143562716626
.025202107320220598
.0005416189738215402
.45139736529799185
.2727439138357196
.0052540989410121385
.01530087274738426
.9987143562716626
.038369501894012864
.18172463384284063
