.002557453052850258
59.13214173067015
1.2696790837994227
.09776845841054749
.011941492779714048
2.0403519440701894
5.035897214561174
12.955533357546049
0
.27995293973161406
.17067502181856262
0
13.348027623644402
21.570634366848058
119.44008965620043
0
3.965601126599873
0
0
0
.01602882790975563
0
0
0
46946459287141176e-98
22.53636159623808
33.996695163243
82.07823912537607
10.009484714312103
50.876658622829744
4.152484501664681
0
.0509265905319005
0
1.4729247037679412
4.009441980597379
.4384180599387533
39.87116207323757
37.40209034012167
4.35214148008617
.0028477597256689187
51.44104831052047
413.31698815123474
2998148816952359e-20
15.708054491023914
0
0
.977016572360426
19.523702292450412
.23649172880629082
3.1465772756478607
23.785631667002725
2.769847693902385
70.15878248211855
0
8.128801010701935
7.837609433864143
105.94630140462125
0
.8434788098444381
.42286902735269694
29.924779429588753
36.0145587162204
57.39513091678798
9.066941534015077
0
41.58539593610142
38.14848007982505
10.71485784426942
.44740893809367177
4.589522593847422
37.594759907795904
9.311403553639169
12.182354189498637
88.23336211237162
65.09970987098534
8.669596849905894
6.533182497135309
1.7999913895090367
5.2750605482535295
14.875052915154754
7.535639271343869
4.7349852241808765
.5632794645123882
9.661293206392822
0
0
.03812476993845714
.03350029087102389
5.402750932558051
0
0
.622811745743519
.15751241044062606
0
.0004311627584600581
.030318297295027625
.4434909869866357
.11606953952908916
2.2649726287185876
.48666635248083373
.30466661083943625
5.83331154882914
.638459335820233
0
0
0
6.6812851472737895
.20983881417631098
.043400883233887945
0
.004946356413679976
5.1855399454543605
0
0
0
0
.0008546013052723311
0
.03340207260888679
0
.006844384913752745
.7299091705770557
1.6502428975416352
16.62226294579413
0
0
0
0
0
0
.23557476759744242
0
5.382126094416856
0
0
.6457039287207712
0
1.0146566292923758
1.7026877180137372
6.044096845357342
0
35.55010446499188
0
0
4.476735257114548
5609.913538153697
223.4679070357235
291.16693729048677
0
121.89979263781703
.16298851206006107
0
.13142208502531477
.4494689744748106
.00965028550121891
0
58.43171539452132
0
0
0
.40289630200665727
0
0
.005718552247536504
.22379880311001646
.6164240494523986
.997445814443408
.37786384777810067
.005750364314980562
.0020140712496927627
.004407509820064055
.007371718720511551
.007628509645956334
.002919732367694566
.01674912126028902
.26180742770234317
.0014225765079635153
.008441111813898517
.4555548818126474
.0106952191356994
.0040536958553769485
.04712432645280584
.0038441697459523443
.009003230583793658
.034155959385732085
.06934393704127743
.03775487455877063
.01686728412879731
.12404445493780085
.02099307553980547
.04555772030926924
.0007317687572060608
.0015628953924497915
.010004313166038442
.0035743212391467476
.5198987717936052
.7578044914560091
.005928529550371016
.050032682366271425
.014796785948648526
.0004951459511269838
.012297500633243308
.00029928659559583226
.05283836818444787
.03908841926368917
.09673677737726334
.012277978581097816
.011164516583234363
.0016683012916792193
38535508931158575e-22
.016513327440000218
.04020049157337166
.8364564580972368
.997445814443408
.019676602587167927
.040107259846379084
.013891974258985374
.025318726350968563
.0033754955295508308
.3946931659971056
.057532758047626906
.06891530611607566
.41116670728502197
.0006973649653982829
.997445814443408
.01914284948500557
.0008977737339525792
.02478113254536882
.025585419746665977
.009765208030557464
.10784921771525023
.3142843276685315
.007274761663720859
.022223713272670042
.5572942515160749
.12964091168725236
.01379166199238336
.0732312015622699
.0002679799192260211
.02217566583847886
.21545680849696702
.0001301304591516895
.012806533828133253
.029879850223237567
.0003876063568687468
.0034509979554753095
.007441745731898664
.006180985722066423
.021640234071175143
.09364643789998317
.02354737939868464
.9045044225836915
.0069466177755457825
.0068682533769388225
.03187262113471071
.0002301523928321542
.011743741451789037
.07405555704493183
.4920076558897221
.4473493993419993
.06496225885238151
.041643569039800356
.06405516691683863
.8980522326147652
.5443147023126941
.010237168895526115
.008398893931660042
.8029677394567445
.03290950068270859
.24970092249709225
.004343822345315858
.006201146909671394
.11955049105632512
.21217876435022326
.5803825391710294
.0005508059735245732
.026101681874315028
.23876398713577235
.27483154084396055
.13127373599588651
.9214702578226602
.18578545245116185
.02923869641342792
.008640476636410906
.7186258182748173
.997445814443408
.3407621467856007
.03979003494408604
.00696820609139743
.01423324123372057
.012609732298244625
.9182207227904016
.0820783886149334
.0018909795324624377
.0029729362284788476
.014681790286620335
.054695417943822926
.007567718951256228
.5989343720749517
.00268163551945594
.997445814443408
.997445814443408
.997445814443408
.005176279992680354
.04964528512522496
.13910253130670042
.07912140595678936
.014509018042231436
.017733542622141586
.021430947508491515
.0006895390797250502
.00032829054504167267
.056715636097491126
.5416554922011689
.997445814443408
.997445814443408
.997445814443408
.025201300047460025
.0005416186009773733
.45113831434303875
.27264934963958043
.0052540638547229155
.015300575186258962
.997445814443408
.03836763068357715
.1816826561607162
