.0025873427128747448
57.06065555542084
1.2698736342625647
.09776476821830754
.011941074059022005
2.0403116361401197
5.035840100120902
12.99078164092379
0
.27985405025893273
.17067441480795384
0
13.353579877767116
22.73404024841495
109.770780547743
0
3.9658286895177373
0
0
0
.016028807773297543
0
0
0
4473152378014766e-97
21.77628696284316
34.30199096256656
82.00182009755561
10.066343423035113
50.910829392994124
4.116232107744353
0
.050897237826096835
0
1.4734306290595378
4.163402609891883
.4321449043551319
39.8457916828486
37.670406440002964
4.278011647990498
.002998912940689203
50.975694264814635
413.2896584953024
2983254061948184e-20
15.696625916785967
0
0
.9847722806155242
18.933178451805613
.23640555048528264
3.1452909515062335
23.71893627888092
2.7682948323855934
70.15805749951845
0
8.080757304549042
7.792540120867172
103.13033800288359
0
.8242829988048468
.4236305494023229
29.926379988539846
35.89135018888036
57.38569352442271
9.068182712787001
0
41.59947986790135
35.538982154524064
10.748529571499706
.4166619312486287
4.583180163678176
37.60340203085801
9.311238819520877
12.179212469730455
88.04448264931438
63.85423438169697
8.663500639988747
6.503256031762392
1.8008243272446613
5.275125572790996
14.878237369523331
7.5381068303151695
4.6473210103474685
.5632523487565693
9.658159920287664
0
0
.034742602982083655
.033502123551075444
5.403707914261506
0
0
.6224362303424833
.15721947882730572
0
.00043129265643772254
.03032150215429654
.44348334581915616
.11607659186192015
2.271315352313861
.4910188432445073
.30282838232238635
5.834125075673889
.6385724999967475
0
0
0
6.682097949940455
.20985496717671318
.03990490555089944
0
.004789279340089321
5.216260398995641
0
0
0
0
.0008635898169444823
0
.033327924142776764
0
.006223126934244521
.686211978907394
1.6470188150428542
15.28805435862749
0
0
0
0
0
0
.23557365290258267
0
5.38123623551282
0
0
.5899944594755002
0
1.0146245969453498
1.6919977052268957
6.043892999545271
0
35.550051433923905
0
0
4.474689758497578
5609.910564487415
223.4677638824859
291.16693128949987
0
121.89958596213297
.16298636934422162
0
.13141811250402416
.449451592455415
.009649852011930546
0
58.20873831197785
0
0
0
.40288045285498203
0
0
.005718551270075418
.22379730520679778
.6164126741787526
.997416001572663
.37785957599394454
.005750363326613996
.002014071128445244
.004407509239416744
.007371717096210121
.007628507906518956
.0029197321128881923
.016749112874894043
.2618053776064131
.0014225764474748764
.008441109684143733
.45554867160681467
.01069521571659659
.00405369536421154
.04712426006881954
.0038441693042493602
.009003228160937325
.03415592451254253
.06934379328906122
.03775483194904562
.01686727562466669
.12404399487968285
.02099306236645355
.04555765826591715
.0007317687412005511
.0015628953194397623
.010004310174417406
.003574320857279786
.519890682075399
.7577872936234059
.005928528499809472
.05003260753488315
.014796779404214453
.0004951459437989412
.012297496112932868
.0002992865929185397
.05283828472449779
.03908837359060316
.09673649760088167
.012277974075128024
.01116451285748917
.001668301208489092
3853550892672e-18
.0165133192890471
.04020044326436623
.8364355008977352
.997416001572663
.019676591014248446
.0401072117611987
.013891968490467336
.025318707189330016
.0033754951889860166
.3946885050255935
.05753265909783158
.06891516413565324
.4111616489062456
.0006973649508623806
.997416001572663
.019142838531445786
.0008977737098615276
.024781114188836578
.025585400179212
.009765205180229998
.10784886995968128
.3142813729661932
.007274760081866312
.022223698509529082
.5572849552971296
.12964040917306813
.013791656306873535
.07323104123988225
.00026797991707954637
.022175651139106203
.2154554202093235
.0001301304586455397
.01280652892585093
.029879823535558684
.00038760635237815907
.0034509975995046607
.007441744076590539
.006180984580126435
.021640220073085203
.09364617571553398
.023547362824501237
.9044799125767375
.006946616333179862
.006868251966932124
.0318725907684209
.00023015239124889427
.011743737329419636
.07405539309242222
.4920004113857477
.44734341096380226
.06496213269433555
.04164351720005617
.06405504425766037
.8980280714380741
.5443058343680256
.010237165763019359
.008398891823155978
.8029484284181952
.03290946830844466
.2496990576760363
.004343821781327835
.006201145760269621
.11955006373383388
.21217741799635792
.5803724561316841
.0005508059644564196
.02610166150920396
.23876228214346398
.2748292816277139
.13127322074153697
.9214448186190757
.18578442028498032
.029238670858816884
.008640474404864531
.7186103542842992
.997416001572663
.3407586730219735
.039789987616586836
.006968204640052489
.014233235178299991
.012609727545476434
.9181954629011958
.0820781872103877
.0018909794255823702
.0029729359643015795
.014681783843515168
.0546953285138151
.007567717239431397
.5989236336198128
.002681635304512876
.997416001572663
.997416001572663
.997416001572663
.005176279191810012
.04964521144824444
.13910195275164505
.07912121880398014
.01450901174987902
.017733533222061282
.021430933779855662
.0006895390655135637
.0003282905418203214
.05671553993864923
.5416467107517879
.997416001572663
.997416001572663
.997416001572663
.025201281063155383
.0005416185922092083
.4511322240369276
.2726471261700816
.005254063029602239
.01530056818859013
.997416001572663
.03836758667946054
.18168166908919225
