13588564908638393e-22
331.5174696532002
1.241903748508192
.09824302017674916
.011977408892039772
2.0439609383223676
4.207262804784779
3072.2770502111975
0
.28772583306930466
.17072722295427067
0
13.781056345164632
29.7854926029608
1143.7812038441978
0
.2282432688699679
0
0
0
.016030550026118456
0
0
0
19493105889031175e-96
.20291319613607328
.09602807456475883
72.78190621108004
12.335086579932641
47.80767346139632
34.566665705795096
0
.0247344427082704
0
1.138898998851229
992.870993874461
17.72325354423694
14.864254327411572
23693.60775729842
36.600777184212475
.2907476487771015
709.3997554062754
413.67492388371784
.16953500284514936
16.706014104758328
0
0
1.8631602185457552
29.734176696029095
.0005810350157498945
2.9571190931717224
.3896560106660443
2.879862785173113
70.20955622285857
0
.048242976227315264
210.53021030978925
320.0603745137269
0
.001268894778789201
.0003162346771452331
29.035285751969848
55.082261257288735
56.07810748895418
8.889742928293028
0
32.50363720624386
137.59863319655392
.004950149311321186
28181867403624356e-23
.06181321856557724
36.4478046846418
9.325321092146734
10.870590846736421
95.29333809844839
141.69323963922096
2.5574898018827317
7.679177350553068
.5239480133649476
5.264808753824831
14.398762522329939
7.310508943364057
46.36410400465976
.47508598603876157
9.926905186310107
0
0
.4765599866753638
.03321284133402964
5.29487192984911
0
0
.5647874049635823
.17052198843593025
0
.0004119388965306607
.02971787302466825
.443998796959897
.11545756927629916
.004579236053663831
.7057064613389253
214.767660139739
5.6339114975197715
.614861587556199
0
0
0
6.554817333783399
.20839143524233122
.2097116800500872
0
12934878416322672e-21
3.2572534778554436
0
0
0
0
.0013562716742701686
0
.03214730420875463
0
.12048850738652045
1.9572753253313853
1.5990099267914681
97.17994804650134
0
0
0
0
0
0
.23551278423485567
0
5.32858721207278
0
0
5.769825561142356
0
1.0173953761371715
2.7106830168999076
6.061744290275554
0
35.554610008630085
0
0
4.14862894232508
5610.167845008077
223.48014950685595
291.1674504813858
0
121.91746835791848
.16313738020441093
0
.13176224968991782
.4509577249844868
.009774264799892525
0
90.5714508708941
0
0
0
.4043264462717698
0
0
.005718635838352896
.22392693740472078
.6173976133715611
.9999986411446914
.3782293395356185
.0057504488384185525
.002014081618525512
.004407559475954396
.007371857628315426
.007628658400061937
.002919754158225225
.01674983837529215
.26198280653873457
.00142258168082071
.008441293947561287
.45608627747972214
.010695511533461793
.004053737858920323
.04713000380285611
.0038442075195517767
.009003437783243456
.0341589417915038
.06935623149891101
.037758518621240904
.016868011398127592
.12408380435072684
.020994202124799376
.04556302642500593
.0007317701259613174
.0015629016361102788
.010004569005819848
.0035743538956719287
.5205910515583668
.759276654897675
.005928619392639183
.05003908218658478
.01479734562413497
.0004951465778045428
.012297887205823923
.0002992868245517562
.05284550597294135
.03909232531719272
.09676070619624037
.012278363927270296
.01116483520489603
.0016683084059207467
3853550931073483e-21
.016514024505433992
.040204623061908855
.838250612936937
.9999986411446914
.019677592301502254
.04011137219242795
.013892467578090826
.025320365063372895
.003375524653988666
.39509196513038264
.05754122063355093
.06892744903370425
.41159951836987996
.0006973662084759567
.9999986411446914
.019143786231145248
.000897775794165659
.024782702403609122
.02558709316517501
.00976545178700961
.1078789611111746
.31453710973019816
.007274896941514489
.02222497581842417
.5580898164804651
.1296838927380124
.013792148212628684
.07324491325844827
.0002679801027876084
.02217692293068141
.2155755647255328
.00013013050243644767
.012806953066856117
.0298821325796383
.00038760674089355585
.0034510283973929563
.007441887291361043
.006181083378898302
.021641431188762463
.09366886201993227
.023548796827452815
.9066029203169598
.006946741124431979
.006868373958502632
.03187521809620825
.0002301525282289
.011744093992583996
.07406957922504984
.49262758380447297
.44786180818416527
.06497304850141417
.041648002492872996
.0640656573133969
.9001208468548728
.5450736030404095
.010237436783763073
.008399074247981187
.8046208938405077
.03291226937227205
.24986044918817557
.0043438705765306024
.006201245204625526
.11958704033288549
.21229393301114888
.5812454656056703
.0005508067490125253
.02610342351002272
.23890983916210706
.2750248124821355
.13131780683176622
.9236483595340771
.1858737421192226
.029240881866945845
.008640667475198049
.7199494945818673
.9999986411446914
.3410593460119453
.039794082489982
.0069683302081589606
.014233759088732947
.012610138750551557
.9203834624915704
.0820956140915781
.0018909886726195383
.0029729588203911326
.014682341296446775
.05470306633102332
.007567865343966143
.5998534124058231
.002681653900950501
.9999986411446914
.9999986411446914
.9999986411446914
.005176348481707382
.04965158621372809
.13915201689223688
.07913741246747566
.014509556159668282
.01773434651357602
.021432121582029385
.0006895402950593994
.00032829082052425863
.05672385998111998
.5424069882458387
.9999986411446914
.9999986411446914
.9999986411446914
.025202923593938355
.0005416193508109758
.45165944743231945
.27283956267419246
.005254134417603153
.015301173622459108
.9999986411446914
.038371393999977854
.18176708806323782
