.0037355392390719293
33.49239206117868
1.2747031180221873
.09763166257919861
.011925002251423221
2.0387804496567434
5.0202739026495875
13.342604788149702
0
.27819403673168047
.1706511139011413
0
13.848681204591903
46.357409769915186
51.31734387338592
0
3.9308718824686006
0
0
0
.01602803426029984
0
0
0
1888726647981362e-97
14.177519030086948
39.20986424175606
78.76237080781819
11.960143478735347
51.99981817779705
3.862080050798304
0
.04974230538342016
0
1.4908791350766248
5.378888000590192
.30926075626070476
38.81452477731688
33.753675975810694
2.9616582584758366
.005863341902626243
47.96690743582772
352.104436853296
2818466522658981e-20
15.26238980161218
0
0
1.3007598090485541
13.013286849772454
.24062868887538993
3.0939981366003075
20.86948328157326
2.7006104109520765
70.12615908856047
0
7.504557198688775
7.225224456056389
35.38334496928019
0
.6515973358560891
.4479721324321154
29.935595716645977
33.30611598197861
57.002965671139904
9.101906864720696
0
41.67935536426071
17.887163863740412
11.560784708883611
.35114707573890086
4.563824768798442
37.8819138382491
9.3048691427823
12.03048481475816
80.02236257451227
62.33566238676149
8.286473489557604
5.353392875051779
1.8066416260999496
5.276777235910948
14.95948611063235
7.631462457180299
3.1600770001359626
.5618596676474097
9.537188766267331
0
0
.014974985088178688
.03354826959870211
5.435860077744482
0
0
.6075887978914979
.14475674087765014
0
.0004346046850986097
.03038156804595831
.4431953712523123
.11634720755648881
2.462818762060121
.6534389941423274
.2798661322553295
5.84954282956088
.6413552074205321
0
0
0
6.702149499929393
.210462720944119
.01833970714798601
0
.004688970476972643
6.242183589571772
0
0
0
0
.001221594185677831
0
.03236577846900866
0
.0026605691380991764
.36124643792338607
1.534879018375702
6.985350593886729
0
0
0
0
0
0
.23552955974882858
0
5.343151619926711
0
0
.24393746127827232
0
1.0133950156138336
1.3087774509546095
6.036644939002843
0
35.54801062143185
0
0
4.393330719841123
5609.796333759316
223.46226479099596
291.16670076464527
0
121.89164688308482
.1628975733373944
0
.13126560014173774
.4487843505111058
.009639269607466389
0
53.408434146549354
0
0
0
.4022797234186222
0
0
.0057185137215170915
.2237397715837048
.615975857539008
.9962714292071465
.3776955140703009
.005750325359129189
.002014066470787231
.0044074869341949995
.00737165469974395
.007628441087191511
.002919722324644019
.016748790757266038
.26172663633581256
.0014225741238356431
.008441027871072492
.45531017369667315
.01069508437427847
.00405367649638002
.04712171003156917
.003844152336485838
.009003135088601573
.03415458490314562
.0693382713442757
.03775319515391078
.016866948945935288
.12402632326598284
.02099255632490429
.0455552749651575
.0007317681263570652
.001562892514798131
.010004195253450235
.003574306188079963
.5195800148226895
.7571269427638783
.005928488143147594
.050029733008792834
.014796528005203364
.0004951456622958859
.012297322468697951
.00029928649007168485
.05283507875153673
.03908661912196443
.09672575074191421
.01227780098177606
.011164369735769154
.0016682980127845784
3853550875621451e-21
.016513006177255037
.04019858754173237
.8356308378131306
.9962714292071465
.019676146451415803
.0401053646363884
.013891746897509497
.025317971115428294
.003375482106382897
.3945094977702077
.05752885811915209
.06890971024929327
.41096738088826834
.0006973643924731023
.9962714292071465
.01914241776060186
.0008977727844161714
.02478040904201137
.025584648516461687
.00976509568693819
.10783551195012762
.3141678905622068
.00727469931596563
.022223131398185554
.5569279630086791
.1296211068134264
.013791437902596317
.07322488280025605
.00026797983462379385
.02217508647734239
.21540209659673146
.0001301304392020478
.012806340608517567
.029878798359601527
.000387606179874489
.0034509839250958215
.007441680489025296
.006180940713225562
.021639682350229054
.09363610458510616
.02354672614426395
.9035388753989284
.006946560925632205
.006868197802440377
.03187142428429886
.00023015233042875458
.01174357897173083
.07404909521252964
.4917221980836058
.4471134310497497
.06495728658078659
.04164152585074233
.06405033254372414
.8971004237075867
.5439652860063968
.010237045430045241
.008398810826414487
.8022069558938353
.03290822469119652
.2496274320385729
.004343800116061914
.006201101606729491
.11953364950768142
.2121257049446456
.5799852537410981
.000550805616107892
.026100879205550185
.238696794922444
.2747425090095895
.13125342903117013
.9204681156719237
.18574477447183455
.02923768920796459
.00864038868154907
.7180165645787159
.9962714292071465
.3406252569130318
.03978816959669722
.006968148887582303
.014233002564259809
.012609544971590114
.9172256426161745
.0820704507283721
.001890975319841941
.0029729258160800837
.014681536336953231
.05469189321493253
.007567651480819226
.5985112668929936
.0026816270475942894
.9962714292071465
.9962714292071465
.9962714292071465
.0051762484268652285
.049642381266204606
.13907972966656443
.07911402975638136
.014508770034334883
.017733172126391673
.02143040640774828
.0006895385195865517
.00032829041807372664
.05671184616765503
.5413094834676612
.9962714292071465
.9962714292071465
.9962714292071465
.025200551801295958
.0005416182553845869
.45089833016834163
.2725617264132596
.005254031333097109
.01530029937902118
.9962714292071465
.0383658963212626
.18164375528368093
