.006467120110196777
33.9388913175223
1.2796179813159843
.09732200190290316
.011886845721806186
2.0352431830585203
4.978700331281546
12.37352729203251
0
.2773177945528566
.17059548984718248
0
14.802184427631921
44.338441720736796
38.68208434232521
0
3.8319158756261933
0
0
0
.016026194208107202
0
0
0
101580027349417e-96
11.87335444227991
39.17530657755035
76.24565345599306
13.000350503753232
53.732188960157664
3.9708449813829407
0
.04716009488731435
0
1.5312675484538252
4.9639376361450935
.23460224692291573
36.48515562320324
31.75978896783175
2.3638342465390747
.0052372217138123385
49.61809734543872
54.28145663089281
28381865714838722e-21
14.266598816539833
0
0
1.42032423527387
10.782232226471052
.25674781215915865
2.9876323863091527
13.507795663829285
2.4334286300952206
69.98961744418774
0
7.328868274960008
7.057006808857874
16.11340925157477
0
.6457251465768837
.5279503093728474
29.894458557210047
28.6339464571321
56.118700315235955
9.14872461631624
0
41.330144140894255
14.26195779578933
11.629027288981268
.5335348051902244
4.682940786084845
38.249705170579354
9.28942816794883
11.661320281038797
57.01186020140602
63.04269346049365
8.013591099432663
3.0018091155349067
1.8104909710620891
5.278682051991175
15.054857811507965
7.841484474760882
2.5846073835315124
.5582323019349432
9.2464863127897
0
0
.010989732004241162
.0336007107965008
5.498156789846926
0
0
.577801573985383
.10757118063781566
0
.0004384760576057923
.03037187077197719
.44251001916057986
.11698682308486791
2.4783788046103283
.7459445515983497
.2725258140682014
5.847911677410525
.644225642104227
0
0
0
6.723278644237892
.21181427068417485
.013940428926508687
0
.004548354926083965
6.784031926293278
0
0
0
0
.0014670198548646048
0
.03202883283714212
0
.0019743285171399593
.2752412751424048
1.4301077204800918
5.233876670906372
0
0
0
0
0
0
.23543019935709622
0
5.312236416610712
0
0
.13921078632884687
0
1.0104757610407662
.6530063056603153
6.021117797773971
0
35.54315755359244
0
0
4.227618268136409
5609.524586084549
223.44918289411865
291.1661523424663
0
121.87276174490874
.16267111904441847
0
.130903472687379
.4472007831139325
.00961770619505495
0
50.38969432928687
0
0
0
.400859549166943
0
0
.00571842439379019
.22360295747386155
.6149379065471737
.9935537472549808
.37730549399300284
.005750235034785036
.0020140553901755683
.004407433870111761
.007371506259514521
.00762828212512261
.0029196990383611615
.016748024458345754
.2615394045753051
.001422568595869987
.008440833239443278
.45474328454046725
.010694771914946794
.004053631609811263
.047115644000245926
.0038441119701621887
.009002913671653024
.03415139815869477
.06932513630254619
.03774930147311151
.016866171796596063
.12398429228796735
.02099135249168939
.04554960554954046
.000731766663635064
.0015628858425238076
.010003921859640486
.0035742712900230086
.5188416776983584
.7555582680344106
.005928392135003394
.05002289512166384
.014795929939454213
.0004951449925955298
.012296909375692618
.0002992862453972483
.05282745246421157
.03908244552501949
.09670018856378026
.012277389199284632
.011164029253913
.0016682904101687668
3853550835057873e-21
.016512261302348792
.04019417308744627
.8337196397204214
.9935537472549808
.0196750888685516
.04010097063409402
.013891219737953785
.025316220067958726
.003375450982830801
.39408396247077615
.05751981652965482
.06889673708724599
.4105055825560907
.000697363064056431
.9935537472549808
.01914141677612347
.0008977705827683068
.024778731565267487
.025582860385578735
.009764835205297506
.10780373964757906
.3138980785056305
.007274554754799124
.022221782287934186
.5560795907229145
.1295751976931067
.013790918328665462
.07321023383972537
.00026797963846012836
.022173743194310206
.21527529177555035
.0001301303929456309
.012805892609213679
.029876359588339226
.00038760576948536064
.0034509513936409088
.00744152921521012
.006180836354304737
.021638403151272453
.0936121495322859
.023545211539347806
.9013040642533764
.006946429111823273
.00686806894582511
.031868649368505225
.00023015218573657674
.011743202244430305
.07403411459211746
.49106095570735553
.4465667797211145
.06494575903977415
.041636788776495966
.0640391246818561
.8948973826362294
.5431559713625114
.010236759161349644
.008398618136801329
.800445730179628
.03290526629156231
.24945711589461164
.00434374857442608
.006200996565900832
.11949460881740043
.21200272929270916
.5790651301610727
.000550804787381158
.026099018184871262
.2385410718000507
.2745361854529229
.13120635617845924
.918148680776761
.1856504903509975
.029235353974827447
.008640184747607428
.7166058993992501
.9935537472549808
.34030806745092235
.03978384482749971
.006968016253212891
.014232449186417495
.01260911063554812
.9149225378055945
.08205204842509502
.0018909655522450026
.0029729016734118263
.014680947531015722
.054683721442359716
.007567495042155876
.5975313797260752
.002681607404333741
.9935537472549808
.9935537472549808
.9935537472549808
.005176175237224943
.04963564885909355
.13902687480499648
.07909692950420326
.014508195004751133
.017732313102640205
.021429151831872002
.0006895372208177832
.0003282901236784656
.05670305958482936
.5405080572331605
.9935537472549808
.9935537472549808
.9935537472549808
.025198816958610214
.0005416174540733961
.45034237965139357
.27235866631615674
.005253955927291087
.015299659895045533
.9935537472549808
.03836187522705644
.1815535894372582
