.008251980226658712
34.21500753500359
1.281223862547222
.09711970133052289
.011861970069789117
2.0330015859602133
4.9543714314092595
11.989458413650606
0
.2767436388836349
.1705589642607048
0
15.155793564393031
43.50641898968947
32.90844320392444
0
3.7733913093279683
0
0
0
.016024992001338147
0
0
0
6763565467155152e-98
10.638332058141572
39.15608837898193
75.0457410372609
13.411168742254475
54.524313609847475
4.021282074514116
0
.04558981285126413
0
1.5574886015744263
4.738219967104241
.2155842771197999
35.08630145280322
30.56747218929678
2.217356888647757
.004994592176072264
50.39478138720831
54.74076936473673
28119471027960088e-21
13.643955884819135
0
0
1.451888153729156
9.611436321604806
.27544176705388923
2.93033517579143
9.922310281667327
2.076889667486716
69.76159488054354
0
7.169286825609578
6.903895724454931
15.3020200157118
0
.6293534246208247
.5752320829153893
29.837332605111538
24.823497416560805
55.51644385044632
9.171194363190132
0
40.85514014592469
12.55805780482868
11.671867355617493
.590064913899757
4.880891927267862
38.351029449833476
9.27916732874427
11.445686004176213
44.04585303805737
61.01021439106681
7.883991744958425
2.070632862199753
1.8125996440576828
5.2794501202403685
15.09382451424977
7.9693095825121505
2.451562833579768
.5559843501781168
9.055028959145918
0
0
.009186960566056763
.03362137796589378
5.533322040042728
0
0
.5623545882256207
.0850944629422019
0
.0004400464799539983
.03032863353930247
.4420642025496369
.11740170048205767
2.48855237030888
.7814658623667889
.26606570649384825
5.83749389119661
.6451970606974436
0
0
0
6.730766045000872
.2126314301378528
.011886508948577073
0
.004270386203516718
6.9927167837154585
0
0
0
0
.0015772290366672162
0
.031759283553805404
0
.0016644048465459264
.2344978372759923
1.3776828298256996
4.4310423460035615
0
0
0
0
0
0
.23537034563985434
0
5.2968291246958215
0
0
.09476986204015855
0
1.0085728474928812
.4312503298372166
6.011470419318578
0
35.53998894701659
0
0
4.140438503926922
5609.347028769991
223.44063538000862
291.16579399490263
0
121.86042346373681
.16251968153705407
0
.13066738467285766
.446168973021202
.009605072237138352
0
49.9178689828259
0
0
0
.399934634003964
0
0
.005718366026329809
.2235136060628919
.6142606370859917
.9917819744516162
.3770508659883491
.00575017601613111
.002014048149953582
.004407399197507268
.007371409267828201
.0076281782584670405
.0029196838228191437
.01674752376489539
.26141713659847005
.0014225649838174078
.008440706066341922
.4543732510798671
.010694567753782667
.00405360228045336
.04711168077684998
.003844085594367683
.00900276899709827
.03414931604777062
.0693165549930611
.03774675749459089
.016865664013706153
.12395683624569566
.020990565924445974
.04554590144072202
.0007317657078698969
.0015628814827648042
.01000374322363929
.0035742484872394874
.5183598028128454
.7545350259420579
.005928329402533978
.05001842763793519
.01479553916645982
.0004951445550027308
.012296639461386458
.00029928608552303305
.05282246991653425
.03907971866846615
.09668348946280436
.01227712014125429
.0111638067830459
.001668285442512576
385355080855296e-20
.01651177460691492
.04019128887185847
.832473192926736
.9917819744516162
.01967439785712165
.04009809978035821
.013890875293987028
.025315075969997467
.0033754306463421417
.39380615862254736
.05751390937311066
.06888826152785242
.41020411621044234
.0006973621960483749
.9917819744516162
.019140762744583328
.0008977691441780976
.024777635535556067
.025581692058790878
.009764665006038635
.10778298415617978
.31372190401768185
.007274460297693801
.022220900801222205
.5555259483987974
.12954520869764377
.013790578841039056
.07320066354960143
.0002679795102836227
.0221728655149133
.21519247573141356
.00013013036272093201
.01280559988752459
.029874766162382944
.00038760550133055196
.0034509301372158993
.0074414303720584645
.006180768165411685
.02163756734236294
.0935965002148978
.023544221924069724
.8998467881901838
.0069463429838515665
.006867984750087439
.03186683632313226
.00023015209119236403
.011742956091109443
.07402432764400536
.49062936936903173
.4462099497526873
.06493822785882042
.04163369378491445
.06403180233889604
.893460802179267
.5426278022810418
.010236572112973505
.008398492232609191
.7992970052606732
.032903333367968614
.24934589128010376
.004343714896599155
.006200927931447267
.11946910587225373
.2119224134782757
.5784646947994937
.0005508042458780778
.02609780223485457
.2384393746141635
.2744014539263222
.13117560711709123
.916636281463601
.18558890939886147
.029233828195620475
.008640051496397131
.715685644763789
.9917819744516162
.34010097016572477
.03978101920569283
.006967929589086027
.014232087611804719
.012608826841276025
.9134207755342115
.08204002628459825
.001890959169962877
.0029728858982990113
.014680562808233332
.054678382530522956
.00756739282429279
.5968919719386743
.002681594569180156
.9917819744516162
.9917819744516162
.9917819744516162
.005176127414462529
.04963125028611732
.13899234941429034
.07908575791310625
.014507819283221104
.017731751824790882
.021428332110916767
.0006895363721821119
.000328289931315876
.0566973190216186
.5399850330789564
.9917819744516162
.9917819744516162
.9917819744516162
.025197683448216743
.0005416169304840521
.4499794826935537
.27222606520982157
.0052539066564749074
.015299242060076558
.9917819744516162
.038359248005242264
.18149469775843624
