.01470589525040511
34.86759277603909
1.2779607980948846
.09638963357764645
.011772382351980717
2.0252765725119724
4.879495982949472
10.982501892772671
0
.2746417144399659
.17042569940965324
0
15.840628081085832
42.96659018852306
24.640399768240172
0
3.7880798756565057
0
0
0
.016020645665748897
0
0
0
15282022173940885e-99
8.559376627936716
39.1733355690691
72.06988584806776
14.231898653679238
55.929847290552786
4.105230916677198
0
.04038309605212686
0
1.6485043164055733
4.108684582773172
.17336141028513538
30.560753789640092
26.628881650038807
1.8815910047286626
.004535231299385903
51.79402429853818
51.793662244341164
26745232337771867e-21
11.572231193151511
0
0
1.4737779493835865
7.603609781648164
.3691415296397607
2.8950223432042104
6.595538825588128
.005454774249719743
7.52635550348785
0
6.774599797424414
6.525249165490998
13.22719438251321
0
.5751860602192821
.6376913808773632
29.3136209005664
1.8590691526039447
41.38311415226574
9.20466691853579
0
36.89926299995298
10.248016700916098
11.829965327942121
.762503398045909
5.875463639790155
38.42057006265858
9.241970788533525
11.410363221560274
30.766224905182682
57.6539893120664
7.567528757591466
1.3032875130066839
1.817254047798576
5.279683432635421
15.1013663284411
8.377363492898164
2.142099894742372
.548512543687712
8.356342689684901
0
0
.006453588413494699
.033619910911962446
5.629753302916252
0
0
.5566135432238216
.05919984231585352
0
.00044019549871791066
.029972177935773253
.4405526174323556
.11888606651962381
2.5284409279780764
.8373620314456638
.2497583083941824
5.748226623000323
.643613987347212
0
0
0
6.722185649224462
.21521321451068867
.008814973572831682
0
.003540923308522739
7.382319085828267
0
0
0
0
.0018294972441388032
0
.0313337619457226
0
.0012120435707712919
.17082740218915535
1.2393871450535536
3.242770671038463
0
0
0
0
0
0
.23525152265489702
0
5.256090309892966
0
0
.05130008249472836
0
1.0017247080605687
.26094896684417157
5.978586088900467
0
35.52853906213702
0
0
4.112299489196956
5608.705042265372
223.40973096395973
291.16449824173185
0
121.81581962443666
.16195304432287802
0
.12981719793536572
.4424573528549164
.009563256489578292
0
49.65355292814908
0
0
0
.39659689490856037
0
0
.005718154979115459
.22319081619343273
.6118179025355127
.9854017088223627
.37613158418934256
.005749962614335105
.0020140219700925783
.004407273826348993
.007371058564102612
.007627802696540843
.0029196288052672284
.016745713421331188
.26097550195150676
.001422551922993435
.008440246234312472
.45303774998287677
.010693829555455526
.004053496229552805
.047097352851983756
.0038439902230614402
.009002245884589723
.03414178835631299
.06928553451074847
.037737560097274254
.016863828037943736
.12385760806838964
.020987722004578907
.04553251018564661
.0007317622519079873
.001562865718317652
.010003097316406431
.003574166035366144
.5166211126897251
.7508466134049994
.005928102572355299
.05000227689451872
.014794126247906852
.0004951429727045141
.012295663521741246
.0002992855074310481
.052804457334124956
.03906986015545336
.09662313087813833
.012276147297600596
.011163002382732403
.0016682674799785406
3853550712713264e-21
.0165100148738853
.04018086150024293
.8279816698177179
.9854017088223627
.019671899416195307
.04008772071216972
.013889629882732582
.025310939432446965
.0033753571122071987
.3928032748744179
.05749255461790318
.06885762326628127
.40911588381695446
.0006973590574079358
.9854017088223627
.019138398004017024
.000897763942367299
.024773672782144478
.02557746792547108
.009764049603544836
.1077079672606514
.3130856955734781
.0072741187584007575
.022217713705797063
.5535286170439379
.1294368287392474
.01378935134999203
.07316606856608547
.00026797904680788326
.02216969218455415
.21489328516128836
.00013013025343083594
.012804541484558157
.029869005167548493
.00038760453170521897
.0034508532767329966
.007441072973884964
.006180521605968815
.02163454539192528
.09353993533277558
.023540643899485684
.8945970272900873
.006946031560732762
.006867680313478052
.03186028135317368
.00023015174932818617
.01174206606295172
.07398894959860673
.489071949928975
.44492205823770237
.06491100298316978
.0416225044564805
.06400533230413029
.8882854580256884
.5407222665905719
.010235895789151093
.008398036988617819
.7951570460527619
.03289634501447685
.24894412544469588
.004343593122381757
.006200679760953955
.11937693462591732
.21163225159780358
.5762987584477117
.0005508022878496014
.026093405927152362
.23807200721230348
.2739148268002039
.13106448103527316
.9111883242136766
.1853664078963129
.02922831176147801
.00863956968755956
.7123679271149744
.9854017088223627
.3393531737484216
.03977080365225886
.00696761622735532
.014230780262852629
.0126078007166185
.9080110622784591
.08199656986014128
.0018909360923080767
.0029728288574195553
.014679171764782794
.05465908179125828
.007567023223991757
.5945856279867316
.002681548158778179
.9854017088223627
.9854017088223627
.9854017088223627
.005175954494769429
.04961534864187063
.13886757983046796
.0790453754770181
.014506460784661897
.017729722436108673
.021425368325526238
.0006895333035904055
.0003282892357486901
.05667656644227816
.538098038608565
.9854017088223627
.9854017088223627
.9854017088223627
.02519358518851032
.0005416150372300302
.4486697143297855
.2717471284852816
.005253728500901027
.015297731296633489
.9854017088223627
.038349749677459695
.1812819094170497
