.01499827635082249
34.89333788303435
1.2766250027161414
.09635662265276
.011768336496464452
2.024938183546535
4.876428334593682
10.944008673759093
0
.27454616019161215
.17041961761492935
0
15.860574858303647
42.989011467881376
24.43086278642683
0
3.826332225901205
0
0
0
.0160204487919521
0
0
0
14281402811749965e-99
8.500000556652628
39.17480908713026
71.97545873160905
14.253398935903412
55.95849895928309
4.106754087053877
0
.040161816452954954
0
1.6524458801230018
4.084290375725466
.1718805646404696
30.37218911461628
26.463210754465816
1.8693444320949195
.004521832394663902
51.823255089559645
51.822917680842274
26653561691809974e-21
11.48486751172951
0
0
1.4724477701761003
7.545575940633075
.37315098984089473
2.918466571763523
6.578110061555279
.006273002298261465
8.52076312679563
0
6.7593509297705365
6.510655954656189
13.137360957670406
0
.5722895727111795
.6373804117705728
29.27303212111947
1.6032955513546712
39.718076763620985
9.199875345229326
0
36.619341220785294
10.188523563036407
11.837022363859885
.7689095703509693
5.917197739023171
38.42077525298067
9.240269588677753
11.526090125811674
30.69464746572982
57.52119823605676
7.557938090727879
1.2995610194142118
1.8174117084177361
5.27934676150226
15.084112512444655
8.393984912965658
2.130064731306371
.5481876742136856
8.324487631966521
0
0
.006380122837699396
.03360982665944078
5.631893671870138
0
0
.5636071046291402
.05896329464195045
0
.00043947218611608576
.029930087288092867
.4404876923673798
.11895274194988185
2.530254583547539
.8378164609604176
.24912458575672516
5.737720044528739
.6428878380604846
0
0
0
6.7171069613809005
.2153178672117198
.008725413663034297
0
.003501490078819648
7.387606285326544
0
0
0
0
.0018363262197850904
0
.031323447944364397
0
.0011999602382602237
.16910264422963642
1.2335997014067708
3.2117547915011704
0
0
0
0
0
0
.23526080701757052
0
5.2547206183923905
0
0
.050746629966627585
0
1.0014156701471817
.26008850620203167
5.977138663995973
0
35.528020477063876
0
0
4.15297649979678
5608.675960151398
223.40833100534255
291.1644395404854
0
121.81379932754162
.16192475982683852
0
.12977881062205346
.44228992757125946
.009561066229700075
0
49.64984676403862
0
0
0
.39644577541520515
0
0
.005718145418247947
.22317620391724496
.6117074698610394
.985113638101372
.37608999116276376
.005749952946801298
.0020140207840768755
.0044072681467557375
.007371042676600052
.007627785682932319
.0029196263128368374
.016745631412142005
.2609555122941622
.001422551331303004
.00844022540317879
.45297734093283515
.01069379611413321
.004053491425204606
.04709670385854739
.0038439859025202207
.009002222186793061
.034141447369313155
.06928412952152517
.037737143481522344
.016863744867640265
.1238531146249397
.02098759317587043
.0455319036161211
.000731762095343259
.0015628650041461625
.010003068055919773
.0035741623001017794
.516542483210181
.7506799451791346
.0059280922964947205
.050001545342412725
.01479406224178649
.0004951429010219277
.012295619310674069
.0002992854812418282
.0528036414572635
.03906941359506345
.09662039735128095
.012276103226782109
.011162965942433666
.0016682666662281437
3853550708371448e-21
.016509935157307417
.04018038917407599
.8277787655536236
.985113638101372
.01967178623707554
.040087250573843713
.013889573464628512
.0253107520512835
.003375353780935186
.3927579018485215
.057491587373213894
.06885623558671011
.40906665214259796
.00069735891521874
.985113638101372
.019138290881317074
.0008977637067108711
.02477349327290941
.025577276576475873
.009764021724942356
.1077045700138695
.3130569040510626
.007274103286058232
.02221756933193916
.5534383023593091
.12943192095975486
.013789295743668556
.07316450170000895
.0002679790258111048
.022169548434223675
.21487974081295605
.00013013024847967924
.01280449353790026
.029868744204051747
.00038760448777843185
.00345084979477036
.007441056783115832
.0061805104363426375
.021634408498784757
.0935373735888567
.023540481817452615
.8943599244057135
.006946017452691328
.006867666521934729
.03185998442591895
.00023015173384075775
.011742025743687746
.07398734727077345
.48900151147884247
.4448638011066878
.06490976988749791
.04162199761860492
.06400413339377958
.8880517110217
.540636098907355
.010235865150775129
.008398016365326737
.7949700024303685
.032896028456907304
.24892593962089443
.004343587605736766
.006200668518344799
.1193727606848314
.21161911583255022
.5762008274906778
.0005508021991453878
.026093206779177477
.23805537781005684
.2738928016227756
.13105944893056243
.9109422840483571
.18535633425039644
.029228061875633857
.00863954786085565
.7122179895678111
.985113638101372
.3393193353566553
.03977034092012878
.006967602031492225
.014230721038990583
.012607754232167739
.9077667465918443
.08199460170298623
.001890935046829938
.002972826273327916
.014679108749594215
.05465820757302884
.007567006480451791
.5944813551694406
.002681546056271157
.985113638101372
.985113638101372
.985113638101372
.005175946661141749
.04961462837183454
.1388619300585466
.07904354652365468
.014506399243742555
.017729630504405233
.021425234067144187
.0006895331645746098
.0003282892042375107
.05667562647001875
.5380127085851245
.985113638101372
.985113638101372
.985113638101372
.025193399541222745
.0005416149514602794
.44861046836971386
.2717254512224513
.005253720430078995
.015297662858192906
.985113638101372
.0383493194313092
.18127227539624155
