.018742444878446604
35.20287397706524
1.2587133419918948
.09593445358416969
.011716614916490184
2.0206610890457797
4.8391248381041745
10.484253854749795
0
.27332062559167636
.1703413910639521
0
16.072385488189454
43.46949725786127
21.847810193110913
0
4.305226262267738
0
0
0
.01601792788232675
0
0
0
5986472567351593e-99
7.744601524692092
39.19616435880092
70.74157073968175
14.515240119578761
56.13950735145614
4.112577480755476
0
.03742529498875691
0
1.7013311048717024
3.7920861195159787
.15478417229192473
28.065285223577703
24.43115990700431
1.7249056248490526
.004379492044802311
52.02251985209092
52.02246939919424
25200392405494708e-21
10.413964271772738
0
0
1.4636106567199607
6.825545987433916
.4154155376635177
3.2057075060780553
6.489413975476783
.005227692338440911
7.249443749917333
0
6.553295287016878
6.313150569831577
12.040722380770736
0
.5347009753703719
.632917007775914
28.637255392591598
1.2217927603194545
36.6570447075261
9.132804662050916
0
32.64863109271696
9.368615220857455
11.926258731233505
.8266465088990491
6.338060825227992
38.42062471272199
9.218236651107475
12.981276830027655
30.34953043206238
55.64372907679979
7.4300129753546775
1.281635773999549
1.8192962284466512
5.274734935017174
14.851675285731785
8.592893044228612
1.988046124158189
.544184846219732
7.916729214692799
0
0
.005496786840929318
.03347250856803945
5.655003378218981
0
0
.6547680195315776
.056973946684843464
0
.00042980218304142464
.029374617247748692
.4396584628105005
.11980122484125984
2.5532456741673037
.8403824464011495
.2406296958248773
5.599877304448578
.6331815532399045
0
0
0
6.648659313143719
.21657587492831998
.00763064943489565
0
.0029647006664466364
7.447719511596886
0
0
0
0
.0019249551632037221
0
.031146087251129675
0
.0010535374136266715
.1484020768457587
1.1627022150814925
2.835417924788905
0
0
0
0
0
0
.23535537034526222
0
5.236376999650249
0
0
.044800140983843856
0
.9974666480955482
.255385215858167
5.958750667008615
0
35.52138039231528
0
0
4.663752758664677
5608.3035542798225
223.39040421643745
291.1636878261867
0
121.78793080831743
.16156067370090973
0
.12928820694536267
.44015156146086765
.009533397309510255
0
49.60396318754958
0
0
0
.39451353564234
0
0
.005718022985279395
.22298916684348896
.6102950539124251
.9814321030665771
.3755577663426738
.005749829147911185
.0020140055962804956
.004407195415771698
.007370839227738495
.007627567813731151
.002919594395505587
.016744581255874615
.260699664413198
.0014225437542663027
.00843995864877423
.45220446749940507
.010693367881105996
.004053429902274009
.04708839378080785
.00384393057504207
.009001918723498033
.03413708106528089
.06926614005461569
.0377318087977273
.016862679843153545
.1237955869775498
.020985943493462243
.04552413673348398
.0007317600904124975
.001562855858650861
.01000269336008284
.003574114467467022
.5155366285100081
.7485488957480807
.005927960707642536
.04999217819193234
.01479324261786393
.0004951419830712967
.012295053167453811
.0002992851458685988
.052793194630597826
.03906369549138676
.09658539923848736
.012275538879489132
.011162499306440261
.0016682562455533384
3853550652771092e-21
.016508914358241405
.04017434115909355
.8251848090230036
.9814321030665771
.01967033694754063
.04008123057246829
.013888851006964284
.025308352611642587
.0033753111216838333
.3921773278709699
.05747920248729658
.0688384677370249
.40843672552006705
.0006973570943775103
.9814321030665771
.01913691914441393
.000897760688951583
.024771194631818955
.025574826329563635
.009763664724682866
.10766107508426641
.312688440064314
.007273905153527547
.022215720594768798
.5522830540014867
.12936908945415473
.013788583681053759
.07314443972106034
.0002679787569310895
.02216770768127275
.21470637028942668
.00013013018507626454
.012803879559339084
.029865402564036234
.0003876039252620281
.0034508052058277268
.007440849450775847
.006180367402333188
.021632655551686274
.09350457465665597
.02353840632897472
.8913291858457107
.006945836790726319
.006867489912890668
.03185618228494036
.00023015153551222343
.011741509436235458
.07396683127758164
.48810038833543656
.44411844695795716
.06489398120410476
.04161550770898286
.06398878239463088
.8850638295225857
.5395338674238305
.010235472810529314
.008397752272441264
.7925786483355634
.03289197495905933
.2486931733345891
.004343516961404965
.006200524549748773
.11931932300551448
.21145097414535263
.5749482151129721
.0005508010632198603
.02609065666804934
.23784252796697256
.27361090851317776
.13099502597243468
.9077974139263221
.1852273817227803
.02922486208092221
.008639268357725825
.7103007094455005
.9814321030665771
.3388863064502803
.03976441574940932
.0069674202449259105
.014229962652932214
.012607158977591444
.9046438980826056
.08196940208783544
.0018909216587162808
.0029727931822131934
.014678301814761398
.05464701376118769
.0075667920696100245
.5931476755854825
.00268151913217106
.9814321030665771
.9814321030665771
.9814321030665771
.005175846346464243
.049605405675275216
.13878960062855486
.07902012908672451
.01450561118724545
.01772845328922154
.02142351485798741
.0006895313843711617
.0003282888007124958
.05666359076847282
.536921186324682
.9814321030665771
.9814321030665771
.9814321030665771
.025191022303519783
.0005416138531127808
.4478524687396627
.27144800973562316
.00525361707799038
.015296786477531677
.9814321030665771
.03834381021972188
.181148949478251
