.02191030341664417
35.439345115800556
1.2462378293597034
.09557809101076059
.011672984549211389
2.0171209608442173
4.8106849399120675
10.132704258940157
0
.2722812973295086
.1702747028838157
0
16.206240458860183
44.08596426990958
19.599210170510826
0
4.594318206748374
0
0
0
.01601579530510032
0
0
0
28597143208353276e-100
7.060124476384735
39.216737581388955
69.55015581186223
14.741554386835194
56.04338267464026
4.098268581177819
0
.03524194530551342
0
1.7402603096449742
3.568653229697257
.14226005627926375
26.257649851554472
22.834229407689445
1.614786496200715
.004289330917262012
51.95936753818038
51.95953951646017
23447516973785264e-21
9.575155506050287
0
0
1.4769825601551103
6.2104456694813015
.44188552954992005
3.369829714924394
6.474018543339826
.00527165991116048
7.30827815376137
0
6.341616018710177
6.110111084031388
11.199391531977298
0
.49860904098265973
.6270090525854284
27.87835519876225
1.1419914025761577
35.84105289493237
9.088435988691483
0
28.742866868221085
8.548636211168963
11.999787724031547
.8372886502402834
6.5788036319628125
38.419103838085775
9.199222161491575
13.861752000407813
30.317915689815376
53.632021840318956
7.300543373839312
1.279982493330553
1.820720692095159
5.271571277255532
14.695068326825444
8.743516390983656
1.8813916126201835
.5410503531313532
7.573258854146698
0
0
.004778399851741085
.03337764922125371
5.674140911585972
0
0
.7127619859440821
.05578119031149967
0
.0004233430524229467
.02896488570482407
.43895992056349814
.12051143893822769
2.572236663295774
.839435333550693
.23210447515161775
5.4989541478367014
.6264777133859998
0
0
0
6.6011331872815395
.21753148648688936
.0067344456383422605
0
.0024673387040357736
7.515636624037505
0
0
0
0
.0020136884584989762
0
.030881604338411407
0
.0009329021335474314
.13163885823374927
1.109111852082778
2.5211810313038567
0
0
0
0
0
0
.23538163803060055
0
5.217980012220439
0
0
.04005450399384593
0
.9941376739033494
.25426279638612154
5.943424436297454
0
35.5157633916728
0
0
4.971349176827328
5607.988489183893
223.3752378785324
291.16305181878823
0
121.76604831411338
.1612587727597272
0
.12887452969403457
.43835046760442953
.009512005453669937
0
49.564713505254254
0
0
0
.3928834357622762
0
0
.005717919399488144
.22283104131545986
.6091025870839325
.9783279842998408
.3751080508908878
.005749724406478138
.002013992746309885
.00440713388062511
.007370667098522459
.007627383484257762
.002919567391226984
.016743692793215588
.26048339306210105
.0014225373435339276
.00843973296033108
.4515515862398464
.010693005575964537
.004053377849806521
.04708136395216261
.0038438837643031275
.00900166197787592
.03413338726768591
.06925092321068997
.037727295828201966
.016861778801917738
.12374693497025135
.02098454783477305
.04551756637981878
.0007317583940890222
.001562848120890481
.0100023763491478
.003574073997828035
.5146871268116656
.7467505870166332
.005927849375493667
.04998425422265105
.014792549187575414
.0004951412064148116
.012294574186500531
.0002992848621169884
.05278435741474769
.03905885818337155
.09655579800651262
.012275061417933579
.011162104511236165
.0016682474289007009
38535506057288576e-22
.016508050731922328
.040169224777764925
.8229964686148821
.9783279842998408
.019669110818968036
.04007613788790131
.013888239780791596
.025306322676244816
.0033752750290517476
.3916867872896688
.05746872599166133
.06882343833134126
.4079045160953778
.0006973555538075568
.9783279842998408
.019135758624812153
.0008977581356998277
.02476924996877881
.02557275341292483
.009763362684818951
.10762428869990238
.3123770295057928
.007273737522171218
.022214156539100898
.551307507275487
.129315952921639
.013787981249272349
.07312747001866307
.00026797852943784056
.022166150380099614
.21455979455286278
.0001301301314320557
.012803360108591273
.029862575567975797
.0003876034493299241
.0034507674805552353
.007440674035960398
.006180246386992793
.021631172532672972
.09347683318439816
.02353665044678778
.8887729668393224
.0069456839402858945
.0068673404914146126
.03185296573154746
.00023015136771095158
.011741072617599909
.07394947759041608
.4873392648570922
.4434887945892089
.06488062574606397
.04161001752966388
.06397579712772497
.8825437010314102
.5386030487976605
.01023514087183178
.008397528835752507
.7905609949808781
.032888545773871486
.24849640489483846
.004343457191688836
.006200402743700638
.11927412924413446
.21130881750495398
.5738905342225004
.0005508001021401161
.02608849926981774
.2376625890363555
.2733726315514064
.13094054385799023
.9051450890819522
.18511834789345266
.029222155078657098
.008639031883344587
.708682572288663
.9783279842998408
.33852036183123246
.039759403282353806
.006967266443019405
.014229321030752707
.012606655367751187
.9020101161351207
.08194808729678595
.001890910331402172
.0029727651848374128
.01467761911961192
.0546375447138363
.0075666106660631114
.5920216155867953
.0026814963524940012
.9783279842998408
.9783279842998408
.9783279842998408
.005175761473943051
.049597603893692985
.1387284337137913
.07900032152715905
.014504944463431481
.017727457334423057
.0214220603807166
.0006895298781838167
.00032828845929925427
.05665340962253871
.5359994029878536
.9783279842998408
.9783279842998408
.9783279842998408
.02518901115023278
.000541612923826889
.4472121422599034
.27121349384439
.005253529635652018
.0152960450303632
.9783279842998408
.03833914961521466
.18104467166228608
