.03474966541759048
36.24332174664192
1.205645071743106
.09414165712770149
.011497400348652658
2.0034288456102067
4.740456685165585
8.955062383922588
0
.2680525876949247
.1699996077459155
0
16.537195268077795
47.35290476264604
10.41301059946534
0
5.337376164789381
0
0
0
.016007154847083812
0
0
0
1393818043944913e-100
4.014606463892944
39.29320785588633
61.70498664158819
15.777564591399052
53.182740720049686
3.8343743712113776
0
.02748639564942713
0
1.8721652844339576
2.8064569640586043
.10294340289587037
20.065657235729166
17.36440151115767
1.2375132219107712
.004049424006087078
49.44757162982545
49.44849964250046
10636938020198216e-21
6.748251425726817
0
0
1.8527743174531377
3.7186145712789647
.5025004140079437
3.7633652513946885
6.437240418494788
.005131628452719822
7.156168933784006
0
4.953696936475429
4.7783287090905056
8.683219635135917
0
.3135955065610767
.564071831551737
19.835017082240707
.6869253887513892
28.45899966379077
8.950243514880567
0
10.155253082349288
4.727197126114556
12.267557491766862
.6154450936809461
7.065376568972498
38.41089097659938
9.117732711273746
16.181772637885548
30.357293411531202
40.949969549484535
6.378406002202103
1.281947682772111
1.8251254597134086
5.261445246917132
14.208999750605264
9.233198131685231
1.5210202634948298
.5304662549610824
6.2200579361383665
0
0
.002245536349378734
.03307107115290349
5.73320923929414
0
0
.8774879748553642
.05153208536192775
0
.00040358777509041005
.027542886673602652
.4361538315255505
.12331991574566059
2.6418815876417794
.7219466616978703
.17881312768136054
5.152760561012928
.6049096253699205
0
0
0
6.447046952324154
.22059371944179665
.0033881785470491243
0
.0006066242363361522
7.947382421590812
0
0
0
0
.002606645312543147
0
.027986246788716935
0
.00048567043674359306
.07133102306746182
.9148120991261347
1.3341673792109066
0
0
0
0
0
0
.23533565598435693
0
5.082255158582602
0
0
.021085870695482692
0
.980758953398038
.2515525285787265
5.884355747549371
0
35.493005613531714
0
0
5.777420830991434
5606.711708467455
223.3137791039406
291.1604740887352
0
121.67739860239693
.16006072841679386
0
.12721108035256107
.43112585704489026
.009438917682202355
0
49.320264026081134
0
0
0
.3863267733254947
0
0
.005717499584466404
.22219130435117357
.6042933183134371
.9658471685280489
.37329085731805106
.005749299907951215
.002013940666091386
.004406884486864938
.0073699694982670705
.007626636440691399
.002919457945176223
.016740092327968314
.25960867876696636
.0014225113610680097
.00843881830463438
.448915090046949
.010691537275336
.004053166887485398
.04705288273211426
.003843694045752248
.009000621460310864
.03411842036180156
.0691892834154737
.03770901024470645
.016858127365861744
.12354994361591638
.020978892166677643
.04549094638028279
.0007317515189134585
.0015628167600633862
.010001091603567557
.0035739099786730485
.5112583977679563
.739506154018024
.00592739816660311
.049952151155848834
.0147897390405821
.0004951380586308672
.012292633063024788
.0002992837120716587
.05274855523670314
.03903925865917465
.09643591678908707
.01227312645168342
.011160504545343907
.0016682116953974542
3853550415066218e-21
.016504550908507835
.040148494705030596
.8141863676579469
.9658471685280489
.019664142090313596
.04005550381207836
.01388576275049853
.025298096995095283
.003375128749208766
.38970489636794925
.05742628420078738
.06876255759470612
.4057545578397471
.0006973493098971418
.9658471685280489
.01913105574799859
.0008977477874195564
.02476136979339898
.025564353581609963
.009762138609937129
.1074753217852249
.311118051980853
.007273058150182972
.022207818533486832
.5473712201940567
.12910081342307117
.013785539856811009
.0730587319521704
.00026797760740742896
.02215983974322357
.21396674557768627
.000130129914011773
.012801254985358284
.029851120464888418
.0003876015203783812
.0034506145838756946
.007439963120322204
.006179755934884363
.02162516288293803
.09336448097705545
.023529535180062563
.8784874333342394
.006945064470381091
.006866734917983829
.03183993233419325
.0002301506876119891
.011739302353750163
.07387918460577123
.4842665578532209
.4409459351561675
.06482652408215563
.04158777319433931
.06392319469018641
.8724028606919477
.5348468466551559
.010233795631233994
.008396623305516097
.7824358841553098
.03287465091289763
.24770049337418723
.004343214952859901
.006199909087084105
.11909113369860781
.21073363319817126
.5696236295905397
.0005507962068915749
.026079757140008864
.23693468767401066
.2724090156193589
.13071995924359034
.8944743053333154
.18467708953377238
.02921118613901859
.008638073516616674
.7021619055088769
.9658471685280489
.3370412266378019
.03973909417297215
.006966643117135262
.014226720825942868
.01260461443807785
.8914136573563439
.081861754978134
.0018908644223808318
.0029726517138963407
.014674852474544281
.05459918336957788
.007565875480223956
.5874795312545923
.002681404028219044
.9658471685280489
.9658471685280489
.9658471685280489
.005175417499025789
.04956599575853647
.13848079951939446
.0789200921210899
.01450224253900207
.017723421292673017
.021416166381038146
.0006895237736252941
.000328287075551644
.05661216406599543
.5322795823077792
.9658471685280489
.9658471685280489
.9658471685280489
.02518086157007913
.0005416091574383017
.4446262538279917
.2702650714787488
.005253175245892464
.015293040305643147
.9658471685280489
.03832026593909546
.1806226469545265
