.03785971764620801
36.41111918412521
1.1941739286919053
.09379566979993796
.011455170888333921
2.000237353414487
4.738003926255665
8.718425650610063
0
.267025183986231
.1699317897020699
0
16.588368272060844
48.070912101680186
9.032095508512764
0
5.517928536110063
0
0
0
.016005062586134686
0
0
0
666311302507395e-100
3.5091757844279536
39.30485174414687
59.41233271330439
15.948991551646142
51.86944652385903
3.721340584213953
0
.025849160980824903
0
1.8971715860132736
2.645463002638207
.0954485249519903
18.802370934860413
16.25482267488145
1.1587004142270458
.003997585154122399
48.26494638806043
48.26603507108373
7554731704160301e-21
6.187384011081057
0
0
2.0008071130795746
3.3231729862136246
.5093748338445078
3.8574500596325216
6.42679633708837
.005041404934351718
7.050330332454239
0
4.622888341570126
4.452084346166025
8.261235138198515
0
.2800014975071884
.5432452776365173
16.418212902904347
.5342432353472412
24.77147337212104
8.905292697401013
0
6.924853189904546
4.117018659687672
12.321652471791213
.5639821839267725
7.1183061069401194
38.408683418023855
9.096531061550891
16.765422594516497
30.369550219036373
38.263169544340954
6.103998314538923
1.2825631137712188
1.8258597766016251
5.258360309844489
14.067731263982353
9.328640877966
1.443563899555737
.5283686513653204
5.9074853307308866
0
0
.001895284970622365
.03297975411869552
5.738640572078391
0
0
.9221720439331905
.0505999194708728
0
.00039796232511120263
.027172759407335354
.43547974679146756
.12398376589034511
2.6562188284520865
.6315269582655624
.16600088029686483
5.063793523021871
.5988262042587886
0
0
0
6.402740380168745
.22117787107884204
.0028967022972676893
0
.0003825304288598635
8.018158085360632
0
0
0
0
.002765962330701192
0
.027106106071504894
0
.0004216385096438757
.06277532761562205
.8720335811057399
1.1630063951255203
0
0
0
0
0
0
.23531910876555884
0
5.036709991708912
0
0
.018250979159948045
0
.9775454848839144
.25092964839171017
5.870793549900968
0
35.48749474303455
0
0
5.97969322460356
5606.402480239316
223.29889461571807
291.159849693924
0
121.65593487705989
.15976702929058387
0
.1268113104718289
.4293938737384773
.009422336341960054
0
49.19603027055943
0
0
0
.3847515174279997
0
0
.005717397898175319
.22203661870602617
.6031341032075688
.9628479971840098
.3728520083161619
.005749197087262132
.002013928051009884
.004406824078851096
.00736980052992689
.007626455496874405
.0029194314349019123
.016739220311171674
.2593972408153091
.0014225050674601726
.008438596764381705
.44827877637130814
.010691181642231888
.004053115788168541
.047045986377367115
.0038436480920269927
.00900036943597897
.03411479594647506
.06917436079110507
.037704582299006494
.01685724300499357
.12350227400394145
.020977522435183454
.04548450061517541
.0007317498535635523
.0015628091636894726
.010000780427118132
.0035738702497832256
.5104313059792964
.7377619491184405
.005927288876369609
.049944377998648384
.014789058424781731
.0004951372961526525
.012292162914791998
.00029928343349921066
.0527398866029246
.039034512586633506
.09640690060879963
.012272657794683476
.011160117023404574
.0016682030398596742
38535503688824e-19
.016503703265124965
.040143474911936004
.8120665419870465
.9628479971840098
.019662938714254386
.040050507260947665
.013885162811020101
.025296104907577832
.0033750933170973124
.3892263376456501
.05741600832976438
.06874781868345947
.40523548499493145
.0006973477974559858
.9628479971840098
.019129916753730106
.0008977452807948737
.024759461371952157
.02556231932290084
.009761842127888257
.10743926886838362
.3108138566083702
.007272893596851615
.02220628356351635
.546421977349934
.12904875449708578
.013784948548381798
.07304209139504457
.00026797738406637763
.02215831140096556
.21382333933379283
.00013012986134656012
.012800745117767595
.029848346380008363
.00038760105313386385
.003450577549046986
.007439790926910031
.006179637139535568
.021623707429067017
.09333728645595
.023527811987292566
.8760139496518344
.006944914425773661
.006866588239212556
.03183677608360614
.00023015052287331968
.011738873586540523
.07386216773589395
.48352518169778125
.4403321802658503
.06481342593624362
.041582386784126076
.06391045941850317
.8699640468491858
.5339409375183152
.01023346980297516
.008396403975482242
.7804803510639603
.032871286072618106
.2475080852037744
.0043431562778796055
.006199789515571394
.11904684932094205
.21059454320091173
.5685948478704643
.0005507952633576834
.026077639992675226
.23675870529238008
.27217611239378714
.1306665834175123
.8919085252457377
.18457036276860475
.029208529774865183
.008637841389412692
.7005914650937793
.9628479971840098
.3366839121748575
.039734176300173125
.006966492138579632
.014226091055174238
.01260412011759708
.8888656822086467
.08184085656555798
.0018908533021007893
.0029726242287154976
.014674182394267864
.054589895233035694
.007565697408418749
.5863845643483343
.002681381665178212
.9628479971840098
.9628479971840098
.9628479971840098
.005175334182129021
.04955834241612548
.1384208821321106
.07890067057868212
.014501588133135393
.017722443788844064
.02141473893362514
.00068952229493878
.00032828674037018623
.05660217775831459
.5313824284451919
.9628479971840098
.9628479971840098
.9628479971840098
.025178887910778845
.0005416082451176876
.4440021321980279
.2700358364984908
.005253089406387273
.015292312566166139
.9628479971840098
.0383156931846194
.1805205688717145
