11859027752528068e-21
331.0572819514406
1.2420170835818618
.09824060172289403
.011977260981153605
2.043945422747797
4.237755546075642
2989.117005971429
0
.28770664049639805
.17072700784529965
0
13.781488398047305
2.947073179952696
648.9942592205249
0
.4545899679627599
0
0
0
.016030542951464766
0
0
0
19317852078078223e-96
1.7005229007173908
.800686962416146
73.16515615525854
12.25528787661024
47.815089806902485
34.539656266275436
0
.04587502870886717
0
1.1416847415836446
108.78939699913415
18.313676800085435
33.36590861952529
6617.173811472511
42.61937422628107
.030967910855411403
707.9459921340163
413.6783702475396
.16866909494077556
16.7018504702222
0
0
1.8367756916487905
29.729659462786675
.005040873999412468
2.9607884472173414
3.1020799517375788
2.8793173731578117
70.209318358033
0
.4140959771076656
222.49496715251993
319.6291828889514
0
.011272085615671619
.0028265875004415074
29.04099066025894
55.024186986977114
56.10530267213485
8.890512980484731
0
32.83328795648355
137.47129743010572
.047108824114902206
3304194408757971e-20
.5000082093792971
36.452968757354384
9.325264334923101
10.89014117056822
95.94287059157016
139.61364181988375
2.8012430020383596
7.813657893230477
.5742449186254793
5.264856240269725
14.400816427171437
7.311479459945305
48.17542776208263
.5385435524916069
9.925818910275808
0
0
.475083152765547
.03321412254683224
5.295355787794432
0
0
.5658500928106643
.1726407075160837
0
.00041202076864660733
.029720615731750798
.44399819948952557
.11546015671950793
.03934590168120667
.6970456264435937
214.64359257556993
5.635097908254024
.6150009844293354
0
0
0
6.5553713061616365
.20839765885148873
.23706645656508132
0
.00011033170843923292
5.752750526879996
0
0
0
0
.0013352357285514762
0
.03216919778303207
0
.11997126566913224
1.9565964210510374
1.6052297576264012
97.05649814415287
0
0
0
0
0
0
.235514719592669
0
5.331119343168452
0
0
5.757636378431567
0
1.0173841547822662
2.707437431776978
6.06167106825715
0
35.55459163197432
0
0
4.154743663400492
5610.166800318174
223.48009921467562
291.16744837324876
0
121.91739574264128
.16313679520840188
0
.13176085053672335
.450951600158872
.009773772609857243
0
90.44186854289913
0
0
0
.4043198670734457
0
0
.005718635494967947
.22392641089222037
.6173936109278174
.9999881410426495
.37822783741027
.005750448491202447
.0020140815759313075
.004407559271971977
.007371857057691143
.007628657788989483
.002919754068711641
.016749835429394892
.2619820858603069
.0014225816595711074
.00844129319936695
.45608409329368566
.0106955103323056
.00405373768637321
.047129980479488735
.0038442073643809678
.009003436932079736
.03415892953955589
.06935618099008888
.03775850365108878
.016868008410516066
.1240836426818674
.02099419749678078
.04556300462676578
.0007317701203386067
.0015629016104619147
.010004567954843035
.003574353761521682
.5205882058597412
.7592706015558446
.005928619023573628
.05003905589510871
.014797343325002503
.0004951465752302145
.012297885617798782
.0002992868236112285
.05284547664967033
.039092309270729486
.096760607887014
.012278362344283237
.011164833896012513
.001668308376696114
3853550930917557e-21
.01651402164190091
.040204606089311645
.8382432348676145
.9999881410426495
.019677588235756046
.04011135529847215
.013892465551550999
.025320358331494444
.003375524534347966
.3950903260807187
.05754118586757486
.06892739914747499
.41159773949498574
.0006973662033695175
.9999881410426495
.01914378238299498
.0008977757857025068
.024782695954589998
.025587086290720533
.009765450785670805
.1078788389115949
.31453607091179
.007274896385802122
.022224970631869748
.5580865460596408
.1296837161471445
.013792146215251011
.07324485692696366
.00026798010203355605
.022176917766530562
.21557507675332824
.00013013050225863836
.012806951344638618
.029882123203597056
.0003876067393160208
.00345102827234015
.007441886709843869
.006181082977730956
.02164142627099145
.0936687698929781
.023548791004627135
.9065942899535319
.006946740617722999
.006868373463161677
.031875207427725503
.00023015252767270402
.011744092544361134
.07406952161794984
.49262503560744314
.4478597020613764
.06497300417498351
.0416479842797397
.06406561421641599
.9001123394616247
.5450704833911715
.01023743568329149
.008399073507252424
.8046140958956038
.0329122579983045
.24985979366055552
.004343870378400653
.006201244800836807
.11958689016937359
.21229345978232264
.5812419181697406
.0005508067458268987
.026103416355325194
.23890923983481846
.2750240182642293
.13131762576305797
.9236394015939606
.18587337934856285
.029240872888994116
.008640666691243377
.7199440520718946
.9999881410426495
.34105812461812407
.039794065862238846
.006968329698295588
.014233756961399441
.01261013708086061
.9203745677681737
.08209554332370292
.0018909886350726255
.002972958727585536
.01468233903291295
.054703034910050095
.0075678647425941985
.5998496341997581
.0026816538254409595
.9999881410426495
.9999881410426495
.9999881410426495
.005176348200359672
.04965156032787071
.13915181357455036
.07913734670775771
.014509553949096544
.0177343432111984
.021432116758924844
.0006895402900669272
.0003282908193926041
.056723826195815286
.5424038990458653
.9999881410426495
.9999881410426495
.9999881410426495
.025202916924362967
.0005416193477307345
.45165730544043836
.2728387810272868
.005254134127736182
.015301171164097058
.9999881410426495
.038371378539907276
.18176674114544358
