.08151670895531675
37.91380756156859
1.1105405420425822
.0890223172382378
.01087494784912718
1.9585706693459104
4.864143066543678
6.599726447412537
0
.2525090459056603
.1689281099879099
0
16.89763877137216
49.326858622544485
7.309962760759876
0
6.279670571199324
0
0
0
.015975721486171143
0
0
0
163894914699502e-104
2.656138689684396
39.2577895129916
54.1909274966689
15.44917045089701
40.25098909120543
2.864478860163277
0
.010695956954672894
0
2.059700350359631
1.1013406949046813
.03521551071936485
7.721614453651135
6.656276364487846
.4165801069318328
.0031296719850697216
37.40807339188264
37.408320687860886
33796980683403766e-22
1.739991405736884
0
0
2.8877425617731443
3.0529871364129733
.5600167041092525
4.133225469003159
6.243802790941831
.0028490955295808838
6.623846845521068
0
4.1587416946430045
4.014950917332955
4.650912429695618
0
.24816341555905352
.532399356747667
10.1334714556613
.3233359679011877
18.444729949368064
8.634971431611463
0
3.2245660398980043
3.3535230731157117
12.718442256194948
.6781507856324859
7.4042827274283125
38.374350805923115
6.739965226339964
19.495475427324486
30.53140252132178
35.402554559926344
5.442163311504788
1.2906545483288208
1.8272738626415932
5.2393445320414695
13.215443360274696
10.174099634920882
.6754053625827986
.5164855268897146
2.60073907074894
0
0
.0011850050452196698
.03237817331390989
5.796640108074572
0
0
1.1524685724242105
.041832018242532326
0
.00036442452602657036
.02415309041100932
.4260946353906092
.1326724713576706
2.7681619147914764
.3827938922283211
.14379191553391074
4.349764106334866
.5574696352927363
0
0
0
6.093173275061976
.2257221804053174
.002133521060929479
0
.00017756872316922594
7.265178908228212
0
0
0
0
.0030690971006800648
0
.026480763484323367
0
.0003506356020951377
.056118410228014885
.7897797096885476
.9789802683294135
0
0
0
0
0
0
.23473241310259677
0
4.815023297752624
0
0
.014439574092335736
0
.9335304542458577
.2422414129646859
5.67680793584902
0
35.41020413757164
0
0
6.896566987562581
5602.063525056113
223.09006004593735
291.15108496673514
0
121.35503966175585
.15587754102433982
0
.12132752242712405
.4058034138395169
.009233132084686502
0
48.26575581968135
0
0
0
.36309694435725604
0
0
.00571597067971812
.219876568793702
.5870945138605216
.9217172964839526
.36674589220808934
.005747753948029563
.002013750976631018
.004405976195871935
.00736742906560063
.007623915972428444
.002919059325459401
.016726984271410464
.2564473164864219
.001422416724621288
.008435487532982466
.4394412087909581
.010686190732813515
.004052398555524907
.046949286222866794
.003843003080011959
.008996832418859351
.03406395926154633
.06896522558197252
.03764248038228351
.01684483378892172
.12283505539835461
.020958304427027685
.04539411528309988
.0007317264768106914
.001562702534383639
.009996413346143679
.003573312606788349
.49896133612878796
.713707659635056
.005925754940271441
.0498353907993936
.014779507665871624
.0004951265930785778
.012285565161927772
.0002992795230986971
.05261835192708102
.038967951018016145
.09600050964548353
.012266080965803675
.011154678649837432
.0016680815435088116
3853549720582568e-21
.0164918091647342
.04007307636416307
.7828857238050041
.9217172964839526
.019646054235123174
.03998043451021015
.013876743966577336
.025268157764450443
.0033745959822687904
.3825703213340259
.0572719559202868
.06854125607748573
.39801875820147253
.0006973265670878627
.9217172964839526
.019113935411214276
.0008977100950852271
.024732687649765453
.025533780734972845
.009757681246316548
.10693445488557707
.30657500844221325
.007270584091772784
.022184747797788455
.5332695332967373
.12832019518578447
.013776650802460835
.07280890117175601
.0002679742489623592
.022136868598544895
.21182040587944234
.000130129122067096
.012793590054572933
.029809432688424706
.0003875944943035127
.003450057718957515
.0074373742027764225
.006177969804840988
.021603287002713356
.09295638152463964
.023503636187156108
.8420188526140527
.00694280853439484
.006864529583915392
.031792503595775984
.00023014821038612522
.011732856469983014
.07362370870027805
.4732371997110885
.4318062902601305
.06462984132902697
.04150684927591307
.06373195709823341
.8364403954414723
.5213851063756384
.0102288971219606
.008393325760606899
.7535400696578739
.032824088857271394
.24482289942640204
.004342332718420871
.006198111287933194
.11842694779400859
.20865174525128846
.5543480220549991
.000550782018782565
.02604793891989413
.23430212454412913
.2689276994784016
.12991962273940624
.8566588901628227
.1830786918182034
.029171266861306396
.00863458358945109
.6789137304837717
.9217172964839526
.33170794963254235
.039665206440386055
.006964373140212158
.014217253664040934
.012597183197857343
.8538580019314903
.0815480600260278
.0018906972093836077
.0029722384355517885
.014664779450087536
.054459680751816675
.007563198188756034
.571227759908657
.0026810677663143445
.9217172964839526
.9217172964839526
.9217172964839526
.005174164772571313
.04945103416437443
.13758252992658113
.07862854686846692
.014492405104009821
.01770872788285842
.021394711347730164
.0006895015383859375
.0003282820353361281
.05646218192103401
.5189471721833407
.9217172964839526
.9217172964839526
.9217172964839526
.025151199222447632
.0005415954386868748
.4353330016330165
.2668384232786978
.005251884592488577
.01528210066333645
.9217172964839526
.038251561244380575
.1790937335774833
