.08607663769188634
38.00416294463664
1.110620451320228
.0885325919165014
.01081575095247656
1.954576784831617
4.87872313387245
6.474512231469764
0
.2509855412011829
.16881741107255008
0
16.91059409265361
49.09653418284394
7.289350516933041
0
6.227291524692903
0
0
0
.015972659933583266
0
0
0
5265119459820263e-106
2.630085462751782
39.24885630710679
53.99556810315461
15.42641655225054
39.89149352735489
2.837728139708125
0
.00975282539370794
0
2.0671152012460094
1.0055427486781974
.032050821966475074
7.058918883144719
6.086141870502628
.37124517452274475
.0030613946624867216
37.07249472236169
37.07270691028883
33547478100973896e-22
1.5187751082281133
0
0
2.9379889558343195
3.060403902438122
.5656739703515967
4.080800818900508
6.222985822826822
.000563687404763075
6.602288643231318
0
4.155245349260771
4.012138802452207
4.476458411572239
0
.2489037418954933
.5341866865690068
10.127711427288016
.32373365728879405
18.457478637960726
8.654192254577387
0
3.22162624788766
3.3454958701653887
12.743066902784465
.6910977150110782
7.423421529851266
38.370578073726534
1.9423073800998287
19.35465644852105
30.54900474499367
35.45688286699428
5.414270358294541
1.291536670588685
1.8258398519613335
5.240511357531338
13.254935277811315
10.234950425562475
.6261442972610961
.5167336610895196
2.3780669444219797
0
0
.0011633698892413377
.03240127198397738
5.803979738454188
0
0
1.1402822073887442
.04128846674728955
0
.00036580285342996074
.02407337588612376
.42510954002828094
.13351586817771618
2.7755779892576276
.37968690965625196
.14310369698311023
4.32947410292297
.5580128243427431
0
0
0
6.097859783669325
.22595691636268264
.002133190005244493
0
.00017887817028526502
7.091960353626665
0
0
0
0
.0030844372154429536
0
.026515642615871457
0
.0003507773619475044
.0561264648664271
.7880482804878353
.9771887021887773
0
0
0
0
0
0
.23465088585777436
0
4.785870484745191
0
0
.01437018840801051
0
.9290484103244276
.24135786672422047
5.65538288311519
0
35.40214021431829
0
0
6.844945304313224
5601.610519295084
223.0682587539544
291.1501695150333
0
121.32365441724572
.1555000426653367
0
.12076834278571949
.403414623202399
.009218576102825948
0
48.21689561003164
0
0
0
.36088532920039423
0
0
.005715821628739971
.2196521693526105
.5854439961110423
.9175238993556311
.3661139108158492
.005747603234487319
.0020137324822886806
.004405887644759445
.00736718141256105
.00762365077044025
.0029190204617389826
.016725706745404956
.256141141451574
.0014224074976172737
.008435162842981982
.43852824283489356
.010685669571760143
.0040523236486193
.046939197460656425
.0038429357154007326
.008996463061169952
.03405865379249294
.06894341812260389
.03763599980236424
.0168435381858198
.12276557333673982
.02095629814123128
.04538468499225152
.000731724035175494
.0015626913974797645
.009995957318946088
.0035732543665585926
.49777827664749813
.7112408973079517
.005925594745090932
.04982402092303441
.014778510454557546
.000495125475166624
.012284876237584478
.0002992791146642521
.052605673917865525
.03896100527924134
.09595816145343428
.012265394225978317
.011154110770080784
.0016680688538478262
3853549652868309e-21
.016490567332470424
.04006573043140068
.779898958818243
.9175238993556311
.019644291504782436
.039973122557205316
.01387586492123919
.025265240495015592
.0033745440403744405
.3818817061256919
.05725693065321262
.0685197166521436
.39727243111406435
.0006973243496345934
.9175238993556311
.01911226694636531
.0008977064200528646
.024729892831932453
.025530801746585813
.00975724674873957
.10688186457691909
.30613561307682763
.007270342908600252
.02218249961377558
.5319141667414097
.12824433554562367
.013775784399409768
.07278458766952652
.0002679739215060202
.022134630116660486
.21161228671638152
.00013012904485034342
.012792842946153876
.0298053711199069
.0003875938092466953
.003450003427745864
.007437121823661811
.0061777956793628
.021601155222371566
.09291668615785263
.023501112482488633
.8385450900420416
.006942588612998338
.006864314595047576
.03178788293158977
.0002301479688505089
.0117322281661487
.07359884634159951
.47217533729169875
.4309253470211925
.06461069612078714
.04149896737834409
.06371334149131089
.8330142686458957
.5200908135571266
.010228419627906072
.008393004309264625
.7507803833818728
.03281916306611285
.24454412022227454
.0043422467074735556
.006197936024952754
.11836238618085536
.20844985860484844
.5528807012676251
.0005507806354184142
.026044838624618167
.23404701193901392
.2685906502500475
.12984185016351563
.8530584223253366
.18292358532698175
.029167377530568424
.008634243386407083
.6766885644532044
.9175238993556311
.3311924760341326
.03965800951680539
.00696415185014835
.014216330924155996
.012596458863830932
.850281964678568
.08151753820741275
.001890680906399893
.00297219814273277
.014663797669643618
.054446097908675356
.00756293719540509
.5696674206970748
.0026810349820140292
.9175238993556311
.9175238993556311
.9175238993556311
.0051740426441638345
.04943983933631428
.1374952582827115
.07860017801132595
.014491446281347698
.01770729588271855
.02139262056722257
.0006894993704209555
.00032828154390395284
.056447579483507676
.5176652258820992
.9175238993556311
.9175238993556311
.9175238993556311
.025148308923695746
.000541594101085551
.43443734021558245
.26650664817331804
.005251758766830799
.015281034433790574
.9175238993556311
.0382448689224093
.17894535410120024
