.1115964124749588
38.393163384190196
1.1224455748430922
.0858220118239741
.010489483803397181
1.9332072035592156
4.992857541062331
6.013820593845407
0
.24244590958136425
.16817578160432492
0
16.960353708241417
47.61219846639182
6.763223785087449
0
5.739957544638729
0
0
0
.01595553666288728
0
0
0
8326005307651596e-109
2.351639042356082
39.21574292272925
48.160740314329736
15.468730649226098
37.03458816666975
2.5830578318361703
0
.005845845729982505
0
2.0925380561884563
.6099428437524747
.019693058906739676
4.3193987211926155
3.729569496906323
.18990520294799992
.0027863425952915333
34.5122631369153
34.51295220385473
31325123211475165e-22
.7054671538798614
0
0
3.2138321864841233
2.865692790214174
.5936585603730042
2.748913225617754
6.102808589025424
.0005199809456362193
6.4840518165331735
0
3.9972204867148395
3.8627238680757836
3.927024405472468
0
.23974087906927274
.4835319413198817
9.8892991946376
.32499923146227927
18.390912579653378
8.827157415908248
0
3.11479229722517
3.113540623213838
12.875315945391229
.7060347204671187
7.500904655537781
38.34917893588757
1.8130045150958505
17.920717196890937
30.650095083931145
36.41142274545834
4.714916089693022
1.2966123120111717
1.8158547407673018
5.251253506199386
13.653743775549598
10.529480899924211
.4164120389423476
.5212687305399434
1.4591594329970294
0
0
.0010195694870627008
.032646150856899224
5.831555964329178
0
0
1.0190877567466357
.03932654965799797
0
.0003803098988386717
.024008801132972532
.4195951405029093
.13803202358691033
2.815756574937875
.3816599966173382
.13460524462330756
4.307638851848473
.5686574064361954
0
0
0
6.17357586832197
.2268642433099141
.0020499818093613117
0
.00018543917072497766
2.1644977419970934
0
0
0
0
.0034604244241786064
0
.026107470458006127
0
.00032844396309487776
.051127577824826034
.6758669871274046
.8992814316988555
0
0
0
0
0
0
.2341616333263218
0
4.287401003317886
0
0
.013190202998121086
0
.9043572091333237
.23649489759062786
5.509564553614784
0
35.35704131088966
0
0
6.336990797214399
5599.0759353785015
222.94628650548452
291.145046215893
0
121.14815574693795
.15343483840040173
0
.11768536006438352
.39029816970628417
.00915094513824895
0
48.03002734613281
0
0
0
.3486975164488585
0
0
.005714987532314327
.21840053205780188
.5762921089894908
.8944051434852051
.36259705782954127
.005746759834676758
.002013628981295128
.0044053920987139035
.007365795568725979
.0076221667300199625
.002918802969339757
.01671855883452355
.25443435911132367
.0014223558595237765
.008433345936558728
.4334537025285321
.010682753347784171
.004051904455485054
.046882775411767844
.0038425587291766117
.008994396219925102
.0340289768288938
.06882149926268638
.03759975163614962
.01683628914430369
.12237743979778548
.02094507344860908
.045331944243901655
.0007317103706429588
.0015626290709359629
.009993405533355171
.003572928440927675
.49120884052276237
.6975921348694407
.005924698288005227
.0497604369427301
.014772930774082735
.0004951192187862106
.012281021365352968
.00029927682885920226
.052534777432730814
.03892215609492754
.09572150314922054
.012261551576076186
.011150933147996119
.0016679978375702016
3853549273903505e-21
.016483619107704305
.04002464355329101
.7633925490875604
.8944051434852051
.019634429251827772
.039932225675508616
.01387094634602042
.025248920127087706
.0033742533607981112
.37805066742322274
.05717291403888272
.06839929551240495
.3931213476782602
.000697311939722558
.8944051434852051
.01910293202195681
.0008976858529042749
.024714257380647295
.025514136165089712
.009754815427429552
.1065880184312016
.3036881231578594
.007268993267583338
.022169921790881293
.5243921584418995
.12782061190761673
.0137709365550258
.07264866623528904
.00026797208889441034
.02212210656481624
.21045131055559363
.0001301286127053708
.0127886625372635
.029782650645552723
.00038758997532849454
.003449699601158902
.007435709534629083
.00617682127160882
.02158922853365671
.09269484256926862
.023486993496578068
.8193669448461535
.0069413579450418195
.006863111527830496
.03176203564251717
.00023014661709403413
.011728712466348453
.07345985832103594
.46627642292802607
.4260281938813159
.06450365404107335
.041454883727403906
.06360925902623567
.81409727544074
.5129063484567258
.01022574772985422
.00839120552464385
.7355212343832589
.032791609373115774
.24298977369299013
.004341765376133458
.006196955252023256
.11800171436322687
.20732359449702747
.544740199630478
.000550772893444546
.026027494541433764
.23262438556153817
.2667121269119742
.12940745225054467
.8331858344518598
.18205794979835033
.029145620347091384
.008632339677510741
.6643693050533606
.8944051434852051
.3283223641393198
.03961775582036903
.0069629135236074285
.014211167888713619
.012592405875952511
.8305432539996219
.08134693270272132
.0018905896688686862
.0029719726528730007
.014658304319768107
.05437014363834469
.007561476704708963
.5610132824454012
.0026808515111165178
.8944051434852051
.8944051434852051
.8944051434852051
.00517335920216153
.049377233917218724
.13700786082848737
.07844159969965593
.014486081373061828
.01769928378919725
.02138092322379136
.0006894872374672374
.00032827879360296426
.05636592619677615
.510549009974862
.8944051434852051
.8944051434852051
.8944051434852051
.025132139411960144
.0005415866152215296
.4294586528180034
.2646574591222628
.005251054635493409
.015275068621913857
.8944051434852051
.0382074367533024
.17811721032984423
