.11574631005733707
38.44398658854601
1.126157563195739
.08538597982806333
.010437238273528797
1.9298696201995251
5.02656336395049
5.979801840833969
0
.24105581681297497
.16806776784774383
0
16.96590584877516
47.282443323993505
6.641833300293223
0
5.621845406491383
0
0
0
.015952753893855174
0
0
0
28729936783559976e-110
2.29436695807911
39.213777905942585
46.62113092975527
15.414700949112559
35.937198568708276
2.4915029407341387
0
.005384880574329626
0
2.092835706835694
.5629191769182005
.0183101939566919
3.9949525223959097
3.4507291066608565
.16948208355479277
.0027566754553961905
33.514457054939875
33.51524786495569
30993956255621584e-22
.6223535602498252
0
0
3.2007867125162885
2.795303425932277
.5966363616450914
2.2486814179703054
6.082337356837115
.0005289371014181864
6.4647959652381255
0
3.9579454400695377
3.825137595436897
3.8388922218105686
0
.23696893884807432
.46744522393998866
9.79756915247984
.32462913778805647
18.3377471448877
8.86556847780204
0
3.0746912364982975
3.059336201399619
12.897888542062493
.7024862918966959
7.505319048633752
38.345663124845
1.841796561130287
17.559652257942183
30.667276975154063
36.59672112627929
4.534486420945076
1.2974770625938243
1.814237116210265
5.253639872742309
13.747542638138901
10.571769488300928
.39022491540630233
.5223896627071418
1.3515711183471035
0
0
.0009960254260161924
.0327037047289307
5.83459378308995
0
0
.9896744148611877
.0392038958783252
0
.00038380434940363934
.024054738403194904
.4187016799862708
.13873522553543768
2.8226095831656846
.3828687380264243
.13278749742618703
4.320276811740475
.5719677642224739
0
0
0
6.193642650278753
.22696362717877375
.0020307262547548154
0
.00018545679162973753
1.4372584225557112
0
0
0
0
.003554280901859335
0
.02597561368719729
0
.00032184163666733285
.04949160069136608
.6419239476601313
.8778874403716652
0
0
0
0
0
0
.23407443057485475
0
4.075207747265608
0
0
.012932523934703722
0
.9004043851493367
.23572034150459334
5.475961376704355
0
35.34971215522655
0
0
6.2110284451165985
5598.663882496982
222.92645829660233
291.1442130992448
0
121.11964104209216
.1531062018035724
0
.11719140111184981
.3882050575702786
.009143345309887157
0
48.01557400404576
0
0
0
.34674680071590924
0
0
.005714851907249845
.21819767236216503
.5748174584309511
.8907011446662073
.36202836690274764
.005746622696935617
.0020136121509863455
.004405311520774079
.007365570234407295
.007621925430131359
.002918767603350206
.016717396765958518
.2541578878330249
.001422347462573614
.008433050517359804
.43263407518597213
.010682279201328596
.004051836292502524
.046873606754793525
.0038424974290665087
.008994060165472847
.03402415335517534
.06880169382071483
.03759386044249255
.016835110636534967
.1223144395723538
.020943248713894854
.04532337360383258
.0007317081486094405
.0015626189359414803
.00999299063638377
.0035728754433490754
.49014877790837647
.6953975346691976
.005924552523477804
.04975010490847677
.014772023633631323
.0004951182014125284
.012280394619749379
.0002992764571547176
.05252325763783699
.03891584229859054
.09568307417579626
.012260926817462872
.011150416504634435
.0016679862895456758
3853549212278155e-21
.01648248949907247
.040017966195606665
.7607415809508766
.8907011446662073
.01963282596989804
.0399255791864675
.013870146676852565
.025246267187575472
.0033742060943125316
.37743132641846333
.057159263337707246
.06837973324721157
.3924504315196688
.0006973099217058783
.8907011446662073
.019101414454498773
.0008976825084224292
.024711715756734795
.02551142712048477
.009754420115444862
.10654031107215294
.3032919784552985
.007268773819425633
.02216787712277694
.5231790624297435
.12775184056108954
.013770148384207705
.0726265873809571
.0002679717908855008
.022120070717636678
.21026312147354786
.0001301285424322618
.012787982869313774
.029778957593711686
.00038758935187956046
.003449650196934886
.007435479900634038
.006176662832843512
.02158728969803041
.09265881758140102
.02348469833998241
.8162900210047497
.0069411578406235455
.006862915911015885
.03175783447336903
.00023014639727893694
.011728140860504171
.07343728161173524
.46532416192233744
.4252371210128387
.06448626416727789
.041447719493588234
.0635923497387224
.8110619577793512
.5117474648205381
.010225313305197296
.00839091305176922
.7330693527497831
.03278713091723026
.24273794923986775
.004341687109492542
.006196795778327687
.11794316770330415
.2071410231900967
.543427809223435
.0005507716344939328
.026024675225764467
.2323938640166819
.26640789527877395
.12933695015370253
.8299983036216513
.18191757223774419
.029142083837699527
.008632030145612717
.6623873181506105
.8907011446662073
.3278579978383507
.03961121382986428
.006962712173981456
.014210328479094482
.012591746922707248
.827377043000881
.08131922346443617
.0018905748326958711
.0029719359864618586
.014657411213359858
.05435780235657091
.007561239233710665
.5596184707810279
.0026808216771876687
.8907011446662073
.8907011446662073
.8907011446662073
.005173248072790295
.049367060835092645
.13692876618688873
.0784158427516347
.014485209146394928
.017697981245532842
.021379021665266115
.0006894852644874331
.00032827834636501115
.05635265931921659
.5094010897155175
.8907011446662073
.8907011446662073
.8907011446662073
.025129510990131113
.000541585397917707
.42865445450645423
.264357968533311
.0052509401421168955
.015274098711745674
.8907011446662073
.03820135318618631
.1779829045097099
