.11885873324412077
38.47908611614247
1.128304135388112
.08505981419930095
.010398202688197862
1.9273855476251531
5.053668146184634
5.959854246172026
0
.24001301006104225
.16798605904550534
0
16.96972712599455
46.99057694317758
6.605252406639227
0
5.540904027640053
0
0
0
.015950667134766665
0
0
0
1289765372128018e-109
2.2698356702835314
39.21121707661145
46.19812372788943
15.334599733057948
35.131717716082065
2.4316805122976692
0
.005064576269729411
0
2.092152445219855
.5300416260171991
.017356068277093753
3.7690615762920854
3.2567369570179205
.15551858212356412
.002734796591599725
32.76279032368864
32.763462100242535
31008902055642643e-22
.5664619014246961
0
0
3.15521149502608
2.761159570974269
.5984241209327347
2.1232304913891435
6.06690473328264
.0005099820111782208
6.4486711736814355
0
3.947176187218015
3.8160572344276744
3.7414779277854247
0
.23656898175321758
.4638564571863808
9.752318145796092
.32469032383082935
18.317440259767082
8.890895719918115
0
3.0549309174727313
3.043481967120673
12.913185938519526
.7051207653435617
7.507666585070548
38.34302165682046
1.7839086146532
17.313409038450505
30.68017153811522
36.645466329518506
4.479834688318334
1.2981260952219231
1.813023420014482
5.255196634469166
13.808820870645729
10.602638548501455
.37158177096112405
.5232725396227857
1.2768387273545239
0
0
.0009872825730365795
.032740596716468916
5.835146521753334
0
0
.9699437946724548
.039132157232999704
0
.0003860873934219418
.024079574822457678
.4180322929451541
.13925713319282718
2.8273333437713926
.3820971341032974
.13209992737590068
4.3277481577992
.5741464023843945
0
0
0
6.206047121347329
.22703157227945098
.0020316699911504172
0
.00018537154825684266
1.3187279115212258
0
0
0
0
.003584043411785891
0
.025944575622468907
0
.00031934113886670004
.048656749859457685
.6282763820139515
.8687186939680951
0
0
0
0
0
0
.2340098685615292
0
3.8599348460215324
0
0
.012846281888840306
0
.8974510834556934
.23514109561386978
5.450091930842194
0
35.34421590200629
0
0
6.125200085922252
5598.354862736232
222.91158829722283
291.143588263323
0
121.09825941797988
.15285849987160918
0
.11682227299531632
.3866424295061744
.009137673491628534
0
48.00272380186202
0
0
0
.34528976993330174
0
0
.005714750190563683
.21804565125372494
.5737139473497792
.8879332154889795
.36160243410995335
.0057465198457774
.002013599528347074
.004405251088286413
.007365401238192102
.007621744460228006
.002918741079139256
.016716525267542148
.2539507315407142
.0014223411648935237
.008432828959751835
.43202037192962967
.010681923605297518
.004051785171018128
.046866731438786564
.0038424514546256906
.00899380813287348
.03402053619857546
.06878684347969326
.037589442653004186
.016834226809844952
.12226721068813984
.020941880267184586
.04531694668718487
.00073170648208873
.0015626113347387567
.009992679474959371
.0035728356956810166
.48935523251324664
.6937561165463785
.005924443202435701
.049742357290662495
.014771343314848367
.0004951174383836386
.012279924581537016
.00029927617837665704
.05251461944941973
.03891110762347732
.09565426257065512
.012260458269393454
.011150029037821916
.001667977628579749
38535491660591435e-22
.01648164234339994
.04001295890841038
.7587593978986978
.8879332154889795
.019631623594366692
.039920595045686305
.013869546955230896
.025244277665871326
.003374170644882856
.37696748660978635
.057149027450760455
.06836506522000922
.39194799592149165
.0006973084081972012
.8879332154889795
.019100276358021945
.000897680000069222
.024709809710333566
.025509395525797424
.009754123641969464
.10650454456640719
.3029952090819849
.00726860923765506
.02216634374545122
.5222710824105614
.12770028633422853
.013769557285698012
.0726100326437866
.0002679715673790361
.022118543955204267
.21012209010519284
.00013012848972745496
.012787473142056464
.029776188105356368
.00038758888429351804
.0034496131442311936
.0074353076797916895
.006176544006436563
.021585835685576787
.09263180802880734
.023482977119722876
.8139899132080693
.00694100776609548
.006862769202063918
.03175468396118303
.00023014623241775185
.011727712174402554
.07342035363332572
.4646112426416051
.42464478048169935
.06447322483864874
.04144234713075641
.06357967072300051
.8087928986364249
.5108800207643028
.010224987498816293
.008390693703803116
.7312358068227621
.032783772476707586
.242549252183174
.00434162841043774
.006196676175749219
.11789927677188698
.20700420022570287
.5424455917771597
.0005507706902828614
.0260225609394266
.2322211227826725
.26617994931341876
.12928409878880545
.827615660747676
.18181236010401977
.029139431737266904
.008631798003972914
.6609047092034886
.8879332154889795
.3275101541763197
.03960630804591881
.006962561165583013
.014209698954418034
.012591252730402628
.8250103083944421
.08129844772998528
.0018905637056426641
.0029719084869503686
.014656741419264029
.054348548233630306
.007561061135356179
.5585746382690981
.002680799301958912
.8879332154889795
.8879332154889795
.8879332154889795
.005173164727328458
.04935943239898074
.1368694751723851
.07839653059100957
.014484555010859834
.017697004400691812
.021377595607357483
.000689483784756285
.0003282780109369461
.05634271121031432
.5085418436120334
.8879332154889795
.8879332154889795
.8879332154889795
.025127539854158193
.0005415844849416355
.42805229419405316
.26413357302115814
.005250854273722776
.015273371319535366
.8879332154889795
.03819679114653691
.17788224160767838
