.14872534811777807
38.682872059610666
1.1302977409057062
.08196759723589177
.010029995492407616
1.9039560162853406
5.268964243890559
5.853632677821089
0
.22999915129317777
.1671703025354024
0
16.995014898217594
43.71244821368353
6.819649117001342
0
5.037956261874872
0
0
0
.015930656564297523
0
0
0
52151997770869437e-114
2.260037878061999
39.13528679154166
48.76404345194142
15.005643293381334
33.51135733282157
2.342458539562271
0
.002854136597326087
0
2.072934888228851
.3010092179725605
.010641860147260113
2.1928564078610653
1.902690997133534
.06667888866504727
.0025401147629282557
31.16466142912532
31.16461507524541
34480048205140346e-22
.2290381167782465
0
0
2.472577019006384
2.6075764922650015
.6075850896587776
1.9275472471365944
5.919159978820851
.0005114361051801773
6.292497851530731
0
4.040030371171808
3.9083344097607173
2.7172934918166076
0
.2501786478609733
.5075520835180576
9.810274812591107
.330313769183143
18.512665740826527
9.033700027829545
0
3.0775519791626853
3.1501099320016133
12.9835884256086
.7771645068012745
7.518912713686697
38.31753129477919
1.8005903749331187
15.819552513616994
30.801913811392414
36.81135363810223
4.694628336611827
1.304255491895431
1.8013708006804205
5.2636026665301365
14.129060794556285
10.862825338564232
.23312009023951077
.5330346668618475
.7561253438941399
0
0
.0010091254120407713
.032916482519867105
5.798407560607708
0
0
.8562333891889881
.038924478336049104
0
.00039782548940466716
.024065643784361677
.41164871127166613
.14403695106543807
2.8525832314171695
.3737190866027784
.13174937764247924
4.336850116953682
.5848213726759144
0
0
0
6.248861019872753
.22746621947672788
.002189193085618649
0
.00019142078016509388
1.2940193908050999
0
0
0
0
.00348820750503601
0
.026320649937498962
0
.0003178569177039492
.04431928934939958
.5905134966652533
.8469069378383269
0
0
0
0
0
0
.23342814233508954
0
0
0
0
.01312394348448886
0
.8695985735388543
.22963119494648598
5.205224613438215
0
35.29150569719194
0
0
5.607224079011016
5595.390395767406
222.7689471459254
291.13759244574703
0
120.89327451129861
.15045533826738558
0
.11333784897236505
.371958118636603
.009078700170927649
0
47.82277482648439
0
0
0
.3315752757622752
0
0
.00571377421575016
.21659224024591822
.5632318360496722
.861805767455238
.3575406007332062
.005745532986186381
.0020134784063263952
.004404671224124558
.007363779758376645
.007620008102981014
.002918486566752374
.016708164733572655
.25197143691696505
.0014222807341736409
.00843070320294752
.4261753932311838
.01067851193014282
.0040512946452960505
.04680080759114217
.0038420103147808206
.008991390003106134
.03398584573790491
.06864450340738529
.037547076210333485
.016825748023735345
.1218149314117346
.020928753284549004
.045255320716991926
.0007316904904549885
.0015625383959608017
.009989694082259812
.00357245430206684
.4818054342399314
.678200817325245
.005923394267218843
.04966807295503112
.014764816611756739
.0004951101164667413
.012275415039297981
.0002992735032533273
.05243180013441747
.03886570325749081
.09537822891932767
.012255963022124918
.011146311615375137
.0016678945207880503
3853548722544479e-21
.016473515304746444
.03996494114037686
.7399991159811771
.861805767455238
.019620089418252277
.03987279916851066
.0138637933828456
.0252251943110893
.0033738304933446277
.3725453872698699
.05705089767129976
.0682244716264327
.387159238097028
.0006972938848312397
.861805767455238
.01908935870343421
.000897655930427765
.024691526882818914
.02548990869556404
.009751279159429686
.10616194129595986
.3001621507203874
.007267030110895715
.022151634945383695
.5136378790972179
.12720663172058772
.013763886431813421
.07245136615680706
.00026796942263469884
.022103898596371428
.20877356195039803
.000130127983976567
.012782582864537342
.02974962536223862
.00038758439739628245
.0034492576090764545
.007433655262328418
.006175403872006103
.021571888052538513
.09237302600880963
.023466466811622965
.7922450738747104
.006939567825422418
.006861361551726851
.031724467731604415
.0002301446504263127
.011723599326374073
.07325811207511515
.4578254007732597
.419002499176505
.06434823423482214
.04139082966760547
.06345813213912938
.787339304407241
.5026304730905453
.010221861609228684
.008388589146165297
.7138727036561356
.032751562579145854
.24074596807829057
.004341065178386996
.006195528594366847
.1174789316753207
.2056958416889259
.5331100845989972
.0005507616297757873
.026002281112724655
.2305700227669273
.2640024855360468
.12877803712930466
.8050968528775139
.1808058395676298
.029113994617379388
.008629570704930353
.6468453195428899
.861805767455238
.32419097360473254
.03955926333274642
.006961112265091437
.014203659493306375
.012586511478437914
.8026406532404011
.08109935475276746
.0018904569344773672
.002971644616323632
.0146503156735768
.05425982631461311
.007559352328130516
.5486565450378352
.0026805846001814707
.861805767455238
.861805767455238
.861805767455238
.005172365017841216
.04928629031297448
.13630182595967777
.07821145395489737
.014478279469473693
.0176876334004106
.021363916081440067
.0006894695855117828
.0003282747922080001
.05624733902697226
.5003699014794422
.861805767455238
.861805767455238
.861805767455238
.02510863281742995
.0005415757241595844
.42231683398399705
.2619899479557762
.005250030357460991
.01526639307100223
.861805767455238
.03815304179205701
.17691917651067546
