.36423679919147983
38.583784110260986
.9735736633092145
.06142627422046935
.007696556808214981
1.7378876791670153
6.40791235548375
6.572921159294733
0
.15877291298890878
.15899097045392677
0
17.0143260550961
41.27507184674716
7.062290466978664
0
4.251963010691526
0
0
0
.015787004865857854
0
0
0
6096206333350111e-141
1.811408325778799
38.592818385935836
49.06134331288299
15.018362213995456
33.96178948904408
2.372587920155053
0
7956902796697254e-20
0
1.9561664998928434
.010230489896134405
.0006378971487307619
.07418226012167195
.06475928170970256
.00013976464692961254
.002849584532557736
31.587485238500545
31.587464557558775
39340070504811485e-22
.0003396470427453913
0
0
1.1459957815982607
1.761262677130657
.5938802289765521
1.3691019728417508
4.919682349136717
.00046605020649034443
5.328777753544626
0
4.153885845411609
4.041544864703755
1.1462108694809858
0
.28351843275618166
.5568135862569044
9.546420447446458
.2774399438407647
18.486961579001264
9.217829210176562
0
2.9484448023658723
3.243043088620897
13.2089140315518
.9450892176845048
7.567235073519287
38.13133242593739
1.718735100836869
14.01901527088516
31.60764371953673
38.44975834184788
4.453800253134501
1.3449734235774304
1.7195641909262118
5.271187651957624
14.177959851876683
11.717279226357249
.012739266839226868
.6040932267749952
.008301027467493385
0
0
.0012837078985327788
.03274202959078852
5.397208858151917
0
0
.7462789122519166
.04477488435808936
0
.000394878165016847
.02256357155869185
.3668089295291374
.16900874309159733
2.9610996754905585
.4094770831238694
.11233316947226016
4.0243960078157555
.5757254127959962
0
0
0
5.9424196645148095
.22698378806581854
.0026075614844967322
0
.00021267270976409194
.9814940464446472
0
0
0
0
.0035036521821856068
0
.02582174848818638
0
.00025602176146825834
.02390886348426422
.28331623975289116
.6246021405364972
0
0
0
0
0
0
.22971914438105054
0
.08034561959334317
0
0
.012254450083414303
0
.6926481483354191
.19275720253151993
3.6358921495276686
0
34.91307713100669
0
0
5.040441472336599
5574.045881212939
221.74237945412656
291.09433149899047
0
119.42439403371277
.1338689004887275
0
.09105653821828891
.2812461741013368
.008686087540563797
0
46.868357379411854
0
0
0
.2485149709429295
0
0
.005706736717832029
.20638795509105945
.4930620189084411
.6947266647985243
.3295526500059731
.005738417028767448
.0020126046302625317
.004400489303505377
.007352090064318843
.0076074906202150345
.002916650714585498
.01664796062755927
.23813921048805536
.0014218447544225435
.008415380047512952
.38627869122210423
.010653926250091298
.0040477568707527264
.046327855128545946
.0038388286397769856
.008973960528832139
.03373657271440317
.0676260996890326
.03724278063987288
.01676469327021316
.11860058891568143
.020834275220474405
.044813117306807815
.0007315751084202962
.001562012185402777
.009968178513894792
.003569703449441091
.4306720768121835
.5758288360431753
.005915830865825347
.049135330367522115
.014717806645789196
.0004950572862050557
.012242924145196147
.00029925420081332316
.05183805165674088
.03853964120233546
.09340989680006112
.01222357504460245
.01111952415934375
.0016672949545059159
38535455222338906e-22
.01641499090341668
.03962015847627412
.6176958514838504
.6947266647985243
.019537061765123976
.0395296058289709
.013822347456111663
.02508791962703955
.0033713770448837283
.34213725512412785
.05634778986057244
.06721851067285528
.3542956087597051
.000697189096126384
.6947266647985243
.019010763876905472
.0008974822678934076
.024560002062674047
.0253497362246116
.009730778521948607
.1037222363145523
.2804895454835892
.007255645616272094
.02204578813290276
.45543074604669487
.12370063550921455
.013723035866203957
.07131669175802009
.00026795394710224567
.021998507695970334
.19929601113236983
.00013012433463873444
.012747351002628634
.029558655078723396
.00038755202239312906
.003446693225263265
.007421742632585314
.006167183128577025
.021471511535084534
.09052701321898302
.023347675349022247
.6516367262453735
.006929186355649777
.006851212786451783
.0315072841226249
.00023013323541844712
.011693964569893365
.07209798832427639
.4117107067872124
.38045103313255946
.06345348110764505
.04102098351051666
.06258799384359416
.6485069455408788
.4469226625597797
.010199334130596715
.008373418722746995
.6002219239011228
.03252007861251328
.22812517626377599
.00433700317510452
.006187254176434422
.11448990255800762
.19649692735375499
.4703432698240158
.0005506962554076092
.025856413700884703
.21899891597665624
.24880948907809847
.12518464204877633
.6597794062604225
.17370627810060388
.028931102518467693
.008613515992201113
.5538809013792331
.6947266647985243
.3012168804705432
.03922145051457861
.00695066622581689
.014160155984606466
.012552352442291557
.6582295263246419
.07967711919999422
.001889686674066482
.002969741273598582
.014604032222021847
.053623905573941345
.007547033362930328
.4821220326469775
.002679035865199706
.6947266647985243
.6947266647985243
.6947266647985243
.0051665981392640635
.04876171466040272
.13227497191796547
.07688886644710304
.014433076953776481
.01762016108447806
.021265466516092246
.0006893671353033485
.0003282515674465106
.05556392120619721
.44516839476016334
.6947266647985243
.6947266647985243
.6947266647985243
.024972624505932826
.0005415125123291411
.3831467142224919
.24702908053498035
.0052440889752745105
.015216133858418038
.6947266647985243
.03783883710244028
.17012272695212965
