.39861788230118633
38.49602139790885
.941113545450103
.05836513056419517
.00737377019657222
1.7119736333015467
6.549678690618303
6.700636735646494
0
.14780552932435675
.15716625868728615
0
17.01000777876068
41.33529360046286
7.071869441265191
0
4.197592213283864
0
0
0
.015764207631268286
0
0
0
4422734041201093e-146
1.7359100578545594
38.4985586418114
48.92097438214057
15.019980909296624
34.03230624927041
2.376969317038683
0
526812812441959e-19
0
1.9401269703004915
.006938784050571289
.00048218588397583236
.05020063913378362
.04372673839419119
691012527710865e-19
.0029314754018439667
31.655015286467968
31.65500977873076
3899620654598197e-21
.00011902698352896389
0
0
1.166928860994634
1.77630753869717
.5902237480425783
1.3605698035627105
4.7738173356199916
.0004592182458887693
5.188143945422704
0
4.1569318380616025
4.04792378565858
1.1649151811822156
0
.28592179061311074
.5567734070229192
9.490652836577972
.26754482677878827
18.449542900873148
9.22629151532951
0
2.9224729220090104
3.241748709583437
13.22435802792373
.9561324252680525
7.572425683615606
38.10158995011779
1.7060336295838645
13.957841488456912
31.722827303349707
38.55307222514747
4.413404974432553
1.350808551269358
1.7068629246551417
5.271191119609129
14.137729526696933
11.778845004372453
.009474569275082117
.6126413893677085
.003102210139225142
0
0
.0013298176633756032
.03268363527792113
5.338493319565899
0
0
.7453835986646755
.04572845425212345
0
.00039255816464190747
.022260617915819216
.35989903660690564
.17182430112152894
2.973051457397763
.41474378945212054
.10909582552305438
3.9612537352492927
.5725047620242608
0
0
0
5.882723428673893
.22677080117024437
.0026443274529312204
0
.00021395120635401784
1.0024029675895796
0
0
0
0
.003502731250105177
0
.025650037339214553
0
.00025699535937518124
.023538061207991803
.2730146263226371
.6206775001931172
0
0
0
0
0
0
.2291388763796816
0
1.1651660301229294
0
0
.012058072740932332
0
.667964151729689
.18732195819487493
3.422736564313097
0
34.8530157887368
0
0
5.027682368244629
5570.6482761108555
221.57904664275262
291.08743056607693
0
119.19171621030623
.13139080524256883
0
.08792678561983772
.26900022777843474
.008623759748696572
0
46.70682714485464
0
0
0
.2379723438910146
0
0
.005705614810096114
.20480510544798988
.4827061814940798
.6712471478682931
.32529491047227926
.005737282617641411
.002012465269648174
.004399822518534345
.007350226895184649
.007605495577493475
.0029163579433088183
.01663837619996889
.23600386094771628
.0014217752138397037
.008412938083284765
.3802687946504211
.010650009273651243
.004047192766502012
.04625284715422949
.0038383213029283187
.008971183087676375
.03369697501578818
.06746503448426816
.037194464218811445
.0167549735640612
.1180957003644464
.020819242395211577
.04474297223213245
.0007315567029174324
.0015619282541027082
.009964750369853453
.003569264794970505
.42303226848958364
.5609914563846813
.0059146251509582
.049050870718311636
.014710320883962371
.0004950488585821197
.01223774875122265
.0002992511215617361
.051743953342338896
.03848787730973719
.09309966283673836
.012218416031366391
.01111525664755567
.0016671993241275688
3853545011680549e-21
.01640567360830892
.03956543021413921
.6001479389405515
.6712471478682931
.019523848690929803
.03947512920902612
.01381574695290517
.025066089052797412
.0033709858051403857
.33752118892535465
.05623642555152271
.06705940480661103
.34931719320995835
.0006971723803776681
.6712471478682931
.018998255410852222
.0008974545661807183
.024539084473888625
.025327445563393298
.009727511992456746
.10333824350166285
.27747263678186
.007253831069551186
.022028948966908313
.44677536038143817
.12315032251088517
.013716530096114751
.07113732517232674
.0002679514783343459
.021981740960278866
.19782434471696625
.00013012375246016956
.012741739363768146
.029528302698346935
.00038754685777768667
.0034462842990457287
.007419843947325894
.006165872665289524
.021455541473016745
.09023594557946077
.023328779946897096
.6316384827101956
.006927531610742998
.006849595117423243
.03147277405928943
.00023013141440593747
.011689243796242584
.07191461770384659
.4047962497522384
.37463772589695554
.06331189413149682
.04096228745356832
.062450286310419004
.62874485989168
.43862521782384983
.010195744860135993
.00837100108579583
.5838450906343088
.03248330101993512
.22617386580357507
.004336355505159565
.006185935160253164
.11402013997049087
.19506793779793244
.46103728811218564
.0005506858267881882
.025833218910092055
.21720743057472808
.24646792049913913
.12462072621863252
.6391565874986429
.17259974025601443
.028902031735097235
.008610957507594556
.5403391600290621
.6712471478682931
.29770544058826715
.03916782584052577
.006949001193405573
.014153228095146594
.012546911546465955
.637726733814165
.07945254471108217
.0018895638215192718
.0029694377413289888
.014596662042773849
.05352314715055835
.007545069945121385
.4722807579593609
.0026787888743925754
.6712471478682931
.6712471478682931
.6712471478682931
.005165678729520713
.0486785457435162
.13164365364681854
.07667994923657737
.014425878747343187
.017609420887774275
.021249802625230237
.0006893507925723547
.00032824786249395065
.055455664494067344
.43694357697646474
.6712471478682931
.6712471478682931
.6712471478682931
.024950995003271317
.000541502428669479
.3772429581317573
.24472265318479278
.005243141753740534
.0152081311978517
.6712471478682931
.037788951124007916
.16906288544456907
