.401840740635971
38.487776302666305
.9379753361430907
.058080003114880235
.00734416982718529
1.7095548056597838
6.563142073071723
6.712854559647035
0
.14678606885355572
.1569853413991485
0
17.009560284431377
41.33843499467091
7.058749784689177
0
4.192771606733371
0
0
0
.01576207232023393
0
0
0
14198790270708504e-147
1.7253857738614276
38.48982248539247
48.764162389712155
15.018212350029879
33.98026782994502
2.372115375791756
0
5095612178949301e-20
0
1.938578720879449
.0067301495489976455
.0004715604148730504
.04865151346846892
.04239538928211132
65282943971728e-18
.002939166043637982
31.61173348971856
31.611774855651287
38879249245796465e-22
.00010829021123945974
0
0
1.1711642262560953
1.775060302643686
.5898936640666538
1.358188806521024
4.760347303224458
.0004586055796880081
5.1753666196540244
0
4.15252755829148
4.043833098257512
1.1706370685822414
0
.2856390987956776
.5548064075886808
9.477708220363184
.26646888831527965
18.438362699526863
9.226962824887835
0
2.9168155007292
3.2353103431719417
13.22595971082727
.9552626411884567
7.572941133956888
38.09880261926527
1.7048488802792432
13.953077640709873
31.733456039610935
38.55668969903051
4.3951206512123475
1.351347164846545
1.7056779199632948
5.271184464168178
14.133755630891747
11.784094029673545
.009252013744470112
.613406147763256
.002819894067883097
0
0
.0013314466201486861
.032678019597888644
5.3329862973563
0
0
.7453698636617822
.04581470685066406
0
.0003923334342082224
.02223144848095252
.359255093407598
.17207531817369168
2.9742133156799757
.4153703112115302
.10866986528672869
3.9551935350625227
.5721956509925595
0
0
0
5.8771050450481965
.22675058132156126
.0026423469391842675
0
.00021383587202541125
1.0025821133896555
0
0
0
0
.003509345167695712
0
.025617694525149157
0
.0002566195389518204
.023462538190478954
.2711714420739534
.6192018433194388
0
0
0
0
0
0
.22908449708615963
0
.33133326955794806
0
0
.012015971204393721
0
.6656960332859051
.18681881504760678
3.403342688476506
0
34.847389948827455
0
0
5.026766063406189
5570.329893203839
221.5637421097058
291.086783685909
0
119.16992840919933
.13116084585141882
0
.0876389205533299
.2678806803930785
.00861788541836754
0
46.69215871568038
0
0
0
.237021458130484
0
0
.0057055096545682955
.20465735399356594
.4817466540916544
.669087295721331
.3248986239970923
.005737176290244291
.0020124522065777645
.004399760019763891
.007350052267238592
.00760530859042711
.002916330500643661
.01663747804544007
.23580467901739596
.0014217686953291683
.008412709211619348
.3797102472529061
.010649642172891358
.0040471398918000365
.04624582218854425
.003838273748969414
.008970922776384107
.03369326553902585
.06744995602545514
.037189938286357305
.016754062734633087
.11804848279364419
.020817833785002477
.04473640251379507
.0007315549776223923
.001561920386673389
.0099644290785075
.0035692236785750315
.42232310324845623
.5596203640657822
.0059145121407002165
.049042960976943654
.014709619369170007
.0004950480685900803
.012237263725630254
.0002992508329165016
.05173514139421958
.03848302856473704
.0930706345973606
.012217932540760193
.011114856697997787
.0016671903600849443
38535449638216425e-22
.016404800482832705
.039560303902663366
.5985287877493756
.669087295721331
.019522610564917452
.03947002645953564
.01381512838801779
.025064043644317534
.00337094913293201
.3370916878861201
.05622599762985384
.06704450965527892
.34885412149059036
.0006971708134757898
.669087295721331
.018997083298108324
.00089745196948566
.024537124587465896
.02532535705769068
.009727205846517987
.10330232124470541
.2771915027966348
.00725366099849388
.022027371134946405
.44597249201894296
.12309886223263788
.013715920407973148
.07112053461928143
.00026795124691496075
.02198016991362584
.1976869500888789
.00013012369788729749
.012741213459378353
.02952545908598435
.00038754637365382805
.0034462459690794457
.007419665990819214
.006165749837666485
.02145404505978147
.09020870912715168
.023327009489425572
.6297956193831853
.006927376516388539
.006849443497857972
.03146954104877898
.0002301312437062556
.0116888013719767
.07189745259831615
.4041540768138595
.37409736535799737
.06329863807533256
.040956789634138735
.0624373932463953
.6269235358075596
.4378553629226895
.010195408469227675
.008370774494010308
.5823330354252029
.03247985564739549
.22599180919362494
.004336294797996909
.006185811531027974
.1139762036902714
.1949345192361771
.46017444770279076
.0005506848492269273
.025831045713791346
.21704025112774564
.2462495564199935
.12456799554803341
.6372567806371712
.172496376226483
.028899308158402352
.008610717716023926
.539086865836706
.669087295721331
.29737838657690624
.039162802861654675
.006948845134897036
.014152578853485972
.012546401641666387
.6358378674589367
.07943152573386483
.0018895523058181111
.002969409290019829
.014595971358102729
.05351371183827768
.007544885921916349
.4713686059393074
.002678765722816922
.669087295721331
.669087295721331
.669087295721331
.0051655925530914495
.0486707568239234
.1315846290062778
.07666039460925168
.014425204176640286
.017608414445016585
.021248334894813287
.0006893492606362088
.00032824751519647033
.055445527405462
.4361804221914008
.669087295721331
.669087295721331
.669087295721331
.024948968429651594
.0005415014834440032
.3766942294335217
.24450755736742558
.005243052970637327
.015207381249922493
.669087295721331
.03778427822064288
.16896387576632538
