.41726425841769815
38.445428245349426
.9227715255362284
.05671900159674627
.0072040512519215925
1.6980034085495421
6.623260951340093
6.767296840253622
0
.1419292156525062
.15609443812697765
0
17.007327468942744
41.33520577538368
7.10299492527531
0
4.169084177949634
0
0
0
.01575185743580647
0
0
0
5777911749826775e-149
1.701911654467233
38.44583407038787
49.252359070922836
15.005055357845656
34.08238843945037
2.384407073110064
0
4400820979502735e-20
0
1.9312625095147886
.005877238262928546
.00043369792285397513
.042402454149396265
.03696074107386154
51562285227176444e-21
.0029732059602998653
31.695096420706093
31.695066264492397
38918092815266544e-22
6924430150285686e-20
0
0
1.1748712260703689
1.7919251411037258
.5883589074480613
1.3583742304759678
4.696331585646254
.0004554573523761565
5.112265137542846
0
4.167059935850532
4.059412649190848
1.1742229734000174
0
.28802223398790644
.561742941711489
9.468028619949793
.26243621873350625
18.435896344354205
9.230282155008993
0
2.9116332574174426
3.2527647894169243
13.23065938649688
.9650133292303967
7.57498755669161
38.085466256383924
1.6991831887806803
13.927963192018495
31.783707332296295
38.553440565119885
4.433923036744994
1.3538933078889643
1.700012220308654
5.271164435344676
14.115309149600757
11.808101097233864
.008449933561443461
.6169856567483275
.0017720495211648493
0
0
.0013594976464564575
.03265145850393377
5.30671199153234
0
0
.7451388246530388
.0462211243289892
0
.00039128133749540407
.022091707679295223
.3561855860375104
.17324755287374677
2.9789807719830845
.4163007519455844
.10759417856682015
3.9262059305534085
.5707377914891645
0
0
0
5.8504324116178426
.22665335888639898
.0026726023542136077
0
.00021436221434309558
1.0159577469810754
0
0
0
0
.0034824330392840483
0
.025586738882650013
0
.00025861150126657903
.023454168494574833
.2706231904195414
.6211797566689196
0
0
0
0
0
0
.22882390859029964
0
.00401062781325315
0
0
.011996606361013585
0
.654948214462903
.18442432767890352
3.311949836448058
0
34.82047650315779
0
0
5.021401019317205
5568.8064714209795
221.49051438686826
291.0836879545439
0
119.06571443393118
.1300659727001611
0
.08627416156469449
.2625888405042759
.00858956431976925
0
46.61615190911896
0
0
0
.23255792519911353
0
0
.005705006442352269
.20395173947011622
.47718101768058735
.6588467912241595
.3230088032727702
.005736667470305209
.0020123896922831334
.004399460933925441
.007349216613962689
.007604413796758713
.0029161991728382033
.016633180450619324
.23485378597242465
.0014217375003403475
.008411613994877793
.3770485637498037
.010647885527096881
.004046886860794399
.04621221783005495
.003838046179846563
.008969677118514525
.033675518881338545
.06737784222689853
.03716828631658902
.016749704496273533
.11782277658293085
.020811093968845853
.044704975400113575
.0007315467209959991
.0015618827363470976
.00996289162942268
.003569026915869913
.4189457001310985
.5531050257407127
.005913971341445981
.04900512526526049
.014706262618053615
.0004950442879709053
.012234942822128865
.0002992494515611881
.05169299114044905
.03845983255467509
.09293184044405696
.01221561898192401
.011112942872935174
.001667147461854235
3853544734785006e-21
.016400622640764986
.03953578029097405
.5908403441879533
.6588467912241595
.01951668639648802
.03944561554411858
.013812168527562377
.025054257316601384
.003370773637579961
.3350437944577572
.05617611986177656
.06697327225300943
.34664650002860187
.0006971633148583058
.6588467912241595
.018991474961153693
.0008974395426790722
.024527747395991475
.025315364554667267
.009725740868240202
.10313058218424917
.27585002831800615
.007252847150722919
.02201982172542136
.44215016238959615
.12285288816073656
.013713003020411918
.07104023551951427
.00026795013942225915
.021972652966215474
.19703074544570595
.0001301234367201738
.012738696958051425
.029511854302739258
.0003875440568079776
.0034460625406335064
.007418814409820622
.006165162059779974
.0214468851732641
.09007847838054192
.02331853853442817
.6210504568418265
.00692663433495664
.006848717943993254
.03145407354324022
.00023013042679665067
.011686684309814649
.07181536287071752
.4010949282614564
.3715221516417873
.06323523745620338
.0409304891303003
.062375728212253165
.6182800646621655
.4341897608700415
.010193798768942148
.008369690186722931
.5751508830369242
.03246337230982204
.22512257411646838
.004336004285666954
.0061852199172749995
.11376617367797622
.19429728502682295
.45606748631713867
.0005506801709710146
.02582064805672585
.2162419660825755
.24520721462019462
.1243159529886952
.6282428269744367
.1720025670097244
.028886277587644713
.008609570246528291
.5331338691893258
.6588467912241595
.29581818314601377
.039138773487828155
.006948098339796613
.01414947221319313
.012543961695386985
.6268755505796533
.07933101292171632
.0018894971965108189
.0029692731353817997
.014592666425616773
.053468580623825916
.00754400531078515
.46702768262051136
.00267865492991997
.6588467912241595
.6588467912241595
.6588467912241595
.005165180161540733
.04863349892042437
.13130252306978968
.07656688174406584
.01442197634444047
.017603598744215833
.021241312233236893
.0006893419293513576
.0003282458531524361
.05539704035089298
.432546631961378
.6588467912241595
.6588467912241595
.6588467912241595
.024939272207360072
.0005414969599351165
.3740792278137948
.24348079542199746
.005242628105330544
.015203792762906225
.6588467912241595
.0377619232727205
.16849085083538098
