.43587790110289604
38.3928328040114
.9039315696839368
.05508290610599218
.007038307945829073
1.68411663182795
6.692291604115476
6.829768221708982
0
.1361187905301276
.15496117578551394
0
17.004449737321718
41.3735688715034
7.118149053136979
0
4.140300274374924
0
0
0
.01573953855608275
0
0
0
6468109514311644e-152
1.6654656604598108
38.39188487711246
49.32506510279709
15.011820212625837
34.219509771290355
2.3953494761388643
0
37934668681874364e-21
0
1.9227749774802225
.005133893171135195
.00040163660908695847
.03693746271226262
.032206487182487226
4088842307098639e-20
.003015805426129915
31.822254505372868
31.822234589547836
3877822233233138e-21
4102589531814355e-20
0
0
1.1858321117529012
1.8038378100505201
.5866085698210765
1.355207104678079
4.620116954634478
.0004518001175905189
5.038204512343915
0
4.171599619289645
4.065617945892451
1.1849771741944488
0
.2894666927501091
.5630848347610248
9.443321173054075
.25740009320825036
18.420117824842354
9.234147017496271
0
2.899954232866901
3.2563141391728485
13.235326617466532
.9711967651132872
7.577363342938094
38.06937639229218
1.6923725842375228
13.896822943735783
31.843398448781397
38.582488330372726
4.429389960963909
1.356918204045019
1.693201840240442
5.2711363362345525
14.093265834191222
11.834797695094034
.0077649654659170605
.6211342135077571
.0009945210201134029
0
0
.001385895125365915
.03261944938438149
5.275027780890986
0
0
.74480173440829
.0466964424488083
0
.00039002299351445025
.021921267541640078
.3525043231799456
.17459991645317027
2.9844551363484677
.41844292180811593
.10597630392919447
3.890937428370302
.5689846901918472
0
0
0
5.818450339013791
.22653515869180404
.002693966899358268
0
.00021485171966280226
1.0295048577322057
0
0
0
0
.00347384122315045
0
.025504606328796222
0
.00025962557711953086
.02331176275210047
.26660020085938463
.620232248604624
0
0
0
0
0
0
.22850901903494866
0
.01753536634163895
0
0
.011907747423224884
0
.6422091695602251
.1815669797591178
3.204809838187081
0
34.78801858435082
0
0
5.014273819831296
5566.968507338626
221.40217282813916
291.07995196110227
0
118.94006670224007
.12875682827352358
0
.08465512845355296
.25634557884446674
.008555104503773593
0
46.52367859367721
0
0
0
.22736017292393604
0
0
.0057043992072860015
.20310341795335668
.4717286294722711
.6466966821878275
.3207427333862488
.005736053468632941
.0020123142504238235
.004399100013710265
.007348208244770836
.007603334068537689
.0029160406897076802
.01662799544056231
.23371131965578837
.0014216998540442114
.008410292438734096
.3738611841727383
.010645765931134931
.004046581515160563
.0461716954256608
.003837771559407584
.00896817404519662
.0336541140387894
.06729091542559516
.037142172745114735
.016744446330899297
.11755096099346707
.02080296302773312
.04466707745389982
.0007315367567335204
.0015618372998202075
.009961036497783975
.003568789470174579
.4149056790055828
.5453430163789844
.005913318751769141
.048959502668187986
.014702212593012666
.0004950397254254177
.012232142460464892
.00029924778450159584
.051642168462133785
.03843185741320724
.0927646143835738
.012212827481277406
.011110633640483647
.0016670956922333943
385354445837557e-20
.0163955820911144
.039506204578681016
.5816930601583766
.6466966821878275
.019509539295908613
.03941617569789725
.013808597308502332
.025042451920978735
.0033705618557950214
.33258888523669705
.05611598453701343
.06688740124326091
.3440008602622228
.0006971542653708968
.6466966821878275
.018984708827996705
.0008974245458017897
.0245164354441201
.025303310501359696
.009723973174831979
.10292370161710238
.27423973209303637
.0072518650922580585
.022010714278402142
.4375808400519348
.1225566924301156
.013709483041004548
.07094344846741213
.0002679488028672851
.021963584673384814
.19624171458656417
.00013012312153521898
.012735660617769928
.029495443920318165
.0003875412607755189
.0034458411857467837
.007417786822130009
.0061644527834081135
.021438247552733637
.08992156167984365
.023308319584787365
.6106580376665046
.006925738750236509
.006847842422464999
.03143541693791245
.00023012944092532425
.01168412987547889
.07171641890668884
.397433859146179
.36843788850855924
.0631588079206003
.04089877124805186
.06230138977887102
.6080073590443791
.42980682466103975
.010191856464560483
.008368381793660144
.566601066391375
.03244349077847596
.22407800167845518
.004335653711106719
.006184506012376735
.11351321741118552
.19353102172906983
.4511598408091027
.0005506745251404779
.025808105372382185
.2152824765558152
.2439551535654125
.12401245817840224
.6175340920699418
.17140850280259606
.028870559661158195
.00860818564368323
.5260370558251158
.6466966821878275
.293946171290411
.03910979362869392
.006947197188128671
.014145723918719731
.012541017714428889
.6162275697400529
.0792098798873383
.0018894306908045406
.0029691088274985122
.014588678913567221
.05341416537168376
.007542942695226491
.46184210439786233
.0026785212272647115
.6466966821878275
.6466966821878275
.6466966821878275
.005164682516782201
.04858857275271681
.1309628729951424
.0764541790235152
.014418081845023875
.017597788741232596
.021232840129420935
.0006893330818032686
.00032824384735055786
.055338580932112504
.4282015358109926
.6466966821878275
.6466966821878275
.6466966821878275
.024927575483900663
.0005414915008561188
.3709475141576129
.24224740302737477
.00524211540881011
.015199463178389426
.6466966821878275
.03773496214872465
.1679217508485395
