.4719113363206077
38.28713287260439
.8656982695712556
.05192681343246097
.0067276857228939484
1.657395126879985
6.818358940273982
6.943886219299811
0
.1250440291955135
.15256892080022713
0
16.998393382500296
41.46538077412095
7.148515068462641
0
4.0855257953607635
0
0
0
.015715718241011315
0
0
0
7570902619968935e-158
1.5966342757246026
38.28471752262565
49.463304103245676
15.010802863668493
34.38482208152377
2.4098537101678996
0
3091754120047645e-20
0
1.9066514777632049
.004287576199000001
.00036778737939037194
.03068405711094148
.02676480589298452
3014076397541721e-20
.00309735393422738
31.97346287925305
31.973447359134465
38498016047139525e-22
16327171233388462e-21
0
0
1.20776636937857
1.8278585908851979
.5835015731892482
1.3488187550130346
4.475753277949604
.0004447984200249667
4.897528461108459
0
4.1802801526463
4.077367664293988
1.2068622605911432
0
.29209116290266474
.5650258538142003
9.3949334697525
.247868694018182
18.387883477468247
9.240772162162143
0
2.877201131448368
3.263309270976113
13.241356339162037
.9823525499620093
7.581616087820386
38.038245807458146
1.6792653678534468
13.839511754380405
31.95589285112425
38.634693708555375
4.42245812613207
1.362619462192642
1.680095159565936
5.271043968130218
14.050129613580555
11.880274626053408
.0070125220760747665
.6286737091168335
.00030970210857711716
0
0
.0014367427751232923
.03255690788637315
5.2135766570581765
0
0
.7443659558745305
.0475727315319563
0
.0003875783456733984
.02158548099069835
.3454520851477369
.17703504670656636
2.994235437853071
.42212662260625966
.10290574400179203
3.8217129238078993
.5655752480087651
0
0
0
5.756888714053565
.2263041442011371
.0027333239882751186
0
.00021561033847500795
1.0562745096485129
0
0
0
0
.0034563441577974423
0
.025346668220206196
0
.00026166979667170806
.023049106600350436
.259174454827278
.6185826423001153
0
0
0
0
0
0
.22789865507165366
0
.007986649228877216
0
0
.011737842851151486
0
.6182512901552136
.1761348932675155
3.007171726491185
0
34.72525231842281
0
0
5.000332636049277
5563.412186979565
221.2312559165315
291.07271973130116
0
118.69720675799472
.1262597504597364
0
.08160600160948986
.24469203252637253
.008487632197391222
0
46.34011146368929
0
0
0
.21786636695464667
0
0
.005703223867931722
.2014711989900848
.46134996922790905
.623808820658062
.31640101339799676
.005734865033145909
.00201216821346585
.004398401406280256
.00734625657477305
.007601244299823993
.002915733912783582
.01661796257157687
.23151543223482376
.0014216269788596499
.008407734679004573
.3677672251748124
.010641663885741483
.004045990473756378
.046093350608285746
.0038372399880958253
.008965265019066521
.03361271588187958
.06712295573611958
.03709167261094492
.016734271940995964
.11702654432783269
.020787231677831964
.04459380354953832
.0007315174676865727
.001561749344750848
.009957446201334808
.0035683298530722876
.4071951350319179
.5306250284184172
.005912055633132978
.0488713042990855
.014694375474494948
.0004950308930885235
.012226723169261268
.0002992445573314168
.0515439247414751
.0383777592244949
.09244174251505866
.012207425335132029
.011106164649674788
.0016669954779831128
38535439232852254e-22
.016385828686678948
.03944901295209815
.5643856744295608
.623808820658062
.019495710935451653
.039359246655425624
.013801686546540811
.025019614114525735
.003370151913391204
.3278875191180436
.055999753743857586
.06672147960736284
.3389365105398451
.00069713674714996
.623808820658062
.018971617380385063
.0008973955146358121
.024494551894369655
.025279991830890754
.009720552078076032
.10252438806365864
.2711490856342771
.007249964340891264
.021993094224826527
.428869020002114
.12198532630428316
.013702671415601286
.07075645669794906
.0002679462155008438
.021946040347850207
.19472322798711442
.00013012251138295265
.012729784739835152
.029463701618526916
.0003875358481011086
.0034454127137363948
.007415797959077978
.006163079954423373
.02142153619962496
.08961856902841041
.02328854983731057
.5910313543994625
.006924005351253809
.006846147852044264
.03139933177335178
.00023012753242693005
.0116791864307916
.0715252643079258
.39044122751849714
.3625397545448289
.06301111333057985
.040837439648371915
.062157732532750996
.5886033343261027
.4214473986260411
.010188097483790506
.008365849507035162
.5504093001368456
.03240503748051794
.2220696074187718
.004334975127839699
.0061831242254800235
.11302512628877942
.192056219055215
.441808885892232
.0005506635957587007
.025783841783230895
.21343711911415314
.24154947537273921
.12342703814184386
.5973194203353148
.17026430104187254
.028840156231527855
.008605505877013194
.5125659471617814
.623808820658062
.2903558135568767
.03905375359640768
.006945453015379922
.014138470561005057
.012535320538167158
.5961257938975941
.07897590846115554
.0018893019516166801
.0029687907760213763
.014580962738382443
.05330898229745904
.0075408860439373174
.4519665943445905
.0026782624163992712
.623808820658062
.623808820658062
.623808820658062
.00516371928167247
.04850171981309143
.13030785218195254
.07623647336320326
.014410545621622296
.017586546828458633
.021216448910612085
.000689315954497786
.0003282399644306509
.05522558684145477
.4199136779493944
.623808820658062
.623808820658062
.623808820658062
.024904947833615385
.0005414809329913722
.3649592596506291
.23987745293225693
.00524112304180322
.015191085205523024
.623808820658062
.03768282383501461
.16682550867393972
