.49288497742500376
38.22338719818161
.8422575377183528
.05009003370248634
.006552965166527835
1.6419342710281848
6.887349048233711
7.006256985113113
0
.11871314218805099
.1510429987812164
0
16.994614244182706
41.51093639031726
7.165181740658755
0
4.053874429413238
0
0
0
.015701869954267533
0
0
0
19227265071125335e-162
1.5575047738882006
38.220574329131026
49.52568862895689
15.007705988343837
34.46033309196229
2.4168258032416645
0
28635521545401745e-21
0
1.8972780461895618
.004024057018860188
.00035906783131673634
.02871511291384459
.025050167074950447
27069036030649477e-21
.003143082545974102
32.04215267356128
32.04213882303291
3832990894604754e-21
10470019289502915e-21
0
0
1.2208937867968388
1.8418078779262697
.5818730479549735
1.3448646060836886
4.393630035918344
.0004407813359546527
4.817375417034561
0
4.18481205332963
4.083660641512969
1.2199752065878662
0
.29347486867519784
.5655737206920284
9.367104849951913
.24247517902460083
18.368894600327657
9.244218024044766
0
2.864150129425309
3.266795176063488
13.24303690260441
.9881884089877456
7.583880754419063
38.020137035908576
1.671682769899569
13.806743747099336
32.019534856119726
38.663258480379056
4.4177715143397
1.3658449063926896
1.6725130214401231
5.270973471824001
14.024995599640295
11.903459795522359
.006795533897833363
.6327882843521061
.0001531642693411714
0
0
.0014659394800891198
.0325203065709028
5.177730868434275
0
0
.7441554342893429
.048058019625678065
0
.0003861599337878721
.021387479131496665
.34139397149495015
.17834802605340547
2.9994261250475374
.4240939171238227
.10114556657326532
3.7810424358314525
.5635906492807775
0
0
0
5.721332200859937
.22616852051451433
.0027546176659599287
0
.00021596303311883388
1.072285609661943
0
0
0
0
.003446472458226154
0
.025253918198434738
0
.00026283113509489533
.022894991181583505
.2549118617966533
.6175433893327538
0
0
0
0
0
0
.22754282694447506
0
.030990399008023934
0
0
.011637852565290133
0
.6047222263852046
.17303310286450044
2.898076102143293
0
34.68875913102152
0
0
4.99165139148096
5561.343239320453
221.13183268201715
291.06851021838486
0
118.55607595086809
.12482864207111202
0
.07988164600968416
.23816375270334292
.008447928291488507
0
46.2305719057299
0
0
0
.21267133384763015
0
0
.005702539860765264
.20052719500389846
.45541442151226563
.6108615306521133
.313900980782459
.0057341734051068165
.002012083215993566
.004397994825538289
.007345120823337579
.007600028192364361
.002915555364898578
.016612125621798757
.23024680479414447
.0014215845628096264
.008406246266139892
.3642660116781802
.010639276974739775
.004045646491620076
.04604781040299988
.0038369306153070723
.008963572224200954
.033588643098822174
.06702538611976892
.037062310095059184
.016728352676732748
.11672237992527765
.020778080557560044
.04455120905739144
.0007315062405274857
.0015616981518554506
.00995535702726367
.003568062355343796
.4027732789586558
.5222418522635546
.0059113205458368335
.048820040681499935
.014689815720623141
.0004950257522062134
.01222356991917519
.00029924267893899304
.051486827023339926
.03834630587181537
.09225432920444461
.01220428205926117
.011103564254114906
.0016669371499952476
385354361183028e-20
.01638015428640393
.0394157620908922
.5545498211878928
.6108615306521133
.01948766650570994
.03932614837102942
.013797665657188663
.02500633071900924
.0033699133250471957
.3251816985582604
.055932211261779954
.0666250927403539
.33602315120145143
.000697126550687336
.6108615306521133
.01896400152214025
.0008973786171717979
.024481823338217468
.025266428848460264
.00971856134682209
.1022926770862776
.26936620478093515
.007248858217898059
.021982844781922115
.42387829482402467
.12165398388056949
.013698708195550125
.07064784318033668
.0002679447095084145
.021935834941356952
.1938447926240789
.00013012215623870653
.012726365871378981
.029445241407611927
.000387532697631674
.0034451633416137492
.007414640565891682
.006162281025601067
.02141181517874736
.08944267924916006
.023277050368769297
.5798991930737029
.006922996607848851
.00684516170253592
.0313783470978289
.00023012642157259333
.011676310009712587
.07141423543576951
.38642787938423534
.3591502546522327
.06292530520994798
.040801783299312375
.06207426788329063
.5775954255812112
.41665676929271783
.01018591016774495
.008364375915719277
.5411986146067576
.03238267632085257
.22090889893175278
.004334580200191923
.006182320083991239
.11274199459202813
.19120297473027825
.43645556016585924
.0005506572342966128
.025769729409617165
.21237030112771155
.24016016267049825
.12308756149379585
.5858593369014022
.16960182630516699
.0288224743385571
.008603946474668653
.5048843553865843
.6108615306521133
.2882862339924904
.03902117188376574
.0069444380028569775
.01413425038018579
.012532005628344382
.5847286502532049
.0788400412607553
.0018892270216530813
.0029686056664906912
.014576473336450724
.053247854772309484
.00753968920655896
.4463159684895674
.0026781117843189947
.6108615306521133
.6108615306521133
.6108615306521133
.005163158703231934
.04845123764305113
.12992809988394008
.07611004103018723
.014406160897102567
.017580006661440672
.02120691405548114
.0006893059855648797
.00032823770435730474
.0551599236985902
.4151637014692846
.6108615306521133
.6108615306521133
.6108615306521133
.024891786629399185
.0005414747819491714
.36151834279926714
.23850868839175748
.005240545510616789
.015186210844429058
.6108615306521133
.037652509354791405
.16619072744587246
