.610318319784343
37.83732034047529
.6894150218799724
.03952705282945917
.00565291356993807
1.5563390034908724
7.219278337001591
7.304193411874262
0
.08516417412691152
.14017380193261442
0
16.97089963016702
41.672360723006946
7.2661462761905025
0
3.876904216747968
0
0
0
.015624556994693424
0
0
0
6908415907634848e-184
1.3568510386258905
37.83478787373873
49.926767833054484
14.98119109177198
34.874786218149126
2.457376807922995
0
24916669438871314e-21
0
1.843026346638114
.003731087155889177
.0003669104176207436
.026258598250027614
.022894371999028662
23314174766396796e-21
.0033764575649726553
32.415862553054225
32.41584573494547
37453622496305224e-22
3960340939530087e-21
0
0
1.292678336340116
1.921413059325579
.5752602020374001
1.3194803056475113
3.9588709835006695
.00041906096493172986
4.391245265627094
0
4.210675722774814
4.118840256421623
1.2916603238169897
0
.3003155351720698
.5656112958350058
9.226356729679953
.21453526546581805
18.27118093351716
9.259314807919798
0
2.797930447719982
3.2876370341383683
13.23015283624756
1.0160909422458102
7.593987268123493
37.918907559460976
1.6298513199880877
13.619901356868283
32.35166056375863
38.783153188916614
4.40979303595922
1.3826701715771874
1.630686216603282
5.270424821671375
13.886378467180663
11.999607508851884
.00671210076034959
.6527227335443753
21760472191847958e-22
0
0
.0016297150787777663
.032314010913074856
4.975731522718894
0
0
.7427045611856505
.05048183373079627
0
.00037837127429953893
.020264028438526597
.3193508109386319
.18445811610088494
3.0222631023976945
.4327097071792891
.09182675310720641
3.5517829890053707
.5525416465794292
0
0
0
5.526542663280836
.22539479009170174
.0028632683107589017
0
.0002169912148638128
1.1689755819208072
0
0
0
0
.003383339786187035
0
.024749440839120288
0
.00026948010979533656
.022046947102367667
.2330554714228926
.6118325187069574
0
0
0
0
0
0
.2255423428850888
0
.0060736238495953925
0
0
.011097899496604963
0
.5342938344491666
.15647061803519063
2.3669538765716163
0
34.48496263711839
0
0
4.929807943908908
5549.773217736464
220.57597776391788
291.0449418937138
0
117.76896605269971
.11711036104354747
0
.07087466959163041
.204841739348497
.008220645539571896
0
45.58192496057371
0
0
0
.18756521184914451
0
0
.00569871155711389
.19532276138238275
.4235640312223651
.5431779517473881
.3002636224985911
.005730302456893702
.002011607373668869
.004395719036870404
.007338764889931947
.0075932226885903524
.002914555860868672
.016579481859805754
.22327099780741325
.001421347094829912
.00839791737239946
.3452692798318923
.01062592232834709
.004043721044263552
.045793656588469865
.003835198869403883
.008954100013570563
.033454175534936736
.06648169922025639
.036898335571377186
.016695248832884015
.11503388253597067
.020726916970507075
.04431346911519306
.0007314433818161629
.0015614115491332842
.009943667645117596
.0035665649814223687
.3788873879805461
.4776920696169806
.0059072064127865835
.04853400281143817
.014664311367453943
.000494996968920416
.012205929600226777
.0002992321618651653
.05116829818260561
.03817067130435859
.09121198256603863
.012186697515602543
.011089015644857763
.001666610603937787
3853541867965906e-21
.016348419082034285
.0392301045727464
.5025614792303397
.5431779517473881
.019442686289138623
.039141341579787485
.013775173960167003
.02493208595131153
.003368577759015384
.31043890049488215
.05555553693407194
.06608798055176847
.3201675736603495
.0006970694625119943
.5431779517473881
.018921416079142515
.0008972840125970938
.02441067708327678
.025190622786749575
.009707422589303528
.10100494730236935
.25959809593598226
.007242668050725309
.021925545391125574
.39698876219308366
.11981532532534622
.0136765389301152
.07004277904507435
.00026793627747489617
.021878781545943516
.18899905865326733
.00013012016777136994
.012707240269488024
.029342094463544546
.00038751505833718784
.0034437674176111374
.007408163551520464
.0061578096627176735
.02135746773120468
.08846421463595826
.02321276861140601
.5213328764406414
.006917351275331806
.006839642784595377
.03126111080057066
.00023012020189622622
.011660217746758794
.07079575110046646
.36470700683055934
.34074925948734636
.06244701195717859
.04060271451546015
.061609007921123775
.519657194845575
.39082227896171867
.010173671857154527
.008356129936641135
.492402721591307
.03225775890090506
.21452117189155592
.0043323696286283065
.006177819553669611
.11116976710895532
.18649513732986886
.40765813203132595
.0005506216172439301
.025690855514364286
.206494848306214
.23252760526949956
.12120397770624798
.5256378551334548
.16593990609318426
.028723671885385986
.00859522045680153
.46395299886941727
.5431779517473881
.2769680336094255
.03883924541819755
.006938757594328092
.014110644461511368
.012513461332260663
.5248245773336588
.07808361519528266
.0018888075368045758
.0029675694344418035
.014551362287333286
.05290688879840161
.00753299151262264
.4159580047340548
.002677268537971021
.5431779517473881
.5431779517473881
.5431779517473881
.005160021097182788
.048169552502817965
.1278221864938517
.07540599864833074
.014381635058089318
.017543432573533017
.021153606635502406
.0006892501712576111
.00032822505028660644
.054793709469777775
.3895437541831651
.5431779517473881
.5431779517473881
.5431779517473881
.02481822422685669
.0005414403429899533
.3428430872620723
.23098788550619678
.00523731303598082
.015158947729598596
.5431779517473881
.037483225776338926
.1626808925225755
