.7113570235549681
37.449449011110275
.5116477729353246
.029139437479826124
.0049754830488532836
1.482685155340141
7.437570058977135
7.496893041109046
0
.059552856745476716
.1263874734351651
0
16.948121781358967
41.76736677602965
7.3501773127174
0
3.7238826556290796
0
0
0
.015558342004240477
0
0
0
27787693299173348e-208
1.2061384201674668
37.449047619162194
50.181430140213735
14.950187060536363
35.19021362641354
2.490348858019584
0
24823589526579716e-21
0
1.7927567616673572
.0038859118322216563
.0003912518491149204
.027061035055000522
.023566268982060695
2430120670507135e-20
.003552593777235142
32.69883682421252
32.69882356921174
36721992936837475e-22
3703662287570738e-21
0
0
1.3542403405887753
1.9884893945926785
.5728252455972501
1.2910158633044595
3.6171255418091053
.0004014631019080826
4.054584769153754
0
4.229765235385089
4.14535283726904
1.3531835555248328
0
.30486473982002965
.5607483407741167
9.118540716008594
.19324648667848282
18.193402404210964
9.268062424620874
0
2.7471196374406515
3.3006088559933584
13.194357461047591
1.0334602834000057
7.599828975009984
37.832038040025736
1.5946935418586168
13.44779531420479
32.60618038454295
38.84840166061502
4.408307716306164
1.3955415035003251
1.5955354080110247
5.269814445545027
13.771774760609087
12.050109466924875
.007016775013100766
.666522492557113
35741410689738605e-24
0
0
.001769958504738068
.032135401544672745
4.799825148997216
0
0
.7405383784571702
.05220918644509878
0
.0003719394688969519
.01930178023514051
.30136219348419785
.18829859005424746
3.0348258467040496
.43778010555048313
.08441683516946173
3.356081660906701
.5430685840094114
0
0
0
5.365063278463588
.22470943978394717
.002941231453188258
0
.00021672434631910952
1.2601986360645845
0
0
0
0
.0033274011792015566
0
.024321281632904028
0
.0002748836970486857
.021293587751652052
.21569039531317527
.6058960457691096
0
0
0
0
0
0
.2238101113630095
0
0
0
0
.01063902244631938
0
.4803488148948458
.14328918517092912
2.0126304998609132
0
34.31029837296193
0
0
4.853191641686782
5539.837730613535
220.0988430506676
291.0246654239586
0
117.09592664272245
.1108530351754432
0
.0639390261180078
.18016142267129395
.00801967679260114
0
44.9643696098924
0
0
0
.1703374703970739
0
0
.005695419772400292
.1909531447394155
.3979488944841592
.49097749070886354
.28900529467886305
.005726974015622154
.002011198052822733
.004393761909114268
.007333300697901938
.007587372165315768
.002913696169872594
.016551446772927362
.21743845780295246
.001421142811036718
.008390757864033723
.3297194822028875
.010614445514740051
.004042065138260965
.04557610765595471
.0038337095147028244
.00894595821118529
.033338911641672304
.06601744634808948
.03675783394778609
.0166668189859252
.11360067485012064
.020682997072488607
.044109935182164405
.0007313893030092368
.001561165000550736
.009933621180209889
.0035652771558669196
.3594730285328079
.4424156882245345
.005903668937477972
.04828923977457426
.014642403069002727
.0004949722053521372
.012190772387411838
.000299223113355213
.05089581613048891
.03802020069592205
.09032458645571027
.012171588194750338
.01107651339570833
.0016663296975318984
385354036755965e-20
.016321163579705058
.03907106637399322
.4617493113907068
.49097749070886354
.01940406877231969
.038983030519104324
.013755851630423501
.02486838279631922
.003367429072371649
.2982903982528081
.05523348021741156
.06562932032216688
.3071256727677154
.0006970203480464011
.49097749070886354
.018884852449857804
.0008972026235636827
.02434962891435686
.02512558191264153
.009697849109864617
.09990997663064898
.2514776741354685
.007237346311456938
.02187636500315089
.37522252843992326
.11825561460170662
.013657493388514045
.06952633577241289
.0002679290228334073
.021829812040122555
.18492688899995458
.0001301184569343776
.012690807760615982
.02925363688931744
.00038749988227258455
.0034425668285019916
.007402595308855749
.006153965134748255
.021310818038928515
.08763092267603936
.02315760319759698
.4756996462954132
.006912497761060736
.006834897913285667
.031160592255909017
.00023011485067121374
.011646389844254583
.07026790078274077
.34699828044355585
.32567354805783705
.06203840292332565
.04043221482746591
.061211493905613944
.4744812961427312
.3698802690552214
.010163153882063833
.008349041668941412
.45395541157770314
.032150666685782606
.2091732492743035
.004330468572908727
.00617394995573213
.10983459417819218
.1825374313811077
.38440649628962403
.0005505909744618816
.02562318628554062
.2015699194766913
.22615504172205936
.11960644273693068
.4788024725896496
.16285256212199548
.028638934158159622
.008587719744312898
.43140202023399377
.49097749070886354
.267586234729956
.03868339632905127
.006933873935348272
.01409036567423533
.012497527932444151
.4782193893129443
.07743860329510459
.0018884466899588663
.0029666781582106377
.014529791566979708
.05261527233069133
.007527233632561518
.3914962138397745
.002676543228090965
.49097749070886354
.49097749070886354
.49097749070886354
.005157323052194756
.0479285038990286
.12603761423074
.07480546075668584
.014360566643221327
.017512025425603216
.021107848615347362
.0006892021526933291
.0003282141632163286
.05448056818028474
.3687695982018302
.49097749070886354
.49097749070886354
.49097749070886354
.024755105741896957
.0005414107137393302
.3275490313349283
.22470712766299727
.00523453343658321
.015135529939720225
.49097749070886354
.03733818479900196
.15972044237662603
