.790351045374462
37.027535457147955
.3174250868786495
.018557534851960735
.004497293410231668
1.4203919893555268
7.567960540842534
7.6100244266248165
0
.04223709904423773
.11146919830550021
0
16.929333235961508
41.79337273898941
7.4185829595033
0
3.602216464323185
0
0
0
.015506769239459539
0
0
0
30390830750392497e-230
1.1022155278894252
37.034028484987196
50.39833624001012
14.919241251588646
35.416470010848535
2.5158905413842336
0
24937035869516638e-21
0
1.7503786836255673
.004021238147744962
.0004082169205027858
.027792081227406774
.02417900106959723
25214611440945817e-21
.0036730320674248835
32.8993677866035
32.899347804949045
3618199295228545e-21
3640195488079883e-21
0
0
1.4021398217099204
2.0418112676840092
.5728038194513085
1.2642957706777616
3.3693195884943408
.00038836255535799874
3.8093019381283657
0
4.2445797381301515
4.165596415330514
1.4007031806677528
0
.3079498581552055
.5556000333762393
9.043125341717685
.17825697028740647
18.138823827464172
9.27400419794998
0
2.7113748269100864
3.3091710084852175
13.154021172832348
1.0443748364019887
7.602942512675541
37.76426321109973
1.5677316219977655
13.297788433371926
32.786432913452124
38.87185620082774
4.416420453604672
1.4046332491852962
1.568580991395042
5.26934765511148
13.68853720708344
12.07576886076147
.007255720454339889
.6756551313722481
11058255129362062e-25
0
0
.00188129496823632
.031996826822731465
4.659886379379688
0
0
.7376108048251543
.053329335707327716
0
.00036720273458337895
.018568572969560198
.2879499798432804
.19055958479760635
3.0409702871720232
.44028266327863613
.07903105726483646
3.2059533423555218
.5356398161586715
0
0
0
5.2434232592287415
.22416043770000812
.002997012416699022
0
.00021590277754673129
1.3376723936151549
0
0
0
0
.003280247824813879
0
.02399531471469689
0
.00027916449555565764
.02071597362989586
.20340282630154888
.6011663149839918
0
0
0
0
0
0
.2224485296652287
0
0
0
0
.010291672733417079
0
.44203203194909435
.1336494696215126
1.794225059300331
0
34.17413970149979
0
0
4.772519752416293
5532.082364544875
219.72652886667848
291.00881386986237
0
116.57241157848136
.10619536433392418
0
.058991730165227976
.16315873414532703
.00785989433830586
0
44.37236977870104
0
0
0
.15890635533344227
0
0
.005692847515628327
.1876050936186632
.37900630078865766
.45368551546263114
.28049815196210465
.0057243731222383345
.002010878095845769
.004392232395570552
.007329031520354796
.00758280125252882
.0029130242233767457
.016529561421030278
.21298479431213332
.0014209831184488024
.008385164672974989
.31805175697916954
.010605481353624758
.0040407709911009365
.04540674378371092
.0038325455111251224
.008939597948775094
.03324907277511655
.06565674370249049
.03664835979744808
.016644625704029102
.11249261403312687
.020648724475683115
.04395145976192593
.0007313470259321559
.001560972271194835
.009925773729270072
.0035642706327282344
.3449900373622203
.416660412939776
.0059009047461309125
.04809873936913767
.014625297536016128
.0004949528455762038
.012178935295268431
.0002992160392449014
.05068379544285193
.03790297312481321
.08963682064619549
.012159788483308379
.011066748713215956
.0016661101124244642
3853539194513292e-21
.016299886352172544
.03894717643248354
.4321640514882689
.45368551546263114
.01937393028103262
.03885970597907592
.013740763937781545
.024818691824435905
.0033665312796739132
.2891245553694502
.05498299096958408
.06527294913854609
.2973004078483295
.0006969819518132699
.45368551546263114
.018856315514558842
.0008971389971781005
.024302006631261093
.02507484868534705
.009690370954308046
.099062181862494
.24530630467621325
.007233188396073631
.021837991670361125
.3590398792362219
.11705035805948921
.01364262168946187
.06912522410892494
.00026792335115054895
.021791603084282265
.18180439684569955
.0001301171193844429
.012677975308474943
.02918466482563161
.0003874880177443744
.003441628476154036
.0073982448638908
.0061509610800175255
.02127441738652147
.08698490981133569
.023114565137014677
.4428230969294324
.006908705561409975
.006831190573561431
.0310822300845698
.0002301106670661979
.01163559034448611
.06985795992508172
.333754323610498
.3143531597046608
.061720807606846874
.04029941370286672
.06090249705542361
.44191517249381895
.35429211912312586
.010154938299364728
.008343504111867241
.4259997122305656
.03206718761157251
.20508517158475312
.004328982871665378
.006170926317203575
.10880190919536256
.17950181136280302
.36715555853861687
.0005505670185272826
.025570405340647973
.1978014719847051
.22129473714303036
.11837213938999834
.4451117380162617
.16047888021513698
.02857285871599647
.008581860101032717
.40755205021197505
.45368551546263114
.26047326472093085
.038561986200243155
.006930058190127051
.014074531625565182
.012485085023404409
.44468435601301587
.07693803390538123
.001888164620901557
.002965981527590082
.014512949433421565
.05238840093157183
.007522735075698771
.37337787340327244
.002675976303602397
.45368551546263114
.45368551546263114
.45368551546263114
.005155214650859962
.04774088791178153
.12465977276054184
.07433928180886837
.014344116447282475
.01748750987580133
.021072143059952055
.000689164613176908
.00032820565174477743
.054236995248513886
.3533026704178184
.45368551546263114
.45368551546263114
.45368551546263114
.024705870315139534
.0005413875501448487
.3160686193053543
.2199158992490353
.005232361319339014
.015117246657227594
.45368551546263114
.037225179971937354
.15744347973337844
