.8294056525272376
36.61257639885151
.19149967144026633
.011552205899079565
.0042672852074642975
1.379142875164977
7.617177328782761
7.651756004276601
0
.034720717406297
.10246233993911438
0
16.919807471333787
41.79717473260266
7.454294291885436
0
3.5405408424634244
0
0
0
.015481334855725061
0
0
0
13023856859293184e-242
1.0552144235140324
36.64010161356998
50.51309417349855
14.902884553902725
35.53175095452448
2.529166269985778
0
24984381784576352e-21
0
1.7284382608359514
.004082861653954877
.0004142996274728213
.028117500679053012
.02444889777506407
2555489282361815e-20
.0037261227456539567
33.001031632298314
33.00101449669785
35931095866539414e-22
3613323797618138e-21
0
0
1.425757200926873
2.0687750875741573
.573397517532197
1.249546257213404
3.2527389734645786
.0003820858632348212
3.693502513357071
0
4.252226282579999
4.1757506440738235
1.4247500578815995
0
.3093926274150916
.5528304702927507
9.009444058532619
.17138978515579434
18.116278645868622
9.278224961982298
0
2.6952565148222005
3.313151051050228
13.130683854014475
1.0491732440103918
7.604070675175462
37.730798496590445
1.554569230961089
13.214616265363718
32.86981472266483
38.87730670258698
4.4237588831717956
1.408829090571381
1.5554228679640278
5.269214297745783
13.653186140856198
12.085037681489847
.007366120528557239
.6797229133293162
18905585365639942e-26
0
0
.0019373562924931283
.03193095780399505
4.588268376618218
0
0
.73545370129175
.05380018641877007
0
.0003650903678128039
.018218478019737108
.28153075282640283
.19146910713025705
3.0429660221628985
.4410760448061017
.07649869664346359
3.1334392482895015
.5320226870234545
0
0
0
5.185618501725323
.2238845927670397
.0030245070705077473
0
.00021536330849651673
1.3787344776184982
0
0
0
0
.0032559240739732055
0
.023837823038935918
0
.0002813671869111442
.02043779595083264
.19777681823539603
.598891930669586
0
0
0
0
0
0
.22177278022692765
0
.03784232816478316
0
0
.010124945322721648
0
.42424558092992914
.12909320307779634
1.702924347956243
0
34.1069405776826
0
0
4.723780975641534
5528.2521268828
219.54268963300805
291.0009771879465
0
116.314451262166
.10396607502768015
0
.056688919958459226
.15544392386836894
.0077804010913697635
0
43.91062541821854
0
0
0
.15375905395377548
0
0
.005691576222283861
.1859715688634205
.3699769062833499
.43630854000745967
.27638519608517764
.00572308767815842
.002010719928071369
.004391476401498226
.007326921759206938
.0075805424127584654
.0029126920705934613
.01651875200595297
.21081672112002645
.0014209041731377133
.008382400779420525
.3124366866402859
.01060105227363421
.004040131318429312
.045323243008848886
.003831970158869869
.008936455108704987
.033204745954276645
.06547914119541406
.036594356334439186
.016633664275417293
.11194878852345809
.020631801105349186
.04387332004684974
.0007313261250679516
.001560876994681756
.009921896243681895
.003563773113138821
.3380466981053741
.4044864551398584
.005899538609380871
.048004833866833865
.014616847952051645
.0004949432743918368
.01217308728912497
.00029921254186988027
.050579299023289226
.03784514946255344
.08929872663846058
.012153958938037319
.011061924239273125
.0016660015603406448
3853538614559858e-21
.016289377150091332
.03888607050289268
.41824512299578276
.43630854000745967
.01935904712246248
.03879887858617322
.013733310704042776
.024794161323119686
.0033660874998149653
.2846975568990362
.05485956917802945
.06509747491058349
.29255954990205646
.0006969629695150673
.43630854000745967
.018842222801259814
.0008971075419899384
.024278496614981757
.025049804057405718
.009686675888241769
.098645693927888
.2423113632899487
.0072311336071965715
.021819044785656754
.351298915258443
.11645902548730103
.013635275111814147
.0689277703865645
.0002679205471175699
.02177273730740127
.18028017076849778
.00013011645810546488
.012671635744414945
.02915062516702836
.0003874821520614179
.0034411646496851594
.007396094950535986
.006149476418539917
.02125644389626426
.08666728284668944
.023093316697305962
.42741835857466853
.00690683146829357
.006829358409478111
.031043560693306407
.0002301085987219479
.011630254776864598
.06965616971594638
.3273944701606877
.3089025913055209
.06156438977482133
.04023391811409064
.06075030587158565
.4266500137292348
.3468297816884999
.010150878972854955
.008340767703207737
.41282116451466855
.03202599570358795
.20309364112258144
.004328248529978623
.0061694319788157806
.10829494276504648
.17801970394548475
.358914892532609
.0005505551751095569
.025544350644233958
.19596446230126688
.2189305322593892
.11776661409377001
.42934147366128506
.15931814558041968
.028540247387267882
.008578964573322724
.396252360755832
.43630854000745967
.2570267796268298
.038502101931063785
.0069281724632669845
.014066709853805818
.012478937832319492
.4289839298378554
.07669174926498622
.0018880251816569616
.0029656371741716
.014504629903837123
.05227659746044219
.0075205119845814
.364732392627264
.0026756960607639997
.43630854000745967
.43630854000745967
.43630854000745967
.005154172576673358
.04764840214211635
.12398414321421458
.07410987750176666
.014335990440728613
.017475402080846667
.02105451256875959
.0006891460544130364
.00032820144375879406
.05411697549203075
.34589719456744855
.43630854000745967
.43630854000745967
.43630854000745967
.024681564530231705
.0005413760984407581
.31054224491682036
.21758499400698933
.005231287758589259
.015108215571427901
.43630854000745967
.037169436847494575
.15632977073667734
