.8753829901770707
23.756516057968756
.010729358232953767
.0006852519323966042
.0034828146875464237
.9104437573010947
7.635020332319741
7.662358609915817
0
.02698822995064482
.09043011543803212
0
16.90842960854038
41.794017002523844
7.495286203889466
0
3.4681105232581113
0
0
0
.015451445483175267
0
0
0
20520634598009128e-258
1.0049718562905399
31.76963892589179
50.585654141442305
14.883123551697173
35.664865100164
2.544752148126371
0
24983320531088967e-21
0
1.7018106925218903
.004140179351732536
.00039969905407431696
.02841559388075529
.024675116829491257
24667951805235362e-21
.003769955629710892
33.11909416611091
33.11908489486225
35641806285528526e-22
35833439010485095e-22
0
0
1.4540927950749765
2.100550837934973
.5759493565947661
1.2307838936785673
3.120311491224317
.00037487132206041836
3.561723132005833
0
4.260685890164775
4.187065850503453
1.4528858686952695
0
.3109433326306492
.5491223216661429
8.972879367930334
.16400641927645374
18.116595125426887
9.307979277355193
0
2.6775919924548908
3.3163379030865707
13.099471308299954
1.053572336912461
7.6049583809921675
37.691438967496886
1.539214077300144
13.11427363845876
32.96333862303799
38.87749504680562
4.432587025064762
1.4135258586927073
1.540073422490031
5.270594661295644
13.677053044301159
12.093593777254101
.007508206857358098
.6842278131228916
22507218842809714e-27
0
0
.0020037067456511134
.031894233895874285
4.482362186645292
0
0
.7326952715804359
.05427336417250763
0
.0003650127214573574
.017878495731483673
.27415045646483865
.19237895658195722
3.0441701209373493
.4417198659743244
.07360933725803487
3.0623010217075985
.5298019989759578
0
0
0
5.133608934497282
.2235560076940044
.003069010203780522
0
.00021456149696163807
1.4316023725088944
0
0
0
0
.0032316840224152436
0
.023652829695628937
0
.00028435281958295617
.020112707146578184
.19205918824728396
.5960874943053845
0
0
0
0
0
0
.22097549159744878
0
0
0
0
.0099292954869776
0
.4042322387436305
.12390275628527693
1.6080165413570642
0
34.02793194104434
0
0
4.660430937629609
5523.746348609304
219.32646059338902
290.99175166415
0
116.01149697274197
.10140900888126574
0
.05409280808114457
.14692713842495492
.007692873864937028
0
39.98303673888664
0
0
0
.1480466913088789
0
0
.005690079946221347
.18406670864968516
.3596222826906524
.41670240751794907
.27162041097300804
.005721574749129586
.002010533739782483
.00439058656840519
.0073244388049452745
.007577884038560337
.0029123010897039695
.016506035597584214
.20829260781682582
.0014208112397820247
.008379148131950825
.30595321561775857
.010595840475522386
.004039378388617658
.04522513784997233
.0038312929316824174
.00893275659199812
.033152637592874123
.0652706728764925
.036530882317876615
.016620769100125925
.1113119341353258
.020611895712078554
.04378150748727253
.000731301520129796
.0015607648371244152
.009917333385082883
.003563187493364427
.3300514787570127
.3906096389185232
.005897930719685603
.04789451782563532
.014606906870208155
.0004949320068783833
.012166206277462132
.0002992084246105381
.050456555885195424
.0377771891546231
.08890233682483908
.012147099642525189
.011056247285474604
.0016658737756263377
3853537931805314e-21
.01627701379424199
.03881425593328432
.402432388526402
.41670240751794907
.019341540461428944
.038727391082604465
.013724541508137776
.024765313672486387
.003365565131523675
.27957263301061264
.05471462493844214
.06489150099307134
.28707513466112966
.0006969406231205868
.41670240751794907
.01882564554362715
.0008970705125403722
.024250848413653124
.02502035213243242
.009682327648900984
.0981576238666749
.23883237338056595
.007228715339215709
.021796760485911525
.34239942607516455
.11576670212926984
.013626631366608206
.06869603919162928
.0002679172460857173
.021750548356954454
.17850213316107244
.0001301156796139921
.012664176506335346
.029110602595090115
.00038747524675468946
.003440618686506912
.0073935647491250485
.006147729048616855
.02123530392589264
.08629484015279085
.023068326839722476
.4099683887479289
.006904625829233636
.006827202109935009
.030998098505294704
.00023010616377154496
.011623976574249092
.06941935753339931
.3200624249423497
.30260686342257054
.06138075363235663
.04015694933327571
.06057162496491708
.4093533937784497
.3382458727673215
.010146102178957745
.008337547395151907
.39782814538345684
.03197757002010715
.20077386738874986
.004327384180206885
.0061676732211765305
.10770113921267342
.17629055734809587
.34945023139490083
.0005505412326811542
.02551371157380562
.19382368121675736
.21617960392018146
.1170577233452062
.41149037607137146
.1579624168501581
.02850190314743803
.00857555704301754
.3833505671765501
.41670240751794907
.2530277767866657
.03843172188598904
.006925953134374055
.014057507183389762
.012471704883007084
.4112094208450727
.0764028189608176
.0018878610389273635
.0029652318326899604
.01449484178536544
.05214528171519956
.007517895675350929
.35481063635326154
.0026753661803326843
.41670240751794907
.41670240751794907
.41670240751794907
.005152946056753955
.04753975215032019
.1231934445236312
.0738407166146075
.01432642993633536
.017461158829054007
.0210337758407911
.0006891242066055628
.00032819648994396664
.053976021640827744
.3373777281663756
.41670240751794907
.41670240751794907
.41670240751794907
.024652981001372264
.0005413626171441899
.3041599866774911
.21487256036343946
.005230024183206084
.015097590570200119
.41670240751794907
.03710391979328462
.1550287404840035
