.8846089696626676
.06619717746509478
67595969395386685e-22
42820151265326766e-23
14948379743585998e-21
.0016461363222202313
7.529992241149234
7.557810558395862
0
.02586985128194731
.08783601239621755
0
16.90612743727536
41.791115700778626
7.509104983573994
0
3.4589174592942564
0
0
0
.01544545472801792
0
0
0
3975206500148222e-260
1.015002920427199
21.027601044307396
50.5384054118898
14.872485811352938
35.67382398857705
2.547952149657268
0
2491533441900427e-20
0
1.6963676368562783
.004137224534389146
.00037643949771456743
.028395485359147033
.02463475484454983
23460308533193943e-21
.003726315437608754
33.125558618230215
33.12555659799034
35647046656860207e-22
35781934907672676e-22
0
0
1.4582533101673931
2.108432694975636
.5793678919851097
1.227764881616031
3.0943488851893
.00037345677274893546
3.5359554983286428
0
4.26411858146615
4.191037180407325
1.456019873189716
0
.31144182486072386
.5497471886711333
8.976322994499702
.16321110183867082
18.174876150135677
9.362155440471495
0
2.6783477375132607
3.3192694230458994
13.081073019235806
1.0508868177329402
7.603821516534959
37.68355141982227
1.536150837965168
13.114682682870754
32.981524966902214
38.85462358219203
4.44549357137794
1.4144380378368313
1.5370114240111408
5.273812265073537
13.806408392451099
12.095108923519685
.007501528506510922
.6851947135097829
1459514321895628e-26
0
0
.0020186912229728715
.03196533391351023
4.392159801991543
0
0
.7336815853081374
.054356181764741454
0
.00036958135812983916
.01793378262121845
.27269370374452134
.19253376172965114
3.040906255760476
.44191424357944165
.07307273128150919
3.074553734811816
.5335362368804768
0
0
0
5.152035627665366
.22348956184272856
.0031069606064176706
0
.0002138696073946343
1.4469965873011061
0
0
0
0
.0032304525588177455
0
.023621329213772184
0
.00028599718674912866
.02006876157746018
.19280325519651487
.5959730591520644
0
0
0
0
0
0
.22081689025188725
0
14099986235757125e-21
0
0
.009897685915079706
0
.40033282582495355
.12288338998012283
1.5905344286057004
0
34.012111515986
0
0
4.654386442457473
5522.842645276238
219.28309695087887
290.9899004722864
0
115.95080018747264
.10091751765156645
0
.05358650511866517
.14528917691894247
.007694542040568191
0
30.042259445628968
0
0
0
.14694096161424366
0
0
.005689779745424087
.18368682931689095
.35757966032530963
.41287559982391
.27067423307079524
.0057212712074816196
.0020104963806414507
.004390408032987866
.007323940667700518
.007577350711856627
.0029122226403818416
.01650348505642404
.2077897623525652
.0014207925921697212
.00837849559595981
.30466851663628947
.010594794965897348
.004039227319892489
.04520547730871398
.003831157051235161
.008932014618624563
.033142191194899036
.06522892088817522
.036518158660297076
.016618182711964656
.11118457772139519
.0206079037376696
.043763107204023745
.0007312965829133052
.0015607423321526515
.00991641803812077
.0035630699923676293
.3284700536111224
.3878829493899705
.00589760812749636
.047872411965872996
.014604912871250889
.0004949297459291293
.012164825977310693
.00029920759843315645
.05043196170714943
.03776356670101584
.08882300801984964
.012145723697794895
.01105510847832617
.001665848135062396
3853537794801323e-21
.016274534048992855
.03879986134575208
.39933210425008864
.41287559982391
.019338029418871278
.03871306201564138
.013722782524101966
.02475952904269643
.0033654603209717403
.27855541442538956
.05468558606641863
.06485024809447433
.28598705967524096
.0006969361390982571
.41287559982391
.01882232084826688
.0008970630822607191
.02424530421925927
.025014446374966384
.009681455350569673
.09805997724236772
.2381403069781887
.007228230178215468
.021792291579886568
.3406409666818355
.11562827459639978
.013624897541512335
.06864963310310167
.0002679165836935815
.021746098566428788
.1781474637425148
.00013011552339962812
.012662680237577825
.029102578142386527
.00038747386112559715
.0034405091419887116
.007393057134005983
.006147378474841548
.02123106443603169
.08622029747836871
.023063315542744534
.40655358709146167
.006904183322549548
.006826769501063464
.03098898392101045
.00023010567516866136
.011622717175643414
.06937193501501346
.31861104994462297
.3013590817111249
.06134397057509845
.04014152224502848
.0605358335645442
.40596799230857245
.3365491576812415
.010145143920974944
.00833690134624034
.3948858329188502
.03196786157103384
.20031157487605566
.004327210757438388
.006167320362886956
.10758237723755544
.1759456090519314
.3475812981365592
.0005505384349853896
.025507567855188585
.19339692981536552
.21563177068784029
.11691598962023289
.40799872969182555
.15769176432641774
.02849421506116283
.008574873438677227
.3808126964064443
.41287559982391
.25223284888219094
.03841761467616092
.006925507881430398
.014055661267524342
.012470253998243527
.4077324399840367
.07634497241756788
.0018878281031704679
.0029651505020709427
.014492878461826439
.05211897118386397
.007517370786898338
.35285245273903837
.002675299990227249
.41287559982391
.41287559982391
.41287559982391
.0051526999739766035
.047517979911647946
.12303538854659661
.07378682369071544
.01432451225901042
.017458302125208984
.021029617194662717
.0006891198226286392
.0003281954959025068
.053947781586344216
.3356936265729916
.41287559982391
.41287559982391
.41287559982391
.024647249315603206
.0005413599119787206
.3028951880331336
.21433236051509919
.005229770666351494
.015095459419179402
.41287559982391
.03709078682165956
.154768978280483
