.8861128374696408
.014150453244483252
13554097999541606e-22
8571265060301941e-23
29995077690893204e-22
.00033027933776987175
7.506531494175079
7.534167907407593
0
.025662737037128767
.08740754432450873
0
16.905751608381482
41.790301720962404
7.512134173432565
0
3.457737391435177
0
0
0
.015444478433590154
0
0
0
12351357015032277e-261
1.0174925632115195
20.179367600390414
50.530246737612096
14.870059714566892
35.67299190593491
2.5484271428802474
0
2489515026356481e-20
0
1.695477235755682
.004135403504465369
.00037391445750100267
.028381718548522616
.02462029269239759
23349987754116397e-21
.0037159183768210964
33.124332916007994
33.124331802103654
35656168576888075e-22
3577550397782542e-21
0
0
1.4587503203596905
2.109891784523356
.5797262023352414
1.22734712790674
3.0901356742834483
.0003732291433462515
3.5317934971907343
0
4.264921474614808
4.19192277795864
1.4565445786924944
0
.31155054311720415
.5499776873991983
8.978238938416968
.16305098814194208
18.18248222537072
9.367612124061226
0
2.67901031643028
3.3200813855937166
13.077604972503027
1.0503905117342727
7.603583802408788
37.682266929628554
1.5356520743001818
13.115996886802435
32.98447231354921
38.84997318481655
4.4486200548072015
1.414585859407286
1.5365128650707145
5.274126376095698
13.818841229074822
12.095354932182174
.00748419473217599
.6853437798050549
13597800113700331e-27
0
0
.002021345749019623
.0319713902540913
4.373093271523908
0
0
.7339364366787686
.05436867539655263
0
.0003700090378945228
.017934077703505382
.2724565634852654
.1925575003931041
3.0402386296985697
.44196530914168974
.07298981997974871
3.074654889949335
.5338463009023776
0
0
0
5.1530172189877685
.2234787142695706
.003111612027137558
0
.00021376599524124883
1.4489224661152629
0
0
0
0
.003229208253340302
0
.023616947210390225
0
.00028623558616780047
.020063295127663167
.1928760573192709
.5960114993821536
0
0
0
0
0
0
.22079111862099204
0
6356662874929717e-21
0
0
.009893559264519815
0
.39970080628129395
.12271791024257207
1.5877342621314072
0
34.009536956814216
0
0
4.653831340727132
5522.695352400533
219.27602933403986
290.98959872247724
0
115.94090940390114
.10083664270901174
0
.05350444146009344
.14502406713407404
.007695302477919526
0
28.75727745594037
0
0
0
.146761986374772
0
0
.0056897308131167255
.1836249819764116
.3572478069965327
.4122551561506366
.2705203153917249
.00572122173062874
.0020104902910330247
.004390378931761473
.007323859472751009
.007577263781245484
.0029122098530607564
.016503069346408772
.20770791187770807
.0014207895525651098
.008378389235065469
.3044596180100692
.01059462455385043
.0040392026956829995
.045202273380081336
.003831134902690807
.00893189368014045
.03314048870652674
.06522211769604619
.03651608507849442
.016617761159551724
.11116383198445054
.020607253104784354
.04376010862482853
.0007312957781324363
.0015607386637921476
.009916268841285138
.003563050839650226
.3282129948227002
.387440296891024
.0058975555454828625
.04786880959853853
.014604587868058188
.0004949293773872558
.01216460099827041
.00029920746376349084
.050427953904216505
.03776134665779394
.08881008385086686
.01214549942863358
.011054922859787692
.00166584395559575
38535377724691815e-22
.01627412987741716
.03879751548231973
.39882901556211825
.4122551561506366
.019337457166734406
.038710726828825454
.013722495824753015
.02475858625533606
.003365443236784558
.2783899553158784
.05468085408699813
.06484352621003214
.2858100908611333
.0006969354081892401
.4122551561506366
.018821778966634325
.0008970618711042706
.024244400615802242
.025013483847418937
.00968131317025652
.09804406970173331
.23802768790794157
.007228151098315652
.02179156321899956
.3403551887237483
.11560572610589633
.013624614942703249
.06864207171592196
.0002679164757214385
.02174537332087837
.17808971818623856
.00013011549793614326
.01266243635715128
.029101270337444415
.000387473635263546
.003440491286169225
.0073929743942210925
.006147321331951446
.02123037346418181
.08620815285948376
.023062498786525543
.40599966449634234
.0069041111950581885
.006826698986861339
.03098749846507352
.000230105595524734
.011622511902079418
.06936420804539964
.31837509523524565
.30115617706394476
.06133797689429805
.04013900813603774
.06053000144264823
.4054188196634597
.3362733948971924
.01014498773005931
.008336796042691523
.39440829235821534
.031966279338358744
.2002363204964522
.004327182489562759
.00616726284763139
.10756303102586791
.17588944525263484
.34727760415451203
.0005505379789522747
.025506566547216607
.1933274569200669
.21554260358787686
.11689290278579909
.4074323937962245
.1576476909696148
.028492962072057034
.00857476201387884
.38040060984517027
.4122551561506366
.25210350970552514
.038415315641159936
.00692543530631395
.014055360399581803
.012470017514813095
.40716847290705416
.0763355473754324
.001887822734578214
.0029651372450992526
.01449255845824276
.05211468373121829
.007517285231668252
.3525342877288157
.0026752892011574513
.4122551561506366
.4122551561506366
.4122551561506366
.0051526598627136076
.047514431903776036
.12300964408258516
.07377804267957498
.014324199695047835
.017457836516519745
.02102893939834066
.0006891191080272917
.00032819533387046246
.05394317975668051
.3354199099092442
.4122551561506366
.4122551561506366
.4122551561506366
.02464631515654762
.0005413594710283102
.30268952041620134
.2142444348181094
.005229729343358092
.015095112062421203
.4122551561506366
.037088646540748865
.15472667738331009
