.8876520387076245
.003961321695636682
3608429477313172e-22
2278304727836752e-23
7972911727503173e-22
879307394720693e-19
7.482365416434282
7.509809355092312
0
.025446554572801077
.08696749653682519
0
16.905366786611115
41.789335785432776
7.515331443227214
0
3.4564565316873317
0
0
0
.015443479264992264
0
0
0
3620946891995898e-261
1.0199127621487647
19.46900272276903
50.52216247958994
14.867497049882308
35.671738447946055
2.548892608497442
0
24871981908068257e-21
0
1.6945649487982708
.004133156933015461
.00037160759337952334
.028364726700817328
.024603249342912803
23252198737000788e-21
.003705180431688998
33.122683385300675
33.12268304392024
35666113495227924e-22
35769653229086334e-22
0
0
1.4592304550956952
2.111396346149083
.5800114832450393
1.2269175813872688
3.085828900085026
.00037299624791641364
3.527537817458946
0
4.26577342178491
4.192858830070991
1.4570572041982701
0
.3116651907789976
.5502225333586729
8.980270581342607
.1628717398220594
18.18895050127168
9.371818219426684
0
2.679716668745718
3.320953629254653
13.074143897394723
1.0499281034234875
7.603349589351868
37.68095254050152
1.5351417570659145
13.117054893768564
32.98748367849909
38.84531561828855
4.451895404240341
1.4147368860334726
1.536002759282989
5.274363252413829
13.828000116105025
12.095605355782348
.007468599357938102
.6854930338726257
12646820160560065e-27
0
0
.002024089300856756
.03197534550121688
4.353561420245989
0
0
.734175778876415
.054381215944203504
0
.0003703151768641177
.017930839846429063
.2722138365263404
.19258160260734078
3.0395806272343364
.4420162238898169
.07290557553078775
3.073988406107945
.5340419044084346
0
0
0
5.153198302214741
.22346760698730353
.0031156454105584004
0
.00021366815174535383
1.4507519325981026
0
0
0
0
.003227659623974878
0
.023612555395989665
0
.00028645871116040846
.020057707416459587
.19291414745236882
.596055925136274
0
0
0
0
0
0
.2207647122607809
0
2713891189912672e-21
0
0
.009889462920126546
0
.39905497874698265
.12254873990659072
1.584881538165841
0
34.006902877230296
0
0
4.653157746023668
5522.544602940932
219.26879589915993
290.9892898833689
0
115.93078710966111
.1007535370434886
0
.0534205799716779
.14475326035535177
.007695925916295722
0
27.718317645174427
0
0
0
.14657916100408655
0
0
.005689680731578718
.18356170309390424
.3569084756757466
.41162110059860363
.2703628720438985
.0057211710917583975
.002010484058368118
.004390349147000408
.007323776371055209
.0075771748092290725
.002912196765359221
.01650264388011431
.20762417170964903
.0014207864415516065
.008378280376616051
.30424595962252726
.010594450140804375
.004039177493082225
.045198994410167385
.0038311122338981576
.008931769901897731
.033138746308687496
.06521515539741618
.03651396289973343
.01661732971382222
.11114260283402595
.020606587206526257
.043757039806657086
.0007312949544441275
.0015607349092523035
.00991611614138867
.0035630312370456114
.3279501047451468
.3869877673481511
.005897501728538432
.04786512287415109
.01460425523639236
.0004949290001867614
.012164370737647662
.0002992073259298191
.050423852267612576
.037759074589719915
.08879685797536428
.012145269894548021
.01105473288336192
.0016658396779432353
3853537749612345e-21
.016273716220208963
.038795114649607255
.39831476309554537
.41162110059860363
.019336871487047522
.038708336922569385
.013722202395594546
.024757621354325302
.003365425751293557
.27822071050970154
.0546760113535466
.06483664711614685
.28562907755538686
.0006969346601082816
.41162110059860363
.018821224369626813
.0008970606314933489
.024243475817020535
.02501249874360281
.009681167651573733
.09802779108504642
.23791247799859835
.007228070161326496
.021790817770454527
.34006294466678844
.1155826523910751
.013624325710294125
.06863433353609126
.000267916365212531
.021744631060702787
.17803063527863358
.000130115471874398
.012662186751608805
.029099931866432956
.0003874734040949937
.003440473010922545
.007392889711420702
.0061472628470370175
.021229666281208814
.0861957246737148
.023061662870539953
.4054335089771957
.006904037373708965
.006826626816679584
.030985978182027526
.00023010551400959813
.011622301809359461
.06935630042157719
.31813377770823015
.300948646631454
.06133184299815966
.04013643512101539
.06052403287666054
.4048575134571014
.3359913870356475
.010144827871922269
.008336688266409174
.39392012996617704
.03196466001216037
.20015932728851418
.004327153557723544
.006167203981608147
.10754323387673835
.17583198044759427
.3469670496418589
.0005505375122050359
.025505541754178726
.19325637759916545
.21545137968502953
.11686927824607875
.40685356585126586
.15760259486320588
.028491679700980047
.00857464797264992
.3799793030581315
.41162110059860363
.2519712003775433
.038412962732713
.006925361026829952
.014055052469404538
.01246977547983943
.40659206316794155
.07632590209645497
.0018878172398664912
.002965123676715887
.014492230943479437
.05211029590993549
.007517197667323087
.35220894449491563
.002675278158643106
.41162110059860363
.41162110059860363
.41162110059860363
.005152618809358307
.04751080080965212
.1229833003296277
.07376905644034645
.014323879794445582
.017457359981195464
.02102824569979005
.0006891183766371258
.0003281951680315519
.05393847021334031
.3351399933698662
.41162110059860363
.41162110059860363
.41162110059860363
.024645359086052934
.0005413590197181251
.30247916523973256
.2141544806543839
.005229687049817507
.015094756552779642
.41162110059860363
.03708645610174621
.15468339459710942
