.9009706107253619
0
0
0
0
0
7.267304041264966
7.293001148722936
0
.023528597282642866
.08310017434149206
0
16.902030169273388
41.774870015892965
7.545328844294257
0
3.440264414102805
0
0
0
.015434836246840392
0
0
0
44805623077797134e-267
1.0374232079918144
16.110111900981064
50.45127483534281
14.843038510947618
35.64905343841118
2.5522891274334483
0
24579064531357444e-21
0
1.6866275182207213
.00409843515202
.0003546274641348119
.028110262030031943
.02436661483780442
22516779081010736e-21
.0036085133147620903
33.09698422261468
33.09698813145743
35756507181431677e-22
35746427633579996e-22
0
0
1.4624069308820022
2.1244928370475717
.5812975784159173
1.2225418739383773
3.048792616497837
.00037097420446489097
3.490794869077861
0
4.273865740949385
4.201663220596457
1.4604593643848802
0
.31273685181191435
.5525659850363789
8.997142837217766
.1611594654841709
18.223808680752768
9.388040505675065
0
2.685549376258385
3.3294734798780086
13.046564828221383
1.047098780871451
7.601565297180029
37.66958635003111
1.5307330420859921
13.106038303278794
33.013317787996144
38.8063056303872
4.482235876657137
1.4160321337379422
1.5315958916628105
5.275175216145142
13.85502379497185
12.097690633029544
.007347856966844951
.6867263453180565
6738042922225145e-27
0
0
.002048530022131131
.03197678066333974
4.192522280734181
0
0
.734728726011569
.05448314412189239
0
.0003710341145012761
.01785111674571974
.27011795019494783
.1927826924584982
3.0345622138855473
.4423078417296747
.07219274981505938
3.056944295120443
.5339442826164117
0
0
0
5.142747332750944
.223371291955086
.003140254306999868
0
.00021294703772549016
1.4663967154983342
0
0
0
0
.0032098532817557293
0
.023576770484201474
0
.0002880936562716416
.020008233457651205
.19271605112225396
.5965241539989667
0
0
0
0
0
0
.22053435518826595
0
7570541226211281e-23
0
0
.00985705978889704
0
.39351053171994804
.12109333125885346
1.5607393710296287
0
33.984134329144574
0
0
4.640019020962438
5521.240353054327
219.20621559207675
290.98661753960084
0
115.84323669296093
.1000315270997589
0
.052700402745429316
.14243236699102851
.007697241854708234
0
23.58357274721999
0
0
0
.14501147486970306
0
0
.0056892473988746015
.18301506642899162
.3539856999795498
.40617524136346983
.26900434985197547
.005720732936815364
.0020104301284775013
.0043900914305389106
.007323057338818383
.007576404985878114
.002912083521093082
.01649896281600842
.20690098395627196
.0014207595225117274
.008377338493158845
.3024034431406405
.010592941080067985
.004038959423776561
.045170631705578876
.0038309160884442764
.008930698931358099
.03312367331979455
.0651549422739424
.03649560502481556
.016613596919908838
.11095907810654235
.020600826146430423
.04373049458097523
.0007312878271808739
.001560702421928692
.00991479494090395
.0035628616219475864
.32568411617250004
.38309407757371466
.005897036075792795
.04783323383036688
.01460137732041788
.0004949257363162887
.012162378494884997
.0002992061332699144
.05038837509902953
.0377394202943267
.08868249787234952
.012143283937584959
.011053089170509369
.0016658026642535429
38535375518341665e-22
.016270137320097525
.038774346660310474
.3938925832947362
.40617524136346983
.01933180439333899
.03868766343637881
.013719663641092688
.02474927372163626
.0033652744546822503
.2767605405545265
.05463412551744745
.06477715339564472
.28406756550052065
.0006969281870635247
.40617524136346983
.018816426173250644
.0008970499053213479
.024235475088149435
.025003976347592872
.009679908582640503
.09788704648519846
.23691790283836925
.007227369858574388
.02178436853508047
.3375446395160075
.11538318981165492
.013621823264280233
.06856741217231446
.00026791540899064303
.021738209407160335
.17752021402545293
.0001301152463646421
.012660027142427506
.029088352765956747
.00038747140381974
.0034403148808853402
.007392156999156264
.006146756805488341
.021223548073256892
.08608825948214
.023054431028765626
.40056746971348783
.006903398637074548
.006826002366350226
.030972826422023644
.0002301048086675514
.011620484054253276
.06928791409036088
.3160533026359112
.29915886627430155
.06127879254882643
.04011417793698337
.060472411976253485
.40003292155006254
.33356105377768447
.010143444738811758
.008335755745968159
.38972125775831556
.03195065155135352
.199494347047605
.004326903221159186
.006166694642586348
.1073720829982511
.1753355259946346
.34429142069551055
.0005505334734990341
.025496676030124586
.19264242490549957
.21466363799918362
.1166650564948725
.4018792373990333
.15721292059700182
.028480585867678404
.008573661247334222
.37635320484021584
.40617524136346983
.25082923556338343
.0383926092419393
.00692471832630355
.014052388258574772
.01246768136882583
.401638396349641
.07624249323227637
.0018877696952804123
.0029650062732890564
.014489397296321547
.05207234390626338
.007516440023394342
.34940628811140184
.002675182610647774
.40617524136346983
.40617524136346983
.40617524136346983
.005152263591970024
.047479392860310735
.12275558565637122
.07369134500468505
.014321112021210818
.017453237106431575
.021022244143262515
.000689112048015203
.00032819373304564367
.05389773611965318
.3327276353111747
.40617524136346983
.40617524136346983
.40617524136346983
.024637087841450453
.0005413551145867695
.30066507490967925
.2133776908864445
.005229321101839897
.01509168070897909
.40617524136346983
.0370675078289167
.15430937777683437
