.9099260925795349
.04879613228922843
34532999227041817e-22
2143962555339356e-22
7430675376080095e-21
.0008428878370477529
7.116772943011843
7.141311560994122
0
.022252376763740023
.08044515605235929
0
16.899779889894862
41.75873952962907
7.567543891386455
0
3.425200964175592
0
0
0
.015429027353504637
0
0
0
14938861342983842e-270
1.0471464820651935
14.93813244827381
50.401038173567954
14.824776986584443
35.62605954012568
2.5542273195079748
0
2430270087657658e-20
0
1.6812444340180543
.004061421366113544
.00034326945565964234
.02784615003037912
.024128177693316846
21964731429431618e-21
.0035398061900334308
33.07219840078844
33.072203942636435
35820100230343444e-22
357531785926199e-20
0
0
1.4637509264253437
2.1334648690842806
.581899985375862
1.21892216337305
3.0241205855795084
.00036960839999342326
3.4661769006331835
0
4.279933928635697
4.20819593374748
1.4619049338958474
0
.3135267690265779
.5543665207983615
9.007699394865957
.16003021467838244
18.241727471059374
9.394287888986845
0
2.6891593096039554
3.336043236511065
13.02950342574696
1.0459988490532757
7.6005155647404035
37.66194831197522
1.5277756263810336
13.08200221385964
33.03046581507122
38.77980954511948
4.504645068318416
1.416891415944692
1.5286397316586402
5.275433754709234
13.861158620776557
12.099001597015105
.007255922214948602
.6875307915677095
44026242484916896e-28
0
0
.0020656174504928813
.031970159828791166
4.095164963980219
0
0
.7338453582408402
.05454583032073057
0
.000371072333880237
.01778568478671097
.2687156968275345
.19291080034149374
3.031607820801298
.44236072654129277
.07172773910250624
3.0428500151109406
.5334521132604071
0
0
0
5.132975188910187
.2233063225886392
.0031550444028973675
0
.00021252047422653942
1.4781984780747184
0
0
0
0
.003196187003958622
0
.023554620350044558
0
.0002891638897309752
.019975984262204795
.19250388983482655
.5969283173419186
0
0
0
0
0
0
.22037789963413712
0
10121000350227684e-23
0
0
.00983790933635055
0
.38982629170284927
.12012320593835835
1.5450496556796436
0
33.96883975225179
0
0
4.625129383769438
5520.3635413765305
219.1641462885538
290.98482065459643
0
115.78440448501946
.09954763802323915
0
.0522216187148989
.1408941309930663
.007695238726477925
0
22.282850199864377
0
0
0
.14397113280066545
0
0
.005688956042112467
.1826484204841029
.35203387930951463
.40255398558876454
.26809471230285015
.00572043833786386
.0020103938665326855
.004389918149063827
.007322573897238267
.007575887396354668
.0029120073774951106
.016496488109728938
.20641612536893417
.0014207414222864574
.008376705225023994
.3011708029194651
.010591926500101507
.004038812799383073
.04515157047317595
.0038307842047973083
.008929978877019214
.03311354201330636
.0651144858972986
.03648326627750445
.016611087440010074
.11083584548332001
.02059695328323846
.043712654478848034
.0007312830348085029
.001560680577651946
.009913906657333767
.0035627475763528784
.32416926291839665
.3804979908604388
.005896722988971334
.047811803406509944
.014599442512601443
.0004949235416837432
.012161039083239527
.0002992053313214383
.05036453408951065
.03772621038941911
.08860568432728408
.012141948751676922
.011051984066272124
.0016657777765052768
3853537418847025e-21
.016267731290323238
.03876038840031241
.3909467236930897
.40255398558876454
.019328397997962914
.03867376867791731
.013717956832554846
.024743662309636906
.0033651727258242484
.27578302547211914
.0546059792917712
.06473718018515262
.2830223988735067
.0006969238345860548
.40255398558876454
.018813200527138745
.0008970426930557867
.024230096838231054
.024998247473916668
.009679062069761902
.0977925226723882
.23625148380586383
.007226899009261533
.0217800331066152
.3358618114011515
.11524926364209978
.01362014086411474
.06852245056783561
.00026791476602364947
.021733892517971636
.1771778270169957
.00013011509473084856
.012658575216316076
.029080569505149503
.0003874700588293472
.0034402085574559184
.007391664360188942
.006146416563760969
.021219435147652368
.08601607463455971
.02304956957332025
.39732839889208266
.0069029691802379835
.006825582514594984
.030963986244308656
.00023010433439285433
.011619261945472132
.06924196865886635
.3146620350480045
.29796139671128524
.061243146935167456
.04009921902290825
.06043772655338325
.3968212080904434
.33193677632063545
.010142514818451243
.008335128772690787
.3869231073116436
.031941235636471825
.19904845326840911
.004326734901604991
.006166352183849246
.10725715337323331
.1750024956449869
.34250392400446344
.0005505307578673286
.02549071640081086
.19223069675976492
.21413557618476778
.11652793734591949
.3985687129962265
.15695144333090227
.028473128741385734
.008572997831592035
.3739344729570339
.40255398558876454
.2500642835464483
.038378929505734335
.006924286204434081
.014050597112363812
.012466273474679143
.39834150275864644
.07618645990467818
.0018877377267097284
.0029649273331860304
.014487492247758308
.052046840310630414
.0075159306223414385
.34753431685956315
.002675118365563374
.40255398558876454
.40255398558876454
.40255398558876454
.0051520247555928485
.047458285655708844
.12260270616348977
.07363913743843407
.014319251255816618
.01745046541001343
.021018209626416325
.0006891077926473242
.00032819276815667053
.05387036358665524
.3311153234129913
.40255398558876454
.40255398558876454
.40255398558876454
.02463152777147033
.0005413524887705789
.29945139187810416
.21285695800318322
.005229075050783914
.015089612846926451
.40255398558876454
.037054772348605436
.1540583954111639
