.9144501323202643
.13253693185597132
9201490428667755e-21
5694744859287407e-22
1964288432289228e-20
.0022445723246001816
7.038434815945542
7.062403700533182
0
.021619394609977194
.07908911147569442
0
16.8986411040843
41.748645462639594
7.579405924871741
0
3.4168602430229313
0
0
0
.015426093706808051
0
0
0
23885312374766782e-272
1.051786130573796
14.479015889097303
50.374095601927166
14.815048142272369
35.61280889085304
2.5551591470100314
0
24142433354057934e-21
0
1.6785108027158462
.004039087648451851
.0003373275621015819
.027688302033410245
.02398673919080356
2165930419893361e-20
.003503734020702963
33.0580808075069
33.05808707105994
3585398283577915e-21
35762056776560773e-22
0
0
1.464228528259882
2.138096231887153
.5821871571634294
1.21696664564824
3.011727408622242
.00036891727743629856
3.453774119384834
0
4.283194006431844
4.211686324888129
1.462421289890375
0
.31394748899620234
.5553539292237918
9.013011594822784
.15947244141410227
18.250384955355923
9.39708414538485
0
2.690975322210504
3.3396229644977162
13.021117450493602
1.0456097846631847
7.600007869804338
37.658090917098356
1.5262837657794592
13.066895899925001
33.0390609581469
38.766003431215736
4.516653525235249
1.4173219608493128
1.5271485106035252
5.275541919154291
13.863341107014552
12.0996355867394
.007204737085869678
.6879319460570166
35483038370747435e-28
0
0
.002074458460831126
.03196622502644936
4.049142561208098
0
0
.7331746679709791
.05457556019935831
0
.0003710577268643577
.01775176520319753
.26800980407732833
.19297336947524588
3.0301803076311917
.4423505617835761
.07149716835245297
3.035514578146334
.5331657914113709
0
0
0
5.12783625341286
.22327343873672498
.003162580602689838
0
.00021231429875138608
1.4844764226912035
0
0
0
0
.0031889181219552673
0
.023544017892192712
0
.0002897179588578188
.019960603556549467
.1924098691014091
.5971686187852284
0
0
0
0
0
0
.2202985605876065
0
3502958660672326e-24
0
0
.009829049218494318
0
.38797841863245575
.11963572227673612
1.537289366293805
0
33.961116907653974
0
0
4.616506425364144
5519.920655461427
219.1428972129394
290.9839129266235
0
115.75469558556293
.09930398261805068
0
.05198140841112662
.14012381393850426
.007693525086337999
0
21.788891447662966
0
0
0
.14344963572826333
0
0
.005688808863123099
.18246348134090698
.35105197355844653
.40073692867337274
.2676363608796664
.005720289521113094
.002010375548338845
.0043898306150812584
.0073223296892444105
.007575625939157787
.002911968912799394
.016495238103763573
.20617162155618132
.0014207322786854025
.008376385335232812
.30055002168747674
.010591414001801271
.004038738731178704
.04514194437081207
.0038307175828766367
.00892961514932357
.03310842516053843
.06509405810548669
.036477034699998016
.016609819870452017
.11077364411604565
.02059499710619692
.04370364496365214
.0007312806138582422
.001560669542697407
.009913457953481057
.00356268996534077
.3234066855163486
.37919322198769184
.0058965648332573025
.04780098105228702
.014598465203431804
.0004949224330251719
.012160362508892587
.0002992049262020358
.05035249461836654
.03771953890128621
.08856690573592046
.012141274311779603
.011051425842898517
.001665765204105706
3853537351665927e-21
.01626651597181223
.03875333901816595
.3894669505508125
.40073692867337274
.019326677417805666
.03866675136173296
.013717094685010336
.024740828076997748
.003365121336637854
.2752905276662377
.05459176617940747
.06471699630192744
.28249587504054835
.000696921635855845
.40073692867337274
.018811571238095834
.0008970390496584663
.024227380362110564
.02499535391850296
.009678634465092751
.09774480679590566
.23591554198313483
.007226661162030403
.021777843306754474
.33501488958142306
.11518166728488073
.013619291045215826
.06849974852926542
.0002679144412166738
.021731712081486176
.17700511455245418
.00013011501813008962
.012657841810276517
.029076638427981822
.0003874693793824798
.0034401548473105433
.007391415506300343
.006146244691046807
.0212173577245301
.08597963203787436
.02304711410218087
.39570208886258984
.00690275224173432
.00682537042794996
.030959521412047008
.00023010409480393165
.01161864462178417
.06921876999475399
.3139615386349575
.29735829465578073
.061225147728424724
.04009166435090986
.06042021208662732
.3952085634623503
.3311192497167616
.010142045083101401
.008334812062601005
.38551721306795833
.031936480054848344
.19882358019953425
.004326649874124471
.006166179191238696
.10719914116582203
.17483449930338982
.3416044657676757
.0005505293860170642
.025487706305174593
.19202303876857757
.21386930931942258
.11645873016313837
.3969067178028289
.1568195182737716
.028469362368097148
.008572662713454256
.37271851853147225
.40073692867337274
.24967874018814912
.038372020768182524
.0069240679197308435
.014049692366036802
.012465562309398902
.3966863142473868
.07615816921318896
.0018877215773563658
.0029648874558222756
.014486529969822096
.05203396141138714
.0075156733013951715
.34659246968017543
.0026750859114680306
.40073692867337274
.40073692867337274
.40073692867337274
.005151904106856791
.047447626499222774
.12252554844776317
.07361277781170594
.014318311345095671
.017449065399799582
.021016171804385694
.0006891056429736114
.0003281922807248972
.05385654109283493
.3303038046887422
.40073692867337274
.40073692867337274
.40073692867337274
.02462871946862445
.0005413511622921573
.29884013960694816
.21259438276813192
.005228950757601703
.015088568333013551
.40073692867337274
.03704834043110071
.1539317619183191
