.9332275265210977
.02614034440295087
17214650939191932e-22
10518285079648362e-23
36185853713706815e-22
.0004209079929490849
6.697724191870891
6.71939764324446
0
.019094845676000716
.07337237567812965
0
16.89390039658043
41.69320734265038
7.633646882820854
0
3.3801130712430676
0
0
0
.015413923329924422
0
0
0
4656262079195026e-279
1.069531073044653
13.103380969814413
50.249516050979814
14.770998867576006
35.54756073889006
2.5588167354821376
0
2335086821691731e-20
0
1.667063226396868
.003923777004610447
.00031130657150680105
.026882048986921016
.02326983671657827
2022793894725661e-20
.003344704306655222
32.98942614309704
32.98943517684544
360111148042683e-20
35831628792258295e-22
0
0
1.4648964977956769
2.1583109091626826
.5833300630014276
1.20855170396161
2.960789676960196
.00036604129528078106
3.4025432605372883
0
4.298234483529323
4.227650405208645
1.4632639278019184
0
.3158636068319394
.5600593478297634
9.035673370758001
.15721412742965607
18.285583362912075
9.407375505765616
0
2.698762174983397
3.356510454070237
12.987731945177902
1.0451444312918121
7.598037597025638
37.642087500928305
1.5201069296424428
12.99513864016287
33.07425562275556
38.70490185804885
4.5718413703372445
1.4190837637970224
1.5209743701422038
5.275908774797968
13.86911045632855
12.102067011435663
.006961733289724252
.6895629248779104
14378290385477472e-28
0
0
.0021128050543699124
.031947712841342533
3.879318953183684
0
0
.7297015147795463
.054683918697389644
0
.00037087551443673226
.017608106498684262
.2650984763642969
.19321823315378156
3.0246497317660728
.4420550617138039
.07057246223665838
3.004208507972828
.5318122938749351
0
0
0
5.105813809031699
.22313649628597956
.0031952129872369244
0
.00021152824502346687
1.5121061495691739
0
0
0
0
.0031561564769684533
0
.023504507901932054
0
.00029216563746521586
.019906232079456843
.19218168683604547
.5984859650457546
0
0
0
0
0
0
.21996810100623038
0
0
0
0
.00979854673760562
0
.38040298745900275
.11763091271352391
1.5062519037808841
0
33.929084397671
0
0
4.577108287597393
5518.082801281646
219.05472321876343
290.98014535825064
0
115.63146784545276
.09829867470356124
0
.050996150816059974
.13697430952072823
.007681978808348155
0
20.314956136607037
0
0
0
.14131301541972835
0
0
.005688198025478732
.18169787582940028
.3470056807382625
.3932823305705145
.26574229681559414
.005719671886488894
.0020102995189723383
.004389467316836874
.007321316171192707
.007574540836283856
.002911809267388062
.016490050864884018
.20515988041194547
.0014206943280559575
.008375057737256606
.2979870657172486
.010589287101048752
.004038431319602681
.04510201238276758
.003830441075570949
.008928105626345868
.03308719569786735
.06500933937565656
.03645118140684412
.01660455975392141
.11051584519151239
.02058687982024164
.04366627008368298
.0007312705655933233
.0015606237420567718
.00991159578877953
.003562450856115783
.3202606723786728
.3738253209481064
.005895908440467312
.047756088170604394
.014594409501634688
.0004949178314743173
.012157554734460022
.00029920324472693175
.05030255457085691
.037691860956451086
.08840613336741948
.012138475394647604
.011049109192831532
.0016657130223549355
3853537072825342e-21
.016261472664079867
.038724093686676314
.38338465815703116
.3932823305705145
.019319537647183423
.038637639028672406
.013713516850773174
.02472906783402186
.0033649080500361126
.27325575851671724
.05453281303498408
.06463328869875741
.2803209442521054
.0006969125099217651
.3932823305705145
.018804810249752498
.0008970239276002943
.024216108662364205
.024983347561466793
.009676859859114768
.09754700690634542
.23452628645209775
.007225674041458284
.021768756717756122
.33152243752661764
.11490152663211804
.013615764369619653
.06840560224209734
.00026791309308316275
.021722664340810303
.1762900551466307
.0001301147001929034
.012654798203135621
.02906032785234132
.00038746655929583495
.0034399319279550763
.007390382707584095
.006145531370764744
.02120873738494723
.08582853904090738
.023036925265594362
.38902279683233837
.006901851893735532
.00682449021555089
.03094099664381189
.00023010310037332508
.011616082720259763
.0691225651052053
.3110707002066029
.29486809057322844
.06115049708549724
.04006032328195797
.06034757110624952
.3885848965217268
.32774750419082677
.010140095640926742
.008333497660289183
.3797363244569121
.031916749194219884
.197892938477351
.004326296978524244
.006165461223239133
.10695869198227839
.17413893888215726
.33789636826787633
.0005505236920777163
.025475216457784774
.1911635324112219
.21276768134091195
.11617191919850726
.3900822181729674
.15627313683094454
.028453735054585406
.008571271918435604
.36771371751954507
.3932823305705145
.24808485438188313
.03834335878306147
.006923161984901504
.014045937765638701
.012462610993795179
.38988950636642894
.07604085864750729
.0018876545496309715
.0029647219473196195
.014482536640274542
.05198054054970599
.007514605364083017
.3427104603438807
.0026749512123192
.3932823305705145
.3932823305705145
.3932823305705145
.0051514033746825885
.047403410388646296
.12220581776480234
.07350347085897596
.014314410828760123
.017443255744230248
.021007715770291736
.0006890967206500373
.00032819025760749085
.05379920761002935
.3269567337748052
.3932823305705145
.3932823305705145
.3932823305705145
.02461706680167419
.0005413456566705283
.29631639487666955
.21150800056163827
.005228434900237608
.01508423376600058
.3932823305705145
.03702165616674132
.1534072709614322
