1.0120517306856485
0
0
0
0
0
4.9322871509599615
4.946586123425309
0
.010578897908219627
.049082593594552096
0
16.873770731116743
41.2058727930801
8.00971189182124
0
3.2376874881327016
0
0
0
.015362938916120226
0
0
0
18463083962481277e-316
1.1443979582438712
10.48160396753779
49.21870051163309
14.47418820878893
34.97207414315207
2.5660687741231643
0
18430936349987114e-21
0
1.617267746917391
.003141792887935001
.00018465102844201576
.021528987616424834
.018572248320653406
1255201598726453e-20
.0024844102060897788
32.40916228391906
32.409192108780125
3727013291003655e-21
3665889003558982e-21
0
0
1.4337041155504475
2.2762300995019604
.5876837111675798
1.1798840345451094
2.7555471608005266
.0003536669330901427
3.190359221886683
0
4.404759495973475
4.337277484018189
1.433275940154805
0
.3289869766425055
.597607670860572
9.175835694725873
.14826988106332245
18.463053601073756
9.435795678160336
0
2.74964811006976
3.487473844806148
12.860409245770144
1.066732838092473
7.590814119180503
37.57501337422591
1.494440840414595
12.730224426671278
33.213724804083164
38.287890374552944
4.9561156926067635
1.4260436524829996
1.495320105306387
5.276548590254284
13.857096351638727
12.108952005610215
.005469746676422882
.6958673573114703
3077120493346666e-29
0
0
.0023225600263250597
.031845155960611084
3.4304180023691733
0
0
.7177566405945717
.054856399086825366
0
.0003687780499106668
.01697912842131076
.2532152623019998
.19400103578670655
3.004885455286721
.43509716737327153
.06747935324206165
2.862468493028599
.5238570088783974
0
0
0
5.006321131075252
.22255354041923645
.003386388034333104
0
.00020911442719533414
1.6491567811885663
0
0
0
0
.0029473399081449817
0
.023463288273037206
0
.0003075319770035435
.01999137296521095
.19664642193875784
.6141302940706325
0
0
0
0
0
0
.21857781836501555
0
0
0
0
.009849176247962445
0
.3502032787168775
.10953526564624622
1.3951457658248823
0
33.79493649568198
0
0
4.414927259041606
5510.374485564119
218.68497115810018
290.96433029986787
0
115.11560898633273
.09418468119117977
0
.04705995246104928
.12455594323537585
.0075794129380984555
0
17.45135011916678
0
0
0
.132779640112136
0
0
.0056856345517689475
.17851888907289395
.33052266476094816
.3634724664805154
.2579364890332274
.005717079892236293
.002009980392407784
.004387942582576997
.007317063130613264
.007569987460330439
.002911139199460696
.01646829353712262
.2009666524293368
.0014205350290357663
.008369487009227445
.2874645135799141
.01058036340379049
.004037141115033511
.04493476991464839
.0038292805641758896
.008921771697364456
.032998226549327485
.06465490626716452
.03634285357745902
.016582496875734012
.1094401798558013
.02055283976834003
.04350972528682562
.0007312283862476238
.0015604314936718594
.009903782563697025
.0035614472926340413
.30738470097230103
.3521084384296671
.005893153815839384
.047568095250226476
.014577396666417282
.0004948985154384588
.012145775261445835
.00029919618629274853
.05009345482101921
.03757589520355355
.08773441700211271
.012126733069533767
.011039389599474755
.001665493990359616
3853535902301745e-21
.016240318796978168
.03860156750595735
.3588714698278939
.3634724664805154
.01928959490809278
.038515669503072815
.013698507909056613
.024679761354445325
.0033640128578012515
.26487694891039065
.05428603183571298
.06428307846246961
.27137215742767984
.0006968742021564193
.3634724664805154
.018776455307642808
.0008969604506361353
.024168849229589368
.024933009868995
.009669413923903305
.09672103521161216
.22878313115309826
.007221531753408522
.021730654156199864
.3172545577406611
.11373295949078913
.013600969964941248
.06801180226428456
.00026790743392937996
.021684724591982743
.17331974087057206
.00013011336555689062
.012642029656908601
.028991958678140875
.0003874547212911377
.0034389963092189765
.007386048774081038
.006142537880526378
.021172588905978906
.08519716848977774
.022994203436821865
.3621924150126643
.006898073671922688
.006820796476676338
.03086335377019939
.00023009892597511327
.011605334468901576
.06872017048105046
.2992230298983749
.2846401450340274
.06083811851369573
.03992902604875718
.06004358859513924
.36196961561185603
.31396404800717753
.010131916312100546
.00832798229116666
.3563999151854849
.03183405540854611
.1940335557520113
.004324815898743548
.006162448231547082
.1059551984739619
.17124916046378813
.32276451382561
.0005504997905624769
.02542285300919758
.187597248245492
.20820480868885755
.11497562306213135
.36269113143785614
.1540002152057253
.028388227866558122
.008565436066350473
.34742721578019603
.3634724664805154
.24150425653021662
.03822327418421119
.006919360322508835
.014030187555769019
.012450229510288409
.36260525735534355
.07555037765407771
.0018873732049715572
.0029640272724744668
.014465785349821528
.05175688684157697
.007510124006030107
.326883208003259
.0026743858429331005
.3634724664805154
.3634724664805154
.3634724664805154
.005149301919829104
.047218248007577325
.12087272168577301
.0730463874197049
.01429804873488909
.017418888925670208
.020972255926825424
.0006890592675624562
.00032818176505187025
.05355919683807958
.3132723746106379
.3634724664805154
.3634724664805154
.3634724664805154
.02456821106984544
.0005413225456483997
.28595260105797093
.20700779634506056
.005226269976746602
.015066051595522618
.3634724664805154
.03690984982943017
.15122497624303868
