1.0618491872035767
0
0
0
0
0
3.4543678910764917
3.465358144654966
0
.0069101319661306485
.035220584732889304
0
16.860879913337065
40.51652277312213
8.602704212254455
0
3.1564468475120613
0
0
0
.015330816335021346
0
0
0
0
1.23359539546107
9.641110068243048
47.310164761364916
14.015734531030192
33.901571567597685
2.541927285937011
0
1422160281046472e-20
0
1.584167226822625
.0024339988033273857
99788509817062e-18
.016748329772042825
.014414735834790793
7310359287263468e-21
.0017367535777231674
31.368874327668983
31.368950807726254
3961748686554146e-21
3809828857198236e-21
0
0
1.339422652574589
2.4286170976041634
.5903780475255913
1.1733634211758852
2.6327507936887287
.0003448605896989937
3.052524273634357
0
4.570310529962004
4.50332301330528
1.3417044461180943
0
.34944470312378795
.6588124521396309
9.396428840893785
.14416547941933086
18.700256776124775
9.448720342398342
0
2.8357536212957024
3.7156037922691505
12.783328250913604
1.1274236860415439
7.585975722839328
37.53271888281513
1.4784326323639032
12.589082086028728
33.29500156953795
37.559801876332806
5.511602758898788
1.4300785704248304
1.4793187474812033
5.276652333298887
13.837926119005871
12.11078187333485
.004116523289327253
.6994572195374006
32559501095236775e-31
0
0
.002569842130400606
.03177118463951672
3.2720517285793207
0
0
.7121041604907434
.05470667875533771
0
.0003670349220819117
.016580399790801448
.24598974571808482
.19430754939740708
2.9932142566542774
.4200322412834577
.06703080477769083
2.768101226333768
.5174125098570796
0
0
0
4.941915165102151
.22217839268285183
.0036558941265529684
0
.0002084650930353329
1.776903171536284
0
0
0
0
.0026663293776356283
0
.023707299423171273
0
.00032995973332128575
.020772247177839678
.21086795117729487
.6482480505744325
0
0
0
0
0
0
.2176977007051414
0
0
0
0
.010297443807473708
0
.33238963884851724
.1046795065627834
1.339619604354845
0
33.71042332860192
0
0
4.311378864039647
5505.510282220883
218.4517008071861
290.95433952650853
0
114.79090026471542
.09167369997071124
0
.04473145775120178
.11733624620699687
.007484260142981832
0
16.473441841050274
0
0
0
.12769747209681678
0
0
.005684015664113565
.17653928358405596
.32051541782257376
.3458157484601659
.25312375510767104
.0057154429966063
.0020097788092379113
.004386979599574714
.007314377531440951
.007567112260693288
.0029107159612705353
.01645456307098771
.19836185316749588
.0014204344005498183
.008365969593074044
.281009217670229
.01057472970448765
.004036326236418615
.04482943371373546
.003828547588426034
.008917772532704774
.03294214333869308
.06443198863754082
.03627458310289763
.016568573690740995
.10876602749820918
.020531363867724098
.043411116981434794
.0007312017405578853
.0015603100523139727
.009898849707339055
.003560813433746663
.29951842467167955
.3390437360739095
.005891414235844483
.047449711714150515
.014566658973992909
.0004948863128563115
.012138339423099146
.0002991917271890024
.04996180359001768
.03750281741900295
.08731269102652536
.012119320671637014
.011033253621084366
.0016653556310041876
38535351628197025e-22
.016226968956213752
.03852436108067956
.3441995294154442
.3458157484601659
.019270702406204713
.038438813377358376
.013689034427583843
.024648662504784726
.0033634474398480593
.25971653582184395
.05413070292527019
.06406281069578185
.2658665612520038
.0006968500021819653
.3458157484601659
.018758564018942034
.0008969203511654747
.024139040473546362
.02490126115182946
.00966471288261551
.09620283342976875
.22522758385109573
.0072189160730449925
.021706617117295143
.30855897764400475
.11300084660824725
.013591631836673725
.06776418713742907
.0002679038588015279
.02166079018967724
.17146908429741886
.00013011252240314973
.012633969726123325
.028948849153186955
.0003874472427782129
.0034384053601006184
.00738331210708001
.006140647484597102
.021149783746108538
.08480069410113734
.02296725462326029
.3462042932428655
.006895687833695573
.006818463975235026
.030814403079003832
.00023009628882401418
.01159854935159178
.06846716460135231
.2919719099704145
.2783622552439519
.060641595312814336
.03984630047242216
.05985233634933997
.34610302975218243
.3055566470099332
.010126752394574447
.008324499819752086
.34240195335431683
.0317819237991105
.19163426638756487
.00432388048295781
.006160545522872394
.10532609639600282
.16944830140298361
.31355614401909443
.0005504846912345781
.02538982771487165
.18537860774505344
.2053727685940485
.11422621663239106
.3463868499535567
.1525813593850251
.028346921235780108
.00856175129533307
.335192002454311
.3458157484601659
.23743720838957416
.038147604254835876
.006916959685564054
.01402024641207837
.012442413807426424
.34636114433742643
.0752421466109351
.0018871954861491862
.002963588493201221
.01445521265381164
.05161608912250242
.007507294270564261
.317263211427802
.0026740287305119593
.3458157484601659
.3458157484601659
.3458157484601659
.005147974760530328
.04710164402180629
.12003803936617566
.07275908959733039
.014287721568305196
.01740351265351853
.02094988490848977
.0006890356074974363
.0003281763999645204
.05340812142363941
.304923983810788
.3458157484601659
.3458157484601659
.3458157484601659
.024537396285479705
.0005413079456908704
.27959288470976806
.20421425961062475
.005224902741107913
.015054576246150506
.3458157484601659
.03683938990378495
.14986233350069092
