1.1249449958195483
5.879951253352849
.00034362889330564106
18523709152554047e-21
.0004959512587020788
.07720904622664279
1.2276678068745457
1.2353068371771712
0
.003839300176665796
.02132602413561987
0
16.844339832955676
37.34060581627496
12.30337014582679
0
2.9913200659396426
0
0
0
.015290211963969973
0
0
0
0
1.7419175449881459
8.891262716660629
35.34153077344084
11.26224711552006
27.785435131053436
2.2019243807032227
0
77460906417764e-19
0
1.5375058012587781
.0013016890615239977
1761758034472743e-20
.009207703896749965
.007924269119086598
19053136878973327e-22
.000586511840568765
25.642077514243525
25.642713989393304
5542207050978533e-21
4580260398571688e-21
0
0
.7934640313744762
3.163371803890478
.5948646554313984
1.1943670249746914
2.484256576772039
.00032496137768786256
2.811095261035272
0
5.4173502378549845
5.341794631084306
.8120921664137198
0
.4693076316092466
.899905286803552
10.72750643873122
.15221320026588353
20.059100764079503
9.489248751374467
0
3.403932136544601
5.208252477537339
12.673633048761026
1.5805814946177466
7.573456566709834
37.479218785734595
1.4582642573009557
12.134135073352958
33.38848646758374
31.670989439264417
7.545057361984136
1.434678962434769
1.4591455393983925
5.278191735699415
13.875167708674269
12.1106596577494
.0019286725901794988
.7037020691875621
11857809929250605e-32
0
0
.003835846455943443
.03171351278380032
3.135549716609348
0
0
.6840872410248792
.054086424592031924
0
.0003670863847757409
.01614345772602723
.2371394869797183
.19450733833555564
2.9753025322626674
.3270140093279905
.07529965963572749
2.6538792595067617
.5091979988234457
0
0
0
4.87481655609916
.22169523638207983
.005289173655859985
0
.00020438449268219861
2.0692371134564573
0
0
0
0
.0015500929586553076
0
.025565295118032044
0
.0004603910142420871
.026860982703793487
.2702546180474456
.8805944960793499
0
0
0
0
0
0
.21655410040048975
0
14761534947372613e-26
0
0
.014266082812481557
0
.3111332342090031
.09879574580202262
1.2867070370708047
0
33.60356915316721
0
0
4.078757785366689
5499.353265515582
218.1564932250982
290.94168122159203
0
114.38079359184594
.08859404141811847
0
.041945994549321027
.10882648233793978
.0073263847959287205
0
15.4436310057361
0
0
0
.12154218393735022
0
0
.005681965116431782
.17406252365123015
.308269729889654
.32467033179007976
.2471545430736586
.0057133696430286905
.0020095234225560236
.004385759756619446
.007310976161822626
.007563470810756968
.0029101797861944647
.016437182340506454
.19510987884172534
.0014203069095831584
.008361514978113174
.27303782030373286
.010567595840568577
.004035293981655949
.04469632217800477
.003827619073867442
.008912707970342722
.032871220050722225
.06415064463234206
.0361882652398394
.016550949124373694
.10791780462861943
.02050418507976865
.04328649634979329
.0007311679805626094
.001560156193758587
.009892603066088796
.0035600104656128904
.28983992767010774
.3231840222979268
.0058892108405474135
.04730013704725737
.014553065152393456
.000494870852021104
.012128924390735575
.00029918607738230104
.0497954918641203
.03741042838286331
.08678125386642156
.012109935308515646
.011025483934967191
.0016651803394539106
3853534225860056e-21
.0162100698159771
.03842675851292198
.3264678107923547
.32467033179007976
.01924679125704257
.038341653138788935
.013677040473043653
.02460931501995507
.003362731164186079
.25332218295153464
.05393453177293496
.0637848043510443
.2590508344552659
.0006968193408398176
.32467033179007976
.01873591936524186
.0008968695457531136
.02410132412119964
.024861092033886235
.00965875971620438
.09555023207226629
.22080178376217177
.007215603238983803
.021676199198515593
.2978827180486135
.11207998848318394
.013579809179875073
.06745174103765147
.00026789932900851546
.021630502071290605
.16915256603837336
.00013011145409404283
.012623764780130685
.02889431933289093
.0003874377673445379
.0034376567445595393
.007379846072649474
.0061382530962073
.021120923770796923
.08430099049438357
.022933154517316267
.3269561707814542
.0068926660453079245
.006815509727596722
.030752491653779954
.00023009294746822981
.011589957973861243
.06814793119165483
.28303621063888884
.2706063337095173
.060393502311013106
.039741729241622115
.05961088509305697
.32699424821388434
.29522663038028724
.010120213238779988
.00832008944987912
.32545268396290833
.03171599309934722
.18863681270389315
.004322695556063066
.006158135541817874
.10453435519481245
.16719369867484865
.30226504048132946
.0005504655602437663
.025348044663451526
.18260512740597754
.20183969471820978
.11328369343592597
.32677694059680873
.15080235933740138
.028294670029524925
.008557084787116533
.3203062818527447
.32467033179007976
.23238228077786163
.03805194187285126
.006913919157534877
.014007660613612123
.012432517976582833
.3268200088399891
.0748534082682958
.001886970331758866
.002963032631728557
.014441827629295061
.05143824151231649
.007503710388854547
.3054797470911164
.0026735763201259483
.32467033179007976
.32467033179007976
.32467033179007976
.005146293676164998
.04695431455054195
.11898872926660727
.07239669155526636
.014274647256330625
.0173840496586923
.020921574005686068
.0006890056302067308
.00032816960226288286
.05321731338109642
.2946649296877343
.32467033179007976
.32467033179007976
.32467033179007976
.024498407952761918
.0005412894473974318
.27173755421831813
.2007287904442614
.00522317090050196
.015040048970658597
.32467033179007976
.0367503068870075
.14815341901017245
