1.1264995313575972
.18460807127277248
10631204163353751e-21
5724756140154117e-22
18249334686488353e-21
.0025331230463728977
1.1796883337331818
1.1881603491497232
0
.0037819601848413866
.021042858239470143
0
16.843928103382847
37.14057208158438
12.527945200374786
0
2.983502007830526
0
0
0
.015289212925331433
0
0
0
0
1.7713265801001208
8.878223234229244
34.69496643852578
11.09802575287856
27.44232607535346
2.178379083639898
0
7580979522463087e-21
0
1.5361742253539512
.0012717948351238316
1650301113881824e-20
.009013376755670807
.00775871779912308
18147158628349457e-22
.0005617418754043979
25.32363319120288
25.32428558615119
5641080929361541e-21
4626399370895094e-21
0
0
.7675770810540421
3.199040265903281
.5950258450105326
1.194763049444469
2.480687255227782
.0003241221338183807
2.8023791285723956
0
5.459815313529796
5.383773852457594
.7864409551041744
0
.4761502354843385
.9089159658584931
10.80762904428119
.15305172571175285
20.14057771526009
9.49165853435482
0
3.440213284849769
5.2986448926527325
12.670585434191315
1.608866073433853
7.572839545699054
37.47790214439493
1.457764641947456
12.106702098070272
33.39056949254505
31.281338881287937
7.619773398166295
1.4347802201407713
1.4586453971980915
5.2783117612610075
13.879639725679757
12.110625501729016
.001874145880957569
.7038056485482687
1094025493428067e-31
0
0
.003911038646788014
.03171426500785397
3.1331070826219594
0
0
.6821884045629854
.05406313555050691
0
.00036721778432788343
.01613605697697313
.23692558583903522
.19450981822473454
2.97478610512961
.321881631150761
.07579395023484749
2.651568876019842
.5090652569414854
0
0
0
4.873942844258119
.22168322058708714
.005389061921837551
0
.00020388179445226664
2.0742589875033093
0
0
0
0
.0015040383369152408
0
.025656245388276943
0
.0004678080876992803
.02718260204912896
.27181668799429337
.8938981622373329
0
0
0
0
0
0
.21652436612753612
0
5899240537011034e-26
0
0
.014517264837607674
0
.3106273292182157
.09865415960050711
1.2856575497763956
0
33.6009390779431
0
0
4.067735622669833
5499.201657735915
218.1492250272457
290.94136935703756
0
114.37070802244205
.08851982838157561
0
.04187960317919065
.10862535716339472
.007321551854600176
0
15.420153592997972
0
0
0
.12139415100707925
0
0
.005681914604993779
.17400194259848942
.30797400460850316
.32416601231369324
.24700926602105971
.0057133185698622765
.002009517130825482
.004385729706777698
.007310892379870018
.007563381115931805
.0029101665773211037
.01643675435111507
.1950304342337667
.0014203037686435433
.00836140525659549
.272844304343627
.010567420139336718
.004035268552606315
.044693047609827036
.0038275962002478872
.008912583227491732
.03286947459283037
.06414372849201797
.03618614116094625
.016550515132337417
.10789699007772281
.020503515911301385
.04328343050404888
.0007311671488136839
.0015601524032293253
.009892449212988791
.0035599906846114416
.28960546151974265
.3228027855527406
.0058891565643604035
.04729645782920481
.014552730392084504
.0004948704711077973
.012128692518203279
.0002991859381854111
.049791401321383044
.03740815500478772
.08676820138752714
.012109704166528767
.011025292576858218
.0016651760209063658
38535342027755305e-22
.016209653682265422
.03842435693405703
.3260426703067325
.32416601231369324
.019246202515992107
.03833926243653103
.013676745102285687
.024608346381712803
.0033627135187274623
.25316664407926187
.05392970755134013
.06377797016398257
.2588851347187658
.0006968185854319293
.32416601231369324
.018735361798258774
.0008968682940609843
.02410039562128351
.024860103177586967
.009658613090177558
.09553420947912931
.22069384706169598
.007215521637568062
.02167545030926617
.29762439568061183
.11205739563044544
.013579518026660013
.06744406129607008
.0002678992174058057
.021629756376568672
.16909588913203785
.00013011142777347536
.012623513457815996
.028892977140903404
.00038743753389458064
.0034376383024526664
.007379760698077591
.006138194115773081
.021120213224714197
.08428871618649889
.022932315008542162
.32649570025004077
.006892591612112111
.0068154369578915614
.03075096786985367
.00023009286514552439
.011589746382429617
.06814008483130786
.2828195423317534
.2704179984075401
.060387402698864744
.03973915631406994
.05960494860056044
.32653701443471994
.2949765799116699
.01012005218233763
.008319980818012898
.3250458579533394
.03171437044615718
.1885635571717483
.00432266636629005
.006158076177331721
.10451492382039222
.16713853075512608
.30199204698313953
.0005504650889085661
.02534701609359661
.18253732155745392
.20175341942576194
.11326057026305729
.32630807592225286
.15075879168082706
.028293383896466618
.008556969847201815
.3199479993814081
.32416601231369324
.23225910687659557
.03804958800235239
.006913844262793357
.014007350671148848
.012432274265450998
.3263527387405872
.07484385604366882
.0018869647848118582
.0029630189378970118
.01444149800957998
.05143386749995841
.007503622111854799
.3051950217694349
.0026735651747412455
.32416601231369324
.32416601231369324
.32416601231369324
.005146252265044421
.04695069051410004
.11896299278960637
.07238778572212436
.014274325286426389
.01738357041012558
.020920876973308022
.0006890048916517289
.00032816943478493365
.05321262092451574
.2944165754255398
.32416601231369324
.32416601231369324
.32416601231369324
.02449744815231613
.0005412889916500263
.27154682851380973
.2006436715975041
.005223128239180916
.015039691229019733
.32416601231369324
.036748114807652624
.14811156218020866
