1.1303706842873809
0
0
0
0
0
1.0547642247237274
1.0630010190718633
0
.003642552841870267
.02035011735797746
0
16.842901371537728
36.57857581335077
13.153837265828564
0
2.9623098859821093
0
0
0
.015286725372020067
0
0
0
0
1.8544729747774915
8.839519436081071
32.803803611686796
10.641790161093315
26.508540845893183
2.1136145872406584
0
7172684336137703e-21
0
1.5327845769065627
.0011973818614637321
13774860044601399e-21
.008532478827312433
.007349492721233204
1598749542562717e-21
.0004964879233103519
24.462428386094118
24.463170227462363
5913253557695384e-21
4752640668173077e-21
0
0
.6993610245297855
3.293980552173545
.5954483994975718
1.1951583420993166
2.4718148618215188
.0003218524374845472
2.7792240212406805
0
5.57380295327844
5.496403018666082
.7197226345357384
0
.49497759591525947
.9321108705423082
11.02325937684834
.15538587677176205
20.359617723715917
9.49830146219515
0
3.5390378668867783
5.55026952242846
12.662156219206231
1.6875481686121119
7.57109103400272
37.47462374021668
1.4565187575939622
12.030960484343684
33.39569033024369
30.177689813326925
7.811791433481533
1.4350286689896252
1.4573973282477914
5.278647867624921
13.892397289384638
12.110534664775217
.0017374224672119963
.7040642910555621
8950540709214635e-32
0
0
.004120587264503861
.03171713020091487
3.126423256785065
0
0
.6769160760436984
.05400380719534372
0
.0003676044656794005
.01611909789883213
.23639393414482682
.1945152936650593
2.973269807322829
.3075877480775707
.07713399337489367
2.6460799328593256
.5087769947680134
0
0
0
4.872115702031453
.22165327493215367
.005668036975829062
0
.00020199135165158957
2.0799280910133193
0
0
0
0
.0013836541623003815
0
.025897802644856888
0
.00048820401025346437
.02804858728868477
.27542355238987476
.9304252085500246
0
0
0
0
0
0
.21644958484154153
0
5637145266283898e-27
0
0
.015219846009751884
0
.30937114014137745
.09830220159964609
1.2830665358638524
0
33.59438989585823
0
0
4.037938642041538
5498.82413747283
218.1311265863447
290.94059274364037
0
114.34559648713247
.08833544516075457
0
.04171473349891467
.10812623892251817
.0073093954018103435
0
15.356108230917865
0
0
0
.12102622760949944
0
0
.005681788821785267
.173851173382614
.30723881254256225
.3229135419216903
.2466478635593836
.005713191387852819
.002009501463047265
.004385654876618363
.0073106837476083555
.007563157759700371
.0029101336844328187
.01643568860699877
.19483273933906692
.0014202959470078387
.008361132030903528
.27236300068735103
.010566982615338743
.004035205229089396
.04468489422043802
.003827539240240376
.008912272596536918
.03286512840186285
.06412650894362501
.03618085225515453
.016549434441273065
.10784517447793568
.020501849621996766
.04327579678287895
.0007311650775706543
.0015601429639750394
.009892066093594132
.0035599414258217165
.28902241052423666
.3218553711180863
.005889021406278814
.04728729696918737
.014551896794975433
.0004948695225468632
.012128115121247783
.00029918559155325125
.04978121638437011
.03740249436807424
.08673570622791751
.012109128588709099
.011024816065353995
.0016651652667731159
3853534145289722e-21
.016208617459528455
.03841837709963411
.32498637660097185
.3229135419216903
.01924473649290901
.03833330968291469
.013676009588523224
.024605934414204243
.0033626695778579
.2527797312165784
.053917695999244834
.06376095463997528
.25847296451395296
.0006968167042951804
.3229135419216903
.018733973399656982
.0008968651770657574
.02409808359724998
.024857640867681594
.009658247967140876
.09549432119259674
.22042528896233862
.0072153184351853375
.021673585514313573
.2969820863506159
.11200115399268613
.013578793014961447
.06742494076343394
.0002678989394894555
.021627899536006495
.16895483304396985
.0001301113622291997
.012622887628885292
.02888963504345102
.00038743695255081986
.0034375923777723184
.007379548099945387
.006138047243317228
.021118443904554696
.0842581580877342
.02293022457113286
.32535183842631127
.006892406259737149
.006815255747876366
.03074717362365771
.00023009266014308114
.0115892194876277
.06812054950555888
.2822807086713823
.2699495693872796
.06037221593131069
.0397327498534183
.05959016793068137
.32540117310977223
.29435481641363587
.010119651125695158
.008319710305711908
.3240349757573597
.03171033002529003
.1883812575631164
.004322593677862556
.006157928348521875
.10446655090053736
.16700122897353042
.30131330104187015
.0005504639151766894
.025344454898207056
.18236857871347634
.20153873422681723
.11320300872520248
.32514341591849993
.15065035283398548
.02829018138182266
.008556683626947035
.3190575338228527
.3229135419216903
.2319526590328978
.0380437269533075
.006913657761095449
.01400657887255304
.012431667389142934
.32519202938512415
.07482007409272722
.0018869509717021028
.0029629848373652025
.014440677212968309
.051422976814117276
.007503402286227151
.3044871426274707
.002673537420358208
.3229135419216903
.3229135419216903
.3229135419216903
.005146149143227207
.04694166704091442
.11889892719961706
.07236561289905837
.014273523538477956
.01738237702779792
.02091914130243662
.0006890030524824462
.00032816901772648717
.0532009374206504
.2937990251665334
.3229135419216903
.3229135419216903
.3229135419216903
.024495058190691154
.0005412878567352759
.2710724589522089
.20043186281248834
.005223022004141599
.015038800406600293
.3229135419216903
.036742656591407706
.14800738037898306
