1.1351241952905744
.2958808596724791
17024917965178976e-21
91004784328049e-20
28810756971759187e-21
.004037536936355255
.9098080341491135
.9175289093130643
0
.0034777040496073394
.019523568296552763
0
16.841637459795287
35.733762987853
14.043835348070356
0
2.9323099802644976
0
0
0
.015283671380776987
0
0
0
0
1.9719302650475306
8.792789579677681
30.26131605900607
9.994897294985384
25.203997280440205
2.0206124187478065
0
66783768576353455e-22
0
1.528460208206883
.001106167534112564
1085316711354733e-20
.007949608374261887
.0068549039688629455
13557133715061567e-22
.0004204762280367725
23.260251276492227
23.26108602847843
6303685506125454e-21
4932999062758768e-21
0
0
.6112089610983067
3.4155251001873337
.5960106916482848
1.1941715951755185
2.4609485378383926
.0003187983867569781
2.7486644159753784
0
5.72573547219266
5.646864522656562
.6326989451499216
0
.5211682635039674
.9607118283840173
11.32738101211488
.1588672309862241
20.668592069885932
9.507887605083877
0
3.6814195923326523
5.907068439584558
12.651284281775302
1.7998095697341268
7.568601632493062
37.470598860556876
1.4549844006936477
11.920835159568867
33.40182315593065
28.590637044874992
8.04849486718812
1.4353251360585084
1.4558600561187534
5.279143275108383
13.91167731691454
12.110412165135232
.0015716390152372092
.7043837109071441
6992810138338831e-32
0
0
.004419534971368916
.031722856024285595
3.1184881225933365
0
0
.669196396291557
.05392930997219488
0
.0003682120240733358
.016101530727473952
.2357427938489356
.19452102682069303
2.9712819200658434
.287878325589153
.0789393553469397
2.6399549698473073
.5085235866683715
0
0
0
4.870646442871133
.22161645771669491
.006066968174755118
0
.0001987526668546361
2.0727513095943446
0
0
0
0
.0012310365153828612
0
.026212839740570884
0
.0005162837410111193
.029174691189570123
.2785838019060509
.9804229461917328
0
0
0
0
0
0
.21635603422767177
0
30895134359277316e-29
0
0
.016223775888836313
0
.30783568849613085
.09787113819791304
1.2798873713108896
0
33.58634854247064
0
0
3.9959494634809407
5498.360603863589
218.10890499275297
290.93963911834624
0
114.31476878117321
.08810990239564073
0
.041513173584393326
.10751670881748635
.0072939217414989274
0
15.273434542787628
0
0
0
.12057582257821647
0
0
.005681634372417905
.17366621778367888
.3063384472148336
.3213822113290534
.2462048092708984
.005713035220917357
.0020094822242544197
.004385562992047686
.007310427569605894
.007562883502548647
.002910093294724491
.016434380040645156
.1945902576260912
.0014202863426331287
.008360796540655599
.2717731539308189
.010566445390575493
.004035127473501337
.04467488445056408
.003827469298406799
.008911891177781356
.032859792362722455
.06410537083909806
.0361743588979928
.0165481075230915
.10778158250195387
.020499803717940128
.043266424937026295
.000731162534233917
.0015601313732945582
.009891595669479567
.003559880940329651
.288308069193397
.3206958136954688
.005888855445642736
.04727605048678385
.01455087326006007
.0004948683577814066
.01212740615488081
.0002991851659132187
.04976871282810455
.03739554466505894
.0866958210406712
.012108421855938533
.011024230969992081
.0016651520615280917
3853534074701083e-21
.01620734513949722
.03841103554494906
.3236940000551596
.3213822113290534
.019242936469591472
.03832600137290409
.013675106482039241
.02460297300645976
.0033626156222611235
.25230543743894557
.05390295029427746
.06374006694989813
.2579677452062411
.0006968143943948728
.3213822113290534
.018732268681880715
.0008968613496236452
.024095244893275348
.024854617653144104
.009657799639907259
.09544536388571764
.2200959649704178
.007215068924386515
.02167129589311832
.2961952702382406
.1119321317190078
.013577902803135899
.06740146947192825
.00026789859822758187
.02162561968085006
.1687817867582398
.00013011128174535773
.01262211919620634
.0288855317051816
.00038743623870163984
.0034375359862454146
.007379287052358816
.006137866898794935
.021116271503172433
.08422064998633735
.022927657917641363
.3239527345946225
.006892178666517197
.006815033240963296
.03074251518923781
.00023009240841435322
.011588572529617225
.06809656912261364
.2816204618456419
.26937548038197423
.060353572843786917
.039724884570680255
.05957202329262889
.3240118406455353
.2935931257861654
.010119158677311972
.008319378147140736
.3227979808873815
.03170536936894547
.18815764717486266
.0043225044231175805
.006157746829709376
.10440718288741711
.16683278605213803
.30048193382111904
.0005504624739176536
.025341310279457945
.182161587404193
.20127542794725642
.11313236710834719
.3237189776827195
.1505173040339876
.02828624940873609
.008556332181147807
.3179674923186434
.3213822113290534
.23157691506507008
.038036531220916
.006913428756649132
.014005631214839569
.01243092222707049
.3237724030079363
.07479088182022381
.0018869340102864811
.0029629429647815104
.014439669394685403
.05140960695112959
.007503132364201998
.3036201609469414
.0026735033402684035
.3213822113290534
.3213822113290534
.3213822113290534
.005146022519515948
.04693058920523256
.11882030622906961
.07233839547893235
.01427253910843611
.017380911747992736
.020917010214299016
.0006890007941150855
.0003281685056079676
.05318659438597355
.29304248726353493
.3213822113290534
.3213822113290534
.3213822113290534
.02449212380023003
.0005412864631408477
.2704910989628688
.2001720819381103
.005222891557735638
.015037706609778358
.3213822113290534
.03673595538415052
.14787955248790216
