1.1375176423896465
0
0
0
0
0
.8417363784134918
.8495026327198696
0
.003397272466552116
.019117374993327815
0
16.840999548824282
35.22778225750791
14.542362813566513
0
2.9152969818916814
0
0
0
.01528213389244257
0
0
0
0
2.037284404080858
8.770209997218409
28.913966688621944
9.639841820747511
24.48524737582672
1.9682336149722082
0
6433610848335671e-21
0
1.526206882116832
.0010604029706734622
9576639727831462e-21
.007660728855127436
.006610495347919166
12433849569437195e-22
.00038475153225909055
22.597929023518635
22.59881268211392
6521987527121713e-21
5035693524019332e-21
0
0
.5666817713472153
3.4762581271014428
.5963134670556495
1.1928682739099565
2.4554887366566818
.00031719779975682356
2.7327936188038957
0
5.806105314102192
5.724680764157898
.5881212561508925
0
.5355587042085106
.9745036824927692
11.496258447646587
.16088862690634345
20.840251222646913
9.51338079915915
0
3.7620347382714487
6.106428440869331
12.64563128478632
1.8629197376528372
7.567196879107924
37.4685726017906
1.4542100538185947
11.857181513635032
33.40484698183737
27.73616825747344
8.162888620933169
1.4354708498903415
1.455084016570213
5.279431168632487
13.923073303769616
12.1103461407502
.0014902800514085192
.7045454638847046
6174675505925853e-32
0
0
.004587786321252569
.03172676709124052
3.114685006548748
0
0
.6647174887952976
.05389151167340421
0
.00036858003162541667
.016094196221869295
.2354156247504256
.19452352558849811
2.970239874544838
.27746944523144385
.07987182601345863
2.637166734504064
.5084451666223936
0
0
0
4.870266807394923
.22159790062051948
.006291827622459409
0
.00019695260887658565
2.0631787696311443
0
0
0
0
.0011555235121357152
0
.02637609463656024
0
.0005314734905171707
.02974485456881782
.2793148192159341
1.0072821974526918
0
0
0
0
0
0
.21630808464926285
0
1848089553481836e-28
0
0
.01678847247652461
0
.30706550646469777
.09765456177931936
1.2782685605728523
0
33.58229985631431
0
0
3.972229546144185
5498.127224186019
218.09771702338946
290.9391589582986
0
114.2992498250858
.08799671582377436
0
.04141205493672762
.10721119481357252
.007285882937665741
0
15.231561530397336
0
0
0
.12034960899808116
0
0
.005681556606986038
.17357316502025313
.3058861021991875
.32061391980698045
.24598202771126393
.005712956590696941
.0020094725373721377
.004385516727845249
.007310298584452743
.0075627454147038095
.00291007295825708
.01643372120197194
.1944682795672973
.0014202815067453156
.008360627622578245
.2714766430454518
.010566174902107732
.004035088323241524
.044669845265839926
.0038274340823782793
.008911699135259021
.03285710593399545
.06409473019953699
.03617108985959717
.016547439444898438
.10774957741040866
.020498773659153757
.0432617068738235
.000731161253638161
.0015601255372871064
.009891358814031293
.0035598504855823454
.28794905873731813
.32011354551310894
.005888771884336702
.047270388766895516
.014550357925786923
.0004948677713097294
.012127049197902383
.00029918495159882857
.04976241833346303
.0373920458989904
.08667574533616054
.012108066023527169
.011023936379546255
.0016651454125759906
38535340391588966e-22
.016206704549629275
.038407339519339494
.3230452203369091
.32061391980698045
.01924203020101478
.038322322082737094
.013674651780180588
.024601482038738482
.0033625884553294028
.2520669620594089
.05389552718988687
.06372955234951591
.2577137354263753
.0006968132313365757
.32061391980698045
.01873141039572145
.0008968594224689959
.024093815699968123
.024853095569262906
.009657573909900356
.09542072282360849
.21993033286335203
.007214943296114608
.021670143134244244
.2957998887285373
.11189739431787345
.013577454593402096
.06738965450138525
.0002678984263984941
.021624471838700483
.16869472307494632
.0001301112412208426
.012621732299280063
.02888346584809408
.0003874358792709198
.0034375075928174993
.007379155615411915
.0061377760952732105
.0211151777588453
.08420177054932351
.022926365687032074
.3232505488191866
.006892064073575392
.006814921208940169
.030740169881444863
.00023009228166616694
.011588246792538056
.06808449792137312
.2812886047964249
.2690868822991774
.06034418801546987
.03972092490032022
.059562889351432204
.32331454279126265
.29321035222993624
.010118910732995602
.008319210906524861
.3221769284023454
.03170287191554832
.18804515727842586
.004322459483031347
.0061576554349387636
.10437730318640621
.1667480374365174
.3000641995914872
.0005504617482286911
.025339727075679386
.1820574538601587
.20114298046707463
.11309681493479151
.3230041205725184
.150450356926847
.02828426982222645
.00855615522963649
.3174200543890485
.32061391980698045
.23138795413996677
.038032908602634516
.006913313453165265
.014005154082623384
.012430547046360362
.32305995242318936
.07477618748902974
.0018869254700776411
.0029629218816812106
.014439161973289288
.05140287638819937
.007502996459053889
.3031845606151566
.0026734861807182595
.32061391980698045
.32061391980698045
.32061391980698045
.005145958764209981
.04692501237799009
.11878073935248681
.07232469507196665
.014272043462362695
.017380174009624546
.020915937269251395
.0006889996570041193
.0003281682477507445
.053179373967898826
.29266229949021005
.32061391980698045
.32061391980698045
.32061391980698045
.024490646434168754
.0005412857614514893
.27019884967835023
.20004140677539395
.0052228258777130745
.01503715590069468
.32061391980698045
.03673258171236608
.14781523147850809
