1.1421753810051094
.12915088974085687
7426485882118916e-21
39435350258313536e-23
12520426391230052e-21
.0017581324613130192
.7161357443821056
.72315655873856
0
.003245573383196633
.01834591403601242
0
16.839754712816017
34.04798135237872
15.542764694191542
0
2.878178204975825
0
0
0
.01527914232569788
0
0
0
0
2.169513604766103
8.72565139198965
26.128738059483513
8.889910540274368
22.967627192302835
1.8557589654970064
0
5967466350077589e-21
0
1.5216597118165198
.000971765794989115
7388478943130803e-21
.007110111702000872
.006146304271559673
1043199725126279e-21
.0003183443359766106
21.201406069944703
21.202544590138245
6990760720681947e-21
5260469960291578e-21
0
0
.4807555535039895
3.57592802682825
.5969419210020485
1.1883892504733784
2.4448863908180836
.00031393931031941074
2.700789408199308
0
5.958447496408705
5.88212202665654
.5021118398634102
0
.5639217398572793
1.000107253166148
11.849089356817261
.1653148234702048
21.19980074002049
9.525436729255812
0
3.9341416840330856
6.505274799912686
12.634061403933822
1.9898889147326912
7.564134069832866
37.464629919285564
1.4527008293429282
11.716065008259768
33.41062661726899
25.854377362425588
8.375859972925815
1.4357486814962446
1.4535730707689458
5.280069850702691
13.948716629076591
12.110209922860628
.0013356382904602276
.7048621778101377
48454502646034874e-33
0
0
.0049292657013435244
.03173647906961338
3.107359293152281
0
0
.6547722637292278
.05381823511443801
0
.0003694239656131769
.016083002105401423
.23478032918399142
.19452756072383917
2.9680542438155815
.2560840011847873
.08176003459004101
2.632362030001541
.5083972489704832
0
0
0
4.870263563732975
.22156175089970656
.00674843790460123
0
.0001918693436850008
2.0289662259633463
0
0
0
0
.0010117646030629512
0
.026677519892082478
0
.0005601466658912312
.030687992268384454
.2788427732634428
1.0572644714865058
0
0
0
0
0
0
.216212929931713
0
46802504115902255e-31
0
0
.017926699914237045
0
.30557231562809223
.09723406127864889
1.2750412362797454
0
33.57442129578434
0
0
3.9206845384205207
5497.673086898412
218.07594645674968
290.9382245509497
0
114.26905538833137
.08777718985733864
0
.04121598158088502
.10661930794183665
.007269833215069975
0
15.148769915611101
0
0
0
.11991047350038192
0
0
.00568140527556433
.17339222372087265
.30500773547849674
.3191240563627787
.24554906406051824
.0057128035764150865
.0020094536864665525
.00438542669735583
.0073100475809880095
.0075624766977603125
.0029100333831294125
.016432439152696435
.19423112478680055
.0014202720959718557
.008360298911391135
.27090054865446683
.01056564854116338
.0040350121364434565
.044660040451000325
.003827365551583125
.008911325425106907
.03285187867160232
.06407402817499226
.03616472903399979
.0165461394167711
.10768732153162777
.020496769274144715
.04325252681907324
.000731158761556795
.0015601141802583677
.009890897900624682
.003559791220238624
.28725169179796767
.3189834583508864
.0058886092742723465
.047259372789334446
.01454935511810983
.0004948666300156478
.012126354576233747
.00029918453453535644
.049750171290684146
.03738523810617096
.0866366905807057
.012107373590166044
.011023363117957784
.0016651324735397308
3853533969992458e-21
.016205458010085882
.03840014793309397
.3217863956170655
.3191240563627787
.01924026669042179
.03831516305732646
.013673766956498022
.024598580818139502
.0033625355880815225
.2516035258853452
.0538810844780894
.06370909551109066
.2572201395214264
.0006968109679866876
.3191240563627787
.018729740251107404
.000896855672165001
.024091034678713638
.024850133803629805
.009657134645889649
.0953727886186668
.21960836373412998
.007214698825014436
.021667899997628297
.2950319736276122
.11182982492080248
.013576582402712867
.06736666805818074
.00026789809201290384
.021622238269088358
.16852542257049105
.000130111162358639
.012620979417217433
.02887944603555227
.0003874351798060947
.003437452338804731
.007378899840850928
.006137599392034961
.021113049453393633
.0841650425813255
.022923851166144368
.3218884287171502
.006891841076836354
.0068147031956634855
.0307356063366131
.00023009203500960081
.011587612922102933
.06806101304056027
.2806439189846806
.26852614552661364
.06032592896747308
.03971322036333929
.0595451183705896
.3219618735169168
.29246689035038775
.010118428241389362
.008318885459595667
.32097175988538124
.0316980123406528
.18782644042858132
.004322372029262482
.0061574775811455195
.10431918066763882
.16658323681215628
.29925293696566857
.0005504603360132546
.025336646384750534
.18185497665389408
.20088548244409857
.11302766108286666
.3216175035550275
.15032016066784726
.02828041786909894
.008555810885790218
.3163574197570868
.3191240563627787
.231020670902123
.03802585983937755
.006913089073735431
.014004225611871446
.012429816962961622
.32167798747055126
.07474760003983676
.0018869088506189029
.002962880853600343
.014438174563166624
.051389780983880445
.0075027319895498885
.3023386565301505
.0026734527879001256
.3191240563627787
.3191240563627787
.3191240563627787
.005145834696236487
.0469141615607643
.11870377847833988
.07229804099921154
.014271078965689857
.017378738432606948
.0209138494353558
.000688997444148534
.00032816774595141265
.0531653255708501
.2919238530412274
.3191240563627787
.3191240563627787
.3191240563627787
.02448777167936172
.0005412843959400555
.26963102633984587
.19978735244971962
.005222698064271664
.015036084257792636
.3191240563627787
.03672601730752315
.14769014054634416
