14088173855125545e-21
330.95876606631447
1.2420395185663253
.09824008851478105
.011977229580509695
2.0439421295239235
4.244100390506819
2967.73505621173
0
.2877025473796334
.17072696217874025
0
13.78103904512674
.4444441414189912
175.57424514726165
0
.4736756911581798
0
0
0
.016030541449543308
0
0
0
1928068633400914e-95
2.0042119332009616
.9427268949041676
73.24568387202739
12.238076438785129
47.81669802903704
34.533842654152856
0
.04702807513679055
0
1.1422754769690158
16.34960640887225
18.294709280993562
34.50280274621677
1860.0990999209178
42.711424424469236
.004697050977520871
707.6351245196786
413.67909497572083
.16848180303529764
16.70096661936372
0
0
1.831140798217497
29.729027114790043
.005975953895878649
2.961588300226511
3.6150460689531383
2.879204008218999
70.20926878585438
0
.48984377142518815
223.75115765416925
319.53717603681434
0
.013431246234213526
.0033724324662284576
29.042207106861476
55.01183328683798
56.11122530096063
8.890668317709217
0
32.87010862746537
137.4523439082647
.056392868450355106
4939240317348309e-20
.5851640546419492
36.45409142676542
9.325252288415381
10.894383621156923
96.00422424928904
139.17103417159322
2.8288565429412422
7.82651422087908
.5797474495402491
5.264865805834747
14.401229215050902
7.3116859894827
48.112400399988616
.5415264063348129
9.925588346457792
0
0
.4749096870354449
.03321438017770685
5.2954561975905
0
0
.5660818675358438
.17272781505128673
0
.00041203721355414716
.029721161164196454
.4439980714556853
.11546070596364527
.04661092601244735
.6951905257798677
214.61667225763
5.635340359037751
.6150296382803325
0
0
0
6.555482389572848
.20839897979222552
.23833231720648734
0
.00013049631052935087
5.837489530816582
0
0
0
0
.0013307478312306808
0
.032173925022291
0
.11991243076015452
1.9565284736294102
1.6065531118253666
97.0420811773447
0
0
0
0
0
0
.23551514187604894
0
5.331656419598133
0
0
5.756107317148866
0
1.017381772512164
2.7067308625485476
6.061656886968435
0
35.55458768964427
0
0
4.156076723072769
5610.166578534538
223.48008853784
291.1674479256993
0
121.91738032670192
.16313666707966204
0
.13176055350375143
.45095029989177027
.00977366733655665
0
90.41442516568837
0
0
0
.404318626705786
0
0
.005718635422068641
.22392629911579484
.6173927612277033
.9999859119254666
.3782275185155871
.005750448417489802
.0020140815668887218
.004407559228667293
.007371856936549802
.0076286576592611505
.0029197540497082506
.016749834803992267
.26198193286329546
.0014225816550598983
.008441293040528172
.4560836296007136
.010695510077304762
.0040537376497421194
.04712997552802874
.0038442073314388
.009003436751380954
.03415892693851489
.06935617026726433
.03775850047298364
.016868007776257663
.12408360836021555
.020994196514270307
.04556299999908431
.0007317701191449269
.0015629016050168652
.0100045677317247
.003574353733042099
.5205876017308401
.7592693164608082
.005928618945222428
.05003905031353092
.014797342836905543
.0004951465746836943
.012297885280667161
.00029928682341155813
.05284547042445441
.039092305864127715
.09676058701635502
.012278362008221176
.01116483361814158
.0016683083704918367
3853550930884455e-21
.016514021033983882
.04020460248609526
.8382416685401624
.9999859119254666
.01967758737261382
.04011135171195102
.0138924651213244
.025320356902342685
.003375524508948705
.39508997811763613
.05754117848689415
.06892738855682444
.4115973618476576
.0006973662022854399
.9999859119254666
.019143781566047534
.0008977757839058119
.02478269458548818
.02558708483130044
.00976545057309043
.10787881296911049
.3145358503750672
.007274896267826523
.022224969530784282
.5580858517643108
.12968367865761127
.013792145791215427
.07324484496801101
.00026798010187347365
.022176916670201288
.21557497315884253
.00013013050222089012
.012806950979018477
.029882121213099824
.000387606738981116
.0034510282457919203
.007441886586390008
.00618108289256467
.021641425226967666
.09366875033479062
.02354878976846375
.9065924577710636
.006946740510150631
.006868373358002696
.03187520516284798
.00023015252755462568
.011744092236908995
.07406950938818914
.49262449463668373
.44785925494086076
.06497299476465614
.04164798041316235
.06406560506709591
.9001105333850283
.5450698211039023
.010237435449665612
.008399073349998556
.8046126527253732
.0329122555836553
.2498596544947769
.0043438703363384255
.006201244715114015
.11958685829026004
.21229335931779325
.5812411650654864
.0005508067451506023
.026103414836410595
.23890911260012682
.2750238496551086
.1313175873228976
.9236374998688264
.18587330233383392
.029240870983009738
.008640666524812815
.7199428966532017
.9999859119254666
.34105786532146287
.03979406233223362
.006968329590053553
.014233756509774736
.012610136726391654
.9203726794635884
.0820955282999622
.0018909886271015603
.002972958707883264
.01468233855237344
.05470302823950027
.007567864614925247
.5998488321041661
.0026816538094105737
.9999859119254666
.9999859119254666
.9999859119254666
.005176348140630633
.049651554832404174
.1391517704110233
.07913733274722874
.014509553479800682
.01773434251011637
.02143211573499838
.0006895402890070443
.0003282908191523582
.05672381902332723
.5424032432228246
.9999859119254666
.9999859119254666
.9999859119254666
.02520291550843791
.000541619347076811
.4516568507050847
.2728386150869344
.0052541340661985386
.015301170642196271
.9999859119254666
.038371375257794375
.18176666749621131
