14372293374153864e-21
330.946199415225
1.242042371904897
.09824002310855447
.011977225578295593
2.043941709797389
4.244905490366525
2964.9772598982013
0
.28770202557218244
.17072695635823937
0
13.780977768812825
.3393607972426897
138.68489182548606
0
.47457885342664163
0
0
0
.016030541258113425
0
0
0
1927595323815297e-95
2.0425848474179955
.9606540865822555
73.25590239006533
12.235885280303638
47.81690384721101
34.53309803416338
0
.047084657297332785
0
1.1423507497599596
12.47321410441134
18.291127581061488
34.559150118066604
1479.0436689313535
42.70838051514806
.003586626681788168
707.5954456517369
413.6791871742154
.16845789231037092
16.700853968499896
0
0
1.8304247604438932
29.728965087776093
.00609482176932566
2.961690138918749
3.679007931948908
2.879189614284786
70.20926248862159
0
.4994256796326496
223.84707939573883
319.52543742322723
0
.013706625748975078
.003442148888565579
29.042362308535722
55.01025721008872
56.11197918992278
8.89068808526165
0
32.87328433626278
137.45040184963938
.05755421783965485
51746309454821525e-21
.5958384322730998
36.454235034033736
9.325250753015524
10.894923836870722
96.00856895160425
139.1148805875828
2.8310766854637457
7.827425617096238
.5801698637585151
5.2648670229983825
14.401281750325317
7.311712312805806
48.100751578616
.5416740063104112
9.925558959701815
0
0
.47489575606350265
.03321441295891818
5.2954689859777835
0
0
.5661113805836243
.17273196703807017
0
.0004120393060166019
.029721230540964344
.4439980551056979
.11546077596690424
.04753419321606859
.694954696325322
214.6132321103956
5.635371221800455
.6150332864296018
0
0
0
6.555496522841554
.20839914814718766
.23839444290725692
0
.00013305442949337903
5.846371671571342
0
0
0
0
.0013301777340441485
0
.03217452789384765
0
.11990790176888289
1.956524224530739
1.6067211773919576
97.04093371250883
0
0
0
0
0
0
.23551519562764614
0
5.331724567547568
0
0
5.755974649918243
0
1.0173814688754443
2.7066404547805134
6.06165508701388
0
35.55458718481021
0
0
4.156246458800566
5610.1665502667365
223.48008717700623
291.16744786865615
0
121.9173783618379
.163136650733551
0
.1317605156449682
.45095013416431645
.009773653913234634
0
90.4109286966907
0
0
0
.4043184776567139
0
0
.0057186354127771385
.22392628486914887
.617392652927848
.9999856278099907
.378227477870355
.0057504484080946345
.0020140815657361836
.004407559223147822
.007371856921109531
.007628657642726411
.002919754047286142
.016749834724280536
.2619819133628137
.0014225816544849146
.008441293020283111
.45608357049998954
.010695510044803206
.004053737645073243
.04712997489693223
.003844207327240102
.00900343672834969
.034158926606994905
.06935616890056905
.03775850006791299
.016868007695417207
.12408360398569308
.020994196389042805
.04556299940925552
.0007317701189927845
.0015629016043228572
.010004567703286784
.0035743537294121866
.5205875247306379
.7592691526670421
.005928618935236047
.050039049602121695
.014797342774694336
.0004951465746140367
.012297885237697492
.0002992868233861088
.05284546963100923
.03909230542993365
.09676058435625084
.01227836196538783
.01116483358272508
.0016683083697010602
3853550930880236e-21
.01651402095650081
.04020460202684135
.8382414689015056
.9999856278099907
.0196775872626006
.04011135125482503
.013892465066489154
.02532035672018778
.0033755245057114002
.3950899337674455
.0575411775461773
.0689273872069756
.41159731371401503
.000697366202147267
.9999856278099907
.01914378146192214
.0008977757836768111
.024782694410987037
.025587084645287635
.009765450545995645
.1078788096625685
.314535822266204
.007274896252789747
.02222496939044361
.5580857632718084
.12968367387932134
.013792145737169267
.07324484344376297
.00026798010185307005
.022176916530466825
.21557495995503886
.00013013050221607887
.012806950932417755
.029882120959397705
.00038760673893843017
.0034510282424081717
.007441886570654991
.0061810828817096585
.021641425093899883
.09366874784196964
.0235487896109065
.9065922242474699
.006946740496439816
.006868373344599484
.031875204874174265
.0002301525275395758
.011744092197722173
.07406950782942483
.49262442568639975
.44785919795240486
.06497299356524733
.04164797992034134
.06406560390095421
.9001103031887964
.5450697366910362
.010237435419888436
.008399073329955502
.8046124687839004
.03291225527589219
.249859636757177
.004343870330977315
.006201244704188074
.11958685422705528
.2122933465129232
.5812410690774029
.0005508067450644038
.026103414642814817
.23890909638322272
.2750238281647605
.13131758242344393
.9236372574815721
.18587329251779605
.029240870740079344
.008640666503600132
.7199427493875262
.9999856278099907
.3410578322723904
.039794061882310966
.006968329576257385
.01423375645221216
.012610136681212225
.9203724387868695
.08209552638508656
.0018909886260855947
.0029729587053720784
.014682338491125478
.05470302738929432
.007567864598652989
.5998487298718171
.002681653807367394
.9999856278099907
.9999856278099907
.9999856278099907
.005176348133017769
.0496515541319704
.13915176490954523
.07913733096786651
.0145095534199858
.0177343424207588
.021432115604492135
.0006895402888719552
.0003282908191217373
.05672381810914592
.5424031596338666
.9999856278099907
.9999856278099907
.9999856278099907
.025202915327968835
.0005416193469934641
.45165679274606785
.2728385939367384
.0052541340583551555
.01530117057567654
.9999856278099907
.03837137483946724
.18176665810912823
