1.1934077109615049
.009812525172197061
5699252368507996e-22
28530788413583812e-24
8919969581339722e-22
.00013026062338701344
.07823665905090857
.08073289424168806
0
.001941826080414129
.011416604081435643
0
16.825372911752048
2.495728664146661
20.228663858949307
0
2.1884457302752636
0
0
0
.015246275543791753
0
0
0
0
4.490384471766459
8.276422242202734
3.9364302729280225
1.6825487156363692
5.558333878772589
.46579703121899857
0
28986588178522052e-22
0
1.4548952732241154
.000112580433568286
9775279583841608e-23
.003475722728155986
.0033584564341487062
5952497392979341e-23
30009406890726975e-22
5.145602407766583
5.146139538818243
14871182420784828e-21
10016852001077484e-21
0
0
.03609107190001011
2.540487211923463
.6044947169853487
.9616151141233968
2.32999117857583
.00028699477881276666
2.4275124029176958
0
7.471769748240033
7.371708500709002
.038660183307295266
0
.9542654170963578
1.1123979396372292
16.784376387395966
.2628735412641058
26.216887712138732
9.731141358969245
0
7.009630097149721
12.775003537036364
12.45150976814551
4.220272915531589
7.5098053375639
37.42129579636549
1.4358462346234704
8.95371792171311
33.46554925908678
11.519826474945914
9.409070293114562
1.4383227738537059
1.4366836818086741
5.29102982549977
14.417183206197567
12.108325131749881
.00012740744208179048
.7083677474987568
32882693742081995e-34
0
0
.011341621883506878
.03195145974967935
3.0353374724465603
0
0
.46929788134921163
.05318454353207171
0
.0003857401929542027
.016118604746283127
.2279122247340859
.19450583747621872
2.929467008742574
.0977897149643725
.09825629525722726
2.614813503143404
.5139981716660118
0
0
0
4.907971657745537
.22116088544859755
.015278462788430978
0
.0001609217539920549
1.0667222476496345
0
0
0
0
.00024579437141994273
0
.02918818679849942
0
.0006505622576943077
.022566076904419294
.11903889757989922
1.1396704876622759
0
0
0
0
0
0
.2149702048300204
0
4438395591438365e-37
0
0
.038288828818981116
0
.28962750094944384
.09269514106577131
1.2207518692944717
0
33.487765276153034
0
0
2.9946436978385043
5492.680324024607
217.83662665160074
290.9279468288355
0
113.9374606302568
.08541406900074301
0
.039119711352491544
.10033388923695293
.00708360891094412
0
14.30771832328881
0
0
0
.1151713026937903
0
0
.005679740986711079
.17141438261333664
.2955110982693457
.3031863365740072
.24083672170735945
.00571112078156377
.0020092463494862556
.004384436537956566
.007307287262173993
.00755952160264675
.0029095981159872287
.01641834397865361
.19164157307406482
.0014201685872255582
.008356684138341279
.2646439657712175
.010559860616730218
.004034174222303928
.04455233529152841
.003826611834929707
.00890721587173667
.03279443677320566
.06384675911966056
.036094837544183814
.016531846625877044
.10700491345286647
.020474735171537656
.04315168018825695
.0007311313507176481
.001559989265212668
.009885829546860278
.0035591394021285564
.2796916356263698
.30681338444580675
.005886820957434395
.04713837293102186
.014538329395336383
.0004948540766392676
.012118716779845351
.00029917994712578384
.049615659917039465
.03731043821644474
.08620827127429256
.01209975985142348
.011017059551407662
.0016649901585397409
3853533209203222e-21
.01619175314871971
.03832113360977186
.30825962828863607
.3031863365740072
.019220879794866294
.03823650627664362
.01366403820439545
.024566691702207728
.0033619541349269783
.2465618921634447
.053722478499649305
.06348451544585351
.2518528726019941
.0006967860729811672
.3031863365740072
.018711379486925844
.0008968144221062839
.024060466289168553
.024817579442261557
.009652304323651347
.09484712755295356
.21609785105650192
.007212010336206658
.02164324215868651
.28671579744818154
.1110892893271265
.013566992525142525
.06711434781453367
.0002678944139995977
.021597685563152478
.16667439397066022
.0001301102949248743
.012612701129390828
.028835267412432076
.00038742748619605843
.00343684463642703
.007376087059154862
.006135656098129863
.02108965352274663
.08376211266985512
.02289621113863381
.30727943756916365
.0068893887226144845
.006812305640647202
.030685454768842893
.000230089321952826
.011580643015380643
.06780322742685134
.2736495293605764
.26243495676527245
.06012545463038493
.03962857363747048
.0593499977981401
.3074516345000564
.2844126150096339
.010113122641245571
.008315306578733599
.30800945964797355
.03164460906587543
.18543740947790183
.004321410207040767
.006155521635113573
.10368199977938083
.16478124218993775
.2904729846179205
.0005504448027299285
.025302785339882134
.17964265473287705
.1980748202580804
.11226979501993103
.30675281040192887
.14889549390179802
.028238083299381128
.008552024224521315
.3049012407796059
.3031863365740072
.2270190461930792
.037948413831260415
.0069106215151851485
.013994017051886189
.012421789312881994
.30686182292490116
.07443387558426913
.0018867260562047904
.002962429606819602
.014427318099350776
.05124595937257765
.007499823598823096
.29318853180296034
.0026730855144613797
.3031863365740072
.3031863365740072
.3031863365740072
.005144470220359533
.04679497453886249
.1178605386774943
.07200550964154841
.014260474381492878
.017362955769893395
.020890898264201412
.0006889731045338984
.0003281622265104963
.05301104632866411
.28392331858830305
.3031863365740072
.3031863365740072
.3031863365740072
.02445617336169015
.0005412693763609732
.26346350968964477
.19701411018470433
.00522129239950933
.015024301867726821
.3031863365740072
.03665389016429717
.14632118172239725
