1.2100535422847014
.005835810691286791
34056246448492844e-23
16708524284233292e-24
5191619583749111e-22
7684590980990069e-20
.03594790878064538
.03786505867301975
0
.0016373445668219208
.009717007426264905
0
16.820474335781135
1.271983454863069
18.434936008523206
0
1.8870438358178643
0
0
0
.015235612079208446
0
0
0
0
5.650797259577822
8.143691823248647
1.850689482877571
.8162724812861963
2.8928216112083316
.24359538131962158
0
26687154457791293e-22
0
1.4282344549336903
7455235921305921e-20
3024110057177641e-23
.0032058873592743574
.0031310919836998706
36145511673972394e-24
7243836339886547e-22
2.6791897213792386
2.6794939377805638
18377588615820128e-21
12708503296624423e-21
0
0
.018135854585403944
2.0558994396818884
.6063062765494255
.8406477912926282
2.2932283721067597
.00028256342196409523
2.3759691242275087
0
7.848802363095746
7.746816866971964
.01889492567518429
0
1.0982987107869902
1.1141104653862886
18.712070989820514
.3353212981269556
28.13937780466782
9.807472110407442
0
8.692340798961105
15.035382861765042
12.368964191261256
5.380093284248723
7.487011250281854
37.40723457400854
1.4301890202758267
7.7281223025772325
33.47855065599858
10.317698443358976
9.478192369042596
1.4388888166025142
1.4310286250862359
5.2949471636189545
14.592908691812825
12.107656756426971
7812173679560304e-20
.7094442914278446
13596283141030646e-34
0
0
.014922289211011252
.032033530500557836
3.0123321625587955
0
0
.3938688538325641
.05293030031868282
0
.00039201314777198164
.01614650676845799
.22572757100295854
.19447362363195025
2.911023756814882
.08295562154567326
.10183532433522434
2.6112480928062376
.5161492233507281
0
0
0
4.9241050766889325
.2210293452045435
.019948324000800325
0
.00018535356461751827
.8791840934426653
0
0
0
0
.0001880546279831123
0
.029680759988631164
0
.0006246304691000163
.018969441019227193
.08158345969090994
1.0643373318840164
0
0
0
0
0
0
.2144499561383655
0
3818110014566951e-39
0
0
.04907182083640684
0
.284631202512435
.09124922131010539
1.1962724201660808
0
33.459605462813585
0
0
2.5998473781151694
5491.059107907259
217.7589260997442
290.9246075853309
0
113.82992984495428
.08466143149428032
0
.03846187926854038
.09837752550409451
.007030348125512024
0
14.075117749247319
0
0
0
.11366617772254727
0
0
.005679200349672985
.1707766332018343
.29248965209426797
.29818131987165836
.2393251902007734
.005710574133522454
.0020091789884957713
.004384114874643801
.007306390634854064
.00755856171500461
.002909456707905796
.01641376693633467
.1908076585399295
.001420134957953834
.008355510003450027
.26264241212713474
.010557980752074234
.004033902014137438
.044517396882842966
.0038263669777568276
.008905881049917583
.03277579502535129
.06377309106451802
.03607215827394828
.016527205431225562
.1067841252078885
.020467581198718172
.043118964873075066
.0007311224449178634
.0015599486813764338
.009884183353538535
.0035589276464234017
.27727838957103335
.3029600323457707
.005886240034581914
.04709912573958173
.014534748840452135
.0004948499980062167
.012116236228694283
.00029917845665149964
.049572034323166786
.03728616730579975
.08606953059764175
.012097287111911144
.011015012243544309
.0016649439217717138
3853532962016189e-21
.016187302814702046
.038295496176653766
.30398822974278783
.29818131987165836
.019214585028764747
.038210984773037145
.013660878737985233
.02455633955060503
.0033617652373622475
.2449456644162906
.0536710465884495
.06341171795274486
.2501332205533294
.0006967779845679492
.29818131987165836
.018705417789253227
.0008968010200104086
.024050542703363657
.024807011427966784
.00965073542986156
.09467696005595531
.2149693769825769
.007211137038370517
.021635236652701867
.2840645770674402
.11084973990799059
.013563878148405338
.06703257034797953
.00026789321899182967
.021589714177039816
.16607736549167432
.00013011001308931515
.012610012610275187
.028820927943368196
.0003874249865078668
.003436647211743434
.0073751733926224125
.0061350248374150915
.02108205756216162
.08363161285956819
.022887237827409018
.30267704404603013
.0068885921191536945
.006811526835657954
.03066917770651866
.00023008844046387705
.011578379334307737
.06771968096291699
.2714147236261461
.2604857692043222
.06006046226923759
.03960111002895541
.05928673914078531
.30287934067924704
.28184375117897276
.010111399404293528
.008314144100521193
.3039116084187333
.03162727724813217
.18466775168145688
.004321097748671823
.006154886264909389
.10347581298075577
.16419996425312489
.2876761171860325
.0005504397559248969
.025291793333910982
.17892966076759245
.19717010258366016
.11202465312260373
.3020725835454296
.1484355196614201
.0282243420728796
.00855079426596789
.30126906041575674
.29818131987165836
.2257338609471972
.03792328491233282
.006909819973457206
.01399070180359899
.012419182175353028
.30219635586660376
.07433222744870031
.0018866666685151796
.0029622830075932676
.014423792496805077
.05119931716405554
.007498878879966275
.29027559186434104
.0026729661949745757
.29818131987165836
.29818131987165836
.29818131987165836
.005144026968112365
.04675631484564092
.1175878540738916
.07191071864424939
.01425703055586594
.01735783093063854
.02088344665081179
.0006889651965656566
.000328160433215932
.05296101608040425
.2813713634263438
.29818131987165836
.29818131987165836
.29818131987165836
.024445915570924362
.0005412644964582938
.26149015213364574
.19612137121130693
.005220835768190106
.015020475653906167
.29818131987165836
.03663048592803636
.14587913192348437
