1.2329123486659936
0
0
0
0
0
.012494179856879313
.013918161929147767
0
.0012925436253559382
.0077530097034310885
0
16.813728301577143
.7162657949831084
17.280340310806857
0
1.57478700878494
0
0
0
.015220980694335678
0
0
0
0
7.450695833904748
7.969848008784639
.6517940791046639
.28773541973676026
1.1056095284357514
.09344679038991338
0
2439832833744712e-21
0
1.3902649796543096
5500501230108891e-20
8651434128225482e-24
.002937767311764313
.002872236931962999
25732380315441724e-24
15121276772822712e-23
1.0241569220054632
1.0242771921406963
21547476540688568e-21
16468294881008028e-21
0
0
.01019568500369741
1.77065308971349
.6069828360153693
.7098909674272956
2.243447992773113
.00027742325655029983
2.313839544979586
0
8.229273852063443
8.123201992594055
.010524457387632323
0
1.2748950099437475
1.1095011583517171
20.13810673404672
.4395625315170385
29.538503056215653
9.880965153339343
0
10.200392788252305
15.542309819881483
12.238848657123498
7.211684401887212
7.457531879933336
37.38793151980245
1.4223295210516738
6.4668735177535
33.49436494226156
9.734255128734532
9.520391091882297
1.439549670430627
1.4231477583846988
5.298440351562883
14.749541500420456
12.106684865554808
56522444342408956e-21
.7107799557524287
40127796312971392e-35
0
0
.02093773386303464
.03209840997890195
2.976543090129534
0
0
.3206802738514047
.052383173600503874
0
.0003974719959145642
.016111819764556
.2227631510884846
.19441001033531943
2.8814188416255124
.07061257831797091
.10473715115358934
2.5865985921170065
.5154034493556263
0
0
0
4.928395882874607
.22084765368123244
.027484053016844125
0
.00021403725131226373
.7386920989500295
0
0
0
0
.00014961972189423507
0
.030102602235957683
0
.0006537004184751167
.0174272275695894
.05836772920967233
1.077319208897805
0
0
0
0
0
0
.21372757491253105
0
25048820216340598e-40
0
0
.06635817402738056
0
.2779125987688029
.08929330098708028
1.1611078007868012
0
33.42093316765736
0
0
2.200864408287187
5488.833560536504
217.65226935775476
290.9200220479897
0
113.68242907214662
.08363131460327235
0
.0375765375647749
.09575690357790656
.006958263250706789
0
13.779805102533704
0
0
0
.1116257680100202
0
0
.005678458006363757
.1699047116136518
.2883907421754545
.2914425642170915
.23726493355390488
.005709823537036488
.0020090864890252844
.004383673190528519
.007305159525051912
.007557243752608425
.002909262531149028
.01640748361452666
.1896683993681666
.0014200887780186989
.008353897897274113
.259918433097613
.010555399782450767
.004033528235535157
.04446946252721253
.0038260307543738115
.008904048338343276
.03275021260281247
.06367206525822675
.03604103729591461
.016520834056554308
.10648167099082918
.02045776111359754
.043074079139935495
.0007311102152486747
.0015598929515424449
.009881923173301575
.0035586368744675695
.2739983048070858
.2977471732328034
.0058854423785323125
.04704528296853187
.014529833297907638
.0004948443970981241
.01211283065131879
.0002991764098770847
.049512188189509504
.03725286312227113
.08587936941716334
.012093892257915703
.011012201407985017
.0016648804294486473
3853532622567832e-21
.016181193408434182
.038260317644125255
.2982188319606643
.2914425642170915
.019205944131175507
.03817596524926939
.013656541206613394
.024542130617174092
.003361505852001076
.24274343741611976
.05360049819472553
.06331188515945625
.24779083404547556
.0006967668773470895
.2914425642170915
.018697234012227802
.0008967826159742171
.024036921856901143
.024792506286786604
.009648581369679986
.09444377575873011
.21342930194098567
.007209937958706719
.021624247955780863
.2804637041518278
.11052162135633106
.013559602510745363
.06692043219026556
.00026789157796194824
.02157877230411636
.16526098233370418
.00013010962606100796
.012606321548389107
.028801247956862022
.0003874215538495748
.0034363761177430424
.0073739188889472545
.006134158067559311
.02107163090444151
.0834527358783339
.022874921002047233
.29646894956546416
.006887498337442823
.006810457490602239
.030646839378979454
.00023008722996899593
.011575271466376333
.06760511891607685
.26837549764521207
.25783262609628305
.05997132629132537
.039563426775013164
.059199979354852876
.29671105822749355
.27835383784422907
.010109033456056188
.00831254799782263
.2983729470027561
.03160349188173713
.183616025644747
.004320668703560408
.006154013852753775
.10319333596122676
.16340506704372806
.2838791632651765
.0005504328254999932
.02527670639629156
.17795515431142833
.1959344333950925
.11168888520866715
.29576162410174534
.14780617690419567
.028205482896426007
.008549105519652274
.2963515894702554
.2914425642170915
.22398083401321953
.03788880386050447
.006908719411694898
.013986150434903775
.0124156028281508
.2959048936487395
.07419286580372161
.0018865851177072232
.0029620817027448437
.014418952384242782
.05113533514829176
.00749758174333412
.28632251328549235
.0026728023487523744
.2914425642170915
.2914425642170915
.2914425642170915
.005143418336366213
.04670327765072643
.11721441902897152
.07178075068085737
.014252302694358432
.0173507957350177
.02087321809016824
.0006889543371348856
.0003281579705989189
.05289238921916328
.27790423874162745
.2914425642170915
.2914425642170915
.2914425642170915
.024431836120600157
.0005412577952275189
.2588043113414872
.19490200999306403
.005220208766540516
.015015222912289425
.2914425642170915
.03659837052493672
.14527426456786216
