1.2345763016566882
.010926489048090592
6388251510985659e-22
3059070992641497e-23
9415223354510739e-22
.00014219236792489907
.011535225909497472
.012924686783146054
0
.00127037154855399
.007625258924102031
0
16.81323667525052
.6833289568933189
17.16166868857568
0
1.5586576223828605
0
0
0
.015219916186553727
0
0
0
0
7.614302969258904
7.957518736777641
.6021268941789504
.26581267423733557
1.0293212261753886
.08701865787179736
0
2425286941997678e-21
0
1.387474936400244
54302019270279535e-21
7921382802750774e-24
.002920721806320902
.002877989596293602
2522199523203998e-23
13404055052687298e-23
.9535208337544024
.9536341093453085
21719506160745875e-21
16720016091946354e-21
0
0
.00978994378615493
1.7524352257325166
.6069571789002619
.7029299674801072
2.239834782055541
.00027704409279965826
2.3093529967824313
0
8.258344402596693
8.153270459845878
.010110376072988517
0
1.2899693244720307
1.1090605194219416
20.19147615274484
.445995655379916
29.591397517465914
9.884723877234322
0
10.26194990283966
15.428686397353976
12.22835103947188
7.400040544530012
7.45553890037108
37.386528225923364
1.4217349182939678
6.402431484216892
33.495103054545794
9.719717911711102
9.522598653913471
1.4395743717344684
1.4225494374025442
5.29860293795056
14.756644483258361
12.10660899622454
5544034674327971e-20
.7108703920720187
36703266962945776e-35
0
0
.02155668094259102
.032100820127118665
2.9737507561014045
0
0
.3170648200606599
.052335473692756894
0
.0003977064768280769
.016105700368529645
.22254894352635027
.19440451938954542
2.8790752199948835
.06973032171237324
.10497826221712955
2.5838900438619623
.5151772613490708
0
0
0
4.927827617845157
.2208343799243922
.02824029921401936
0
.00021581289195646126
.7299117467616529
0
0
0
0
.00014737752072026443
0
.030133840349419756
0
.0006581589290039943
.017361138649966534
.05691118503315534
1.0816137851159604
0
0
0
0
0
0
.2136787689900978
0
5617950464800718e-40
0
0
.06812407856709513
0
.2774298804019884
.08915115222016376
1.1585174507309608
0
33.41811813652414
0
0
2.1809385704536153
5488.671592280116
217.64450757138403
290.9196882574174
0
113.67169956652553
.08355646450826933
0
.03751289398962567
.09556907434395698
.006952819970458485
0
13.759403137535879
0
0
0
.11147841469414517
0
0
.0056784039730192705
.16984141622947926
.2880946243052736
.2909580207313448
.2371156563846163
.005709768902984868
.002009079755910395
.004383641040910783
.007305069917412476
.0075571478236124015
.0029092483970152147
.01640702632883738
.18958573576724622
.0014200854165176836
.008353780559946103
.2597212541140541
.010555211931480964
.0040335010285541964
.04446597527461324
.0038260062809378627
.008903914945146177
.03274835117044101
.06366471757443488
.036038772966224215
.016520370363252365
.10645968802674392
.020457046467615207
.04307081361366643
.0007311093250266877
.0015598888948981325
.009881758668984008
.0035586157093352717
.2737610593819743
.29737123639898333
.0058853843192589236
.04704136601497305
.014529475547477841
.0004948439893956816
.012112582787710742
.0002991762608875069
.049507834653204436
.03725043998447534
.08586554349764208
.01209364517471401
.01101199682783717
.0016648758077690202
3853532597858489e-21
.016180748778631668
.038257758167806626
.2978031629501538
.2909580207313448
.01920531528912712
.03817341733900057
.013656225520009882
.024541096632396977
.003361486971435879
.24258390673001368
.05359536641280335
.06330462420622475
.24762118450835824
.0006967660688300119
.2909580207313448
.018696638433268433
.0008967812763104809
.024035930660706334
.024791450750409567
.00964842458871476
.09442682409867305
.21331762756628045
.007209850682311286
.0216234482774185
.28020337637449966
.11049777469642566
.013559291328398684
.06691227668566271
.00026789145850743425
.021577976032798714
.1652017125759543
.00013010959788823854
.012606052908418564
.028799815923395214
.00038742130397848403
.0034363563849285645
.007373827578638238
.006134094977870136
.021070872121822057
.08343972989818992
.022874024686595256
.2960220495390045
.0068874187249599265
.006810379656701819
.030645213948454358
.00023008714185411975
.011575045269022744
.06759678721284915
.26815559778854414
.2576405552696876
.05996484301529227
.039560685111789444
.05919366884013623
.2962669887307171
.2781014916231419
.010108861254042171
.008312431825249364
.29797373684672285
.031601761180597515
.1835397020139264
.004320637473895093
.006153950352393494
.10317280384640674
.16334735485091145
.28360473774913786
.0005504323210194367
.025275608529648975
.1778844249918324
.19584478872185332
.11166448310544419
.29530741441663777
.14776046970287876
.028204110579214403
.008548982604363627
.29599678371070554
.2909580207313448
.22385375938740412
.03788629511799686
.006908639305737361
.013985819186553353
.012415342318282044
.29545206902341414
.07418273150874972
.0018865791815458036
.002962067049766515
.014418600123068035
.05113068085124593
.007497487330088382
.28603686914801063
.002672790422344554
.2909580207313448
.2909580207313448
.2909580207313448
.005143374035263112
.046699419282879885
.11718728205602565
.0717712991458444
.014251958602034997
.017350283735865033
.02087247372182251
.0006889535466548739
.00032815779133923306
.05288739716197317
.27765353209354426
.2909580207313448
.2909580207313448
.2909580207313448
.024430811556839523
.0005412573074304417
.2586098824768472
.19481354604922863
.0052201631283719414
.01501484062306202
.2909580207313448
.036596033859484255
.14523033272512376
