1.2382760939861839
0
0
0
0
0
.009742440093354027
.011073758439830168
0
.0012223764379525846
.007348111780424258
0
16.812143294520755
.621460453148638
17.100792594448773
0
1.5259828609997348
0
0
0
.01521754952518141
0
0
0
0
8.010216716566376
7.930305263995788
.50915183288991
.22226005295906312
.8775257496967556
.07421412102707461
0
2394097694209517e-21
0
1.3812665688016283
5150880209883263e-20
6584090391702514e-24
.002884177898459201
.002809188102056071
2415620992488747e-23
10457737339624879e-23
.8128762023708632
.8129726592973342
22069537035903918e-21
1726444335458163e-20
0
0
.008904758515419034
1.7106328249777714
.60687515713459
.6887267057028692
2.2317910085399033
.000276175781579469
2.2992368292037737
0
8.326739095684594
8.221183899537987
.009217106490247779
0
1.3264409663263257
1.1080794700052916
20.285453131300113
.4589799279651691
29.68408316790455
9.89237935417148
0
10.371158135109699
15.101452214611259
12.204292727439347
7.883836421878101
7.4512279501450145
37.38340990795558
1.420387869272247
6.272367823498564
33.49632577282482
9.696026632517386
9.527387997552456
1.4396054511972507
1.4211898907208445
5.29892479498713
14.770545358604688
12.10643704107114
5312744172029784e-20
.7110682674891242
30094728004069256e-35
0
0
.023136432097763223
.03210521536158972
2.967473784955409
0
0
.30980890648395426
.052226412233592125
0
.0003981556502623819
.01609053554613693
.2220734143499523
.19439189937505663
2.8737817764391447
.06765724013960059
.10552580692501666
2.577491861843597
.5146033941913305
0
0
0
4.926181861872616
.22080484238066958
.03015930119156957
0
.0002196327564472866
.7098442750183903
0
0
0
0
.00014233982586280594
0
.030207868117698527
0
.0006701344362330764
.01723067457698152
.053621520334176824
1.0937807140138827
0
0
0
0
0
0
.21357316538658172
0
0
0
0
.07263611696764001
0
.2763596139001939
.08883446993406646
1.1527455894192915
0
33.41185895306946
0
0
2.1410370011899347
5488.3114736856105
217.62725026466342
290.91894607688596
0
113.64784618581632
.08339012199204518
0
.03737176934309742
.09515284753366891
.006940561653289952
0
13.714594026287763
0
0
0
.11115133853915898
0
0
.005678283831952407
.16970076370471981
.2874372966718509
.28988352540804635
.2367840757320523
.005709647426279122
.002009064784939218
.004383569557218783
.007304870679150031
.007556934530265507
.002909216970075462
.016406009601744157
.18940206269475504
.0014200779422631265
.008353519666807419
.2592833633901042
.010554794257636977
.004033440534606531
.04445822236342991
.0038259518649191365
.008903618353106851
.03274421266270001
.0636483830696158
.03603373874868632
.01651933938982662
.1064108252632673
.020455457544806877
.04306355361720704
.0007311073456258072
.0015598798750047305
.009881392904154252
.0035585686492056127
.27323428111328013
.29653704263115027
.00588525522676642
.04703265785424533
.014528680122500099
.0004948430828722556
.012112031682219093
.00029917592961008644
.04949815595572258
.03724505271282269
.08583480960130534
.012093095804366552
.011011541958377122
.0016648655315301935
3853532542917372e-21
.01617976018995907
.03825206779678867
.2968809998266464
.28988352540804635
.019203917135319076
.03816775268085533
.013655523618354346
.024538797727799218
.00336144499096028
.24222956656249378
.05358395767843063
.06328848249200632
.24724438562415063
.0006967642710991237
.28988352540804635
.018695314233997295
.0008967782975810882
.02403372688669955
.024789103930854584
.009648075996041469
.09438914305849833
.21306952943367857
.007209656627406934
.021621670301991944
.27962540431150557
.11044477018807083
.013558599441379588
.06689414651787831
.00026789119290102623
.021576205632241784
.1650700026909354
.00013010953524622855
.01260545560911317
.028796632058295312
.00038742074839176406
.0034363125095063876
.0073736245546102705
.006133954700542551
.021069185069844294
.08341081842078082
.022872031858896982
.29503078197428745
.0068872417102439345
.0068102065965462795
.030641600119602402
.00023008694593119192
.011574542336019046
.0675782653860914
.2676672969000715
.25721399922069815
.05995042999052592
.03955458971624096
.0591796398483477
.2952819824370433
.2775412204223341
.01010847837411576
.008312173521849979
.29708800788951206
.031597913313696435
.1833701104241362
.0043205680356773095
.006153809161963237
.10312716541635587
.1632191050745965
.2829955041295503
.0005504311993107427
.025273167598768794
.1777272593817062
.19564561113295176
.11161024423837258
.29429997936113944
.1476588905842085
.028201059477064003
.008548709309080318
.2952093962098241
.28988352540804635
.22357146781168866
.037880717535086456
.006908461193813382
.013985082685383649
.012414763095296448
.2944476972327881
.07416020290799738
.0018865659825833155
.0029620344691918938
.014417816902699408
.051120333559864846
.007497277406902562
.28540276146105464
.002672763904218695
.28988352540804635
.28988352540804635
.28988352540804635
.005143275533318046
.046690841360837614
.11712696562625188
.07175028815804124
.014251193544002479
.017349145362091308
.020870818717131354
.0006889517890292128
.0003281573927564424
.05287629903267595
.27709689717142877
.28988352540804635
.28988352540804635
.28988352540804635
.02442853359769158
.000541256222817311
.2581780940306815
.1946169907196675
.005220061653529979
.015013990639486887
.28988352540804635
.03659083882851486
.1451326980661627
