1.2835090764257762
.08959220451121017
5176363590886096e-21
2401191651171367e-22
7234532206556858e-21
.0011387205021422403
.002632101703165885
.003434144301626389
0
.000760425225583689
.004637279373198274
0
16.7987527944255
.2983327046239979
16.92952034499795
0
1.4068276919350253
0
0
0
.01518864492976747
0
0
0
0
12.476585681678184
7.614851187809067
.13828779528081053
.034749633785116404
.16077336569045153
.013571512554612756
0
2080547745025474e-21
0
1.3056781055292646
38561567140560296e-21
16344299063187629e-25
.002515971037040122
.0024844046196131416
1683232563788288e-23
15777953644256554e-24
.148135207411687
.14814453199103644
22987715741042255e-21
21390946242568065e-21
0
0
.004074876463463321
1.2882948576603332
.6038083249984827
.6289336508514987
2.135271928675991
.0002667920171134001
2.1876000847449344
0
8.784525452942189
8.678282847931937
.00410233295634697
0
1.6146402014909738
1.0905500231815175
20.033453697028758
.4664205652311796
29.482456748362527
9.926648214943473
0
10.066953869045447
10.046282840435188
11.880980472795597
13.427369154280136
7.4070834565468004
37.34531416075207
1.4036736548782096
5.850049861546087
33.504889565715374
9.617211513720049
9.547291579849395
1.439634320843467
1.404553913102059
5.299593727493761
14.782828023769829
12.103865326442769
3877030822038291e-20
.7131615441977491
26126683801777975e-36
0
0
.04321465594208176
.03208695431902026
2.885441880391601
0
0
.28760347656160623
.050809863320359666
0
.0003976149721076118
.015777964529507242
.21634423596424354
.19419283264108855
2.800887914345586
.05254813876486863
.10716014727899068
2.4724279095912234
.5024801708550607
0
0
0
4.87473984892558
.22044109712837268
.052558090880187855
0
.000222753388944875
.5775573776836228
0
0
0
0
.00011128220896294015
0
.03054568010411641
0
.0007553428531231303
.015016028258786689
.030519715569620326
1.1432571558689073
0
0
0
0
0
0
.21264486429986462
0
3660925701070753e-42
0
0
.12532655935732834
0
.2636095307200477
.08503091780126
1.0818844404756325
0
33.33534844236412
0
0
2.043936594288697
5483.9106395974595
217.41637619397883
290.90987246690906
0
113.35662349636806
.08137068266292415
0
.03568877663633535
.09021833012925055
.006773615328250845
0
13.226948347602674
0
0
0
.10721414870701848
0
0
.005676815214795009
.16799055981433478
.2795211551751964
.27706336190241904
.23276752370244816
.005708162483285965
.002008881761610495
.004382695704948541
.007302435267981588
.007554327331581642
.002908832777519893
.01639358437548674
.18717084389069
.0014199865665781798
.008350330693805308
.25398910576825756
.010549689189848367
.0040327010200455005
.04436354590991991
.0038252866472230735
.008899993071877967
.03269365828937759
.06344901891581627
.03597224815312234
.016506740098303215
.10581524814983767
.020436041640837736
.04297489310699203
.0007310831462669477
.0015597696036590157
.009876922224840321
.0035579933510040125
.2668753504628281
.28652556394320206
.005883677194538465
.04692632371779897
.014518958922508263
.0004948320000173787
.012105295994441965
.0002991718795027602
.04937997884208699
.037179251874344975
.08545995081015384
.012086381320555433
.011005982326621887
.001664739901247056
3853531871217415e-21
.016167678768232448
.03818256675404008
.28583501281511287
.27706336190241904
.01918683179027979
.038098565532135475
.013646945213592155
.024510709146512027
.003360931787750379
.23793908633473015
.05344467277235764
.06309146929963914
.24268380420586308
.0006967422927460053
.27706336190241904
.018679132397090775
.0008967418809817728
.024006800280202686
.024760430099935296
.009643815184056489
.09392967544314948
.2100595546465222
.007207284569968553
.021599944916331288
.2726548691178373
.10979879872352201
.01355014341136569
.06667288717188947
.00026788794566708735
.021554572779778576
.1634682062221563
.00013010876939894192
.01259815542505218
.028757735152826362
.0003874139559548423
.003435776141931202
.00737114287196568
.006132239954996768
.021048570399073128
.08305816086388934
.022847681945161905
.28317675880657966
.006885077928574909
.006808091150335799
.030597452549929974
.00023008455062689835
.011568395335792738
.06735223081871267
.26176882058226136
.2520557473195033
.05977449882267011
.03948014441393351
.059008392541176846
.28350097780406713
.2707820195325013
.010103798526640815
.008309016200726174
.2864697583887939
.03155090786050807
.18130934024466544
.004319719186980467
.006152083255531072
.10257082781683068
.16165926384515344
.27565208924500545
.0005504174856907928
.025243344276739972
.17581697100620236
.19322681748541287
.11094925591588467
.28225760945841405
.1464226341538359
.028163783936239764
.008545368757337767
.2857506071692362
.27706336190241904
.22014886814004428
.03781259337943542
.006906284001310368
.013976081492209885
.01240768380568635
.282440991109395
.07388532488026597
.0018864046219543434
.002961636174033969
.014408244833082078
.05099399863934008
.007494711399683994
.2777629910183515
.002672439719746015
.27706336190241904
.27706336190241904
.27706336190241904
.005142071419107798
.04658609655812059
.11639205311812836
.07149390842363172
.014241843404505235
.017335233850203573
.02085059553967518
.0006889303009827625
.00032815251979548813
.05274080347750995
.2703811284357604
.27706336190241904
.27706336190241904
.27706336190241904
.024400700853097472
.00054124296271182
.25295705148264963
.1922299141593767
.005218821200190949
.015003602785558429
.27706336190241904
.03652738492388382
.14394432796402165
