1.2854130262986134
.16255138232414873
9388254372671388e-21
4350037617888879e-22
13065371893237222e-21
.0020630147742254417
.00231142137844809
.003140924142261516
0
.0007452847348773203
.004547084490000017
0
16.7981884626683
.3118766265193509
17.64460348847287
0
1.4040345978196735
0
0
0
.015187429481905247
0
0
0
0
12.587573153569561
7.601950393389204
.12145315323397697
.03325807918918974
.15390371925201637
.013002018185044662
0
20687178425209984e-22
0
1.3025311063321505
41403123691174405e-21
14800445551406872e-25
.0025020198680165613
.00264651901279236
16571745147933622e-24
1509255565800063e-23
.1419041127471015
.1419142546926133
23049459521685713e-21
21480476330602024e-21
0
0
.00406899771516331
1.2883891611851805
.6036217417141689
.6273223535382679
2.1314384781770723
.00026652771667135563
2.1837853228636552
0
8.785704833529742
8.680180199800867
.004095047319466552
0
1.6155625575459451
1.089620528955372
20.069353847286852
.4677746642289
29.515443007337524
9.927581871986863
0
10.10753312229763
10.088071039426886
11.867035184847193
13.42235422408111
7.404740463368086
37.34370138693321
1.4030923439716851
5.841487836836265
33.50721868140993
9.617775112865218
9.547275680858556
1.439746172909717
1.4039596363504763
5.299595612730931
14.782080548794285
12.103734759460886
38377865362192604e-21
.7132414253128434
23556942237513586e-36
0
0
.04338915896582829
.03208585592058318
2.8820046903799987
0
0
.2871878673385011
.05075248109518569
0
.00039754392558725293
.01576386477132431
.21610651088509786
.19418268154259108
2.797291774403198
.05256352858552939
.10700166056883771
2.4678494069940884
.5019320451571153
0
0
0
4.872336144528476
.22042567925312598
.05269215082657544
0
.00022308335988276745
.5770198850057613
0
0
0
0
.0001111588377379203
0
.03053518012182528
0
.0007565571014483814
.015005852305075604
.030436840510472258
1.144093509408566
0
0
0
0
0
0
.21260885241601757
0
0
0
0
.12551371825534835
0
.2630861860540806
.08488091441076673
1.0789743465702053
0
33.33212893935677
0
0
2.042746873168132
5483.725476793903
217.40750455053268
290.9094905460877
0
113.34438171075263
.0812866626539944
0
.03561962431977312
.09001674579841712
.006766166170596563
0
13.207127006142555
0
0
0
.10705087493174632
0
0
.0056767534059897935
.16791895301148638
.2791927724726556
.2765363490120229
.2325999611492635
.005708099987432
.0020088740581453773
.004382658926518207
.0073023327742933065
.007554217608921566
.0029088166071726666
.01639306157842747
.18707750592215575
.0014199827205153871
.008350196490032883
.2537686460113246
.010549474361138813
.004032669895320527
.044359565206894276
.003825258649369917
.008899840508663914
.03269153206381532
.06344064097524098
.03596966218927082
.016506209978845172
.1057902523154548
.020435224789554222
.04297116520858671
.0007310821276834029
.0015597649622807594
.009876734089060545
.003557969137551619
.266610960012512
.28611165433750035
.00588361078117581
.04692185317024106
.014518549879762107
.000494831533522517
.012105012557566673
.00029917170902656076
.04937501071549939
.03717648473186287
.08544420818222566
.012086098775810284
.011005748371784682
.0016647346134162772
3853531842944176e-21
.01616717043408001
.038179644082394375
.285379187131746
.2765363490120229
.01918611296620731
.038095656054027524
.01364658424899039
.02450952754538609
.0033609101876833367
.23776016736247138
.053438817929444334
.06308319007052324
.24249369583270816
.0006967413676468274
.2765363490120229
.018678451577344914
.0008967403481641511
.024005667545463273
.024759223886722696
.009643635878933732
.09391038462928764
.20993379538082532
.007207184742278495
.02159903092879102
.272365306509359
.10977169146494728
.013549787595242689
.0666635899755505
.0002678878089851517
.021553662684081456
.16340112525078487
.00013010873716294303
.01259784823793183
.02875609905434551
.0003874136700497223
.0034357535669458103
.007371038431125937
.006132167788321001
.02104770312740756
.08304334952243238
.022846657575623788
.2826883809154343
.006884986865435787
.006808002121238665
.030595595682983683
.00023008444980412876
.011568136667437442
.06734273315488817
.261523412541686
.2518409092415315
.05976710484943764
.039477013931830174
.05900119526560381
.28301553358733805
.2705011494572525
.01010360158969688
.008308883328849572
.2860312343005763
.03154893083800938
.181223107927967
.004319683460839347
.006152010619173442
.10254747635258395
.16159393483952986
.2753472039819387
.0005504169084636324
.0252420897235087
.175737014886379
.19312566390724284
.11092151956570012
.2817616723996013
.1463708251749289
.028162216012599304
.008545228175232239
.2853591831179552
.2765363490120229
.2200059586320227
.03780972858119212
.00690619237382052
.013975702740441704
.012407385912282612
.28194648447700754
.07387377706678208
.0018863978302541184
.002961619410140883
.014407842064261392
.05098868779386508
.007494603410391516
.2774459412797062
.002672426075012845
.2765363490120229
.2765363490120229
.2765363490120229
.005142020741630987
.04658169278981314
.1163612204649807
.07148313698467212
.01424144997234827
.017334648530582055
.020849744734172365
.0006889293965211016
.0003281523146840605
.05273510781024815
.2701020455207955
.2765363490120229
.2765363490120229
.2765363490120229
.02439953001100119
.0005412424045736534
.2527396177375547
.19213008183321018
.0052187689934072926
.015003165696943805
.2765363490120229
.036524716432364455
.14389452097634195
