1.2901729009807066
.012554966239753107
7239029381729727e-22
3344503230290526e-23
1007622561699687e-21
.00015917965853872343
.0020659358197638827
.002839217114759708
0
.0007087113376807965
.004328854676522184
0
16.796777452309634
.27256121371723185
15.620998244081557
0
1.3948912358398504
0
0
0
.015184391288339004
0
0
0
0
12.81180678149026
7.56991843745876
.10855854075362713
.029357788054483008
.13583401525746658
.011478690834806992
0
2040876512678375e-21
0
1.2946797279238735
3354108124509556e-20
1325875551605867e-24
.002469208700213698
.0021931804429029676
16205078852152325e-24
11940071608755713e-24
.1252454520215888
.12525389424619685
23211153088475546e-21
2169905763012324e-20
0
0
.004057579235322081
1.2834551411549322
.603157437263251
.622420365466051
2.1218962964838077
.0002658814271549399
2.1743623576673614
0
8.780905947739251
8.67228880696272
.004077280243547295
0
1.6122539517580032
1.0872869895381692
20.1840760450906
.47332892364114215
29.622262780662098
9.930348682166423
0
10.23879917511241
10.134033873733411
11.83237773946556
13.236181479744374
7.398559230513927
37.33966870328288
1.401650642015328
5.810894879726658
33.51325056958178
9.586874264715542
9.547635102333626
1.4400404278137506
1.4025581307769588
5.299624505567308
14.781389024678179
12.103400481354026
3802655520784786e-20
.713439902678353
1818046302225663e-35
0
0
.04327723424043121
.03208377687098007
2.873514246365655
0
0
.2856355339962289
.050608173839731714
0
.0003974113208160964
.015729585864634684
.21551339335395384
.19415669999198204
2.78801976513282
.05268989455915715
.10644585161259426
2.4565861892826883
.5005909617564782
0
0
0
4.866564561826571
.22038709644593588
.052425778502793334
0
.00022319327496108602
.5760288898113288
0
0
0
0
.00011092882612390096
0
.030498825752978544
0
.0007499167164041757
.014857303604130368
.03023565159836999
1.1333154147688103
0
0
0
0
0
0
.21251536865226725
0
0
0
0
.12446807416266312
0
.26178244986204796
.08450759838833181
1.07173997580572
0
33.32408058594905
0
0
2.0365190755369027
5483.262597136933
217.38532702566172
290.90853574622776
0
113.31378303030067
.08107708348602043
0
.03544732963721936
.08951489739811429
.0067474466013742445
0
13.157210152119227
0
0
0
.10664353987190879
0
0
.005676598886920986
.1677400695129469
.2783735025364421
.2752231983412695
.23218158230372937
.005707943750790604
.0020088547996118225
.004382566981792643
.007302076546366237
.0075539433092436095
.002908776181697876
.016391754658718914
.18684436458698178
.0014199731054039802
.008349860990038087
.2532183334410418
.010548937308503903
.004032592084559066
.0443496150119448
.0038251886556335494
.008899459112070315
.03268621710485909
.06341970096328634
.035963198092921395
.01650488475468308
.10572778855886586
.02043318280418832
.0429618468773001
.0007310795812307497
.0015597533588955427
.009876263765289266
.0035579086046415532
.26595112925716474
.28507949436155783
.0058834447510489
.04691067866455828
.014517527323313356
.0004948303672872868
.012104303994412672
.0002991712828364872
.04936259258573751
.03716956777665657
.0854048642985563
.012085392442844307
.011005163506449157
.001664721393912813
3853531772261079e-21
.016165899668622252
.03817233838199537
.2842428006303808
.2752231983412695
.019184316023844166
.03808838333079519
.013645681879256142
.024506573791774396
.0033608561881230646
.23731345831704806
.05342418362811374
.06306249675063397
.24201907618265736
.0006967390549042571
.2752231983412695
.018676749636542235
.0008967365161315596
.024002835942439214
.024756208610764788
.009643187630711978
.09386217492595693
.20961972651192734
.007206935179102652
.021596746129138963
.2716427446686929
.10970395259358799
.013548898095812247
.06664035265626292
.0002678874672806176
.021551387612952548
.16323354323007622
.00013010865657298073
.012597080302900602
.02875200921536413
.00038741295528784537
.0034356971301312757
.0073707773355007
.006131987375347188
.021045535104578864
.08300633272314777
.022844096852706032
.28147111796778634
.006884759212857267
.006807779553589298
.030590954008611445
.00023008419774739802
.011567490021853054
.0673189948544017
.26091089852395866
.2513046148370162
.0597486239175633
.03946918881250865
.05898320591704988
.2818055565880985
.2698002481942737
.01010310926413063
.008308551158453956
.28493785871247446
.03154398882373334
.1810077065247646
.004319594146779232
.006151829032031356
.10248912094785874
.16143072780414777
.27458646534005415
.0005504154653983798
.02523895361320175
.17553728363251864
.1928730115729732
.11085220902202599
.28052563869056446
.1462413829144961
.02815829658537627
.008544876730086628
.28438296715600475
.2752231983412695
.2196490905973455
.0378025675351238
.006905963310414317
.013974755905926393
.012406641210063149
.280714002446503
.07384491542867806
.0018863808511105347
.0029615775008233094
.014406835191467205
.05097541309988976
.007494333443967723
.2766548993123469
.002672391963484709
.2752231983412695
.2752231983412695
.2752231983412695
.005141894050124044
.04657068519021302
.11628417456095826
.07145621548670754
.014240466439505309
.017333185317990638
.020847617872299076
.000688927135372144
.00032815180190605235
.0527208713329907
.269405597866347
.2752231983412695
.2752231983412695
.2752231983412695
.024396603151549224
.0005412410092307551
.25219685070678727
.19188072778836113
.0052186384787330006
.015002073031114938
.2752231983412695
.03651804605642118
.14377007889283266
