1.293980800726381
.1026567076988949
5914589861238051e-21
2726093730670504e-22
8176875156400686e-21
.0012983278309227802
.0018657891757955414
.0025771207642621
0
.0006807228573254156
.004161508316987134
0
16.79564841588826
.28438539011856817
16.232004098338212
0
1.3854085779505738
0
0
0
.015181961171689849
0
0
0
0
13.021891672358942
7.544286706482443
.09804429600334287
.026363138031189635
.12192223330774454
.010308187372824911
0
20177927981056245e-22
0
1.2884152487175218
3685334176809638e-20
11808502315246017e-25
.0024419490547697912
.0023927346460491383
1572284970558757e-23
11318755532006406e-24
.11245033821721766
.11245874501521248
23387649087374596e-21
21871482530385617e-21
0
0
.004059286864926346
1.2844538966965866
.6027942432031217
.6176249109072625
2.1143066902961705
.0002653782877305178
2.166931095640281
0
8.780247870069118
8.67321788234719
.004076880854115804
0
1.611910918853501
1.0854153149182408
20.291935580832646
.4795891273361403
29.721849693662186
9.932998442925204
0
10.364130751131134
10.261453047641268
11.802989827248663
13.156253548338498
7.393318734630737
37.33644162067997
1.4005102847615247
5.777183826773849
33.51824500628722
9.582151728915306
9.547662200645135
1.4402836516106567
1.401403906482955
5.299671889267122
14.78201742549841
12.103125188660597
3731349724803675e-20
.713597444132887
14773761000628405e-36
0
0
.04341247180081551
.03208277428053319
2.8667931290656368
0
0
.28387861489155597
.05049135412078113
0
.00039735039249836696
.01570313381062918
.21504013218546492
.19413528843339872
2.7802667899074227
.052845506091496346
.10609461944910534
2.4477441253770373
.4995441654443531
0
0
0
4.86218539236626
.22035619093161626
.052464642237251634
0
.00022435619085747925
.5754556911881853
0
0
0
0
.00011079404722336145
0
.03047392940154285
0
.0007501360630374754
.014822452159896053
.03014258430055688
1.1323302765477101
0
0
0
0
0
0
.21243703337699432
0
2693077900083063e-44
0
0
.12425384326343085
0
.26074420076353744
.08421076208779756
1.0659968802240882
0
33.31764216529432
0
0
2.028259415019557
5482.892321543022
217.36758663463738
290.9077719085961
0
113.28931003359334
.08090990092575191
0
.03531009475075152
.0891155809386173
.006732391838968338
0
13.116962529336591
0
0
0
.10631854248413312
0
0
.0056764752746942294
.16759709992993715
.27771981786777644
.2741771688459868
.23184742112136877
.005707818764556473
.0020088393929179097
.004382493427401022
.007301871570497869
.007553723876672491
.002908743841722551
.01639070919797129
.18665806073035435
.0014199654133617314
.008349592599747843
.25277894274696777
.010548507686081041
.004032529837030882
.04434165646298157
.0038251326615665825
.008899154006563503
.03268196575985364
.0634029539302723
.035958027652247565
.01650382465196
.10567784410944062
.020431549362808932
.04295439366718687
.0007310775440750129
.0015597440762495198
.009875887522397786
.0035578601790550056
.26542444060952886
.28425644799024796
.005883311930320736
.046901740976124005
.014516709330008785
.0004948294343010817
.012103737173751966
.0002991709418848654
.04935266033069762
.037164035139106884
.08537340223582701
.01208482740619277
.01100469563655899
.0016647108183856236
3853531715714603e-21
.016164883128173047
.038166494828213486
.2833369503796564
.2741771688459868
.019182878591129618
.038082566151879396
.013644960026430248
.02450421104518561
.0033608129890995253
.2369566954429416
.05341247907259239
.06304594698224415
.24164004939184272
.0006967372047157281
.2741771688459868
.018675388195556378
.0008967334505172767
.024000570900504333
.02475379665439339
.00964282904713592
.09382362498308558
.20936880974894598
.0072067355347839625
.02159491846343666
.2710660756046386
.10964979159438168
.013548186538310853
.06662176863294603
.00026788719391730416
.021549567728953174
.16309960136829463
.00013010859210104683
.01259646598858004
.02874873776299098
.00038741238347929336
.0034356519813471243
.007370568465659436
.006131843048789824
.0210438008471057
.08297673116431736
.02284204848102318
.2805010826201246
.006884577096214154
.006807601504708677
.03058724117613625
.00023008399610221226
.011566972731411301
.06730001023893149
.26042192036095985
.25087640169700115
.059733843286657574
.039462929833852654
.05896881838742729
.28084130062432716
.2692408350164318
.01010271542095042
.008308285431698672
.28406616825637254
.03154003576970406
.18083556975528484
.00431952269686074
.006151683766176791
.10244246053444153
.16130028086592746
.2739793879976602
.0005504143109489018
.025236445005495326
.17537766208293024
.19267112770559586
.11079679177119937
.27954071687917714
.14613791153054376
.028155161436346682
.00854459558437713
.2836043994778758
.2741771688459868
.21936401300091615
.037796839674803115
.0069057800651595915
.013973998484499995
.012406045480470036
.2797318970185626
.07382183423706244
.001886367267905703
.002961543973796247
.014406029743894141
.05096479583308109
.007494117477830404
.2760236899245333
.0026723646745756943
.2741771688459868
.2741771688459868
.2741771688459868
.005141792699165963
.04656188098341021
.11622257456956588
.07143468558859441
.014239679662136477
.017332014836844732
.020845916539012046
.0006889253264583214
.00032815139168422276
.05270948491841662
.26884973291477715
.2741771688459868
.2741771688459868
.2741771688459868
.024394261916776697
.0005412398929590263
.25176347644224156
.19168147758018414
.005218534069343654
.015001198955748123
.2741771688459868
.03651271063277149
.14367060271641244
