1.2975484652940963
.050865117943458035
29276967953193956e-22
13463372656389185e-23
4039610169938452e-21
.0006425117882110803
.001663114189719895
.0023591158721838587
0
.0006554842755033793
.004010349440462402
0
16.794590462961864
.29949118397596897
16.946855630504288
0
1.374865940194017
0
0
0
.015179684721143933
0
0
0
0
13.209196025184049
7.520262190869175
.08739680509581593
.024010035529480406
.11099173718318146
.00938682054235772
0
1997235143478443e-21
0
1.282559551757758
370301122380601e-19
10770476673114778e-25
.0024176802001508076
.0023827984312507497
1550850619768005e-23
10921148146298639e-24
.10237940701203474
.10238726324391868
2357685317297376e-20
22034323664883858e-21
0
0
.004059428218202735
1.2834400611135024
.6024564148778114
.6124652304238625
2.107224860858737
.00026491504482343425
2.1600360922824695
0
8.777722745831545
8.673201269615287
.004078023144714248
0
1.6102096990025359
1.0836607831120721
20.408071894264854
.48710474791041053
29.828566115900134
9.935815791135473
0
10.501173232762463
10.370632874037083
11.774727056801455
13.038569373754905
7.388134201079063
37.333417825247324
1.3994493101234475
5.738508702501066
33.52299804488634
9.569766216330686
9.547785333354659
1.4405163376159564
1.4003436063805814
5.299734804112866
14.783508634847093
12.102861118064446
37183532022854794e-21
.7137440307046307
12161306815050832e-36
0
0
.04340442975877819
.032082335477056294
2.860549769711288
0
0
.28183850310958714
.050380262684478
0
.0003973277779589266
.015679089789555907
.21459771835974462
.19411472538317096
2.7727126493189562
.05303029071343857
.10575504303100514
2.439575874206614
.49858049191562015
0
0
0
4.858263975195782
.22032720347604237
.0523558535192935
0
.00022547640448115035
.5750063547884666
0
0
0
0
.000110687472715162
0
.03044813333812234
0
.0007476199171195697
.014751963129683876
.03004178243270322
1.1277090771653415
0
0
0
0
0
0
.2123608209385154
0
12526397252984147e-45
0
0
.12368575779423795
0
.25977525968485726
.08393380271707285
1.060652389947917
0
33.311610172810134
0
0
2.017997120460304
5482.545428816712
217.35096677421396
290.907056262254
0
113.2663858006377
.08075364833198767
0
.035182000453095864
.0887431908697911
.006718212780096385
0
13.0790498542846
0
0
0
.10601474821250154
0
0
.005676359463435885
.16746326067184641
.27710876613235746
.27320073949729823
.23153477810104434
.005707701666015881
.0020088249583184213
.004382424514575322
.007301679531497016
.007553518293585367
.0029087135423582103
.016389729754411785
.1864836790874522
.0014199582066376974
.00834934114966098
.2523679644418526
.010548105183824333
.004032471517485812
.044334201303828105
.0038250802008323054
.008898868159236175
.03267798312810707
.06338726745728576
.035953184082083464
.01650283149144737
.10563107199449887
.020430019091489653
.04294741184311973
.0007310756354457913
.0015597353792830434
.009875535029160224
.0035578148091704115
.26493192648745706
.28348748267814045
.005883187491791028
.046893368699315534
.014515942984601266
.0004948285601772941
.012103206137114263
.00029917062244376685
.0493433565013548
.03715885229531412
.08534393558808363
.012084298040899626
.011004257301987327
.0016647009101149151
3853531662735566e-21
.01616393077786811
.038161020747914026
.2824908685545855
.27320073949729823
.019181531941801135
.03807711677695437
.01364428374895838
.024501997567737452
.0033607725159470175
.23662292691346298
.0534015152682065
.06303044525694929
.24128547350236565
.0006967354712575165
.27320073949729823
.01867411273606533
.0008967305783179083
.02399844895090266
.02475153707826791
.009642493098205102
.09378752146939458
.20913399551208162
.0072065484907699465
.021593206243000426
.2705268986452243
.1095990718008164
.013547519905904777
.06660436175263647
.0002678869378003607
.021547862798383232
.16297420944120722
.0001301085316965879
.012595890457690865
.02874567303981364
.00038741184774612525
.003435609681476248
.007370372778500819
.006131707830679493
.021042176131232496
.08294900670582114
.02284012950496007
.27959527902278447
.00688440647343163
.00680743469291324
.03058376299005629
.00023008380717870532
.01156648809710461
.06728222819472202
.25996462269833326
.250475866021706
.05971999846321662
.039457066626177734
.05895534173171475
.2799408721990079
.26871776694506305
.01010234643872748
.008308036476991555
.2832518913634521
.03153633255793618
.18067444139662256
.004319455755692072
.006151547668058413
.10239876313790973
.1611781592924109
.27341182822117627
.0005504132293342567
.025234094888654243
.17522824254260344
.19248217215785496
.11074489585667069
.27862107035143846
.14604103444302252
.028152224396304132
.008544332184158619
.2828768847280895
.27320073949729823
.21909725628695376
.03779147396482925
.006905608385008773
.013973288885002266
.012405487360595886
.27881486917803444
.07380021575221822
.0018863545417354011
.002961512562287775
.014405275151763678
.05095485040161562
.007493915142347794
.2754336094677569
.002672339107539405
.27320073949729823
.27320073949729823
.27320073949729823
.00514169774411361
.046553633732198896
.11616489044623904
.07141451986831994
.014238942560915863
.017330918271468904
.020844322666491125
.0006889236316707032
.0003281510073431917
.05269881908850837
.2683299774299003
.27320073949729823
.27320073949729823
.27320073949729823
.024392068591161976
.0005412388471134406
.25135811890772297
.19149498553342545
.005218436248895033
.015000380070807541
.27320073949729823
.036507712521000234
.1435774648088101
