1.3047416117801618
0
0
0
0
0
.0012258798012843215
.0018712083807321566
0
.0006073568028017298
.003721433892263264
0
16.792456907934064
.2857780074125045
16.15790573711686
0
1.3493206365396215
0
0
0
.015175095967324699
0
0
0
0
13.585998980146979
7.471673350270139
.06442383665707832
.019400762550504054
.08948749002220999
.007578766426262943
0
19504143250414807e-22
0
1.2707936156666388
51285611392952854e-21
8351331471901829e-25
.0023621760581476214
.0033256748129661578
14809399072760433e-24
8282011443614302e-24
.08262735256069396
.08263453214300766
23980398221039817e-21
22371445731412964e-21
0
0
.0040785817722756084
1.2837792386981783
.601789116888162
.6003414075826874
2.0930327024738804
.0002640050577128329
2.146339718848137
0
8.770550171602872
8.666163785405473
.004090507564435073
0
1.605286456125434
1.0801036699688868
20.66552152136695
.5065595863602781
30.065482269778432
9.942364341077162
0
10.812622305965057
10.641227941169715
11.71471387696838
12.75490905313131
7.376950121848757
37.32732017071504
1.3973277064520189
5.642097832763916
33.53280157482275
9.549205611197277
9.547948074376356
1.440998310640745
1.3982296305660706
5.299909397240245
14.78884542820392
12.102311230919225
36385135540370036e-21
.7140364499416332
821009066444559e-35
0
0
.04324301567046281
.03208272555848138
2.848089807195185
0
0
.27670740888033285
.05015020175408759
0
.00039737115578706466
.015632518496615847
.21370862565506127
.1940717962010856
2.756534122564534
.05352609010004561
.10498642479285451
2.4233590372338534
.49667035030308343
0
0
0
4.85082548243612
.22026866526410918
.05198600304220084
0
.00022817334478896333
.5748978276322987
0
0
0
0
.000110647213253703
0
.03039347875354333
0
.0007421153931347191
.01462212872080856
.02993175014134246
1.11819303456857
0
0
0
0
0
0
.21219938604082547
0
19399629504688408e-47
0
0
.12215736723884706
0
.2578328134292895
.08337884585393897
1.0499831025129682
0
33.299449008288924
0
0
1.9907086475266915
5481.846088374569
217.31746157673993
290.90561337720266
0
113.22017992985118
.08043970726843047
0
.0349251487223726
.08799744224301118
.006689438136275135
0
13.001593310146795
0
0
0
.10540428327643332
0
0
.005676125971273447
.16719373806436844
.2758808449867078
.27124261753004997
.23090570672194557
.0057074655785476006
.002008795855508597
.0043822855754218435
.007301292356680189
.007553103812757155
.0029086524535595886
.016387755172449486
.18613258498649515
.001419943676509122
.00834883419752775
.2515413781387798
.010547293703083136
.004032353935837314
.044319173978710685
.00382497443137604
.008898291860075234
.032669954797969816
.06335565209699494
.03594342043088236
.01650082925704806
.10553683271342038
.020426934097859138
.04293333849839953
.0007310717872713728
.001559717844555042
.009874824368456374
.003557723335898871
.263941693675762
.2819434095780877
.005882936606091479
.04687649300909479
.014514397997449711
.0004948267977684184
.01210213552873374
.00029916997838576434
.049324603398135984
.03714840481253474
.08528455567896372
.012083230801958864
.011003373582308773
.0016646809331799948
3853531555918921e-21
.016162010814127926
.038149986261887585
.280792667816022
.27124261753004997
.019178817106871096
.038066132085765654
.013642920336218436
.024497535349304843
.0033606909152186226
.23595140965192163
.05337941682321213
.06299920217500493
.24057215673458915
.0006967319762618909
.27124261753004997
.018671541411927783
.0008967247874004591
.023994171233944518
.024746981934606574
.009641815791563872
.09371477158799578
.2086613621098875
.0072061713862790686
.021589754466772994
.2694430656801407
.10949688157738285
.01354617593742484
.06656927972499772
.000267886421416603
.02154442571738143
.16272168654141897
.0001301084099088444
.012594730148850024
.028739494920121896
.0003874107675999832
.003435524397808967
.007369978248687037
.006131435212189059
.02103890075084541
.08289313665146962
.0228362609442091
.27777787674962623
.006884062475621927
.0068070983784093465
.03057675145320993
.00023008342627048051
.011565511036277967
.06724639021643367
.2590450566495101
.24967024697611145
.059692094204308044
.03944524784070226
.058928179382717154
.27813419168395653
.2676662418385706
.010101602535554937
.008307534555715276
.2816172318235428
.031528867442416994
.18035000985331545
.004319320791664694
.006151273275379298
.10231071685507516
.1609322181140407
.2722710832813397
.0005504110485828495
.02522935723455519
.17492736895148983
.1921017621403747
.11064033690422818
.27677606277706807
.14584590551438167
.028146303650293376
.008543801139762913
.281415734855401
.27124261753004997
.2185604057603679
.037780657904547106
.006905262255446722
.013971858295844478
.01240436215233658
.2769750829497969
.07375664768283263
.001886328883416328
.002961449231230906
.014403753858811227
.05093480426448355
.007493507208956901
.2742477186460285
.0026722875598727777
.27124261753004997
.27124261753004997
.27124261753004997
.00514150630050515
.046537010016815296
.11604867441347665
.07137387893119226
.014237456529072502
.017328707580795372
.020841109461794967
.000688920214642521
.00032815023243389134
.05267732114092053
.26728509663827804
.27124261753004997
.27124261753004997
.27124261753004997
.024387646994646923
.0005412367384795053
.25054281805071044
.19111953068384444
.005218239028301042
.014998729166046049
.27124261753004997
.03649763737860919
.1433898631569426
