1.3086651462271066
0
0
0
0
0
.0010065679066239375
.0016329423215801807
0
.0005825857025815327
.0035723863511266567
0
16.791292875455134
.2862144497094295
16.110955642276434
0
1.3333337092506112
0
0
0
.01517259359621685
0
0
0
0
13.798083335632597
7.445056261513965
.05289959705521573
.0170085787630767
.07836668907136356
.006643041388176875
0
1939352867432871e-21
0
1.2643985940994331
21109421282043146e-21
7307307239618488e-25
.0023493999417747964
.0013683063707845544
1476679218341741e-23
7245948315084615e-24
.07241031460880161
.072417327770078
24226335406746988e-21
22563039619411238e-21
0
0
.004089607167496356
1.2840015432156198
.6014262839336035
.5929069829231858
2.0853335308505745
.0002635142398167737
2.1389309687620948
0
8.766347355261049
8.662940430021829
.0041012171397899425
0
1.602399737986364
1.0781681139352046
20.818979980781823
.5196655898991691
30.204730688924634
9.94635042120906
0
11.003435563527256
10.811596406456378
11.679953821692333
12.59355963867758
7.370395013632556
37.32399399899506
1.3961749311836065
5.5806383774984285
33.53817776666688
9.5360143664328
9.548060232369746
1.4412628901348286
1.397080452503709
5.300027236769536
14.792862908365109
12.102001773629114
3650108346385828e-20
.7141940760326946
66243081560449164e-37
0
0
.0431360735509015
.03208353745254856
2.8413535271347574
0
0
.2734232338308262
.05002048799573127
0
.0003974370591558326
.015608021060010059
.2132252954570807
.19404755783291042
2.7471249074162736
.05381679424425972
.10457703747684899
2.414603107366191
.4956367100030631
0
0
0
4.846990083491929
.22023668251177708
.051767973682437456
0
.00022984970022435548
.5748094802884389
0
0
0
0
.0001106196243512217
0
.03036332986086036
0
.0007389349435623139
.014550050619965752
.029879112706767914
1.1127762047467253
0
0
0
0
0
0
.21210728110544966
0
1581823080122976e-47
0
0
.12128058254033044
0
.25677954086853566
.08307777587889348
1.0442233672491974
0
33.292815908064384
0
0
1.9726250893735604
5481.464667551617
217.29918819147787
290.9048263520093
0
113.19498467280572
.08026906626486616
0
.034785839895830076
.08759350579061913
.006673628182267257
0
12.958841351082603
0
0
0
.10507245069211606
0
0
.005675998615960319
.1670469086110809
.27521336473583335
.2701804728199353
.23056329756689353
.005707336807680872
.0020087799814264033
.004382209792285653
.007301081179069724
.007552877741891638
.0029086191329374686
.01638667822801284
.18594135779914545
.0014199357510471132
.008348557691156253
.25109165455815197
.010546851103537392
.004032289801837767
.04431097940291711
.0038249167401780753
.00889797753080914
.032665576540177536
.0633384140018068
.03593809592056334
.016499737231585453
.10548546491099553
.020425251570412303
.04292566407240785
.000731069688275682
.0015597082802410376
.009874436756900456
.0035576734423783903
.2634031275741452
.28110473557663607
.005882799763855753
.04686729064703937
.014513555346495292
.0004948258364571318
.012101551600442594
.0002991696270819838
.04931437743693404
.03714270742368874
.08525218405316735
.012082648711355157
.01100289158330609
.0016646700367710817
3853531497655298e-21
.0161609636573027
.03814396879622174
.2798706833040413
.2701804728199353
.01917733644977459
.03806014177174638
.013642176713966355
.024495101754506653
.0033606464065655006
.2355859310894853
.05336736698056529
.06298216702186385
.24018396408938827
.0006967300699080299
.2701804728199353
.01867013902072304
.0008967216287339763
.023991838255179303
.024744497664136264
.009641446371630351
.09367511362236583
.20840401243024223
.007205965701237746
.02158787191231508
.26885371537758873
.10944118162145577
.013545442919905067
.06655015186263855
.00026788613975315474
.021542551177010302
.16258411173440904
.00013010834347921418
.01259409729817015
.02873612559633279
.0003874101784306295
.0034354778803373023
.007369763059508197
.006131286516303054
.02103711439462096
.0828626779390331
.022834151096345665
.27679155050599363
.006883874847697908
.006806914941137682
.030572927656107203
.00023008321850262372
.011564978128797096
.06722685027476681
.25854484690077373
.24923191107877743
.059676879195322635
.03943880272263737
.05891336883104161
.277153648923038
.26709441803325856
.010101196793276835
.008307260793254573
.28072957901661305
.03152479630606346
.18017329280695213
.004319247176699922
.0061511236118040324
.10226272352297401
.16079822659316534
.2716508661019729
.0005504098590857238
.02522677343450993
.17476347388561828
.1918945827446088
.11058334636294592
.27577484971316946
.14573958146430985
.028143074677323663
.00854351149309489
.28062192760676824
.2701804728199353
.21826813284653498
.03777475954011449
.006905073464816245
.013971078036219445
.012403748445394219
.27597668517782104
.07373289412318122
.0018863148881166627
.002961414687588897
.014402924130372065
.05092387333206158
.007493284709194213
.27360302258745545
.002672259443382803
.2701804728199353
.2701804728199353
.2701804728199353
.005141401879723149
.04652794503783295
.11598533286276516
.07135172089637393
.014236646031617596
.017327501868376668
.020839357013465593
.0006889183508161106
.0003281498097568625
.05266559868431046
.2667168776149649
.2701804728199353
.2701804728199353
.2701804728199353
.02438523555256593
.000541235588319003
.25009922366296317
.19091504749394472
.005218131456573196
.014997828749123034
.2701804728199353
.03649214301837733
.14328763832067334
