1.3119347582662273
0
0
0
0
0
.0008572289929324059
.0014546132914667802
0
.000562703648684711
.003452587203970708
0
16.79032269758265
.280185770121766
15.735355082481174
0
1.3191002884032428
0
0
0
.015170508602623466
0
0
0
0
13.971567936035324
7.422798040167154
.04505140429369281
.015130419832907095
.06964410666173593
.005907333698257506
0
1910448081690604e-21
0
1.2590817389584712
5314898381085788e-20
6324615386273684e-25
.0023148848511648627
.003456909854644855
14135813376351242e-24
632429903058324e-23
.06437967213878643
.06438583476276379
2442412358687667e-20
22727712088574824e-21
0
0
.004099492061224917
1.2835754534647101
.6011221778651994
.5863479827944497
2.0789397923922537
.0002631076621444797
2.132786055945459
0
8.761867573985175
8.653978754560194
.004111172925035097
0
1.5992989276677396
1.0765552036312382
20.95257170213675
.5319804967299399
30.324921405786885
9.949855028442315
0
11.172787069891239
10.952850231662563
11.649904100268396
12.439011088474999
7.364673054850827
37.32122210806807
1.3952166599346365
5.52545727842856
33.54267446182232
9.521347967688934
9.548194605968304
1.441484664731468
1.3961331744993493
5.300135330261211
14.796697004519494
12.101738902719093
3548318443213278e-20
.7143243474597949
5538537223216044e-36
0
0
.042980588946616945
.03208447291322706
2.8357664517580323
0
0
.2704721464867616
.04990977981922031
0
.0003975105406382574
.015588004950529078
.2128233954934146
.19402691882207776
2.7389389734418352
.05407477733525062
.1041596414307764
2.407327885131844
.4947745074664858
0
0
0
4.843891409347454
.2202100016773077
.051515752947154804
0
.00023119448660178737
.5747967689664425
0
0
0
0
.00011061021848746132
0
.0303369536127887
0
.0007351650501045612
.014475846310069658
.02983727554440046
1.1067751701137372
0
0
0
0
0
0
.2120285263330733
0
21463566744110392e-49
0
0
.12037641976794683
0
.2559051630856754
.08282774772684054
1.0394560202510412
0
33.28728845084329
0
0
1.9561116463981225
5481.146837138628
217.2839615441762
290.90417049930795
0
113.17399290827998
.08012717909498422
0
.034670174245349815
.08725841092752232
.006660389799759719
0
12.92293256185156
0
0
0
.10479653994375618
0
0
.005675892488715508
.16692464923822045
.27465836499097546
.26929853008425153
.23027834450638268
.005707229500844599
.0020087667531203984
.004382146640673254
.007300905202393479
.007552689354672564
.0029085913660439537
.016385780828378476
.18578215189280872
.0014199291465292305
.008348327276175453
.25071749917186964
.010546482284770307
.004032236357617344
.04430415174718903
.0038248686648444646
.008897715598235977
.0326619284402335
.0633240525053442
.035933659431153925
.01649882726557328
.10544267750838056
.02042384957007183
.04291926976534329
.0007310679391172097
.001559700310024168
.009874113758892907
.0035576318649791555
.2629551620450999
.2804077465909463
.005882685731090831
.04685962339199117
.014512853174737033
.0004948250353658197
.012101065015055592
.00029916933432914836
.049305857422095076
.03713796026714145
.08522521708471385
.01208216365727256
.011002489933599157
.0016646609564848042
3853531449102279e-21
.016160091078442462
.03813895496654838
.27910467585257115
.26929853008425153
.019176102656181936
.03805515056349965
.01364155705971828
.02449307394351591
.003360609316471521
.23528179810356878
.05335732752292589
.06296797457970622
.23986094875854305
.0006967284812837969
.26929853008425153
.01866897044184764
.0008967189965204065
.023989894279488257
.024742427629250104
.009641138532497923
.09364207813782748
.2081897968378762
.007205794301521325
.02158630324232833
.2683635749594036
.10939478663615922
.013544832102271982
.06653421617585843
.0002678859050338407
.021540989184625447
.16246955491712847
.0001301082881212149
.012593569946894567
.028733318128253055
.00038740968745685264
.00343543911625872
.007369583739992101
.006131162605819365
.021035625880297063
.08283730422822544
.022832393038697947
.27597228780548433
.006883718495000997
.006806762080520733
.03056974152380635
.00023008304536288637
.011564534057986995
.06721057132729742
.25812874335757907
.24886721908653084
.0596642029837063
.03943343259537059
.05890102954816151
.2763391711114416
.26661883147693544
.010100858687160947
.008307032664762041
.27999200597813967
.03152140409400087
.18002616088176274
.004319185831854348
.0061509988949395985
.10222274627772455
.16068665221643738
.27113509782475675
.0005504088678400825
.025224620469941828
.17462701197183397
.1917221039420357
.11053587667032663
.27494327270277835
.14565103730218215
.02814038414948558
.008543270128372499
.2799621322906253
.26929853008425153
.21802487067009924
.03776984493986161
.006904916143233709
.013970427853150797
.012403237046136432
.2751474367246216
.07371310533392295
.0018863032254462608
.002961385901528353
.014402232726517441
.05091476601369814
.007493099297771977
.2730669337263858
.0026722360132004704
.26929853008425153
.26929853008425153
.26929853008425153
.005141314864024812
.046520392237550764
.11593257464791183
.07133326112221519
.014235970652317242
.017326497172112276
.02083789675242238
.000688916797631287
.0003281494575264209
.0526558319632019
.2662442846274874
.26929853008425153
.26929853008425153
.26929853008425153
.024383226199643056
.000541234629853785
.24973016168948872
.19074481197021848
.005218041815160617
.014997078442979053
.26929853008425153
.03648756501668528
.1432025066297528
