4.586770634877735
85.8250412560295
81.35114187960313
36.06422236239055
91.03045468557312
55.16167985507994
15.740263637439611
83.76066859897273
34.84354785794839
94.08340060118935
50.45455402297139
28.203733073599004
10.979473443306254
26.318599811724
44.14706869586422
53.66404411489643
77.56849774736021
49.91377099121061
87.05639308694218
62.43592352689375
.3838611039129525
64.78617978380379
95.1361874226078
46.01787438267788
51.46144163719795
17.618322336601523
66.41386550271172
30.971079732675367
54.13581240442371
56.48996852054013
29.01868410004913
25.45692486438016
20.52092112246924
33.620765407280096
11.743053577225226
7.310255991083436
20.72744636235062
99.96899625677034
78.17480156931933
18.84032122800743
84.18971748403368
41.278614476255584
36.62001063477038
93.93108683949478
60.55489844646424
5.855881955417885
94.23273890139514
79.31262909353889
40.106301783249144
84.00441457976018
74.47812184663036
12.807370611325531
76.97441180642608
58.646866807498135
16.41094630798574
53.39985457233709
74.72918491205782
74.73033422479811
74.29275119267452
41.52335186326774
80.75761215052151
11.947069490063678
57.296017033174884
84.06137127029957
80.1632967206262
44.0210284211257
30.748647470235625
17.55417818308713
70.66423687940942
24.529833589291595
53.74248541866626
41.039387899710555
21.947352136050856
5.734651837672056
12.389493158167708
1.0567227334377094
91.66100872978124
47.744522992235396
21.842551453384672
90.60184214582729
14.143468842222084
45.30393532093597
90.92004579468029
47.06177827293128
30.935231491969397
99.83684936037638
1.0934127373705582
77.9296541292483
26.414504072538513
27.34190211579932
4.126130311029996
67.07276693749375
61.354600462587186
45.46899344340227
17.16146988319698
5.884123589302126
1.9167643744926854
22.59796585450935
48.68136626836357
9.120342908133772
51.153355585951644
86.41148985229641
43.155170431025816
66.3870279010302
48.25541701728484
65.20654393461037
13.041114445941805
30.732570969644346
97.7588558108818
18.4125251139178
66.94106943231746
20.94394094262231
44.59814661177121
93.82702568656084
4.149997475436895
62.56120936572482
49.62768123760453
37.486929327857
91.16256970312651
4.0157692604341655
63.350699723241966
40.6488808185709
20.020780749415156
57.329820711424674
94.50691577670945
74.15389097177629
71.48224778557042
67.21585737167806
47.123652846621766
11.68984944990501
37.88176308891653
34.441527131408264
88.85055153859408
13.646577760569546
4.024500921591523
40.65485323922153
96.80836640650983
10.902497649274402
59.19211345560369
39.854764069633084
24.767796379516007
25.2652570244128
92.96547438359039
85.6653919694686
72.3412506910586
36.53773699226497
23.127726029843586
49.85647305225398
1.6216253023707106
51.02292134438873
23.718598958669258
10.519889248198243
14.123712944505629
47.57543456884854
.08863222350068656
59.16422209881893
52.94062061239542
25.452211983065954
25.566062992266957
67.3069516799182
56.253946787505996
88.66580204092982
50.07662884657822
.0982740977826984
.21243972028661462
.48623655633762775
.06970953610022713
.6698882138700188
.6420463530148602
.2564422352414796
.5542213684902553
.775383396372298
.1607506653300779
.41043107001385604
.5409254878125541
.13161593776231684
.8818496401106158
.12384927987347127
.8895951165311285
.9666304116446568
.5135621013697533
.8590354179879458
.9979807685005155
.8523725798255318
.4580613344701553
.9401788162347375
.2696080582808877
.08122143421257425
.30972766071672214
.3553786119116454
.08106695446199531
.7216015921455251
.6074055031753784
.2973985822480284
.48467851523675864
.8737687994234571
.06765709218816748
.6340005772033749
.59679135239055
.3691344737682559
.8259024642157848
.7881813096726018
.9598461565774115
.3622707233224296
.7608622196043437
.1494840571808227
.04357857439768298
.16881129353722057
.8594890438430595
.72654478984585
.8062889506781825
.5908774173286009
.39976106525042054
.21493023718269752
.5855677587194633
.4215382320177927
.6033753252218925
.4029173376477054
.1360608565633045
.5556577067846038
.34855900334010154
.35224101088793974
.4158307052880042
.8968627953025388
.039190378678620054
.5660554662182643
.5721504889177703
.9984616888426107
.903243426650134
.07715331723128986
.7316435666596062
.6010488073352867
.1670164303042787
.5264811098023823
.31446724234731516
.5517542878174556
.6508289370940084
.1288975859632254
.37736660341602335
.7675008109537923
.6035689718913114
.040298005963353714
.789526433343343
.9647555219316605
.42183422062093145
.8154549674520077
.11545941490142832
.6394825163251572
.8963920982832907
.6715808497445327
.49491186089107864
.2014886670306276
.4210298914822344
.39707722247878763
.3829259197389032
.5998053191707213
.9680720725291195
.5029312779733219
.7269559719579228
.7275305922249391
.038566539458149016
.16679715569265827
.9605238693136391
.8384175647529861
.432571043294637
.7812437769872069
.8849165960071081
.29072331309148636
.04250741528644105
.3868829447804832
.7502473630457683
.4489569930875264
.8386831758657121
.7132949834234937
.41425873122891954
.7769605487187169
.8383704128952694
.07552194260061801
.74198349606979
.4505488109770017
.04313429562246634
.9218800540507839
.9696931867737334
.21424224772841582
.36381312770168295
.9918275740105494
.7437353359610707
.1594548676202696
.6814773720181044
.5749062559419164
.6806755668105007
.6600623165908858
.27341509163584954
.8273990686510827
.4666385713088725
.6391058531087422
.02796764905723407
.49336348231260424
.8445140945488221
.8487674815433897
.9949536396998093
.16029126500911645
.2585222732759676
.1877919378551494
.15755331301412673
.6485474764261268
.23496887389642332
.9018429941296114
.8328273817044215
.1404432742298401
.8508811847407367
.8190359221912524
.7031839832532174
.24433865874183494
.29920345344204796
.9131454330608255
.29168033614681776
.9939755121276207
.9740290711376576
.8619973631470785
.25374636859825506
.029866251938274642
.1780561212099026
.03930742431254554
.5713712462631901
.7776959573518425
.031214605704580886
.0820812216352606
.12574339188012706
.010564747590830568
.0025038676920942876
.06607825444273067
1.1969548067052558
.015277532957758985
.001104703290559795
.011694540801990966
9.989278396830391
.4699740651839135
1.3108024709532935
4.139767441296986
.7387867237596564
.06985962299928651
.001582440690904846
.383841382394978
.017848053978447825
.017392211848424863
.3290068706599566
4.662255796227233
.0023932816980160167
.0010315711143378346
.002645393044319408
.4064824598245226
4.858222673783721
3.3730048888942816
.0013900289993850146
.03860987362881898
2.1283831836496683
.13321876172152736
.9815867843997081
.09806453385141181
.004458618078178977
.30347091914369323
.0012634603252068511
.011686245975532005
.006142039613675251
.015752711840250018
.023476204732582776
.0071576523165791765
.01114575801006012
.0028599678577427715
1.004763487422579
.47791946973600385
.5169237004342863
.008491691868482561
.005568808363800241
.9770454123220399
5.812166073994701
.4807013168109403
.0466361801019856
.026334855408470092
.08177121677343119
.1425482104837576
.5312429534541266
.20899509286217188
.0027981143355825097
.0409130728788142
.010051087827961649
.005654107148539641
.004258717780030873
1.4533561796666823
.42806293638000925
.2772278345806233
.024784503365743657
.9853066539148477
.0018747872928169995
8.904541766969041
.022412358663988823
.3654423187714944
.013094221121076976
3.3680514048764714
.0012037466186744163
8.330458081907999
.03761159821729874
.001091279517449191
.009290509542144328
.008632274951611982
3.6937994254115694
.018037619332769726
.0640792762012052
.25245454143082746
.05042789485505895
.1465694185611563
1.7653957612269295
8.933780436013075
.5491797140621979
.0034999923106156035
.052112978719744955
4.419222372644339
.18116319468080344
.023675384747601707
.004737629573025488
.1577090037128474
.0029836965346427364
.016553403685128157
.824028522333828
1.665281201277237
.00994531704159289
.0011663707344828766
6.440122643860795
.020355434010411913
.07223272709422113
.002325555078312912
.08351255976323615
.22421516487474968
.34805246708742144
.0017015418183071375
.38804099293914884
1.5815170591918801
.01845381445513785
.23126368852267562
.7110842192110709
.011683279328482125
.011665644264757174
.03916454382839738
.2964237308550352
.04118008267645896
.0033068529273797376
.046703434660497936
.0015764720733136275
.04157304799483146
2.1684078704149963
.40130466126806463
.016458060056447052
.2689229734542792
2.2312339553485345
.0016987409203266068
.010845202891560482
.0163194583771002
6.526598446756441
7.006050717060406
.00320673405376933
.1124857088428391
.010308302453256823
3.487239534058235
.01571897836582997
1.8309175442523755
.0021005182515464594
2.4743208512069454
.03887540412588541
8.214088298099682
.014949796186780148
3.1714998247100032
.0014043879299018961
.33920699461115594
.009235001992978716
.11348334443840705
.0031361254596108694
.4406888318258892
.8654357811788432
.010225916920622472
3.0301779884608315
.6193818979079841
.03335396584951091
.031886834077864426
5.922282585316745
.11092449246423444
9.429583975087438
.27352637267892865
2.0426803245560325
.13763702777681872
.03622390261874671
.006544025929428173
.5728254888545683
.0013450088863146406
.005911287876819634
.2539462256822371
.3198074747397823
.0599189079808528
.0698955521632128
.23614792560516212
.5763305374522599
.29763608381122564
.004998854344288923
.2433507068930669
.0021847349436243586
7.205999561169205
.016680851063722597
.0031614307984642017
2.220350821622285
.013720561224071138
.6709979690420574
3.420515510317214
.020309895046032755
.6436526083454339
2.0652626476994054
.709272431052967
1.7101764022508208
.10749055138289719
.001375137723304907
7.280052677046026
.10379576868448159
.0013788669453377318
.22131918382573823
.0762605733316887
.05664406453529653
2.2921579383669406
.003940194818557199
3.3334767476265084
.025121712851371457
1.0304015793900323
.9314221224102985
.055532869657453104
.0015283034832867005
.004828156356523303
.22371321483448764
9.52716023752521
.015481888185643031
6.878413917196524
6.764808834505294
.0013815676562960967
.010943565381850994
.0042770011819224475
8.002461781568183
.015375140456546418
.0013771379274564405
1.2684278261675885
1.2742899161166577
.05441207844335161
.035097245956883565
1.9957243965118774
.0030921622831374144
1.5433148863065058
.4616117978827904
.017315534580702265
3.217826179243675
.011801469790672496
7.989520864173369
.02101457128532851
.0018730687775472031
.018569890500658975
.881177023190114
.0071510585975954975
.08176985787625282
.004223581069688298
.013502036293543799
5.74359273945437
.001273294358160777
.002862260302223347
.5777791350601081
.10266512994824903
8.634191160260357
2.0504571575127457
.08460884674505466
.08855098873645621
.0013071830737720982
.008935473000867916
.14111630369157477
.12218497090579622
.11022949310755059
.016214529469422527
1.287707886118649
.0018561949716241314
.0012738409377044337
.3508584886417998
.0035842282620784536
.00708120673621957
.4887102417085672
.08269160318253978
.8213824796879351
.005750067538999978
.11759102910847272
.031136374216772435
4.38445570332897
.02714288115011721
.4027442394729111
.028187063431523805
4.700932451654456
.012258489898248619
.7842331550916888
.15417730655059111
.006198929419230123
.001392550689400912
5.989122109832838
.019794314012951793
2.2561059860315353
1.4609271095412346
.021949498141247862
.004786727886534814
.612614272330104
1.71756105990707
9.603858659896563
.001310646325733512
.0042657990809031
1.6571886731545626
.028550896807256674
.056468251708617634
.02067066161184843
6.134257052557517
1.8480694635601103
5.732135682130977
.0016270385973218933
.38134093593997687
.01661826929099921
.014518732668178148
.005722190272045543
7.738259521273649
.016906685460257295
.004009694229316649
.09783080165424476
.004090539610738726
.01930223038787957
.31868327866150015
.003530094848294682
5.188271576590454
.05973758608564065
1.6247913852239222
.5394575784492096
.12228098475540836
.14927613032490594
.03215536238402259
.0025353937613582954
.0018014725973375205
.007283491420447281
.023101926050307586
.0014172406830090774
.0034821121847393773
.5012257666353445
1.3539300460568071
5.064290835151463
.061917609766299044
.19842986624177802
3.7769749620696174
.15801751806286118
.06513398225791665
.0013123629497118529
.12966256339790191
.07804243517553386
.09616991560851434
2.7152179462047115
.13364172004035355
.36981845903651916
.6390794067413272
.28510978482048377
.0023758929096052823
.5234542066544206
.21703395648058654
.004712690823079978
.014521629152656366
3.348880557288642
1.2725162313034188
.1552803630807624
6.532021478092208
.019853275705897296
.003859434803389419
6.380305612374453
.0017458354235621086
2.350977106512004
2.7348159837723873
.0018945601214582742
.03244666166261481
.3344747980048322
1.4934862947958312
.37925369324960345
.1984972852468727
.00611508146136174
.0117836900077002
.08611292750030196
.2545209927995708
.0023609458270626004
.001858479057431968
.004658708720281105
.009656483373598744
.0185652769400999
.02769665642423239
2.347415895653496
.013751129998794053
.04134256731783688
.010993192796796836
.07648350818374247
5.435455976125338
6.3839705965058755
.04012033123789069
.0073573166441696465
.0036604024745563305
.1981128833048677
6.979419011823913
.0057343744389266125
.15528149426493557
.03318173350395664
.002580381661650867
.0011852874247529142
.10589506793896412
.0016639056712255081
.8507606328056683
.9514342405893836
2.751402253805121
.3902832087231066
5.561172131688897
.0403012494938405
.017402004556647924
2.0607380103897497
.0057298156882524985
.0025926929163377463
.003348775922193007
.019181108574260846
.27007813896258703
.003737846353863078
1.0569127747997882
.03526025005289385
.013688535772552975
.68192427654773
2.9972535876743853
1.103937881619899
.052635211368889975
.06929650561794401
.07057703058840903
.057748267127341095
.001672153882329104
.0014235427361368232
.7085871927848102
.2231308776002633
.09860352217741897
1.903423970043079
.9451240828616283
.03496915494642453
.0074733763142810945
5.142214047151413
.27530229975505327
.49753454997277224
.037809825607983856
.03632116044808718
.04460737154241989
.05246450540498888
.17046153890102403
.005035655221076733
.0090147111844265
.9212703765292591
.18983643953895835
.00290288007207731
3.006578620136686
1.3522240353990722
5.045420693134144
3.102972157151828
.0026510358118920995
.29777295415587646
.7061864475571384
3.1827290359411142
.3898136076030048
.009590812005129406
.06826909905919118
.002287924288031468
.009439949575484526
6.78799914115625
.5423558992189016
.001336108368717778
8.659997388287737
2.3209121154179786
1.9805046463772475
2.774600178980452
.0017087424072035175
.3815214233624789
1.17085
2.9565
1.20274
.0162921
.00812746
.0764206
.00953642
1.09595
.0129062
139.75
.073836
1.64798
4.277
.382617
1.03476
.864245
.0261159
.288461
1.0277
7.82276
.117037
1.17055
.40326
1.38878
.0532845
1.31205
181926e-9
5.89223
.067948
.035341
185727e-10
.35985
.0519835
.290466
